0.6977551
0.67789096
0.6393444
0.59623283
0.5805091
0.57960117
0.5770629
0.57147944
0.53503263
0.53222984
0.5204789
0.5130652
0.5100657
0.5012024
0.49756703
0.49716344
0.4818302
0.48077092
0.47895142
0.47327578
0.47235334
0.462622
0.45161724
0.44944045
0.44663703
0.4462239
0.44283625
0.44255173
0.44220427
0.4385472
0.4331382
0.43033093
0.4253592
0.42257062
0.4217287
0.42007026
0.41877243
0.4122041
0.4102296
0.4094435
0.40926245
0.4088956
0.40629545
0.40563276
0.4049076
0.40261
0.40107638
0.40074846
0.40015164
0.39986295
0.3992
0.39904547
0.39874446
0.39770207
0.39718258
0.39670792
0.39505097
0.39272273
0.39271683
0.39209694
0.39136165
0.38763353
0.38693807
0.38570476
0.38362724
0.38269475
0.38228798
0.38194412
0.381573
0.38142496
0.38050842
0.37949374
0.37779388
0.37533802
0.37263727
0.37052593
0.36927128
0.3673865
0.3669625
0.36444604
0.36439982
0.3640937
0.36368918
0.3635644
0.36345506
0.3628405
0.36254692
0.36171678
0.3600895
0.3592294
0.3573995
0.3561443
0.3561443
0.35609525
0.35585377
0.3555875
0.3546233
0.35337228
0.35144022
0.3512548
0.35044584
0.34823728
0.3481899
0.3479925
0.3479508
0.34736836
0.34700704
0.34675884
0.34647408
0.3464042
0.3463328
0.34631616
0.3459973
0.34384063
0.34360334
0.34332097
0.3429004
0.34265748
0.34178165
0.3417453
0.3417004
0.34161717
0.3409831
0.3407393
0.34031335
0.34005988
0.339082
0.33889952
0.33839297
0.33830833
0.3368732
0.33567938
0.33557606
0.33527496
0.33488885
0.3346903
0.33445016
0.3341724
0.3340512
0.3331195
0.33304316
0.3328403
0.33246988
0.33219138
0.33155224
0.3310109
0.3305773
0.3304679
0.3302236
0.3300649
0.3298884
0.3293259
0.32912782
0.32870945
0.32868144
0.32836393
0.32811385
0.3280009
0.32624108
0.32605958
0.32589835
0.32505178
0.32384163
0.32279947
0.32272664
0.32267755
0.32180268
0.321628
0.32131672
0.32106283
0.3196605
0.318919
0.318919
0.318919
0.31813464
0.31768087
0.31755567
0.316328
0.3160637
0.31523567
0.31511375
0.31495485
0.3147024
0.3144288
0.3144288
0.31432676
0.31347874
0.31188148
0.3117693
0.3114836
0.31083685
0.31049424
0.31017688
0.30938855
0.30931532
0.30850232
0.30837113
0.3060117
0.30484265
0.30436063
0.3039913
0.30373672
0.30363527
0.3034058
0.30300617
0.30292782
0.30244276
0.30184057
0.3017883
0.30111155
0.30096516
0.29966277
0.29950023
0.29901037
0.29892236
0.29778883
0.29676697
0.29602677
0.29600686
0.29548982
0.29524374
0.29504964
0.29494864
0.29454458
0.29410365
0.2939898
0.29391462
0.29342327
0.2930219
0.29294923
0.2926425
0.29218498
0.29193625
0.2918557
0.2917249
0.29168165
0.2914632
0.2912567
0.29118466
0.29103693
0.2907564
0.2902754
0.29021633
0.28992182
0.28969386
0.28959048
0.2894933
0.28925416
0.2887228
0.28861094
0.2880839
0.2880551
0.28725675
0.2868994
0.2868917
0.286765
0.28661937
0.28661937
0.2860986
0.28514108
0.28478643
0.28472337
0.28468874
0.28455302
0.28440946
0.28438026
0.28378326
0.28377098
0.28360167
0.28358817
0.28358817
0.28357252
0.28352782
0.28334966
0.28331503
0.28325248
0.2830988
0.2830988
0.28290167
0.28285915
0.2827304
0.2826021
0.28223583
0.28206202
0.28196016
0.2819291
0.28188372
0.28157163
0.28154698
0.28140607
0.28105906
0.28086054
0.28085706
0.28063896
0.28040355
0.2802049
0.28019926
0.28012687
0.28006446
0.280019
0.27984437
0.2796683
0.2795692
0.27930838
0.27922702
0.2791884
0.2790463
0.27883804
0.27861905
0.27861154
0.27854195
0.27791914
0.2775751
0.27741805
0.27741805
0.2773901
0.27724463
0.27703363
0.27641588
0.27609017
0.2759226
0.2758308
0.275534
0.27528074
0.27502525
0.27482423
0.2747604
0.2746142
0.2743562
0.2743562
0.2739845
0.27387953
0.27374494
0.27370456
0.27346227
0.27302372
0.27297726
0.27295205
0.27283013
0.2727352
0.2724705
0.27226964
0.27174926
0.2714379
0.27115244
0.27099112
0.27083105
0.2705938
0.27047205
0.27020866
0.2699789
0.26995748
0.2695869
0.269553
0.26941282
0.26921484
0.26915368
0.2691335
0.26904327
0.26894262
0.26890564
0.26812387
0.26799378
0.26790267
0.26771733
0.2669229
0.26645866
0.26600668
0.26594892
0.2658038
0.26559898
0.26539275
0.2652558
0.2651779
0.26501423
0.26484555
0.26480284
0.2646136
0.2643651
0.26435694
0.2641657
0.2634438
0.26325583
0.26306
0.2630236
0.26278016
0.26275146
0.26271957
0.26242143
0.26232758
0.26222867
0.26212612
0.26197165
0.26182657
0.26182657
0.26166528
0.261387
0.26077163
0.26073033
0.26071048
0.26041335
0.26006624
0.25980717
0.2595841
0.2593277
0.25922993
0.25834596
0.2578018
0.25772637
0.25736699
0.2573557
0.25688955
0.25643238
0.25643238
0.25637004
0.2561268
0.25612357
0.25599295
0.25591466
0.25583893
0.25580966
0.25580907
0.25565663
0.25565225
0.25510404
0.25502393
0.25502393
0.25491467
0.25490895
0.25489601
0.25488612
0.25483668
0.25440267
0.2542645
0.25413406
0.25380698
0.2537706
0.25363448
0.25346348
0.25339139
0.2532988
0.25320682
0.2531762
0.2530018
0.2529036
0.25290155
0.25287408
0.25284868
0.2527928
0.25260505
0.2524175
0.25234777
0.252083
0.25188363
0.2517679
0.25127614
0.25084445
0.25078115
0.25073245
0.25056478
0.2503852
0.25025004
0.25020695
0.250131
0.250131
0.250131
0.2501227
0.24972193
0.24971767
0.24959914
0.2493732
0.2493271
0.24924845
0.24915256
0.24910831
0.24895906
0.24892384
0.2488754
0.24874721
0.24872474
0.24821948
0.24817242
0.24797021
0.2479246
0.2478306
0.2475908
0.24744368
0.24737346
0.2472865
0.24706693
0.24700072
0.24685773
0.2467701
0.24641311
0.24639255
0.24619833
0.2458911
0.24582186
0.2458194
0.24579498
0.24554664
0.24544893
0.24504334
0.24498792
0.24493994
0.24475823
0.24470155
0.24470155
0.2446638
0.24460565
0.24456464
0.24445724
0.24437341
0.24417612
0.24411131
0.24407586
0.24406637
0.24338225
0.24325585
0.24294317
0.24280636
0.24264815
0.24253707
0.24249505
0.24237628
0.24219936
0.24198848
0.24198653
0.24198194
0.2419061
0.24175797
0.24171561
0.241685
0.24149011
0.24133734
0.2412486
0.24095623
0.24091272
0.2404806
0.2400146
0.23996356
0.2399618
0.2398099
0.23967506
0.23948462
0.23929593
0.23913947
0.23896304
0.23893178
0.23884808
0.23884594
0.23873232
0.23870556
0.23867285
0.23834352
0.23804899
0.23804714
0.23697567
0.23687795
0.2368624
0.23677474
0.2367315
0.23665771
0.23663712
0.23660585
0.2365717
0.236563
0.23651324
0.2364727
0.23628247
0.23622349
0.2361458
0.23614497
0.23573801
0.23566741
0.23555458
0.23537855
0.23525254
0.23512718
0.23507349
0.23505154
0.23497215
0.23492843
0.2348837
0.23484816
0.23482451
0.23481163
0.23469028
0.23450513
0.23437344
0.23428494
0.23421033
0.23418751
0.23408337
0.23404442
0.2339616
0.23376729
0.23376192
0.23364832
0.23364155
0.23340248
0.23338826
0.23325346
0.23276985
0.23272805
0.23261297
0.23261297
0.23258047
0.23247127
0.23227873
0.23226705
0.23212136
0.2320896
0.23205104
0.231792
0.2317587
0.23172078
0.23164862
0.23157963
0.23142709
0.23141028
0.23118164
0.23110265
0.23105513
0.2309258
0.23076895
0.23069243
0.23066661
0.23064709
0.2306188
0.23034348
0.23014039
0.23009756
0.23008353
0.23001064
0.22995536
0.22993837
0.22984916
0.22976789
0.22975118
0.2296386
0.22923976
0.22920007
0.22918269
0.22911552
0.22910705
0.22910705
0.22909601
0.22876796
0.22873522
0.22870044
0.22870044
0.22861214
0.22855887
0.22846319
0.22840457
0.22835977
0.22833523
0.22826445
0.22815119
0.22812909
0.2279862
0.22796308
0.22751185
0.22746554
0.22736207
0.22729696
0.22714892
0.2270941
0.22707571
0.22695109
0.22655118
0.22652765
0.22644612
0.22628452
0.22613344
0.22601694
0.22596468
0.2259426
0.22578879
0.22563326
0.22562103
0.22561243
0.22548014
0.22547624
0.2254083
0.22521146
0.22515662
0.2249536
0.2249536
0.2249234
0.22482894
0.22479151
0.22471747
0.22453491
0.22449434
0.2243982
0.22405216
0.22386277
0.22386105
0.22382478
0.22382
0.22378449
0.2237789
0.22349553
0.22348401
0.2234103
0.22321543
0.22312208
0.22304085
0.22291872
0.22283179
0.22278878
0.22272152
0.22260346
0.22253901
0.22239532
0.22234814
0.22231482
0.22229068
0.22227634
0.22220258
0.22215824
0.22206575
0.2220203
0.22186877
0.2217661
0.22151299
0.22143117
0.22137876
0.22134708
0.22133371
0.22124158
0.22114871
0.22110356
0.22107333
0.22098112
0.22095549
0.22073866
0.22066374
0.22064649
0.22064501
0.22059444
0.22049947
0.22049947
0.22046964
0.2202969
0.22014125
0.22013886
0.22005303
0.21999356
0.21998157
0.21989077
0.21978442
0.21978375
0.2197465
0.21967708
0.2195253
0.21930176
0.21925049
0.2192399
0.21922512
0.21905127
0.21899566
0.21891904
0.2189067
0.21878481
0.2185992
0.21852344
0.21849813
0.21848351
0.21834293
0.2181591
0.21815492
0.21815492
0.21813418
0.21802117
0.21800806
0.21793179
0.21790521
0.21777867
0.21769209
0.21755098
0.21741648
0.21723767
0.21712065
0.21711563
0.21688229
0.21686354
0.2168248
0.21678852
0.21676028
0.21669024
0.21658699
0.21627669
0.21626745
0.2160006
0.21581022
0.2157754
0.21571736
0.21552728
0.21547078
0.21546793
0.21545748
0.21536899
0.21533696
0.2153094
0.21524113
0.21515091
0.21511604
0.21505775
0.21502943
0.2150216
0.21477133
0.2147027
0.21469241
0.21458502
0.21452226
0.21447305
0.21424563
0.21408471
0.21398374
0.21379082
0.21370181
0.21362144
0.21358576
0.21358576
0.2135771
0.21355444
0.213541
0.21336283
0.21334319
0.21334319
0.2133099
0.21329057
0.21322848
0.21316375
0.21309538
0.21308841
0.21306363
0.21301077
0.21297945
0.21297945
0.21293864
0.21291307
0.21287034
0.21286006
0.21271272
0.21263653
0.2125486
0.21247846
0.21246229
0.21242392
0.21235728
0.21217014
0.21213895
0.21200074
0.2119115
0.21162023
0.21160074
0.21150014
0.21149343
0.21134475
0.21127385
0.21125355
0.21119143
0.21117751
0.21109842
0.21096662
0.21082333
0.21057148
0.21056512
0.21041532
0.21035856
0.21031004
0.21029152
0.21026784
0.21021521
0.21019642
0.21019626
0.21019538
0.21019006
0.21010418
0.21008994
0.2100188
0.21000586
0.20996435
0.20995802
0.20990849
0.20990658
0.20986408
0.20984052
0.20977543
0.20969817
0.20965348
0.2096037
0.20945679
0.20916264
0.20916213
0.20915718
0.20908779
0.20891428
0.20888896
0.20881188
0.20849475
0.20841378
0.20837237
0.2083498
0.2082547
0.20814049
0.20801055
0.20793077
0.2078902
0.20772979
0.20772348
0.20751871
0.2074251
0.20739743
0.2073251
0.20728509
0.20711814
0.20711541
0.20710166
0.20708992
0.20677347
0.20667395
0.20665616
0.20661217
0.20659323
0.20648398
0.20646562
0.20626801
0.20624356
0.20621705
0.20614667
0.20604967
0.20602445
0.20596668
0.20593508
0.20585306
0.205838
0.20583361
0.20579642
0.20571429
0.20568557
0.20568547
0.20567146
0.20565112
0.205563
0.20555899
0.20554502
0.20552114
0.20549707
0.20544404
0.20541939
0.20535535
0.20531338
0.20525116
0.2052256
0.20522316
0.20520897
0.20517239
0.20512664
0.20510162
0.20506999
0.20501347
0.20494843
0.20484065
0.20474921
0.20469284
0.2046245
0.2045865
0.20431845
0.20418276
0.2039991
0.20399891
0.20394948
0.20392291
0.20390247
0.20386517
0.20377661
0.20374878
0.20360874
0.20356357
0.20356357
0.20348726
0.20348261
0.20346823
0.20346452
0.2034246
0.2034022
0.20332533
0.20329289
0.20328444
0.20327465
0.20326598
0.20326598
0.20322038
0.20306864
0.20300743
0.2029897
0.20277101
0.20268035
0.20259206
0.20257904
0.20247522
0.20242243
0.20242243
0.2024101
0.20221087
0.20210992
0.20207098
0.20201153
0.20194538
0.20194095
0.20174676
0.20171241
0.2016775
0.201667
0.20159787
0.20151824
0.20147078
0.20145173
0.20145173
0.20144325
0.2013021
0.20128156
0.20123704
0.20122668
0.20122658
0.20121661
0.20118299
0.20105805
0.20097469
0.20093358
0.20092288
0.20089017
0.20076966
0.20074618
0.20060113
0.2004829
0.20031388
0.20027821
0.20016837
0.20014927
0.20012838
0.20011178
0.20011117
0.20010114
0.20009969
0.20009468
0.2000906
0.19999391
0.19995688
0.19986431
0.19982569
0.19978157
0.19974656
0.19967993
0.19964908
0.19958375
0.19954662
0.19947027
0.19945583
0.1991373
0.19904378
0.19904141
0.1989204
0.19883384
0.19868357
0.1986778
0.1986018
0.19858643
0.19857779
0.19855876
0.19854574
0.19851863
0.19839144
0.19827184
0.19823025
0.19818778
0.1981635
0.19815786
0.19812158
0.19801442
0.19791332
0.1978744
0.1978523
0.1977371
0.19770123
0.19767725
0.19763389
0.19763017
0.19762343
0.19750479
0.19744873
0.19731808
0.19718833
0.19710709
0.19706635
0.19702332
0.19702213
0.19696738
0.19689295
0.19687484
0.19687353
0.19676855
0.19674334
0.19672513
0.19667026
0.1964021
0.19630417
0.1962847
0.19627513
0.19626758
0.19626188
0.19616945
0.19615343
0.19601141
0.19598512
0.19596961
0.19594358
0.1959067
0.19588366
0.19588366
0.19587661
0.19587329
0.19586074
0.19583632
0.19581774
0.19572176
0.1956617
0.19565053
0.19564058
0.19558087
0.19554344
0.19546208
0.19546208
0.19546059
0.1953594
0.19524746
0.19515446
0.1951495
0.19510701
0.19500566
0.1949815
0.19487813
0.19487333
0.19482513
0.19478081
0.19464777
0.19442227
0.1943745
0.1942347
0.19419825
0.19419734
0.19418529
0.19417387
0.19415416
0.19413996
0.1940685
0.19403271
0.1940152
0.19392787
0.19389708
0.19379869
0.19376877
0.19370347
0.1936284
0.19360375
0.19358307
0.19348998
0.19346903
0.19346903
0.19341952
0.1934075
0.19338702
0.19338615
0.1932971
0.1932707
0.19303788
0.19301707
0.19292448
0.19287446
0.19282205
0.19282205
0.19280161
0.19277088
0.19277045
0.19276682
0.1927352
0.19268332
0.19266157
0.19263856
0.19262165
0.1926058
0.19258286
0.19251053
0.1924325
0.1923403
0.19231804
0.19229355
0.1922282
0.19219689
0.1921281
0.19209683
0.19207446
0.1919937
0.19190252
0.19190252
0.19187966
0.19183682
0.19180995
0.19162485
0.19150946
0.19149692
0.19144735
0.1914202
0.1914183
0.1913396
0.1912842
0.19115265
0.19108821
0.19104108
0.19098341
0.19083963
0.1905879
0.19054668
0.19050625
0.19044323
0.1904396
0.19033302
0.1903283
0.19026689
0.1902357
0.19023445
0.19019514
0.19017571
0.19013925
0.19010715
0.19010043
0.18996961
0.189959
0.18987355
0.18981753
0.18981683
0.1897961
0.18971238
0.18968849
0.18966939
0.18955968
0.18953454
0.18948323
0.18942815
0.18942595
0.18941776
0.18940488
0.18936098
0.18931402
0.1890804
0.18902065
0.18895541
0.18890798
0.18885514
0.18885013
0.18871573
0.18862051
0.18861438
0.18854955
0.1885172
0.18848036
0.18841141
0.18837528
0.18832467
0.18828985
0.18821083
0.18820034
0.18817937
0.187989
0.1879415
0.18793578
0.18786198
0.18776931
0.18775238
0.18763356
0.1875718
0.18756145
0.18742122
0.18734166
0.18730807
0.18728983
0.18728983
0.1872387
0.18723063
0.18719535
0.18712077
0.18699953
0.18687007
0.1868349
0.18679719
0.18679418
0.18664077
0.18651177
0.18649113
0.1864847
0.18637626
0.18622907
0.18619734
0.18619734
0.18608534
0.18606226
0.1860086
0.18599574
0.1859684
0.18592885
0.18587796
0.18585898
0.18583593
0.18570238
0.18570065
0.18567316
0.18564764
0.18562202
0.1856007
0.1855991
0.185557
0.18553929
0.1854732
0.18540742
0.18538035
0.18527889
0.185262
0.18515506
0.18508832
0.18507868
0.18494575
0.18484855
0.18483624
0.18474881
0.1847134
0.18469845
0.18469669
0.18462963
0.1845789
0.1845673
0.18452899
0.18448898
0.18443522
0.18442832
0.18441689
0.1843946
0.18436417
0.18432827
0.18427669
0.1842646
0.18418248
0.18410581
0.18403848
0.18402644
0.18394521
0.1837601
0.1837601
0.18371232
0.18366738
0.18363303
0.18362509
0.18362509
0.18345153
0.18344308
0.18342228
0.18340422
0.18337685
0.18335994
0.1833208
0.18327127
0.18326575
0.18321528
0.18316652
0.18315174
0.18314336
0.18313137
0.18312322
0.18305118
0.18302621
0.18291391
0.18287031
0.18281007
0.18280973
0.18274145
0.18265526
0.18262179
0.18256494
0.18233757
0.18233551
0.18229075
0.18224025
0.18219312
0.18219136
0.18219136
0.18210305
0.18210305
0.18200955
0.18200447
0.18199532
0.18191816
0.18191816
0.18187734
0.18183473
0.18181637
0.18179508
0.18178298
0.18174745
0.18157414
0.18155336
0.18149851
0.18143173
0.18139671
0.18125254
0.18124866
0.18118048
0.18113014
0.18112111
0.18112111
0.18105568
0.1810258
0.18074034
0.18071474
0.18065691
0.18055587
0.18054067
0.18049872
0.18040314
0.18034725
0.18033293
0.18022765
0.18022572
0.18021111
0.18014991
0.1800833
0.18006645
0.18001917
0.17995451
0.17991754
0.17984743
0.17984743
0.17978056
0.17974609
0.17970996
0.17969558
0.17967463
0.17960988
0.17945072
0.17935288
0.17931567
0.17928292
0.17928292
0.17922635
0.1791535
0.1791535
0.17914295
0.17911145
0.17906715
0.17883855
0.1788162
0.17876497
0.17876497
0.17876497
0.17876497
0.17872034
0.17868103
0.17859516
0.1784918
0.17847335
0.17846526
0.17840934
0.1783956
0.17828341
0.17822978
0.17822258
0.17821634
0.17815462
0.17814875
0.17809811
0.17803286
0.17800793
0.17800784
0.17798053
0.17791055
0.17791027
0.17783037
0.17777017
0.17774685
0.17773853
0.1777067
0.17763911
0.17761391
0.1775905
0.17758574
0.17749578
0.17749028
0.1774608
0.17745991
0.17743365
0.1774127
0.17735958
0.17733805
0.17728812
0.17727254
0.17726643
0.17726326
0.17724067
0.17723933
0.17722549
0.17722549
0.17718773
0.17713341
0.17713341
0.17707294
0.17702132
0.17701243
0.17684525
0.17676964
0.17669208
0.17666176
0.17662418
0.17655607
0.17653918
0.17652722
0.17639054
0.1763807
0.17626488
0.17624663
0.17624104
0.17619243
0.17617281
0.17612202
0.17611355
0.17602961
0.17602383
0.17600733
0.1760037
0.17589505
0.17582183
0.17582183
0.17579427
0.17573437
0.1757221
0.17570491
0.17570178
0.17569408
0.17565092
0.1755873
0.17555813
0.17548886
0.1754555
0.17545003
0.1754386
0.17539287
0.17533943
0.1752696
0.17526029
0.17517029
0.17516519
0.17513303
0.17507328
0.17506507
0.17506215
0.17502649
0.17501956
0.17500548
0.17496356
0.17493506
0.17485937
0.1748485
0.17484838
0.17484617
0.17482685
0.17482285
0.17481528
0.17479038
0.17479038
0.17469414
0.17465885
0.17463231
0.17462493
0.17458512
0.17454365
0.17452429
0.1744801
0.17441751
0.17438939
0.17434569
0.17427741
0.1741659
0.17412382
0.17412202
0.17412202
0.17411862
0.1741034
0.17409478
0.17407721
0.17407079
0.17401572
0.17399868
0.17399225
0.1739663
0.17395629
0.17393017
0.17379603
0.17368001
0.17359906
0.17356418
0.17351954
0.17343685
0.17339
0.17337118
0.17336413
0.17334764
0.17330731
0.17330544
0.17324936
0.17321555
0.17316894
0.17312148
0.1731152
0.17295884
0.17294413
0.17291239
0.17288134
0.17274767
0.17274654
0.1726864
0.172577
0.17256947
0.1724196
0.17237929
0.17232834
0.1723245
0.17230558
0.17225659
0.17218417
0.17216472
0.17214306
0.17212783
0.17212366
0.17185421
0.17180052
0.17180052
0.17179762
0.17177613
0.1717236
0.17168501
0.17162186
0.17158154
0.17144845
0.1714174
0.17140429
0.17133285
0.17130423
0.1712456
0.1712456
0.17122376
0.17122371
0.1712067
0.17118356
0.17116587
0.17115426
0.17112724
0.1711204
0.1711204
0.1711204
0.17110662
0.17109881
0.17108275
0.17107615
0.17107473
0.1710421
0.17097682
0.17095184
0.17086494
0.17085615
0.17081334
0.17078954
0.17078814
0.17075813
0.1707417
0.17072205
0.1707132
0.17070265
0.17065983
0.17065194
0.17062533
0.17059976
0.17057168
0.17048381
0.1704531
0.17041591
0.17041591
0.17038026
0.17037472
0.17035809
0.17033692
0.17032753
0.17029026
0.17027038
0.17027038
0.17027001
0.17026888
0.17024435
0.1702118
0.1701939
0.17017664
0.17017664
0.17012139
0.17011252
0.17009924
0.17009053
0.17004621
0.17004041
0.17001936
0.16993116
0.16991313
0.16991313
0.16989511
0.16987692
0.16986735
0.16986707
0.1698313
0.16982804
0.16982605
0.16979328
0.16976403
0.16975312
0.16975135
0.1697416
0.16973421
0.16973421
0.16968922
0.16968533
0.16963123
0.16962948
0.16954342
0.16943878
0.16941637
0.16934523
0.16925563
0.1691064
0.16909254
0.16908467
0.16906637
0.16905509
0.16900317
0.16898945
0.16897143
0.16892722
0.16890381
0.1688721
0.16879521
0.1687724
0.16876467
0.16867289
0.16866946
0.1686352
0.16861682
0.16860947
0.1685669
0.16849011
0.16848458
0.16844814
0.16840446
0.16838847
0.16830571
0.16830571
0.16829585
0.16829471
0.16824926
0.16824836
0.16818894
0.16815795
0.16809145
0.1680675
0.1680675
0.16803691
0.16800977
0.16800557
0.16797546
0.16797446
0.16788287
0.1678358
0.1678358
0.16778134
0.16777772
0.16766849
0.16766405
0.16763404
0.16762704
0.1676268
0.16758938
0.16758256
0.16756858
0.16756612
0.16756168
0.16755159
0.16751233
0.16745242
0.16745086
0.16736495
0.1673517
0.16734596
0.16732132
0.16728535
0.1672838
0.1672838
0.16727632
0.16725548
0.167208
0.16717672
0.16717672
0.16717672
0.16713378
0.16708638
0.16701366
0.16694821
0.16694246
0.16694246
0.16689423
0.1668135
0.16669665
0.16665162
0.16664456
0.16663776
0.16655895
0.16651712
0.16648899
0.16639361
0.16637805
0.16631898
0.166197
0.16618365
0.16617902
0.1660798
0.16602263
0.16596776
0.16591312
0.16585007
0.16584271
0.16579992
0.16579567
0.16578238
0.16576454
0.16572237
0.16568674
0.16568367
0.16568325
0.1656272
0.16561477
0.16560206
0.1655843
0.16557683
0.16553895
0.16551541
0.1654849
0.16547832
0.16543315
0.16540906
0.16540651
0.16536997
0.16536102
0.16519064
0.16517998
0.16517699
0.16517699
0.16515762
0.16510263
0.1650535
0.16504654
0.16501527
0.16491845
0.16484097
0.16484097
0.16481794
0.16478121
0.16478121
0.16474955
0.16474561
0.16471656
0.16471656
0.16455719
0.16448273
0.1644446
0.16442573
0.16441073
0.16438109
0.16433783
0.16429353
0.1642935
0.16428165
0.16427942
0.1642626
0.16425693
0.16419275
0.1641923
0.16408047
0.1640684
0.16405904
0.16405042
0.1640326
0.16400272
0.16398053
0.16394429
0.16392471
0.16391176
0.16383141
0.16382879
0.16381612
0.16378619
0.16375288
0.16374075
0.163717
0.16355391
0.16353711
0.16352302
0.163481
0.16346729
0.16345236
0.16344567
0.16340451
0.16338973
0.16331054
0.16329484
0.16329406
0.1631807
0.16314577
0.16314524
0.16311504
0.16310358
0.16308458
0.1630629
0.16305523
0.16305399
0.16303779
0.16303103
0.16299243
0.16299058
0.16290848
0.16283806
0.16283119
0.16280687
0.16275975
0.16272539
0.16268277
0.16268212
0.16264918
0.16260587
0.16259202
0.16256088
0.16255994
0.1624745
0.16246535
0.16238621
0.16235235
0.16231419
0.1623093
0.16228476
0.1622602
0.1622203
0.16220836
0.16219427
0.16217807
0.16217253
0.16216452
0.1621478
0.16211691
0.16211154
0.16208583
0.16207941
0.16204324
0.16198799
0.1619767
0.1619631
0.16193974
0.161932
0.1618935
0.1618623
0.16180845
0.16180363
0.161737
0.1616183
0.16158769
0.1615788
0.16156672
0.16154954
0.16153911
0.16149078
0.16144809
0.16137888
0.16136774
0.16132134
0.16129975
0.161294
0.16129006
0.16128115
0.16120742
0.16120222
0.16119166
0.16118714
0.16115023
0.16111772
0.16111772
0.16111772
0.16110566
0.16109465
0.16106594
0.16101669
0.16101669
0.16097875
0.16097502
0.16094115
0.16089986
0.16086501
0.16085829
0.16083029
0.1608234
0.16081694
0.16071802
0.16068806
0.16066927
0.16062196
0.16061684
0.16060168
0.1605947
0.16057721
0.1605532
0.16053666
0.16049993
0.16048725
0.1604798
0.16036685
0.16036683
0.16036478
0.16036297
0.16033402
0.16031602
0.16029403
0.1602921
0.1602143
0.16018136
0.16016416
0.16013953
0.16013855
0.16006958
0.1600585
0.16004556
0.16002433
0.16001531
0.15997481
0.15991668
0.15990752
0.15989068
0.15984431
0.15982945
0.15974492
0.15966426
0.15965779
0.15953797
0.15951544
0.15951544
0.15948398
0.15948097
0.15943477
0.15939215
0.15936595
0.15933964
0.15933098
0.15930133
0.15926814
0.15923357
0.15907761
0.15895766
0.15892471
0.15888265
0.15887743
0.1588564
0.15885416
0.158825
0.15880439
0.1587939
0.1587299
0.15872891
0.15871155
0.15870851
0.15869966
0.15860724
0.15859261
0.15850061
0.15850061
0.15850061
0.15845779
0.1584561
0.15842825
0.15840854
0.1583915
0.15836701
0.15836701
0.15836419
0.158331
0.15830216
0.15827967
0.15820047
0.15819183
0.15818062
0.1581435
0.15811679
0.15809394
0.15804102
0.15796623
0.15790078
0.1578926
0.15786907
0.15774249
0.15771304
0.15769067
0.1576737
0.15765512
0.15764575
0.15762016
0.15756923
0.15755472
0.15755455
0.1575001
0.1575001
0.15748902
0.1574871
0.15745723
0.15741491
0.15737249
0.15735735
0.15733029
0.15728566
0.1572684
0.15724604
0.15723321
0.15721738
0.15717806
0.15715513
0.15714401
0.1570696
0.15704753
0.157035
0.15702651
0.15702435
0.15700808
0.15699609
0.15696195
0.15692513
0.15685983
0.15682986
0.15681297
0.15679649
0.15678608
0.15676107
0.15671709
0.15671584
0.15668112
0.15664433
0.15661989
0.15656087
0.15655246
0.15652719
0.15650097
0.15648904
0.156427
0.15638088
0.15632483
0.15632483
0.15625511
0.1561949
0.1561737
0.15613067
0.15609938
0.15608123
0.15604311
0.15603888
0.15597768
0.15596052
0.15595874
0.15591903
0.1558599
0.15582758
0.15582238
0.15581949
0.15579219
0.15574923
0.15573932
0.15573537
0.15573154
0.15572236
0.15571654
0.15571654
0.15569466
0.15569316
0.15564919
0.15559451
0.15558738
0.15558073
0.15554142
0.15548156
0.1554584
0.15542494
0.15541424
0.15539671
0.1553944
0.15538485
0.15534678
0.15534678
0.15531449
0.15523712
0.15522656
0.15522568
0.1552179
0.15521374
0.15518607
0.15517604
0.15513779
0.15513179
0.1551046
0.15509798
0.15506758
0.15502885
0.15500553
0.15500078
0.15499541
0.15498073
0.15490279
0.15488158
0.15487935
0.15487544
0.15484464
0.15481934
0.15481934
0.15477052
0.15473126
0.15473126
0.15466756
0.15466389
0.15463115
0.15459968
0.1545726
0.15455481
0.15455481
0.15455084
0.15454204
0.15454204
0.1545279
0.1544607
0.15442957
0.15428656
0.15428656
0.15427339
0.15421136
0.15407787
0.15405348
0.15399225
0.15398334
0.15396693
0.15393327
0.15391545
0.15388617
0.1538841
0.15382761
0.15382375
0.15379582
0.15378897
0.15378532
0.15378249
0.1537537
0.15372758
0.15372339
0.15372075
0.15368888
0.15366197
0.15366197
0.153645
0.15359676
0.15356815
0.15356657
0.15354802
0.15352377
0.15348837
0.15345371
0.15345353
0.15344104
0.15335825
0.1533546
0.1533546
0.15333141
0.15329532
0.1532884
0.1532884
0.1532884
0.1532193
0.15317449
0.15317449
0.15316825
0.15316316
0.15312876
0.15310875
0.15310226
0.15307057
0.15305465
0.15303692
0.15302677
0.15301998
0.15301204
0.15293948
0.15289557
0.15286663
0.15286413
0.1528227
0.15273814
0.15270597
0.15267193
0.15266122
0.15260324
0.15260324
0.15260047
0.15253721
0.15250671
0.15248008
0.15244897
0.1524306
0.15239795
0.15239795
0.15239254
0.1523751
0.15235409
0.15235035
0.15234351
0.15234278
0.15230158
0.15229845
0.15222166
0.15220878
0.15212153
0.1520807
0.15205033
0.15202974
0.15198189
0.15195559
0.15190364
0.15188761
0.15185426
0.15177289
0.15174472
0.15174441
0.1517346
0.15167606
0.15164553
0.1516441
0.15161508
0.15161014
0.15156859
0.15153034
0.15151954
0.15151463
0.1514657
0.15146047
0.15146005
0.15145409
0.15137656
0.15133196
0.15132096
0.15122142
0.1511536
0.15113264
0.15110365
0.15108144
0.15102275
0.15101804
0.1510099
0.15100533
0.15099786
0.1509914
0.150947
0.15090925
0.15080266
0.15074655
0.15074655
0.15074015
0.1507399
0.15064764
0.15064728
0.15064728
0.1506384
0.15061437
0.15061004
0.15060657
0.15059802
0.15059277
0.15057631
0.15048893
0.15043874
0.15038612
0.15038182
0.15037723
0.15036197
0.15033035
0.15029874
0.1502906
0.15024592
0.15023704
0.15021652
0.15019678
0.15018652
0.15018138
0.15016854
0.15007089
0.15006606
0.14999765
0.14996383
0.14995845
0.14995845
0.14995243
0.14990078
0.14987084
0.14983551
0.14979483
0.14974792
0.14971289
0.1496688
0.14963433
0.14962645
0.1495909
0.14957531
0.14948998
0.14945719
0.14943518
0.14937918
0.1493223
0.14919555
0.14912894
0.1491058
0.14908883
0.14904413
0.14904194
0.14899692
0.14898312
0.14896227
0.14896113
0.1489216
0.14891982
0.1489171
0.14888893
0.14888279
0.14887737
0.14886856
0.1488448
0.1488437
0.14877176
0.14869171
0.14867873
0.14866523
0.14864448
0.14864217
0.14862032
0.14859305
0.14857505
0.14855163
0.14855163
0.14853136
0.14844105
0.14840579
0.14839238
0.14834596
0.14833294
0.14832854
0.14828758
0.14827636
0.14827633
0.1482688
0.14826052
0.14825621
0.14825061
0.14824782
0.1482327
0.1482016
0.14819463
0.14819291
0.1481768
0.14814796
0.14811982
0.14810887
0.14809023
0.14807582
0.14802738
0.14800777
0.14794289
0.14789303
0.14789091
0.14788677
0.1478763
0.14783846
0.14782314
0.14779094
0.14779055
0.14777501
0.14777501
0.14776652
0.14776476
0.14775828
0.1476729
0.1476436
0.1475661
0.14754274
0.14754066
0.14752387
0.14752007
0.14749439
0.14746453
0.14738917
0.14735492
0.14735372
0.14734614
0.147294
0.1472681
0.14724493
0.14721756
0.14715949
0.1471255
0.14712274
0.14711455
0.14710169
0.14710136
0.14707509
0.14707509
0.14707476
0.14706998
0.14706998
0.14702526
0.14702393
0.14702393
0.14700049
0.14696626
0.14696626
0.14693233
0.14686649
0.14686503
0.14686503
0.14686105
0.14685287
0.14685138
0.1468021
0.1468012
0.14677046
0.14675713
0.1467519
0.14661859
0.14659217
0.14659157
0.14655459
0.14651643
0.1465019
0.14645472
0.14645155
0.14641824
0.14641398
0.14637564
0.14635791
0.14634942
0.14632562
0.1463179
0.14626315
0.14626086
0.14623165
0.14622839
0.14620264
0.14620109
0.14619572
0.14619488
0.14616695
0.14614253
0.14612082
0.14610927
0.14610927
0.14608684
0.1460865
0.14605907
0.14600717
0.14600512
0.14599764
0.14596796
0.14591585
0.14587677
0.14585318
0.14582965
0.1458192
0.14565322
0.14564458
0.1455742
0.14556417
0.14556399
0.14554276
0.14551575
0.1455087
0.14550105
0.14545016
0.14542289
0.14531685
0.14531462
0.14528662
0.14524835
0.14522319
0.14520594
0.14518946
0.14515996
0.1450963
0.14506501
0.14506143
0.1450586
0.14504957
0.14503577
0.14502266
0.14499971
0.14499971
0.14496718
0.14494784
0.14490834
0.14490743
0.14487444
0.14486276
0.14485292
0.14484507
0.14481607
0.1448006
0.1447897
0.14478785
0.14476685
0.1447379
0.14470397
0.14470191
0.14468938
0.14463694
0.1446286
0.14460887
0.14460196
0.14459653
0.14457263
0.14457263
0.14454947
0.14454517
0.14446294
0.14445451
0.14437886
0.144375
0.14436999
0.14434835
0.14431855
0.1443166
0.1443166
0.1443166
0.144292
0.14426816
0.14425676
0.14421365
0.1442103
0.1442003
0.14416675
0.14416002
0.14410996
0.14410417
0.14408244
0.14403342
0.14402473
0.1440068
0.1439984
0.14399117
0.14398304
0.14396416
0.14394274
0.14393727
0.14391778
0.14389254
0.14387454
0.14386208
0.1438336
0.14377259
0.14374033
0.14371698
0.14371698
0.14365113
0.14364515
0.14364326
0.14360665
0.14360665
0.14356792
0.14355022
0.143543
0.14353457
0.14352858
0.14351133
0.14349866
0.14345855
0.14345147
0.1434509
0.143435
0.143373
0.14336085
0.1433225
0.14332174
0.1433127
0.14328927
0.14323169
0.14320147
0.14308873
0.14303887
0.14301418
0.14300382
0.14297515
0.1429719
0.14297134
0.1429655
0.14296062
0.14294465
0.14293955
0.14290532
0.14288895
0.14285736
0.14282732
0.14280891
0.14278746
0.14277476
0.14277233
0.14277233
0.14275856
0.14274745
0.14274558
0.142719
0.14271146
0.14269602
0.1426531
0.14259511
0.14252932
0.14252222
0.14250205
0.14246996
0.14244919
0.14243262
0.14241666
0.14241016
0.14236926
0.14236675
0.14234003
0.14232208
0.14230464
0.14225623
0.14223202
0.14221394
0.14221394
0.14211051
0.14209981
0.1420595
0.14205652
0.14203393
0.1420007
0.14198884
0.1419873
0.14197376
0.14191712
0.14187591
0.14186695
0.1418524
0.1418305
0.14182773
0.14182302
0.14178516
0.14177811
0.14175478
0.14175121
0.14174777
0.14174443
0.14173436
0.14172316
0.14164042
0.1416199
0.14160497
0.14155267
0.141551
0.1415012
0.14150028
0.14145727
0.14145479
0.14145102
0.14144985
0.14139448
0.14138797
0.1413596
0.14129159
0.14123297
0.14123012
0.14121468
0.14118521
0.14101195
0.14097603
0.1409719
0.1409719
0.14091243
0.1408909
0.14087687
0.14087357
0.1408499
0.14083242
0.14082481
0.14076245
0.14074771
0.14074266
0.14071909
0.14066915
0.14065376
0.14064811
0.14063273
0.1406253
0.14061637
0.14061637
0.1405368
0.14050853
0.14049834
0.14049146
0.14047082
0.1404314
0.14041261
0.14039966
0.14032476
0.14031805
0.14030975
0.1402263
0.14012194
0.14009719
0.14007553
0.14005658
0.14002723
0.14002723
0.14000724
0.13995647
0.13984439
0.13983499
0.13980906
0.1398067
0.13980515
0.13976112
0.13975506
0.1397488
0.13969094
0.13968323
0.13967721
0.13966249
0.13960893
0.13960628
0.13960572
0.13955167
0.13954413
0.13944474
0.13941064
0.13937895
0.1392939
0.13925454
0.13925056
0.1392319
0.13920371
0.13915896
0.13915145
0.13914989
0.13903053
0.13902378
0.13900235
0.1390007
0.13894969
0.13891007
0.13887408
0.13883565
0.13881247
0.13881052
0.13880658
0.13878612
0.13874304
0.1387297
0.13872296
0.13870151
0.13869381
0.13867104
0.13866457
0.1385953
0.13859348
0.13856821
0.1385661
0.13855028
0.13854532
0.13848536
0.13847716
0.13846141
0.13846123
0.13840997
0.13835727
0.13834271
0.13832422
0.13824697
0.13817662
0.13812342
0.13807024
0.13804589
0.13803115
0.13799456
0.13798743
0.13797131
0.13783893
0.13783893
0.1378178
0.13780811
0.1377974
0.1377901
0.13774335
0.13773769
0.1376838
0.13767168
0.13765204
0.13763027
0.13762787
0.13755618
0.1375434
0.1375399
0.1375399
0.1375399
0.13750924
0.13750194
0.13749948
0.13747963
0.13747129
0.13744354
0.13741668
0.13740827
0.1373951
0.13738503
0.13734706
0.13733329
0.13732068
0.13729945
0.13729233
0.13724783
0.13724518
0.13723654
0.137234
0.1372335
0.13718782
0.13716675
0.13715582
0.13714154
0.13712242
0.13711835
0.13709438
0.13705757
0.13705005
0.13704897
0.13704619
0.13692193
0.13688146
0.13686158
0.13680103
0.13679563
0.13678502
0.13673477
0.13673016
0.13673016
0.13669454
0.13666618
0.13663408
0.13657433
0.13652958
0.13652776
0.13649353
0.13648127
0.13646722
0.13643278
0.13639578
0.13639332
0.1363727
0.13636376
0.13633558
0.13630213
0.13628651
0.13628158
0.13627186
0.13623147
0.1361996
0.13619903
0.13618201
0.13613778
0.13610981
0.1360487
0.13604176
0.13604103
0.13603811
0.13603413
0.13603307
0.13599762
0.13597906
0.13596964
0.13596672
0.13596264
0.13593847
0.13588507
0.13586195
0.13584213
0.13581118
0.1358057
0.13567619
0.13566856
0.13566849
0.13565557
0.13563119
0.13562158
0.1356202
0.13561179
0.1355767
0.1355516
0.13552633
0.13546212
0.13546087
0.13541074
0.13540693
0.1354026
0.13539281
0.13531058
0.13528575
0.13528575
0.1352702
0.13523279
0.13519038
0.13518503
0.13517553
0.13515277
0.13514875
0.1351358
0.13512793
0.1351179
0.13511549
0.1350906
0.13506949
0.13506526
0.13502982
0.13502139
0.135021
0.13496377
0.13493548
0.13489653
0.1348842
0.13488193
0.13486284
0.13486233
0.13485613
0.13485613
0.13485202
0.13485174
0.13483033
0.13481203
0.13481136
0.13479322
0.13476871
0.1347443
0.13474257
0.13474119
0.13472578
0.13471289
0.13470475
0.13469085
0.13463978
0.13463107
0.13462578
0.13462023
0.13462023
0.13461792
0.13461432
0.13459976
0.13459976
0.13458854
0.13457458
0.13455757
0.13454656
0.13453534
0.13452598
0.13447501
0.13447405
0.13446921
0.13443361
0.13441938
0.13441159
0.13439001
0.13433687
0.13429345
0.13427699
0.13427256
0.13423534
0.1342351
0.13421814
0.13421294
0.13418438
0.13416755
0.134155
0.13414429
0.13412167
0.13410293
0.13403082
0.13402493
0.13402343
0.13401477
0.13400617
0.13398652
0.13396667
0.13392805
0.13385583
0.1338555
0.13383718
0.13378792
0.1337591
0.1336861
0.13367875
0.13366544
0.13366272
0.13359435
0.13358907
0.13358219
0.13358219
0.1335079
0.1335079
0.1334996
0.13347694
0.1334261
0.13339594
0.13338913
0.1333437
0.13334355
0.13330738
0.13328673
0.13328622
0.13327262
0.13327262
0.13327119
0.1332382
0.13321435
0.13320684
0.13319243
0.13318823
0.133161
0.13315292
0.13312791
0.13311608
0.13308272
0.13302854
0.13302705
0.13302343
0.13295624
0.1329456
0.1329456
0.13294436
0.13293518
0.13288374
0.13287231
0.13285998
0.1328253
0.13268864
0.13267586
0.13264328
0.13262865
0.1326281
0.13251702
0.1325093
0.13250618
0.13248459
0.13247193
0.13247193
0.13245037
0.13243188
0.13232346
0.13231698
0.13229306
0.13226166
0.132234
0.13221171
0.13219833
0.13215351
0.13213134
0.13208692
0.13208243
0.13208123
0.13207667
0.13207644
0.1320235
0.13200347
0.1319735
0.13184972
0.13179743
0.13177077
0.13176689
0.13173187
0.13173069
0.13173033
0.13171633
0.13171229
0.13166289
0.13165732
0.13165297
0.1316365
0.13161384
0.13161181
0.13160773
0.13159686
0.13157763
0.13155662
0.13154218
0.13153745
0.13144682
0.13140813
0.13137522
0.13136244
0.13132563
0.13131566
0.13127638
0.13124846
0.13124846
0.13124673
0.13119568
0.13110349
0.13107777
0.13106856
0.1310455
0.13104476
0.13096036
0.13094582
0.1309035
0.13086924
0.13084254
0.13083239
0.13082707
0.13074386
0.13071992
0.13071992
0.13070507
0.13069624
0.13069177
0.1306674
0.1306353
0.13062295
0.13061175
0.13059431
0.13054235
0.13052432
0.13051862
0.13043304
0.1304273
0.13040394
0.13038318
0.1303811
0.13036537
0.13033223
0.13032143
0.13031194
0.13030592
0.13030137
0.13027997
0.13027857
0.13027622
0.13027465
0.13023077
0.13022606
0.13019712
0.13013114
0.13012362
0.1300912
0.13006383
0.13005868
0.13005425
0.13005075
0.13004647
0.1300351
0.13002905
0.13002728
0.13000652
0.12999034
0.12997752
0.1299624
0.1299458
0.12994018
0.12991771
0.1298747
0.12985925
0.12984109
0.12981991
0.1298187
0.12981819
0.12981819
0.12980904
0.12979686
0.12978753
0.1297842
0.1297821
0.12977442
0.12977162
0.12974398
0.12973897
0.12973386
0.12973203
0.12966976
0.1296427
0.12961003
0.12960142
0.12958895
0.12957485
0.12957485
0.12954119
0.12950689
0.12941873
0.12940618
0.12937893
0.12937325
0.1293485
0.12933628
0.12930925
0.12928477
0.1292827
0.12922625
0.12919173
0.12917091
0.1291308
0.12908386
0.12899832
0.12898578
0.12897815
0.12895167
0.12893663
0.12889777
0.12889183
0.12885684
0.12884712
0.12881576
0.12880921
0.12880129
0.12879927
0.12876627
0.12876135
0.12870102
0.12869257
0.12868905
0.12868899
0.1286822
0.12866162
0.12865643
0.12863353
0.12859443
0.12853165
0.1285173
0.1285173
0.12851278
0.12849306
0.12843989
0.12839505
0.12837723
0.12837611
0.12835869
0.12831871
0.128277
0.12826551
0.12825352
0.12821202
0.1281663
0.12814192
0.12810208
0.1280964
0.12803513
0.12800546
0.1279927
0.12797455
0.12796889
0.12794423
0.12793928
0.12784496
0.12783663
0.12779966
0.12778209
0.12778018
0.12776579
0.1277528
0.12774585
0.12774463
0.12774216
0.12771173
0.12770563
0.12768142
0.12767433
0.12762614
0.1275967
0.12759069
0.12754147
0.12749475
0.12744808
0.12743631
0.12743478
0.12743127
0.12740561
0.12738658
0.12733343
0.1273034
0.12715974
0.1271554
0.12712315
0.1271214
0.12711386
0.12709436
0.12708817
0.12698735
0.12693186
0.12690914
0.12689081
0.12685338
0.12684697
0.12678029
0.12677732
0.12677732
0.12676367
0.12674645
0.12673146
0.12672602
0.1266893
0.1266617
0.12665156
0.12664169
0.12663884
0.12659241
0.12658645
0.12658638
0.12658638
0.12656866
0.12654363
0.12649612
0.12646672
0.12645093
0.126446
0.12643544
0.12641348
0.12640119
0.12637828
0.12636551
0.12636551
0.12636183
0.1263355
0.12632345
0.12632343
0.12629852
0.12629399
0.12624733
0.12622933
0.12621866
0.12619296
0.12618272
0.12618186
0.12615587
0.1261481
0.12613492
0.12609968
0.12609084
0.12608962
0.12603351
0.12603241
0.12596215
0.12593353
0.12592834
0.12592834
0.12591903
0.12591718
0.12590607
0.12588845
0.12587544
0.1258745
0.12586695
0.12586254
0.12585583
0.12584397
0.12583359
0.12581275
0.12580468
0.12575765
0.12572284
0.12571336
0.12571067
0.12564622
0.1256178
0.12557901
0.12556939
0.12556559
0.12553994
0.12553303
0.12550636
0.12549943
0.12548472
0.12543601
0.1254014
0.12537456
0.1253714
0.12536848
0.12535012
0.12534933
0.12533617
0.12532678
0.12531881
0.12531063
0.12528384
0.1252242
0.12520936
0.12518133
0.12513961
0.12513302
0.12512332
0.12511578
0.12511383
0.12508763
0.12508097
0.12502395
0.12495451
0.12495278
0.12494924
0.12491729
0.12491459
0.12486734
0.12484016
0.1248348
0.12477563
0.12477136
0.124743186
0.12474194
0.12474194
0.12471153
0.124659784
0.12462476
0.12453299
0.12444149
0.12443167
0.124355435
0.12431205
0.12431205
0.12429553
0.12427892
0.12420634
0.12419904
0.12419578
0.124179125
0.12417127
0.12416781
0.12416183
0.12412756
0.12406532
0.1240534
0.12404163
0.124036014
0.12402748
0.124016486
0.1240027
0.12395786
0.123883024
0.123875365
0.123806186
0.123745725
0.12373521
0.12370858
0.12366252
0.12364453
0.12364061
0.12360578
0.12358391
0.12357397
0.12357341
0.12355291
0.12354061
0.12353617
0.12350659
0.12341778
0.12339655
0.123388894
0.123383276
0.123379245
0.12331171
0.123279385
0.123275414
0.12324968
0.123232245
0.12313361
0.123119615
0.12311711
0.12311173
0.123103134
0.12306675
0.12301458
0.12296567
0.12295508
0.122927286
0.12290561
0.12290073
0.1228851
0.12287786
0.122831024
0.122799344
0.12279537
0.12278425
0.12277188
0.1227671
0.12276484
0.12275678
0.12274406
0.12269396
0.12267347
0.122670084
0.12266843
0.12266443
0.12266426
0.122652
0.122548364
0.12253978
0.12253456
0.12252886
0.122511536
0.122494936
0.12245983
0.12245983
0.12244044
0.12240119
0.1223985
0.122389965
0.12238902
0.122344464
0.122339614
0.122324966
0.12231355
0.122302026
0.12230151
0.122296505
0.12227753
0.12222436
0.12217603
0.12217183
0.122125655
0.122125655
0.12210597
0.12204327
0.122039974
0.12199796
0.121990874
0.1219345
0.12191718
0.121917024
0.12190105
0.12187379
0.12185948
0.121854275
0.12184818
0.12184385
0.121811606
0.12178467
0.12175441
0.12174253
0.12170516
0.12167206
0.12166727
0.12164113
0.12164026
0.12163817
0.12162918
0.12161605
0.121606104
0.12155125
0.12154437
0.12153621
0.12148335
0.12147773
0.121470965
0.12146807
0.12145362
0.121448584
0.12141214
0.12139186
0.12138642
0.1213796
0.121378556
0.12136888
0.121350326
0.12130122
0.12127626
0.12124545
0.12124391
0.12122661
0.121219814
0.12118076
0.12118076
0.12118076
0.12114973
0.121141404
0.12113638
0.1211342
0.121133946
0.12107594
0.12107421
0.12106614
0.12103235
0.12101261
0.12095865
0.12093039
0.12092209
0.12089181
0.1208676
0.1208342
0.120694146
0.12069034
0.12057873
0.12056001
0.12054748
0.12054197
0.12053921
0.12053227
0.12052559
0.12045964
0.12042216
0.12039935
0.12038272
0.120374806
0.120353274
0.120326184
0.12030978
0.12016969
0.12015009
0.12014783
0.120125294
0.12005179
0.12000293
0.11999235
0.11998124
0.11997997
0.11992183
0.1199211
0.11989431
0.11988403
0.119860515
0.119837336
0.11982303
0.119806424
0.11980394
0.11976671
0.11974236
0.119739875
0.119698964
0.11969304
0.11963919
0.119617656
0.119603835
0.11960185
0.11960075
0.11958887
0.11956955
0.11956194
0.11955531
0.119540006
0.119457394
0.119422674
0.11937848
0.119362034
0.119350605
0.11933231
0.1192772
0.11923826
0.1192349
0.11921435
0.11920197
0.11914981
0.11910673
0.11909852
0.11909617
0.11908943
0.11906295
0.119034514
0.11897427
0.11897427
0.11896273
0.11895952
0.118940875
0.11888048
0.11886579
0.11885337
0.11881496
0.11881262
0.118782416
0.11878002
0.11875842
0.11875737
0.11875433
0.11873292
0.11870089
0.118656054
0.11864758
0.11862738
0.11861945
0.11861761
0.118612766
0.118604794
0.118599616
0.1185167
0.1184633
0.11844489
0.11843761
0.1184174
0.11836245
0.11834992
0.11834439
0.11832041
0.118313596
0.118313596
0.11830918
0.11827436
0.118233934
0.11822221
0.11819269
0.11815074
0.118146956
0.11813986
0.11812943
0.11811254
0.11811011
0.11803514
0.117987536
0.11792329
0.11791838
0.117901914
0.11789264
0.11788495
0.11780877
0.117801525
0.11778884
0.11773296
0.117731676
0.11771196
0.11769354
0.117693305
0.11769235
0.11768918
0.117659524
0.117651865
0.1175983
0.11749217
0.1174879
0.11742973
0.11742549
0.11742108
0.11741515
0.117381
0.11734603
0.1173333
0.11730185
0.11729953
0.1172861
0.117282696
0.117232196
0.11721104
0.117208965
0.11718967
0.11718578
0.11715203
0.11715021
0.117122985
0.11711574
0.117110915
0.11707319
0.117069885
0.11692009
0.1169193
0.11691763
0.11689099
0.11687402
0.11682693
0.11680768
0.11680129
0.1168011
0.11678717
0.11676796
0.116753146
0.11672502
0.11669695
0.1166621
0.116661325
0.11665494
0.116600454
0.11659947
0.116599225
0.11658272
0.11655307
0.11653686
0.11652095
0.11648561
0.11648238
0.11648238
0.11645353
0.11642468
0.116416246
0.116340086
0.11633573
0.11631661
0.116300784
0.11629893
0.11627962
0.116273545
0.11625723
0.11624464
0.11621671
0.11619873
0.11619873
0.11608714
0.1159787
0.115913406
0.11586303
0.11584326
0.11583529
0.11581679
0.115811706
0.11576485
0.11575747
0.11575738
0.11571819
0.115713164
0.11569975
0.11566448
0.11562664
0.11556882
0.115568765
0.11553924
0.11549695
0.115468115
0.11544776
0.11542955
0.1154278
0.115412205
0.115383305
0.11537294
0.115367584
0.11530687
0.11529368
0.11529091
0.11528088
0.11521106
0.11520494
0.11515272
0.11509835
0.11506834
0.11506013
0.115045376
0.114981405
0.11493556
0.11490999
0.114858896
0.11485801
0.11484595
0.11481832
0.1147877
0.11474273
0.114703745
0.11460671
0.11458261
0.1145815
0.11456984
0.11449831
0.11449111
0.11447319
0.1144654
0.11444838
0.114441045
0.11439813
0.11438655
0.114378616
0.11434076
0.11433511
0.114322074
0.1143127
0.114287846
0.11428519
0.114255756
0.11423086
0.114224724
0.114213824
0.11421223
0.114210054
0.114162706
0.114137866
0.11412677
0.114116214
0.114065416
0.11405294
0.114035495
0.11403497
0.114011616
0.11400592
0.11397756
0.11396514
0.113954596
0.113933265
0.11388561
0.11388427
0.113877
0.1138542
0.113826826
0.113802485
0.11375701
0.11370861
0.113676265
0.11366239
0.11365374
0.11362636
0.11362376
0.11362338
0.11361762
0.11360403
0.11360037
0.1135327
0.1135268
0.11348097
0.11344764
0.11342366
0.113419674
0.11339701
0.11339551
0.113389574
0.11338661
0.11337582
0.113375
0.11335995
0.113333836
0.113330185
0.113317356
0.11330212
0.11327849
0.11327127
0.11326849
0.11326773
0.11321074
0.11319059
0.11317978
0.113178924
0.113166705
0.11316661
0.11316192
0.11313279
0.11309313
0.11306338
0.113050334
0.11304765
0.11302126
0.11301415
0.11298977
0.11298207
0.112966344
0.112964205
0.112959
0.11294223
0.11293797
0.11293114
0.11291748
0.11290502
0.11285784
0.112818845
0.112799555
0.11279197
0.112783484
0.11277203
0.11277083
0.112749696
0.11273949
0.112721846
0.11269623
0.11269609
0.11266104
0.11263621
0.11263355
0.11261601
0.11258547
0.11257304
0.1125396
0.11249704
0.112465374
0.11244777
0.112446055
0.11235791
0.11235238
0.1123317
0.112280555
0.11227927
0.112217784
0.112212546
0.11220054
0.11219084
0.11213971
0.11213834
0.112132825
0.112119876
0.11208075
0.11198332
0.11197043
0.11196493
0.1119463
0.11189895
0.11188644
0.11187166
0.111800045
0.11174394
0.11169757
0.11168191
0.11168148
0.11167316
0.11163409
0.11161414
0.11160326
0.11157017
0.11156228
0.11154375
0.11154181
0.11148394
0.11143638
0.1113745
0.11136374
0.11131043
0.111216076
0.111198165
0.11115501
0.1111497
0.111119494
0.111102164
0.11108385
0.11104157
0.11098641
0.110979445
0.11093679
0.11093642
0.11089574
0.11085974
0.110830404
0.110824674
0.11080033
0.110721804
0.110682756
0.11067966
0.1106453
0.11062283
0.110610686
0.1104437
0.11044009
0.11043293
0.110431895
0.11041935
0.11041452
0.1103955
0.11038829
0.11037845
0.110374756
0.110354766
0.110325
0.1102797
0.1102601
0.110258594
0.11024546
0.11023451
0.110230625
0.11021239
0.110198595
0.11019644
0.11018723
0.1101706
0.110117875
0.11011073
0.11011059
0.110104464
0.11009027
0.11000975
0.11000117
0.10988432
0.109864086
0.1098045
0.10976344
0.10972599
0.1096783
0.10967043
0.10966987
0.10964469
0.109638676
0.109628946
0.10961941
0.10961578
0.109584
0.10957102
0.109549396
0.109527476
0.109517165
0.10951581
0.109431535
0.109431535
0.109426506
0.109399885
0.109399326
0.10935167
0.10934656
0.10933769
0.10933347
0.10924281
0.10913303
0.10906212
0.109061934
0.10905374
0.109016955
0.10900269
0.10900171
0.10897528
0.10894681
0.10893421
0.10887762
0.108872764
0.10881444
0.10879882
0.10876872
0.108721666
0.10868517
0.10863488
0.1085494
0.10853177
0.108528174
0.10849399
0.10846494
0.10840777
0.108346954
0.10833429
0.10832719
0.10829477
0.1082939
0.10824436
0.10822875
0.108190015
0.10818316
0.10815822
0.10815321
0.10813974
0.10813224
0.108082354
0.10804798
0.10804251
0.10803823
0.10801834
0.10801834
0.10801825
0.108000614
0.10790151
0.10786893
0.10786512
0.1078281
0.10773973
0.10773496
0.107711725
0.10765409
0.10765276
0.10762496
0.107577205
0.10757601
0.10756411
0.10755318
0.10748038
0.10747342
0.107436426
0.10743359
0.10730901
0.10729476
0.10728338
0.10724179
0.107202396
0.10717474
0.107162975
0.10711471
0.10709469
0.106971
0.10693566
0.10693238
0.1069281
0.106925234
0.10691799
0.106894955
0.10686797
0.10683014
0.10681927
0.10681341
0.106723644
0.10665838
0.10659188
0.10655574
0.10654847
0.106531225
0.10647923
0.10645178
0.10643409
0.106421754
0.10639832
0.10637607
0.106372155
0.10637026
0.10635231
0.10634946
0.10634148
0.10625668
0.10625098
0.106247574
0.10610792
0.106106386
0.106093995
0.10608093
0.10603038
0.106029525
0.10602234
0.105996855
0.10598194
0.10594255
0.1058886
0.10587184
0.105858035
0.10581314
0.105812326
0.10572546
0.10567453
0.105627574
0.10560965
0.10560798
0.10558168
0.10557812
0.10557605
0.10549314
0.10540893
0.105339706
0.10532376
0.1053194
0.10527717
0.10527663
0.10525656
0.10522773
0.105212875
0.105198324
0.10519689
0.10519114
0.105132185
0.10512604
0.105083294
0.10507863
0.1050724
0.10506747
0.10506275
0.104990646
0.104967974
0.10481795
0.104745395
0.10472997
0.10472943
0.10471245
0.10466887
0.10465426
0.10464559
0.10464335
0.10463813
0.10460137
0.10459275
0.104460776
0.1044234
0.10442224
0.10440699
0.1044036
0.104401946
0.10439357
0.10433861
0.104288094
0.104265735
0.10426467
0.10423024
0.10422263
0.10418756
0.10416419
0.10415245
0.10414092
0.10412772
0.1040928
0.10404239
0.10402096
0.10401919
0.10388971
0.103880964
0.10381982
0.10379684
0.10370408
0.10370133
0.103662334
0.103656396
0.10365129
0.103631675
0.10362951
0.10361914
0.10358615
0.10356614
0.10356277
0.10355692
0.10351387
0.10349678
0.10348183
0.10344424
0.103426814
0.103388175
0.103353396
0.10333025
0.10329905
0.103282884
0.103235684
0.1032032
0.10314201
0.10313275
0.10306607
0.1030528
0.1030324
0.10300641
0.10298641
0.102979094
0.10296403
0.102941886
0.10292145
0.10288997
0.102875106
0.10281773
0.10281346
0.102800004
0.10278681
0.102782376
0.10274931
0.102674685
0.102640726
0.1026315
0.10259532
0.10258809
0.102561876
0.10254924
0.10249641
0.10244646
0.10243975
0.102438435
0.10237826
0.10231421
0.102312595
0.102295205
0.10228377
0.102282375
0.10221221
0.10218806
0.102133304
0.10201307
0.10193889
0.101925656
0.101890564
0.10181532
0.10177682
0.10177612
0.10175691
0.10173268
0.10168584
0.10163088
0.101607725
0.10155224
0.10154902
0.1015478
0.10149409
0.10144931
0.101445265
0.10143845
0.10138461
0.10137965
0.10137665
0.10129715
0.10128468
0.10126767
0.10126664
0.10126498
0.10124598
0.101145014
0.1010201
0.10089925
0.10080892
0.100786455
0.100762084
0.100653864
0.100644276
0.10060941
0.10052616
0.100517884
0.10050138
0.10047711
0.100472026
0.100444615
0.10044427
0.10039642
0.10032034
0.10031686
0.100248925
0.10024845
0.100206435
0.100165725
0.1001635
0.10013969
0.10012452
0.10009346
0.09994079
0.09992411
0.09990794
0.099901676
0.0998886
0.09984552
0.099804945
0.09978126
0.09973791
0.099735096
0.09970607
0.0996453
0.099605486
0.099497125
0.09947581
0.09945544
0.09944395
0.0994323
0.09937052
0.09934684
0.09931724
0.099277794
0.099242404
0.09917367
0.099166684
0.09914998
0.0991183
0.099039726
0.099027395
0.098975375
0.09897316
0.09891862
0.0987821
0.098741695
0.09874101
0.0987268
0.09870079
0.09868815
0.09867992
0.09867534
0.098667964
0.09866178
0.0985965
0.09859005
0.0984801
0.09846613
0.09845673
0.09842723
0.09834467
0.09834175
0.09829385
0.0980622
0.09805659
0.098016575
0.098002665
0.09793023
0.09791389
0.09789502
0.09786732
0.09784648
0.097834855
0.09782405
0.09781963
0.09770489
0.09769257
0.09763383
0.09763383
0.09760068
0.0975954
0.09755849
0.09755496
0.09754745
0.0974709
0.09745962
0.09745078
0.097392954
0.097281635
0.09726234
0.09719001
0.09717612
0.097138725
0.09709851
0.09707827
0.09705671
0.09699463
0.09698435
0.096966445
0.0968926
0.096878424
0.096861154
0.096773416
0.09675733
0.09665869
0.09662946
0.09661869
0.09660504
0.09654721
0.09649262
0.09646347
0.09627964
0.09626056
0.09624695
0.09621407
0.09618182
0.09612616
0.096112944
0.09609948
0.09608391
0.096073635
0.09593546
0.09589493
0.095890306
0.095745966
0.09573973
0.09573259
0.09567093
0.095547
0.09552717
0.095445506
0.0953111
0.09517448
0.095128864
0.09511064
0.09501941
0.09499812
0.0949976
0.09492555
0.09485896
0.094831616
0.09471948
0.0947187
0.0946746
0.09463655
0.09463631
0.094535194
0.09443288
0.09439317
0.09435714
0.09435055
0.094143555
0.09411408
0.0940875
0.093995646
0.09398866
0.09396186
0.09393654
0.09388452
0.093811326
0.09379527
0.09378757
0.093760625
0.093713276
0.093705736
0.093669176
0.09364805
0.09363761
0.09363615
0.0936266
0.093615636
0.0934624
0.09341272
0.09338845
0.09338773
0.093319885
0.0933171
0.0933117
0.09320069
0.093106024
0.0929679
0.09296621
0.0929156
0.092787236
0.092759624
0.09273748
0.09269155
0.092659675
0.09263378
0.09262131
0.092493154
0.09237371
0.09237015
0.09230189
0.092301056
0.092253566
0.09222761
0.09218411
0.09215346
0.092150554
0.09214868
0.091992706
0.09198792
0.091943204
0.09190436
0.09170132
0.09167972
0.09167539
0.09164863
0.09164641
0.09162006
0.09156427
0.091557935
0.09151062
0.09147419
0.09146615
0.09145336
0.09133409
0.09118528
0.09116576
0.09113104
0.091115244
0.09110565
0.09102383
0.09096964
0.0908292
0.09076295
0.09067284
0.09056466
0.09055225
0.090456635
0.090450086
0.09042698
0.090384714
0.09031641
0.09029682
0.09022298
0.09020352
0.09018807
0.090096354
0.090085134
0.090083964
0.09006594
0.089913934
0.08986077
0.08982754
0.08980894
0.089735195
0.0896848
0.08968386
0.08968161
0.08957947
0.08957368
0.08957204
0.08953717
0.08946475
0.08934354
0.089297116
0.08923881
0.0892213
0.08913261
0.08907861
0.089075126
0.089073
0.08898892
0.08894224
0.088830166
0.08873458
0.08872683
0.088674255
0.08855884
0.08848882
0.08831301
0.08821121
0.0881268
0.08802772
0.08783945
0.087786466
0.08771048
0.087673165
0.087651506
0.087611474
0.08758708
0.08754784
0.08749278
0.08747827
0.087412365
0.08740936
0.0872254
0.087145634
0.087070026
0.08701622
0.08701602
0.086979024
0.086816676
0.08679679
0.08670873
0.08663833
0.08655238
0.086394586
0.08632006
0.08611974
0.08608001
0.086058214
0.085876755
0.08587335
0.08572991
0.085479714
0.085456796
0.08539801
0.085343316
0.08534182
0.08530372
0.08520238
0.085190125
0.08506909
0.084870666
0.08474206
0.08470523
0.084659144
0.08464828
0.08455807
0.08454544
0.08450784
0.08426545
0.08423845
0.08418719
0.08417417
0.08398751
0.08398179
0.0839127
0.08363462
0.08362063
0.083545245
0.08346098
0.083452515
0.083400525
0.083339155
0.0832845
0.08320702
0.08313859
0.08291772
0.08287632
0.082839064
0.0826943
0.082629256
0.08258441
0.08233782
0.082327366
0.08231909
0.082201295
0.082142785
0.082059346
0.08197584
0.08192317
0.08179957
0.08173505
0.08170725
0.081677884
0.08161181
0.08127688
0.081112176
0.0810802
0.080863915
0.08057028
0.080399975
0.08022113
0.0800777
0.07995965
0.07985661
0.07957019
0.07943584
0.07929693
0.07899656
0.078790724
0.078771695
0.07861016
0.07848694
0.078479804
0.078254215
0.078196324
0.07819409
0.07806746
0.077904835
0.07790155
0.07786401
0.07784697
0.077493176
0.07747549
0.07734339
0.07707106
0.0769855
0.076764025
0.07668579
0.07660646
0.07653781
0.076494105
0.07629944
0.07579015
0.07575435
0.07526387
0.07516119
0.07514478
0.07496199
0.07489311
0.07483819
0.07462467
0.074584045
0.07454943
0.07450184
0.07449769
0.07446897
0.07444399
0.07434522
0.074281424
0.07426293
0.07419969
0.073647626
0.073571496
0.07351133
0.07348013
0.073164724
0.07298279
0.0728754
0.07283746
0.07279841
0.07269798
0.07263324
0.07262402
0.07245131
0.07244034
0.07238419
0.07211546
0.07199752
0.07153243
0.07134245
0.07133304
0.07130367
0.07124244
0.07089481
0.070831984
0.07069675
0.07063481
0.07062999
0.070611864
0.070558876
0.0705479
0.07052746
0.07048942
0.07035573
0.07034668
0.07031286
0.07028048
0.070069306
0.06999555
0.06987735
0.06979143
0.06976515
0.06971429
0.069708504
0.06970063
0.06969002
0.06959218
0.06948487
0.06938135
0.06915561
0.069101945
0.069066346
0.06894369
0.06894148
0.068882376
0.06877122
0.06874741
0.06874622
0.06871969
0.06870111
0.068672076
0.06857345
0.06851622
0.06842373
0.068414
0.06834948
0.06824887
0.06816029
0.06814514
0.0680292
0.068026274
0.06786432
0.067832805
0.06776376
0.067560144
0.067543626
0.067514084
0.0675025
0.06746658
0.067333825
0.067178816
