[0.7664773]
[0.62163204]
[0.61961555]
[0.61663884]
[0.61106545]
[0.5849988]
[0.56991416]
[0.56119823]
[0.54735506]
[0.5408874]
[0.5334956]
[0.53031033]
[0.52203894]
[0.5057976]
[0.5027353]
[0.48705223]
[0.47483757]
[0.47262204]
[0.47082272]
[0.46868974]
[0.4596938]
[0.45846704]
[0.45213106]
[0.44928932]
[0.44853917]
[0.4473456]
[0.43951643]
[0.4371698]
[0.43580163]
[0.4354627]
[0.43417668]
[0.43417668]
[0.43298888]
[0.4313925]
[0.43114665]
[0.4295461]
[0.42839262]
[0.42748803]
[0.42542067]
[0.424345]
[0.41718665]
[0.41654065]
[0.40815502]
[0.40713185]
[0.40665963]
[0.40643474]
[0.40582275]
[0.4041708]
[0.40277284]
[0.4024838]
[0.40085226]
[0.39909604]
[0.3988068]
[0.39723745]
[0.39659998]
[0.3926306]
[0.39261913]
[0.39159238]
[0.3911925]
[0.3906631]
[0.38959414]
[0.38887566]
[0.38680422]
[0.38499853]
[0.38450405]
[0.38417748]
[0.38296703]
[0.38234437]
[0.3802126]
[0.37969327]
[0.37964463]
[0.37941036]
[0.3789704]
[0.3769877]
[0.37631035]
[0.3745017]
[0.37439594]
[0.3728813]
[0.37284684]
[0.3721754]
[0.3683547]
[0.3683547]
[0.3676152]
[0.3647409]
[0.36386406]
[0.36278275]
[0.3626492]
[0.36256287]
[0.361693]
[0.36168924]
[0.36162838]
[0.36143753]
[0.36117694]
[0.36085853]
[0.36041453]
[0.36000076]
[0.35995454]
[0.35982394]
[0.35931647]
[0.35838166]
[0.3582082]
[0.3573784]
[0.35679945]
[0.35589838]
[0.35537297]
[0.354877]
[0.35461748]
[0.35460827]
[0.3542314]
[0.3539326]
[0.35345197]
[0.35318318]
[0.35291407]
[0.35228467]
[0.35112393]
[0.35032558]
[0.34883952]
[0.34871596]
[0.3485925]
[0.34855124]
[0.34848654]
[0.34639972]
[0.34414637]
[0.34298137]
[0.34276995]
[0.3423128]
[0.34176973]
[0.34175953]
[0.34108213]
[0.34067613]
[0.34064633]
[0.3395978]
[0.33939144]
[0.33904603]
[0.33901048]
[0.33721584]
[0.33705553]
[0.33704153]
[0.3367256]
[0.33668703]
[0.33636802]
[0.33636296]
[0.33406207]
[0.33376914]
[0.3335287]
[0.3333112]
[0.33265054]
[0.33166167]
[0.33127525]
[0.33094552]
[0.33059207]
[0.33019036]
[0.32982343]
[0.32975554]
[0.3293733]
[0.32885543]
[0.3288037]
[0.32835677]
[0.32819903]
[0.32745028]
[0.32719338]
[0.32680637]
[0.32612923]
[0.32563514]
[0.32493064]
[0.32438087]
[0.32403827]
[0.3240277]
[0.32390118]
[0.3236193]
[0.32341298]
[0.3228453]
[0.32244444]
[0.32231563]
[0.32213506]
[0.32210064]
[0.3219386]
[0.32187775]
[0.3216879]
[0.3196248]
[0.31895193]
[0.3188322]
[0.31875733]
[0.31838593]
[0.31782818]
[0.31755883]
[0.31691036]
[0.31668347]
[0.31621647]
[0.3146393]
[0.31386176]
[0.31360334]
[0.31356016]
[0.31312215]
[0.31267846]
[0.31227598]
[0.31187722]
[0.31070283]
[0.31020492]
[0.30910477]
[0.30898085]
[0.30853325]
[0.3085282]
[0.30789688]
[0.30785334]
[0.3072673]
[0.30685735]
[0.3068359]
[0.30666658]
[0.3060446]
[0.3041543]
[0.30405152]
[0.30394572]
[0.3036251]
[0.3035248]
[0.30336943]
[0.30334944]
[0.30320242]
[0.30318314]
[0.303012]
[0.30264673]
[0.30231333]
[0.30193457]
[0.301872]
[0.301872]
[0.30167824]
[0.30154622]
[0.30139586]
[0.30132318]
[0.30082247]
[0.3006897]
[0.30062002]
[0.30056146]
[0.30045804]
[0.3001601]
[0.30014664]
[0.29860255]
[0.2983634]
[0.29822725]
[0.2978545]
[0.29694486]
[0.29679632]
[0.29640403]
[0.29635555]
[0.2963461]
[0.29567373]
[0.29519632]
[0.29508853]
[0.29471686]
[0.29461223]
[0.2943867]
[0.29433486]
[0.294102]
[0.29398423]
[0.29332274]
[0.2929178]
[0.2927657]
[0.29257905]
[0.29249984]
[0.29245824]
[0.29193103]
[0.29152912]
[0.2912232]
[0.29119304]
[0.29099655]
[0.29088932]
[0.29040602]
[0.29018217]
[0.29008803]
[0.29001898]
[0.2900152]
[0.28984252]
[0.28979746]
[0.28958476]
[0.28913596]
[0.28797805]
[0.28773662]
[0.28755006]
[0.28731015]
[0.28724557]
[0.28690672]
[0.28631496]
[0.28604513]
[0.28595075]
[0.28572765]
[0.28523678]
[0.28507292]
[0.2849716]
[0.28496233]
[0.28477183]
[0.28474313]
[0.28471202]
[0.28460243]
[0.28452128]
[0.28402784]
[0.28379816]
[0.28349614]
[0.2831569]
[0.28277403]
[0.2826258]
[0.28257424]
[0.28196123]
[0.28175947]
[0.2816159]
[0.28159356]
[0.28157538]
[0.28104028]
[0.28093648]
[0.28093648]
[0.2801883]
[0.2799934]
[0.2798105]
[0.2796058]
[0.27927944]
[0.27920863]
[0.27832168]
[0.27826017]
[0.27772984]
[0.2776308]
[0.27706224]
[0.27656227]
[0.27654377]
[0.2765233]
[0.2763351]
[0.275659]
[0.275659]
[0.27552572]
[0.27542403]
[0.27532738]
[0.2751918]
[0.27504897]
[0.27478647]
[0.27436832]
[0.2743642]
[0.274088]
[0.27408192]
[0.27398986]
[0.2736361]
[0.27345943]
[0.27311927]
[0.27294213]
[0.27275708]
[0.27266926]
[0.27239868]
[0.27216706]
[0.27216706]
[0.27216706]
[0.27208084]
[0.271948]
[0.2719209]
[0.27188072]
[0.27179688]
[0.27171662]
[0.2713289]
[0.2710097]
[0.2708741]
[0.27053696]
[0.27028525]
[0.26993418]
[0.26957268]
[0.2694322]
[0.2690861]
[0.26891693]
[0.26866627]
[0.2686025]
[0.26856467]
[0.26846993]
[0.26814732]
[0.26752964]
[0.26735455]
[0.26664725]
[0.26657832]
[0.266225]
[0.2662167]
[0.2661248]
[0.2659031]
[0.2658233]
[0.26565456]
[0.26533046]
[0.26519722]
[0.26514554]
[0.26491946]
[0.26467636]
[0.26436436]
[0.26436436]
[0.26419964]
[0.26414463]
[0.26374474]
[0.26345557]
[0.263318]
[0.2632035]
[0.2631556]
[0.26307634]
[0.26298684]
[0.2628224]
[0.26252666]
[0.26245317]
[0.26244643]
[0.26222017]
[0.2618286]
[0.2616592]
[0.26161435]
[0.26134518]
[0.26126158]
[0.26125872]
[0.26118055]
[0.2611759]
[0.26110855]
[0.26096433]
[0.26082432]
[0.2606384]
[0.26057646]
[0.26053983]
[0.2603454]
[0.26007906]
[0.25995854]
[0.25988644]
[0.25977063]
[0.25969788]
[0.25957665]
[0.25932315]
[0.2592371]
[0.25921822]
[0.25916407]
[0.25905654]
[0.258993]
[0.2588482]
[0.25873658]
[0.25873658]
[0.25863948]
[0.2586342]
[0.25851235]
[0.258381]
[0.2581556]
[0.25786495]
[0.25783846]
[0.25779757]
[0.25765228]
[0.25765193]
[0.25759238]
[0.2575178]
[0.25732976]
[0.25720662]
[0.25714567]
[0.25693583]
[0.25680918]
[0.25652128]
[0.25636455]
[0.25623536]
[0.25549513]
[0.2554884]
[0.25528747]
[0.25521973]
[0.25521126]
[0.2551939]
[0.25503543]
[0.2546782]
[0.25460294]
[0.25445047]
[0.25420704]
[0.2541931]
[0.25419134]
[0.25399408]
[0.25394428]
[0.25379834]
[0.25339243]
[0.25331837]
[0.25329623]
[0.2532272]
[0.25301167]
[0.25295758]
[0.2526287]
[0.25245193]
[0.25237948]
[0.25237778]
[0.25211424]
[0.25205478]
[0.25198147]
[0.25180608]
[0.25155038]
[0.25145683]
[0.25139174]
[0.25125813]
[0.25123608]
[0.25095686]
[0.25050882]
[0.25028268]
[0.2500579]
[0.24962936]
[0.24962936]
[0.24937227]
[0.24927968]
[0.24924868]
[0.24921818]
[0.2491801]
[0.24895647]
[0.24887654]
[0.2488099]
[0.24879946]
[0.24878457]
[0.24878134]
[0.24850817]
[0.24841166]
[0.24832647]
[0.24813172]
[0.24812113]
[0.247792]
[0.24769443]
[0.24744684]
[0.2473727]
[0.24727061]
[0.24719407]
[0.24714682]
[0.24712883]
[0.24702205]
[0.24691635]
[0.24690032]
[0.24680454]
[0.24677102]
[0.24676774]
[0.2465641]
[0.2465641]
[0.24649754]
[0.24596895]
[0.2459678]
[0.2459651]
[0.24589767]
[0.24587086]
[0.2458703]
[0.24583621]
[0.24575846]
[0.24571466]
[0.24568927]
[0.24564457]
[0.24557237]
[0.24534234]
[0.24532896]
[0.24532896]
[0.24506213]
[0.2450204]
[0.24491894]
[0.2448767]
[0.2447256]
[0.24470863]
[0.24463947]
[0.24459235]
[0.24458115]
[0.24454957]
[0.24416548]
[0.24415031]
[0.24367496]
[0.24365588]
[0.24360691]
[0.24304608]
[0.24301994]
[0.2429112]
[0.24281803]
[0.24272427]
[0.2427202]
[0.24269523]
[0.24257886]
[0.24249034]
[0.2424416]
[0.2424289]
[0.2424205]
[0.24237552]
[0.24237552]
[0.24220885]
[0.24219495]
[0.24218994]
[0.24210371]
[0.2419495]
[0.24184512]
[0.24178743]
[0.24173754]
[0.24135567]
[0.24079892]
[0.2407976]
[0.24068542]
[0.2406849]
[0.24068014]
[0.24065147]
[0.24055964]
[0.24055779]
[0.24048166]
[0.24033149]
[0.24026386]
[0.24020456]
[0.24004097]
[0.23975848]
[0.23969084]
[0.23967496]
[0.23966296]
[0.23961239]
[0.23951745]
[0.23940851]
[0.23931147]
[0.2391707]
[0.23911877]
[0.2390354]
[0.23903129]
[0.23900925]
[0.23884165]
[0.2387214]
[0.23862003]
[0.23859654]
[0.23858368]
[0.23824202]
[0.23819737]
[0.2377402]
[0.23769559]
[0.23761213]
[0.23757124]
[0.23736198]
[0.23710714]
[0.23707725]
[0.23707418]
[0.23692732]
[0.23690249]
[0.23665224]
[0.23665191]
[0.23646875]
[0.23646401]
[0.23629615]
[0.23627092]
[0.23598845]
[0.23598845]
[0.23580529]
[0.23571745]
[0.23533425]
[0.23523073]
[0.2352217]
[0.23520139]
[0.23516704]
[0.23510846]
[0.23510846]
[0.23500961]
[0.23488493]
[0.23481768]
[0.23452315]
[0.23451334]
[0.23436533]
[0.23423429]
[0.23423381]
[0.23423381]
[0.23411311]
[0.234067]
[0.23384131]
[0.233682]
[0.233436]
[0.23340353]
[0.2333659]
[0.23292196]
[0.23292196]
[0.23285843]
[0.2328103]
[0.23277196]
[0.23258126]
[0.23247156]
[0.23240545]
[0.23233145]
[0.23215698]
[0.23196726]
[0.23194443]
[0.23192394]
[0.23190667]
[0.23158595]
[0.23120119]
[0.23104474]
[0.23102224]
[0.23082578]
[0.23080866]
[0.2307686]
[0.23071863]
[0.23050222]
[0.23046093]
[0.23036225]
[0.23001474]
[0.23000768]
[0.22989471]
[0.2298138]
[0.22971897]
[0.22955097]
[0.22953504]
[0.2294607]
[0.22942634]
[0.22932945]
[0.22930726]
[0.22924429]
[0.22923157]
[0.2289847]
[0.22893593]
[0.22886445]
[0.22881566]
[0.22874151]
[0.22856167]
[0.2285139]
[0.22848397]
[0.22848049]
[0.22830808]
[0.22823969]
[0.22819239]
[0.22817318]
[0.22799858]
[0.2278607]
[0.22775531]
[0.22750334]
[0.22748323]
[0.22745071]
[0.22743501]
[0.2273494]
[0.22730169]
[0.22712226]
[0.22656508]
[0.22647303]
[0.22646374]
[0.2264259]
[0.2260434]
[0.22600853]
[0.22598402]
[0.22582717]
[0.22566667]
[0.22558281]
[0.225442]
[0.22528742]
[0.22528411]
[0.22526787]
[0.22519352]
[0.22509785]
[0.22508045]
[0.22473978]
[0.22471915]
[0.22443749]
[0.22441559]
[0.22441559]
[0.22431742]
[0.22409956]
[0.22399198]
[0.22375639]
[0.22372764]
[0.22367324]
[0.22335681]
[0.22332539]
[0.22332507]
[0.22323358]
[0.22319485]
[0.22315365]
[0.22297361]
[0.22276182]
[0.22267729]
[0.22248495]
[0.22242571]
[0.22241268]
[0.22240458]
[0.22231014]
[0.22210614]
[0.22204354]
[0.2220057]
[0.2218844]
[0.22173858]
[0.22170147]
[0.22168605]
[0.22168504]
[0.22167426]
[0.22162628]
[0.22157292]
[0.22119121]
[0.22101003]
[0.22086532]
[0.22077961]
[0.2207376]
[0.22073346]
[0.22069435]
[0.22065452]
[0.22060728]
[0.22054212]
[0.22034913]
[0.22030002]
[0.22029513]
[0.22026715]
[0.22006524]
[0.21996768]
[0.21984518]
[0.21983837]
[0.2197651]
[0.21966667]
[0.21963713]
[0.21961625]
[0.21950614]
[0.21943204]
[0.21931712]
[0.21929993]
[0.21924916]
[0.21909322]
[0.21902403]
[0.21902403]
[0.21900058]
[0.21893723]
[0.2188567]
[0.21880446]
[0.21880446]
[0.21870272]
[0.21865778]
[0.21859606]
[0.2184329]
[0.21826744]
[0.21826074]
[0.2182527]
[0.2182281]
[0.21815078]
[0.21811894]
[0.21811894]
[0.21805508]
[0.21797103]
[0.21791889]
[0.21784441]
[0.21779005]
[0.21775389]
[0.21765012]
[0.21765012]
[0.21763475]
[0.21761312]
[0.2175243]
[0.21747194]
[0.2174319]
[0.21741842]
[0.21741328]
[0.21729344]
[0.2171727]
[0.21710426]
[0.21697137]
[0.2168857]
[0.21683319]
[0.21679693]
[0.21675138]
[0.2167492]
[0.21661834]
[0.21652563]
[0.21649241]
[0.21646966]
[0.21637313]
[0.21633595]
[0.21614009]
[0.21607894]
[0.2158983]
[0.21585429]
[0.21575908]
[0.21572062]
[0.21564288]
[0.21559791]
[0.21550739]
[0.21549933]
[0.2154716]
[0.21544828]
[0.21542628]
[0.215258]
[0.21525085]
[0.21525085]
[0.2152269]
[0.21518841]
[0.21516171]
[0.2151456]
[0.21509042]
[0.21499935]
[0.21499586]
[0.2148782]
[0.21487753]
[0.2148082]
[0.21478872]
[0.21470961]
[0.21458322]
[0.21445438]
[0.21432967]
[0.21428487]
[0.21426103]
[0.21417648]
[0.21416022]
[0.21415979]
[0.21408108]
[0.21400912]
[0.21398556]
[0.21394677]
[0.21385339]
[0.21376301]
[0.21372981]
[0.21372741]
[0.2135349]
[0.2135106]
[0.21347764]
[0.21346654]
[0.21334553]
[0.2133191]
[0.21328524]
[0.21325654]
[0.21310376]
[0.21308109]
[0.21298152]
[0.21297352]
[0.21294576]
[0.21290241]
[0.21288729]
[0.21288538]
[0.21265848]
[0.21260484]
[0.21250506]
[0.21241459]
[0.21237367]
[0.2123234]
[0.2123053]
[0.21208727]
[0.21197405]
[0.21185625]
[0.21171726]
[0.21171169]
[0.21149088]
[0.21146265]
[0.21143265]
[0.21136557]
[0.21131699]
[0.21131566]
[0.2112894]
[0.21127057]
[0.21126659]
[0.21115823]
[0.21110584]
[0.21101207]
[0.21096529]
[0.21089979]
[0.21081167]
[0.2107695]
[0.21055369]
[0.21053477]
[0.21050692]
[0.21049437]
[0.21048364]
[0.2104754]
[0.21043195]
[0.21008931]
[0.21005283]
[0.20996507]
[0.20994623]
[0.20993584]
[0.20990962]
[0.20989151]
[0.20962612]
[0.20957106]
[0.2093812]
[0.20930985]
[0.2092829]
[0.20924778]
[0.20922315]
[0.2092117]
[0.20915945]
[0.20907377]
[0.20905466]
[0.2087863]
[0.20877871]
[0.20877871]
[0.20874287]
[0.2087118]
[0.20863044]
[0.20859121]
[0.20857488]
[0.20850056]
[0.20848331]
[0.2084263]
[0.20835084]
[0.2082454]
[0.2082177]
[0.20807305]
[0.20806235]
[0.20800081]
[0.20791227]
[0.20784575]
[0.20775396]
[0.20769769]
[0.20762554]
[0.2076088]
[0.20759527]
[0.2075907]
[0.20736238]
[0.20727089]
[0.20726846]
[0.20712738]
[0.20703705]
[0.2070054]
[0.20688008]
[0.20688008]
[0.20676921]
[0.20659743]
[0.2065672]
[0.20655951]
[0.2065543]
[0.20650402]
[0.20650402]
[0.2064843]
[0.20645349]
[0.20637736]
[0.20632742]
[0.20627227]
[0.20625661]
[0.20625238]
[0.20619994]
[0.20619603]
[0.20610602]
[0.2059854]
[0.20561387]
[0.20548552]
[0.20544471]
[0.20541908]
[0.20536345]
[0.20525602]
[0.20516588]
[0.20505199]
[0.20496501]
[0.20487301]
[0.20486647]
[0.20477964]
[0.20473154]
[0.20470975]
[0.20469473]
[0.20467672]
[0.20462683]
[0.20462073]
[0.20456171]
[0.2045426]
[0.20451227]
[0.20448303]
[0.20447949]
[0.204457]
[0.20445396]
[0.20440526]
[0.20433947]
[0.20429823]
[0.20428866]
[0.20427786]
[0.2041681]
[0.20414469]
[0.2040525]
[0.20404774]
[0.20400578]
[0.20394066]
[0.2039144]
[0.2039144]
[0.20385942]
[0.20383821]
[0.20370546]
[0.20356503]
[0.20355077]
[0.20353258]
[0.20349145]
[0.20348682]
[0.20343709]
[0.20341897]
[0.20322548]
[0.20315138]
[0.20311388]
[0.20311312]
[0.20311312]
[0.20309669]
[0.20306356]
[0.20301569]
[0.2029393]
[0.2029377]
[0.20291024]
[0.20289567]
[0.20287043]
[0.20269585]
[0.20246093]
[0.2024376]
[0.20233917]
[0.20229381]
[0.20227827]
[0.20227814]
[0.2022528]
[0.20225085]
[0.20217079]
[0.2019926]
[0.20194279]
[0.20193349]
[0.20181985]
[0.20174514]
[0.20173171]
[0.20171812]
[0.20162028]
[0.20160724]
[0.2014504]
[0.2014504]
[0.20119527]
[0.20117241]
[0.20110235]
[0.20109826]
[0.20091161]
[0.20088148]
[0.20087284]
[0.20087051]
[0.20086913]
[0.20080042]
[0.20077427]
[0.20075382]
[0.20070557]
[0.20067568]
[0.2006579]
[0.20055172]
[0.20052893]
[0.2004616]
[0.2003987]
[0.2003648]
[0.20033824]
[0.20019631]
[0.20011258]
[0.20009664]
[0.20007361]
[0.1999357]
[0.1999043]
[0.1998952]
[0.19977054]
[0.1997677]
[0.19968142]
[0.19967932]
[0.19964972]
[0.19962355]
[0.19956778]
[0.19955316]
[0.19955316]
[0.1995485]
[0.19948998]
[0.19942395]
[0.19940434]
[0.1993878]
[0.19933698]
[0.19933107]
[0.19928458]
[0.19928005]
[0.19925617]
[0.1990985]
[0.19908534]
[0.19907703]
[0.19904615]
[0.19903904]
[0.19879669]
[0.19872332]
[0.19868945]
[0.19863376]
[0.1985996]
[0.19859402]
[0.19850664]
[0.19846074]
[0.19841842]
[0.19840562]
[0.19836985]
[0.19835056]
[0.19835056]
[0.19834904]
[0.19832973]
[0.19832265]
[0.19827832]
[0.19827451]
[0.1982474]
[0.19819751]
[0.19816646]
[0.19816646]
[0.1981639]
[0.19803289]
[0.19803113]
[0.19802746]
[0.19790268]
[0.19789685]
[0.19789241]
[0.19786483]
[0.19764276]
[0.19764276]
[0.19763261]
[0.19759254]
[0.19751501]
[0.19750424]
[0.19750123]
[0.19743581]
[0.19740534]
[0.19737644]
[0.19735408]
[0.19730529]
[0.19722417]
[0.19719012]
[0.1970503]
[0.19704618]
[0.19700965]
[0.19700965]
[0.19700886]
[0.196948]
[0.19693375]
[0.19686632]
[0.1968142]
[0.19678143]
[0.19672595]
[0.19671348]
[0.19671197]
[0.19665146]
[0.19663215]
[0.19660003]
[0.19659491]
[0.19647875]
[0.19645213]
[0.1963819]
[0.19619113]
[0.19615054]
[0.1961286]
[0.19606158]
[0.19603924]
[0.19602664]
[0.19595136]
[0.19595136]
[0.19586706]
[0.1958651]
[0.19584958]
[0.19583625]
[0.19575202]
[0.1957219]
[0.19572063]
[0.19570617]
[0.19564801]
[0.19563633]
[0.19559702]
[0.19554567]
[0.19554567]
[0.19551575]
[0.1954655]
[0.19541992]
[0.19538973]
[0.19537923]
[0.19535594]
[0.19535594]
[0.19534221]
[0.19534221]
[0.19529691]
[0.19526933]
[0.19526933]
[0.19525443]
[0.19520651]
[0.1951279]
[0.19498076]
[0.19493091]
[0.19491088]
[0.19483267]
[0.1947272]
[0.19465023]
[0.19462432]
[0.19461718]
[0.19457409]
[0.19448666]
[0.19442737]
[0.1943671]
[0.19435455]
[0.19435418]
[0.19423206]
[0.19415367]
[0.19414088]
[0.19405147]
[0.19402052]
[0.1939466]
[0.19387837]
[0.19382408]
[0.19381337]
[0.1937609]
[0.19375443]
[0.19374378]
[0.19372772]
[0.19369264]
[0.19358827]
[0.19358756]
[0.19351655]
[0.19341065]
[0.19336054]
[0.19331945]
[0.19328398]
[0.19328398]
[0.19328398]
[0.19323903]
[0.19320886]
[0.19318318]
[0.19315611]
[0.19315341]
[0.19301645]
[0.19300993]
[0.19298749]
[0.19292435]
[0.19285066]
[0.19282088]
[0.19274075]
[0.19273831]
[0.19273345]
[0.19264296]
[0.19248672]
[0.19245203]
[0.19233993]
[0.19226184]
[0.19226184]
[0.19222236]
[0.1921629]
[0.19210792]
[0.19204527]
[0.19199517]
[0.19195947]
[0.19191228]
[0.19185601]
[0.19184913]
[0.19184847]
[0.19184345]
[0.1918086]
[0.1917441]
[0.19171825]
[0.19171248]
[0.19165778]
[0.1916514]
[0.19164595]
[0.1915687]
[0.19155213]
[0.19152269]
[0.1914204]
[0.19133194]
[0.19131449]
[0.1912321]
[0.19118448]
[0.1910848]
[0.1910848]
[0.19101088]
[0.19096822]
[0.19090556]
[0.1908756]
[0.19085404]
[0.19083829]
[0.19081569]
[0.19077516]
[0.19077198]
[0.19072628]
[0.19068466]
[0.19065954]
[0.19065914]
[0.19065645]
[0.19061667]
[0.19061176]
[0.19058278]
[0.19055445]
[0.19050287]
[0.19044591]
[0.19038352]
[0.19038038]
[0.19034047]
[0.19031693]
[0.19016089]
[0.19015081]
[0.19002481]
[0.19000286]
[0.1899891]
[0.1899552]
[0.1898839]
[0.1898608]
[0.18982838]
[0.18981905]
[0.18979748]
[0.18973835]
[0.18970795]
[0.18969095]
[0.18964584]
[0.18964009]
[0.18961744]
[0.18959144]
[0.18948156]
[0.18943122]
[0.18938239]
[0.18936738]
[0.18932265]
[0.18932265]
[0.18931055]
[0.18921225]
[0.18910356]
[0.18904293]
[0.18899757]
[0.18899477]
[0.18896544]
[0.18891917]
[0.18891059]
[0.18891059]
[0.18889326]
[0.18886012]
[0.18885072]
[0.1888198]
[0.18881921]
[0.18881448]
[0.1886974]
[0.18864137]
[0.18861371]
[0.18860075]
[0.18854882]
[0.18853827]
[0.18849604]
[0.18847524]
[0.18846539]
[0.18842457]
[0.1884237]
[0.18834016]
[0.18824008]
[0.18823713]
[0.18823427]
[0.18819991]
[0.18817887]
[0.18809743]
[0.18808526]
[0.18802787]
[0.18798448]
[0.18797478]
[0.18795991]
[0.1879231]
[0.18791091]
[0.18784864]
[0.18784305]
[0.18780692]
[0.18773258]
[0.18767643]
[0.18767013]
[0.1876522]
[0.18762337]
[0.18762194]
[0.1876216]
[0.1876176]
[0.1876168]
[0.18759844]
[0.18746433]
[0.18733148]
[0.18731497]
[0.1872762]
[0.18719895]
[0.18715024]
[0.18713851]
[0.18712674]
[0.18709981]
[0.18694931]
[0.18693477]
[0.18681574]
[0.18680833]
[0.18675432]
[0.18671751]
[0.18671608]
[0.18671608]
[0.18664077]
[0.18658772]
[0.18653855]
[0.18651852]
[0.18649697]
[0.18648209]
[0.18645084]
[0.1864006]
[0.18637088]
[0.18634856]
[0.18634139]
[0.18634139]
[0.18633889]
[0.18623222]
[0.18622316]
[0.18610704]
[0.18606935]
[0.18605937]
[0.1859074]
[0.18580654]
[0.18573388]
[0.18561548]
[0.18551774]
[0.1854902]
[0.18547796]
[0.1854745]
[0.18540543]
[0.18533772]
[0.18533236]
[0.18532227]
[0.18530074]
[0.18522014]
[0.18509625]
[0.1850321]
[0.185017]
[0.18501203]
[0.18499784]
[0.18497719]
[0.1849697]
[0.184966]
[0.1849309]
[0.18491909]
[0.18491909]
[0.18489629]
[0.18484841]
[0.184826]
[0.18482448]
[0.18475586]
[0.18473348]
[0.18472604]
[0.18463038]
[0.18457116]
[0.18450479]
[0.18443567]
[0.18439867]
[0.18435058]
[0.184311]
[0.18423378]
[0.1840816]
[0.1840722]
[0.18402456]
[0.18395734]
[0.1839462]
[0.18392688]
[0.18391111]
[0.18389155]
[0.18382728]
[0.18375483]
[0.18372428]
[0.18366374]
[0.18365887]
[0.18363988]
[0.18363975]
[0.18362913]
[0.1836177]
[0.18361023]
[0.18360566]
[0.18357693]
[0.18356477]
[0.18351395]
[0.18347238]
[0.18340516]
[0.18337038]
[0.18337038]
[0.18330872]
[0.18330507]
[0.1832581]
[0.18320608]
[0.18314569]
[0.18300886]
[0.18299414]
[0.18299368]
[0.1829932]
[0.1829803]
[0.182954]
[0.18291289]
[0.18288438]
[0.18286382]
[0.18285054]
[0.18281567]
[0.1827583]
[0.18269192]
[0.18267974]
[0.18267724]
[0.18262582]
[0.18256246]
[0.18254726]
[0.18247512]
[0.18244945]
[0.18244633]
[0.18241431]
[0.18239106]
[0.18235835]
[0.18224564]
[0.18223193]
[0.18220688]
[0.18215367]
[0.18211068]
[0.1820874]
[0.18201384]
[0.1819793]
[0.18197297]
[0.18196014]
[0.18186066]
[0.18179883]
[0.181762]
[0.18168917]
[0.18165742]
[0.18162186]
[0.18160741]
[0.18150604]
[0.18146935]
[0.18146631]
[0.18140717]
[0.18138653]
[0.1813487]
[0.1813249]
[0.18132322]
[0.1811838]
[0.1811263]
[0.1810785]
[0.1810267]
[0.1810237]
[0.18083693]
[0.18077019]
[0.18075874]
[0.18073192]
[0.18072326]
[0.18071215]
[0.18068716]
[0.18065773]
[0.18060885]
[0.1805867]
[0.18058327]
[0.18058202]
[0.18034793]
[0.18029927]
[0.18018995]
[0.18010658]
[0.18010129]
[0.18006405]
[0.17999384]
[0.17997216]
[0.17996249]
[0.17996249]
[0.17993405]
[0.17992976]
[0.17990656]
[0.17988499]
[0.17986543]
[0.17982003]
[0.17980027]
[0.179799]
[0.17978804]
[0.17975485]
[0.17975485]
[0.17973916]
[0.17973538]
[0.17972293]
[0.17962776]
[0.17958702]
[0.17954463]
[0.1795404]
[0.17951284]
[0.17951207]
[0.17950454]
[0.17946771]
[0.17939481]
[0.17934449]
[0.17931193]
[0.17923644]
[0.17920156]
[0.17915641]
[0.17915641]
[0.17915641]
[0.1791198]
[0.17911893]
[0.17909719]
[0.17909412]
[0.1790455]
[0.17903647]
[0.178973]
[0.17895706]
[0.1788382]
[0.17882909]
[0.17882384]
[0.17881215]
[0.17879233]
[0.1787679]
[0.17876504]
[0.17873643]
[0.17871279]
[0.17871279]
[0.17865813]
[0.17854004]
[0.17837474]
[0.17836346]
[0.17835844]
[0.17831902]
[0.17830426]
[0.1783013]
[0.17822528]
[0.17820984]
[0.17819968]
[0.17819828]
[0.17817497]
[0.17816907]
[0.17816868]
[0.17815748]
[0.17813346]
[0.17812066]
[0.17809188]
[0.17802551]
[0.17799851]
[0.17799497]
[0.17785433]
[0.17782758]
[0.17782654]
[0.17780137]
[0.17777607]
[0.17770112]
[0.17768025]
[0.17763713]
[0.17748217]
[0.1774274]
[0.17740229]
[0.17734934]
[0.17722388]
[0.17721972]
[0.17720717]
[0.17714442]
[0.17710641]
[0.17709543]
[0.1770855]
[0.1770824]
[0.17704575]
[0.17702872]
[0.1769776]
[0.17696398]
[0.17690642]
[0.17689948]
[0.17688583]
[0.17687413]
[0.17686531]
[0.17678383]
[0.17678255]
[0.1767344]
[0.17669399]
[0.17668039]
[0.17663437]
[0.1765466]
[0.17651474]
[0.17651474]
[0.1764908]
[0.1764577]
[0.17642577]
[0.17637977]
[0.17635345]
[0.17635088]
[0.17634909]
[0.17634039]
[0.17633605]
[0.17630601]
[0.17626405]
[0.17623663]
[0.17619126]
[0.17616637]
[0.17616637]
[0.17616469]
[0.17616469]
[0.17615627]
[0.1761315]
[0.17607248]
[0.17602113]
[0.17599903]
[0.17599903]
[0.17598365]
[0.1759498]
[0.17594676]
[0.17571306]
[0.1756821]
[0.17568192]
[0.1756622]
[0.17565987]
[0.17563759]
[0.175563]
[0.17553827]
[0.17550594]
[0.17548996]
[0.17545809]
[0.17541485]
[0.17539325]
[0.1753779]
[0.17537387]
[0.17531069]
[0.17527439]
[0.17527333]
[0.17524262]
[0.17519252]
[0.1751767]
[0.17509745]
[0.17509745]
[0.17509098]
[0.1750781]
[0.17506735]
[0.17506048]
[0.17504776]
[0.17503417]
[0.174991]
[0.1749731]
[0.17497072]
[0.17492251]
[0.174892]
[0.17485364]
[0.17484847]
[0.17484225]
[0.17483643]
[0.17476793]
[0.17467451]
[0.17466508]
[0.17464556]
[0.1746162]
[0.17459348]
[0.17452386]
[0.17451729]
[0.17451455]
[0.17450573]
[0.1744797]
[0.17438728]
[0.17437327]
[0.17434847]
[0.17434683]
[0.17425275]
[0.17419676]
[0.17414398]
[0.17413332]
[0.17412633]
[0.17412615]
[0.1741142]
[0.17410535]
[0.17410143]
[0.17409293]
[0.17406565]
[0.17403778]
[0.17393732]
[0.1739267]
[0.1739267]
[0.1738855]
[0.17387351]
[0.17386591]
[0.17384903]
[0.17380688]
[0.17377545]
[0.17374961]
[0.17367028]
[0.17363183]
[0.17355423]
[0.17354956]
[0.1735274]
[0.17348891]
[0.17346635]
[0.17344604]
[0.17343709]
[0.17336898]
[0.17335358]
[0.1733533]
[0.17333366]
[0.17329997]
[0.17329188]
[0.17327425]
[0.173254]
[0.17324659]
[0.17323054]
[0.17321315]
[0.17321095]
[0.17319137]
[0.17314887]
[0.17304745]
[0.17304629]
[0.17300966]
[0.17292221]
[0.17291604]
[0.17288995]
[0.17287625]
[0.1728254]
[0.17279553]
[0.17279209]
[0.17272998]
[0.17258531]
[0.17256944]
[0.17255497]
[0.17254084]
[0.17252402]
[0.17252402]
[0.17251068]
[0.17247182]
[0.17243102]
[0.17241846]
[0.17239647]
[0.17222036]
[0.1721751]
[0.17214417]
[0.1721313]
[0.17213096]
[0.17207283]
[0.17206787]
[0.17197584]
[0.17196842]
[0.17189506]
[0.17185172]
[0.17179225]
[0.17179225]
[0.17179225]
[0.17176816]
[0.17176816]
[0.17176816]
[0.17176126]
[0.17168413]
[0.17163186]
[0.17160797]
[0.17156902]
[0.17139989]
[0.1713899]
[0.17135751]
[0.1713506]
[0.17133024]
[0.17127708]
[0.17126957]
[0.17121011]
[0.1710649]
[0.1710515]
[0.1710515]
[0.17104948]
[0.17103873]
[0.17103136]
[0.17102483]
[0.17093545]
[0.17088118]
[0.17079805]
[0.17077059]
[0.17075638]
[0.17072742]
[0.17069693]
[0.17057411]
[0.17055142]
[0.17053457]
[0.17046691]
[0.17046691]
[0.17044865]
[0.17044865]
[0.17044427]
[0.17042801]
[0.1704094]
[0.1703647]
[0.17034777]
[0.17034025]
[0.17030635]
[0.17030036]
[0.17026733]
[0.17025988]
[0.17025253]
[0.17022565]
[0.17018755]
[0.17011195]
[0.1701015]
[0.17007278]
[0.17004052]
[0.17001939]
[0.17001925]
[0.16988741]
[0.16986972]
[0.16984981]
[0.16982885]
[0.16978905]
[0.16971067]
[0.16966164]
[0.16957961]
[0.16953725]
[0.16953015]
[0.16952163]
[0.16948666]
[0.16948156]
[0.16945618]
[0.16941087]
[0.16941087]
[0.1693781]
[0.16936567]
[0.16935867]
[0.16934435]
[0.16927028]
[0.16922894]
[0.16921902]
[0.16920348]
[0.16916065]
[0.16915326]
[0.16912432]
[0.1690651]
[0.16902883]
[0.16900247]
[0.16900247]
[0.16898988]
[0.16897388]
[0.16897342]
[0.16895911]
[0.16891955]
[0.16886383]
[0.16884309]
[0.16882639]
[0.16879565]
[0.16876863]
[0.16876742]
[0.1687513]
[0.1687466]
[0.16871233]
[0.16863193]
[0.16862807]
[0.16860713]
[0.16859035]
[0.16851892]
[0.16851892]
[0.1685109]
[0.16849774]
[0.1684948]
[0.16848257]
[0.16845612]
[0.16845284]
[0.16844377]
[0.16841477]
[0.1684051]
[0.16839571]
[0.16837151]
[0.1683352]
[0.16830596]
[0.16827805]
[0.16827805]
[0.16827396]
[0.16823179]
[0.16820535]
[0.16815764]
[0.16813985]
[0.16807698]
[0.16799514]
[0.16798048]
[0.16796233]
[0.16796216]
[0.16794144]
[0.16790575]
[0.1678529]
[0.16782206]
[0.16776875]
[0.16774076]
[0.16765392]
[0.16758391]
[0.16749564]
[0.16749315]
[0.16744146]
[0.16741769]
[0.16736293]
[0.16733016]
[0.16725723]
[0.16725588]
[0.16719386]
[0.16711964]
[0.16701265]
[0.16698565]
[0.16687438]
[0.16687033]
[0.16686417]
[0.16680491]
[0.16677973]
[0.16675752]
[0.16671646]
[0.16670188]
[0.16659427]
[0.16657431]
[0.16654295]
[0.16653353]
[0.16653353]
[0.16652173]
[0.1665156]
[0.16651134]
[0.16651134]
[0.16649623]
[0.16641355]
[0.16633014]
[0.16629256]
[0.16626906]
[0.16622396]
[0.1662159]
[0.16616155]
[0.16611405]
[0.16609992]
[0.16609721]
[0.16602747]
[0.16597295]
[0.16597268]
[0.16595882]
[0.1659253]
[0.1659215]
[0.16591173]
[0.16589725]
[0.16581666]
[0.16580462]
[0.16577621]
[0.16577457]
[0.16572702]
[0.16572194]
[0.1656155]
[0.16561458]
[0.16561458]
[0.16561458]
[0.16561458]
[0.16559711]
[0.16559356]
[0.16559291]
[0.16558085]
[0.16556767]
[0.16553217]
[0.16552716]
[0.1654906]
[0.16546565]
[0.16544296]
[0.16542993]
[0.16542993]
[0.16536783]
[0.16536051]
[0.1653523]
[0.1653523]
[0.16530333]
[0.16528928]
[0.1652807]
[0.16526611]
[0.16524528]
[0.1652275]
[0.16516589]
[0.16510612]
[0.16502522]
[0.16500697]
[0.16498291]
[0.16496952]
[0.16495386]
[0.16494784]
[0.1649309]
[0.1649121]
[0.16488768]
[0.16486809]
[0.1648441]
[0.16474016]
[0.16471146]
[0.16471146]
[0.16468962]
[0.16466318]
[0.16465794]
[0.16465794]
[0.16464436]
[0.16463183]
[0.16459036]
[0.16458757]
[0.1645111]
[0.16449365]
[0.16449022]
[0.16446383]
[0.16444066]
[0.16444066]
[0.16438204]
[0.1643615]
[0.16436082]
[0.16429752]
[0.16426937]
[0.16426094]
[0.1642301]
[0.16422738]
[0.16420804]
[0.16418979]
[0.16412033]
[0.16411486]
[0.16410947]
[0.16403636]
[0.16396098]
[0.16393906]
[0.16393252]
[0.16390616]
[0.1638974]
[0.16379222]
[0.163788]
[0.1637758]
[0.16372803]
[0.16366959]
[0.16363788]
[0.16357638]
[0.1635714]
[0.16346818]
[0.16342685]
[0.16339333]
[0.16334817]
[0.16334817]
[0.16334432]
[0.16332076]
[0.16330354]
[0.16329975]
[0.16329044]
[0.16325915]
[0.16317424]
[0.16314203]
[0.1630949]
[0.1630718]
[0.16301954]
[0.16301817]
[0.16283053]
[0.16278455]
[0.16276881]
[0.1627297]
[0.1627197]
[0.16265975]
[0.16263]
[0.1626272]
[0.16258715]
[0.16253354]
[0.16245182]
[0.16242601]
[0.16235155]
[0.16234292]
[0.16232166]
[0.1623049]
[0.16229877]
[0.16225843]
[0.16223282]
[0.16213185]
[0.16211072]
[0.16208708]
[0.16204816]
[0.16203117]
[0.16202295]
[0.16201493]
[0.16200991]
[0.16197097]
[0.16197065]
[0.16196905]
[0.16194311]
[0.16190363]
[0.16190057]
[0.16189888]
[0.16186753]
[0.16181993]
[0.16175301]
[0.1617246]
[0.16169831]
[0.1616247]
[0.1616247]
[0.16162083]
[0.16152632]
[0.16152586]
[0.16147624]
[0.16144344]
[0.16129273]
[0.16120745]
[0.16120225]
[0.16119997]
[0.16119501]
[0.16118301]
[0.16117796]
[0.16117041]
[0.16108276]
[0.16102484]
[0.16100714]
[0.1609716]
[0.16090447]
[0.16089508]
[0.16088697]
[0.16081628]
[0.16077563]
[0.1607665]
[0.16072899]
[0.16069937]
[0.1606702]
[0.16065212]
[0.16061507]
[0.16056108]
[0.1605207]
[0.1605207]
[0.16045798]
[0.1604052]
[0.16037725]
[0.16035743]
[0.16026069]
[0.16025357]
[0.16023609]
[0.16021481]
[0.16018203]
[0.16013156]
[0.16008738]
[0.16006847]
[0.160049]
[0.1600435]
[0.16003656]
[0.16001154]
[0.15996625]
[0.15989295]
[0.15988779]
[0.15985134]
[0.15983272]
[0.15982679]
[0.15981163]
[0.1598047]
[0.15979023]
[0.1597718]
[0.15974657]
[0.15973586]
[0.15956381]
[0.15954983]
[0.15949228]
[0.1594633]
[0.15943596]
[0.15942672]
[0.1594257]
[0.15935864]
[0.15933251]
[0.1591747]
[0.15912166]
[0.15909822]
[0.1590897]
[0.15906987]
[0.15905134]
[0.15901865]
[0.15900119]
[0.15899137]
[0.15896414]
[0.15895005]
[0.15891016]
[0.15890002]
[0.15881993]
[0.15868033]
[0.15860504]
[0.15859881]
[0.15858564]
[0.1585172]
[0.15849699]
[0.15842548]
[0.1584074]
[0.1583733]
[0.15836613]
[0.15833594]
[0.1583227]
[0.15826207]
[0.15820141]
[0.15819758]
[0.15818024]
[0.15817834]
[0.1581332]
[0.15812482]
[0.15808327]
[0.15806723]
[0.1580026]
[0.15799518]
[0.15798798]
[0.15793645]
[0.15793422]
[0.1579268]
[0.1579268]
[0.15792249]
[0.15792018]
[0.15784766]
[0.15783685]
[0.15776774]
[0.15775447]
[0.15775108]
[0.15772805]
[0.15758474]
[0.15757367]
[0.15747848]
[0.15738666]
[0.15738241]
[0.15737785]
[0.15735465]
[0.15732962]
[0.15732962]
[0.15731806]
[0.15731688]
[0.15730244]
[0.15728427]
[0.1572447]
[0.15721445]
[0.15717436]
[0.1571738]
[0.15715455]
[0.15715231]
[0.15712863]
[0.15711227]
[0.15710735]
[0.15709955]
[0.15709955]
[0.156985]
[0.15695794]
[0.15693113]
[0.15688577]
[0.15686625]
[0.15685771]
[0.15685137]
[0.15684919]
[0.15683194]
[0.15678608]
[0.15678445]
[0.15677732]
[0.15669325]
[0.15665822]
[0.15662912]
[0.15662625]
[0.15659152]
[0.15657382]
[0.15657003]
[0.15655865]
[0.156538]
[0.15652843]
[0.15650721]
[0.15650702]
[0.15650281]
[0.15648209]
[0.15647806]
[0.15647317]
[0.15645704]
[0.15644231]
[0.15640919]
[0.15639532]
[0.15638466]
[0.15631072]
[0.15624903]
[0.15623616]
[0.15621471]
[0.15619266]
[0.15612172]
[0.15611373]
[0.15611301]
[0.15604818]
[0.15603824]
[0.15602511]
[0.15602481]
[0.15595344]
[0.1559407]
[0.15593089]
[0.15592992]
[0.15590598]
[0.15584801]
[0.15581131]
[0.15581131]
[0.15576296]
[0.15572998]
[0.15568887]
[0.15567188]
[0.15560707]
[0.155597]
[0.15557307]
[0.15551065]
[0.15545997]
[0.15545233]
[0.15538917]
[0.15537521]
[0.15532103]
[0.15529063]
[0.15528531]
[0.15527771]
[0.15527771]
[0.15520753]
[0.15517558]
[0.15516277]
[0.15510538]
[0.15508021]
[0.15504283]
[0.15502597]
[0.15502451]
[0.15501548]
[0.15501171]
[0.15500656]
[0.15497652]
[0.15493712]
[0.15492089]
[0.1548397]
[0.15482247]
[0.15481085]
[0.15480138]
[0.15479763]
[0.15476313]
[0.15475693]
[0.15474486]
[0.15471786]
[0.15465584]
[0.15464057]
[0.15460938]
[0.15460175]
[0.1546005]
[0.1546005]
[0.15455697]
[0.15447405]
[0.15444419]
[0.15434514]
[0.15428488]
[0.15428078]
[0.15428078]
[0.15428074]
[0.15428047]
[0.15414445]
[0.1541422]
[0.15413481]
[0.15411992]
[0.15408579]
[0.15408003]
[0.15401039]
[0.15399495]
[0.1539924]
[0.15399112]
[0.15396106]
[0.153958]
[0.15394711]
[0.15381622]
[0.15380187]
[0.15377197]
[0.15372829]
[0.15370432]
[0.15369567]
[0.1536917]
[0.15369004]
[0.15368567]
[0.15367405]
[0.15367043]
[0.15366258]
[0.15365349]
[0.15363455]
[0.15360618]
[0.15359518]
[0.15359299]
[0.15351817]
[0.15349512]
[0.15347598]
[0.1534756]
[0.1534647]
[0.15341468]
[0.15340072]
[0.15331021]
[0.1532731]
[0.15321027]
[0.15320161]
[0.15319362]
[0.15318784]
[0.15315138]
[0.15308219]
[0.15305698]
[0.15300757]
[0.15298201]
[0.15296935]
[0.1529211]
[0.1529056]
[0.152862]
[0.15285559]
[0.15285307]
[0.15284558]
[0.15284143]
[0.15283519]
[0.15275273]
[0.15274748]
[0.15273151]
[0.15268345]
[0.15264675]
[0.1526431]
[0.15263428]
[0.15261704]
[0.15261386]
[0.15258668]
[0.15256535]
[0.15255518]
[0.1525092]
[0.1524808]
[0.15244973]
[0.15244955]
[0.15244949]
[0.15242952]
[0.15240605]
[0.15234992]
[0.15230565]
[0.15229906]
[0.15228996]
[0.15223932]
[0.15222436]
[0.15218751]
[0.15206283]
[0.15205118]
[0.15204588]
[0.15199965]
[0.15198644]
[0.15188193]
[0.15187985]
[0.15184787]
[0.15184312]
[0.15182751]
[0.15178601]
[0.15178426]
[0.15176098]
[0.15175611]
[0.15175378]
[0.15170668]
[0.15167664]
[0.15166284]
[0.15162146]
[0.15161233]
[0.15158549]
[0.15156966]
[0.15156038]
[0.15154815]
[0.15153296]
[0.1515064]
[0.15146104]
[0.1514078]
[0.1513793]
[0.1513652]
[0.15135396]
[0.15131234]
[0.1512733]
[0.1512733]
[0.15126675]
[0.1511316]
[0.15112968]
[0.1511146]
[0.15110809]
[0.15110157]
[0.15105596]
[0.15105596]
[0.15105519]
[0.15103695]
[0.15103014]
[0.15099019]
[0.1509762]
[0.15097295]
[0.15091062]
[0.15088147]
[0.15084177]
[0.15083383]
[0.15081002]
[0.15076251]
[0.15074694]
[0.15069275]
[0.15068115]
[0.15064345]
[0.15059419]
[0.15057713]
[0.15050942]
[0.15049446]
[0.15048552]
[0.15046574]
[0.15046178]
[0.15042987]
[0.15039049]
[0.15036525]
[0.15036525]
[0.15035488]
[0.15034445]
[0.15027554]
[0.1502575]
[0.15022177]
[0.15017861]
[0.15016684]
[0.15016611]
[0.15015873]
[0.15011421]
[0.15002489]
[0.15001519]
[0.15001452]
[0.15000473]
[0.14998898]
[0.14998096]
[0.14997105]
[0.14995901]
[0.14995232]
[0.14994659]
[0.14988226]
[0.14987433]
[0.149848]
[0.14984451]
[0.1498344]
[0.1497821]
[0.14970297]
[0.14968814]
[0.14967357]
[0.14965773]
[0.14965437]
[0.14963873]
[0.14963873]
[0.14963105]
[0.14954759]
[0.14953895]
[0.14953391]
[0.14949377]
[0.14949341]
[0.14947256]
[0.149444]
[0.1494417]
[0.14943446]
[0.14941703]
[0.14941588]
[0.14939255]
[0.1493836]
[0.14936838]
[0.14933929]
[0.14932854]
[0.14932518]
[0.14932518]
[0.14926632]
[0.14925863]
[0.1492414]
[0.14923014]
[0.14922787]
[0.14921062]
[0.1491895]
[0.14918745]
[0.14918184]
[0.14913736]
[0.1491261]
[0.1491147]
[0.14910884]
[0.1491078]
[0.14904611]
[0.14902586]
[0.14898661]
[0.14898491]
[0.14897142]
[0.14896424]
[0.14896314]
[0.14894831]
[0.14891951]
[0.1489111]
[0.14884953]
[0.14879853]
[0.14875725]
[0.1487538]
[0.14866477]
[0.14866418]
[0.14858477]
[0.14857246]
[0.14850886]
[0.14850482]
[0.14847489]
[0.14844523]
[0.14843673]
[0.14837514]
[0.14836825]
[0.1483214]
[0.14829165]
[0.1482737]
[0.1482737]
[0.1482737]
[0.1482737]
[0.1482651]
[0.14819643]
[0.1481886]
[0.14816119]
[0.14814061]
[0.1481399]
[0.14812233]
[0.14812233]
[0.14808752]
[0.14804938]
[0.1480434]
[0.14802316]
[0.14798471]
[0.14795797]
[0.14791024]
[0.1478745]
[0.14786617]
[0.14783227]
[0.14779986]
[0.14779405]
[0.14777803]
[0.147743]
[0.14764005]
[0.14752716]
[0.14744188]
[0.14731865]
[0.1473096]
[0.14729542]
[0.14725056]
[0.14723006]
[0.14722466]
[0.14719096]
[0.14707151]
[0.14703006]
[0.14701122]
[0.14696608]
[0.1469454]
[0.1468958]
[0.1468701]
[0.14684285]
[0.14683557]
[0.14682434]
[0.14681341]
[0.14679271]
[0.14679137]
[0.14678809]
[0.14677626]
[0.14676091]
[0.14674951]
[0.14674623]
[0.14670053]
[0.14667764]
[0.14663942]
[0.14661458]
[0.14656423]
[0.1465632]
[0.14653839]
[0.14653648]
[0.1465199]
[0.14648053]
[0.14646316]
[0.14644569]
[0.14633903]
[0.14631058]
[0.14630602]
[0.14626664]
[0.14624806]
[0.14624137]
[0.14624116]
[0.14622004]
[0.14619133]
[0.14619133]
[0.14618443]
[0.14617826]
[0.14613084]
[0.14613013]
[0.14611198]
[0.14605156]
[0.14602597]
[0.14602534]
[0.14596154]
[0.1459191]
[0.14590983]
[0.14589776]
[0.14583401]
[0.14574951]
[0.14572737]
[0.14568137]
[0.14564864]
[0.14554481]
[0.14554104]
[0.14553565]
[0.14552595]
[0.14548966]
[0.1454509]
[0.1454236]
[0.14537852]
[0.14535704]
[0.14533629]
[0.14532351]
[0.14531133]
[0.14524873]
[0.14521262]
[0.14516984]
[0.14514555]
[0.1451347]
[0.14510526]
[0.14509095]
[0.14509004]
[0.14507785]
[0.14506643]
[0.14506643]
[0.14504048]
[0.14499135]
[0.14493419]
[0.1449089]
[0.14488754]
[0.14488178]
[0.14486407]
[0.14482825]
[0.14479662]
[0.14474168]
[0.14473912]
[0.14472038]
[0.14466791]
[0.14464748]
[0.14457382]
[0.14455049]
[0.14446533]
[0.14445737]
[0.14443675]
[0.14439942]
[0.14436758]
[0.14436576]
[0.14434879]
[0.14431933]
[0.1442567]
[0.1442339]
[0.14423198]
[0.1442173]
[0.14416549]
[0.14408828]
[0.14407961]
[0.1440665]
[0.14402822]
[0.14401294]
[0.14398117]
[0.14397477]
[0.14394495]
[0.14394371]
[0.1439249]
[0.1439249]
[0.1438953]
[0.14388673]
[0.14384411]
[0.14384341]
[0.1438396]
[0.143828]
[0.14376478]
[0.14374559]
[0.14371422]
[0.14371169]
[0.14371075]
[0.14366663]
[0.143626]
[0.14360607]
[0.14360097]
[0.14358373]
[0.14352451]
[0.14351538]
[0.14351414]
[0.14350805]
[0.14346884]
[0.14346303]
[0.14346303]
[0.14345841]
[0.14342283]
[0.14340323]
[0.14337264]
[0.14333962]
[0.14331779]
[0.1431622]
[0.14314643]
[0.14312294]
[0.1430833]
[0.14307266]
[0.14305665]
[0.14296953]
[0.1429587]
[0.14292863]
[0.14291182]
[0.14289771]
[0.14286256]
[0.1428256]
[0.14277494]
[0.14277479]
[0.1427597]
[0.14267632]
[0.14265645]
[0.14264752]
[0.14261723]
[0.14257132]
[0.1425495]
[0.14249402]
[0.14248723]
[0.14248174]
[0.14246722]
[0.14241488]
[0.14240731]
[0.14239828]
[0.14238735]
[0.14237674]
[0.14231643]
[0.14231479]
[0.14230898]
[0.14225143]
[0.1422327]
[0.14220123]
[0.14216435]
[0.14216296]
[0.14215802]
[0.14213751]
[0.14212295]
[0.1421179]
[0.14204368]
[0.14201377]
[0.14201236]
[0.14200778]
[0.1419831]
[0.14197727]
[0.14195995]
[0.14195575]
[0.14193834]
[0.14184825]
[0.14183982]
[0.14177254]
[0.1417368]
[0.1417357]
[0.1417145]
[0.14170249]
[0.14170024]
[0.1416702]
[0.14166747]
[0.141656]
[0.14165008]
[0.14164782]
[0.14164573]
[0.14160761]
[0.1416066]
[0.14157991]
[0.1415777]
[0.14156245]
[0.14154497]
[0.1415371]
[0.1415371]
[0.14152658]
[0.14152658]
[0.14145285]
[0.14144322]
[0.141431]
[0.1413922]
[0.14138909]
[0.14137943]
[0.14137526]
[0.1413226]
[0.14130564]
[0.14126898]
[0.14123021]
[0.14121659]
[0.14120245]
[0.14118904]
[0.14117499]
[0.14114219]
[0.1410987]
[0.14105257]
[0.14103715]
[0.14102444]
[0.14101428]
[0.14101169]
[0.14097801]
[0.14091176]
[0.1409053]
[0.14090201]
[0.14087991]
[0.14086448]
[0.14085622]
[0.14084497]
[0.14078523]
[0.14075239]
[0.14074217]
[0.14073984]
[0.14071438]
[0.14070971]
[0.14065467]
[0.14065127]
[0.14064792]
[0.14064746]
[0.1406425]
[0.14062545]
[0.1406145]
[0.14060673]
[0.14060378]
[0.14057715]
[0.14055717]
[0.14051922]
[0.14049105]
[0.1404808]
[0.14047821]
[0.1404701]
[0.14046924]
[0.14044937]
[0.14035045]
[0.1403302]
[0.14032608]
[0.14031884]
[0.1402253]
[0.14020513]
[0.14019792]
[0.14011218]
[0.14010239]
[0.14008869]
[0.14006436]
[0.14006436]
[0.14003727]
[0.1400336]
[0.14000952]
[0.1400013]
[0.13996515]
[0.13975817]
[0.13971564]
[0.13969266]
[0.13968857]
[0.13968143]
[0.13964935]
[0.13953394]
[0.13950017]
[0.13947481]
[0.13947074]
[0.13945107]
[0.13942865]
[0.13939603]
[0.13939196]
[0.13937093]
[0.13931186]
[0.139302]
[0.1392939]
[0.13926245]
[0.13925233]
[0.13922821]
[0.13921295]
[0.13920027]
[0.13918388]
[0.13913664]
[0.1391243]
[0.13909934]
[0.13908076]
[0.13907503]
[0.1390708]
[0.13903347]
[0.13898204]
[0.13898188]
[0.1389124]
[0.13883124]
[0.13880739]
[0.13877413]
[0.13877091]
[0.13876626]
[0.13875696]
[0.13870724]
[0.13863154]
[0.13863154]
[0.13862553]
[0.1386254]
[0.13861452]
[0.1385977]
[0.13857728]
[0.13857234]
[0.13856874]
[0.13856582]
[0.13853508]
[0.13849056]
[0.1384504]
[0.13834879]
[0.13834712]
[0.138312]
[0.1383065]
[0.13830201]
[0.13820751]
[0.13819261]
[0.13819261]
[0.13815938]
[0.1380662]
[0.13801347]
[0.13799322]
[0.1379521]
[0.13795137]
[0.13786624]
[0.13786507]
[0.13786024]
[0.13777794]
[0.13775778]
[0.1377542]
[0.13775297]
[0.1377284]
[0.13768779]
[0.13765258]
[0.13765113]
[0.13760495]
[0.13758473]
[0.1374231]
[0.13737862]
[0.13733014]
[0.13722725]
[0.13716109]
[0.13714163]
[0.13713379]
[0.13707817]
[0.13706774]
[0.1370516]
[0.13703603]
[0.13703395]
[0.13703124]
[0.13702558]
[0.13697498]
[0.13697498]
[0.13696016]
[0.1369455]
[0.13693772]
[0.13692251]
[0.1369214]
[0.13688374]
[0.13687591]
[0.1368687]
[0.13685715]
[0.13681772]
[0.13680027]
[0.13675442]
[0.13665962]
[0.13661592]
[0.13661392]
[0.1365605]
[0.13653415]
[0.13652287]
[0.13644964]
[0.13644193]
[0.13643755]
[0.13643631]
[0.13643502]
[0.13637584]
[0.13636597]
[0.13632472]
[0.13627633]
[0.13623613]
[0.13623258]
[0.13622111]
[0.13621755]
[0.13618776]
[0.13615133]
[0.13604543]
[0.13603505]
[0.13601194]
[0.13601051]
[0.13600367]
[0.13598233]
[0.13596815]
[0.13589944]
[0.13589619]
[0.13588957]
[0.13585132]
[0.13580732]
[0.1357801]
[0.1357581]
[0.13574333]
[0.13572107]
[0.13571632]
[0.13569357]
[0.13565788]
[0.13561966]
[0.13561307]
[0.13556354]
[0.1355133]
[0.13550806]
[0.1354899]
[0.1354517]
[0.13545139]
[0.13544254]
[0.13544227]
[0.13541266]
[0.13523346]
[0.13521867]
[0.13516751]
[0.1351589]
[0.13515323]
[0.13514695]
[0.13510866]
[0.13503696]
[0.13502187]
[0.13500991]
[0.13498586]
[0.13497896]
[0.13494538]
[0.13493]
[0.1349035]
[0.13487302]
[0.13485594]
[0.13485427]
[0.13482134]
[0.13481374]
[0.13479735]
[0.13475806]
[0.13473782]
[0.13473782]
[0.13471353]
[0.13467768]
[0.13467407]
[0.13466813]
[0.13462529]
[0.13458802]
[0.13457496]
[0.13455132]
[0.13451333]
[0.13443442]
[0.13442443]
[0.13439474]
[0.13439338]
[0.13438185]
[0.13436829]
[0.13436425]
[0.13435188]
[0.1343389]
[0.1343083]
[0.13430397]
[0.13429515]
[0.13428997]
[0.13428897]
[0.13428684]
[0.13428375]
[0.1342809]
[0.13427636]
[0.13421108]
[0.13419877]
[0.13418806]
[0.13418432]
[0.1341513]
[0.13413438]
[0.13410105]
[0.133997]
[0.13397345]
[0.1339626]
[0.13394406]
[0.13391843]
[0.13389376]
[0.13387898]
[0.13382712]
[0.13381603]
[0.13377827]
[0.13376854]
[0.13376528]
[0.13371189]
[0.13370521]
[0.13364324]
[0.1336328]
[0.13363202]
[0.13360295]
[0.13354553]
[0.13354291]
[0.13353918]
[0.13349527]
[0.13344106]
[0.1334302]
[0.13341178]
[0.13340396]
[0.13339172]
[0.1333846]
[0.13334939]
[0.13329816]
[0.13329303]
[0.1332358]
[0.13323098]
[0.13321301]
[0.13320468]
[0.13315196]
[0.13313311]
[0.13312148]
[0.13305314]
[0.13304418]
[0.13303693]
[0.13302708]
[0.13300984]
[0.13299218]
[0.1329921]
[0.13295004]
[0.13292341]
[0.13290405]
[0.1329013]
[0.1328871]
[0.13286632]
[0.13286284]
[0.13285896]
[0.13285036]
[0.13282906]
[0.13282265]
[0.13281098]
[0.1328057]
[0.13279785]
[0.13271353]
[0.13271241]
[0.13271232]
[0.13270487]
[0.13252331]
[0.13250506]
[0.13249613]
[0.13249508]
[0.13244599]
[0.13230304]
[0.13229911]
[0.13229807]
[0.13229357]
[0.13228239]
[0.13221869]
[0.1322077]
[0.13219278]
[0.13217764]
[0.13217615]
[0.13213818]
[0.132135]
[0.1321248]
[0.13211502]
[0.13210993]
[0.13210736]
[0.13210565]
[0.13208331]
[0.13207132]
[0.13207132]
[0.1320692]
[0.13198784]
[0.13197426]
[0.13196675]
[0.13194728]
[0.13191237]
[0.13188314]
[0.1318713]
[0.13185509]
[0.13183601]
[0.1318147]
[0.13180298]
[0.13178371]
[0.1317811]
[0.13173983]
[0.13173604]
[0.1317113]
[0.13170208]
[0.131688]
[0.13167301]
[0.13163407]
[0.13159664]
[0.13157387]
[0.13156784]
[0.13155572]
[0.13154398]
[0.13151874]
[0.13151808]
[0.1314559]
[0.13144103]
[0.13140717]
[0.13137631]
[0.13136685]
[0.13135096]
[0.13134715]
[0.13133092]
[0.13130134]
[0.13126975]
[0.13126636]
[0.13125904]
[0.1312408]
[0.13115495]
[0.13115479]
[0.13114072]
[0.1310953]
[0.13108432]
[0.13107902]
[0.13105354]
[0.13102414]
[0.13101988]
[0.13099001]
[0.13093963]
[0.13093108]
[0.13088313]
[0.13087738]
[0.13083027]
[0.13082848]
[0.13080569]
[0.1307813]
[0.1307758]
[0.1307758]
[0.13077292]
[0.13070934]
[0.13070293]
[0.1306899]
[0.13064131]
[0.13059683]
[0.13058951]
[0.13056862]
[0.1305603]
[0.13053317]
[0.13052215]
[0.13048653]
[0.13048561]
[0.13048172]
[0.13044213]
[0.13043077]
[0.13040811]
[0.13038032]
[0.13037321]
[0.1303611]
[0.13035655]
[0.13032897]
[0.13032666]
[0.13032426]
[0.13031594]
[0.13028482]
[0.13023107]
[0.13020673]
[0.1302043]
[0.13016859]
[0.13016859]
[0.13012864]
[0.13011576]
[0.13010311]
[0.13005278]
[0.1300499]
[0.13003427]
[0.13002692]
[0.12999281]
[0.12997976]
[0.12991112]
[0.12985474]
[0.12981789]
[0.12981601]
[0.12980187]
[0.12977976]
[0.12976635]
[0.12975669]
[0.12974305]
[0.12973474]
[0.12973216]
[0.12972926]
[0.12971945]
[0.12970303]
[0.1296975]
[0.12968543]
[0.12964308]
[0.129641]
[0.12963392]
[0.12961087]
[0.1296098]
[0.12957883]
[0.12954466]
[0.12952514]
[0.12950945]
[0.12950903]
[0.12949204]
[0.1294644]
[0.1294104]
[0.12940629]
[0.1294012]
[0.12940083]
[0.12937231]
[0.1293712]
[0.1293712]
[0.12936705]
[0.1293496]
[0.12932861]
[0.12931575]
[0.12931484]
[0.12921295]
[0.12918837]
[0.12918673]
[0.12917517]
[0.12917402]
[0.12914991]
[0.1291394]
[0.12912828]
[0.12908581]
[0.12902404]
[0.12894744]
[0.12893894]
[0.12888645]
[0.12885718]
[0.12885343]
[0.12882408]
[0.12875594]
[0.12869373]
[0.12860274]
[0.12858565]
[0.12858514]
[0.12858447]
[0.12855402]
[0.12855276]
[0.12854242]
[0.12852545]
[0.12852192]
[0.12850493]
[0.12849922]
[0.12845336]
[0.1284511]
[0.12844808]
[0.12844695]
[0.12843578]
[0.12839262]
[0.12832884]
[0.1283279]
[0.12830839]
[0.12829906]
[0.1282621]
[0.1282621]
[0.12823713]
[0.12822203]
[0.12816863]
[0.1281178]
[0.12809281]
[0.12807274]
[0.12803185]
[0.12802823]
[0.12800589]
[0.12800358]
[0.12799586]
[0.12797576]
[0.12795798]
[0.1278993]
[0.1278851]
[0.12786351]
[0.12784734]
[0.12784472]
[0.12784272]
[0.12783563]
[0.12778983]
[0.12776682]
[0.12775123]
[0.12774092]
[0.12772934]
[0.12771432]
[0.12771018]
[0.12769629]
[0.12768522]
[0.12768522]
[0.12765887]
[0.12759389]
[0.12758914]
[0.12756673]
[0.12756598]
[0.12756187]
[0.1275051]
[0.12741147]
[0.12741013]
[0.12740916]
[0.12739618]
[0.12737828]
[0.12734754]
[0.12733378]
[0.12730782]
[0.12730657]
[0.12726274]
[0.12723882]
[0.12723167]
[0.12709889]
[0.12708764]
[0.12708531]
[0.12706651]
[0.12703827]
[0.12702991]
[0.12702172]
[0.1269469]
[0.12686718]
[0.12685809]
[0.12684643]
[0.12684277]
[0.12682553]
[0.12682405]
[0.12680914]
[0.12679611]
[0.12676927]
[0.12673824]
[0.126708]
[0.12670156]
[0.12669872]
[0.12669808]
[0.12664454]
[0.12662508]
[0.12660488]
[0.12654874]
[0.12651561]
[0.1265152]
[0.12648898]
[0.12648898]
[0.12643957]
[0.12643284]
[0.12641723]
[0.12641177]
[0.12640958]
[0.12640586]
[0.12638111]
[0.12636802]
[0.12636022]
[0.12632148]
[0.1263201]
[0.12630096]
[0.12629986]
[0.12629594]
[0.12626845]
[0.12624314]
[0.12624086]
[0.12617195]
[0.12613414]
[0.12610625]
[0.12605533]
[0.12598795]
[0.12592204]
[0.12591183]
[0.12587361]
[0.12580353]
[0.12577015]
[0.12568504]
[0.12567602]
[0.1256587]
[0.12560965]
[0.12558852]
[0.12557907]
[0.12556012]
[0.12554808]
[0.12554348]
[0.1255105]
[0.12548171]
[0.12548101]
[0.12548062]
[0.12547998]
[0.12547284]
[0.12544958]
[0.12544341]
[0.12544206]
[0.12543994]
[0.12543583]
[0.12543353]
[0.12543216]
[0.1254031]
[0.12536594]
[0.12535562]
[0.1253509]
[0.12533078]
[0.12531531]
[0.12531489]
[0.12530938]
[0.12526584]
[0.12525049]
[0.12520449]
[0.12516204]
[0.1251538]
[0.12514444]
[0.12514141]
[0.12510481]
[0.12507753]
[0.12491962]
[0.12487739]
[0.1248615]
[0.12485921]
[0.12485114]
[0.12482287]
[0.12477596]
[0.12470595]
[0.12468611]
[0.12468409]
[0.12464994]
[0.12463169]
[0.12462902]
[0.12462514]
[0.12461146]
[0.12460802]
[0.1245658]
[0.12454505]
[0.12445586]
[0.12437523]
[0.12430128]
[0.12428248]
[0.1242575]
[0.12424669]
[0.12423998]
[0.12420873]
[0.12418654]
[0.12418189]
[0.1241504]
[0.1241322]
[0.12411164]
[0.12408822]
[0.12408514]
[0.12408514]
[0.12407291]
[0.12401338]
[0.12400866]
[0.12399928]
[0.12398989]
[0.12397285]
[0.12395547]
[0.12395107]
[0.12388501]
[0.12384409]
[0.12382317]
[0.12377538]
[0.12374434]
[0.12374142]
[0.12371925]
[0.12366039]
[0.12363685]
[0.12352907]
[0.12352686]
[0.12351844]
[0.12349289]
[0.12348071]
[0.1234772]
[0.12345418]
[0.12343359]
[0.12342151]
[0.12341125]
[0.12341034]
[0.12341004]
[0.12339966]
[0.12336438]
[0.12335406]
[0.12335236]
[0.12333252]
[0.12330251]
[0.12329951]
[0.12329698]
[0.12327515]
[0.12321895]
[0.12319332]
[0.12317545]
[0.12316726]
[0.12313239]
[0.12311499]
[0.12310316]
[0.12309838]
[0.12309729]
[0.1230764]
[0.12307625]
[0.12307107]
[0.12304691]
[0.12303019]
[0.12301398]
[0.12300508]
[0.12294405]
[0.1228986]
[0.12288221]
[0.12284767]
[0.12284237]
[0.12279322]
[0.12278914]
[0.12278531]
[0.1227812]
[0.12273267]
[0.12270356]
[0.12269644]
[0.12269598]
[0.12268159]
[0.12267035]
[0.12258104]
[0.12256714]
[0.12256714]
[0.12256154]
[0.12255237]
[0.1225283]
[0.12248567]
[0.12241642]
[0.12237564]
[0.12234765]
[0.1223004]
[0.12223633]
[0.1221807]
[0.12216638]
[0.12212008]
[0.12201867]
[0.12199032]
[0.12197234]
[0.12194438]
[0.12194361]
[0.12193356]
[0.12193169]
[0.1219316]
[0.12191371]
[0.12190863]
[0.12190118]
[0.12189969]
[0.1218878]
[0.12187324]
[0.12187135]
[0.12184017]
[0.12183826]
[0.12183563]
[0.12181393]
[0.12180012]
[0.12178464]
[0.12172183]
[0.1216649]
[0.12150824]
[0.12150286]
[0.12149995]
[0.12149726]
[0.12144387]
[0.12143632]
[0.1214281]
[0.12133825]
[0.12128848]
[0.12128107]
[0.12123965]
[0.1212201]
[0.12118898]
[0.1211845]
[0.12118348]
[0.12115441]
[0.12113363]
[0.1211292]
[0.12111152]
[0.12110692]
[0.12110315]
[0.12106484]
[0.12105802]
[0.12105409]
[0.12101858]
[0.12094827]
[0.12090944]
[0.12090835]
[0.12089104]
[0.12087708]
[0.12083712]
[0.12082014]
[0.12080681]
[0.12079971]
[0.12079603]
[0.12079193]
[0.1207796]
[0.12075345]
[0.12074915]
[0.12074771]
[0.12074307]
[0.12073608]
[0.12073008]
[0.12071364]
[0.12062769]
[0.12062279]
[0.12062052]
[0.12061859]
[0.12054811]
[0.12054811]
[0.12049714]
[0.12047233]
[0.12044767]
[0.12044654]
[0.12040679]
[0.12039153]
[0.12038865]
[0.12036356]
[0.12034392]
[0.12033645]
[0.12033466]
[0.12031858]
[0.12025758]
[0.12023856]
[0.12021557]
[0.1201973]
[0.12018545]
[0.12017019]
[0.12014174]
[0.12006478]
[0.11999822]
[0.11997871]
[0.11990888]
[0.11990565]
[0.11989896]
[0.1198973]
[0.1198805]
[0.1198563]
[0.1198163]
[0.11979926]
[0.11979806]
[0.11977944]
[0.11977769]
[0.11976701]
[0.11971316]
[0.11968641]
[0.1196701]
[0.11960747]
[0.11960075]
[0.11960021]
[0.11959]
[0.1194938]
[0.11948443]
[0.119449]
[0.119449]
[0.11941931]
[0.11937486]
[0.11936547]
[0.11936275]
[0.11933053]
[0.11930107]
[0.11929604]
[0.11928723]
[0.11927593]
[0.11921886]
[0.11916365]
[0.11916126]
[0.11910005]
[0.11908059]
[0.11905023]
[0.11904638]
[0.11904398]
[0.11903398]
[0.11903355]
[0.11903088]
[0.11902911]
[0.11901328]
[0.11901166]
[0.11900123]
[0.11897893]
[0.11897814]
[0.1189312]
[0.11890778]
[0.11889914]
[0.11887665]
[0.11881671]
[0.11877418]
[0.11869093]
[0.11862252]
[0.11859082]
[0.1185797]
[0.11856281]
[0.11850009]
[0.11845059]
[0.1184256]
[0.11842488]
[0.11841573]
[0.11840335]
[0.11822805]
[0.11818448]
[0.11817114]
[0.11814922]
[0.11814208]
[0.1181398]
[0.11813201]
[0.11812627]
[0.11807319]
[0.11806504]
[0.11803248]
[0.11802099]
[0.11800533]
[0.11800188]
[0.11793461]
[0.11791409]
[0.11789271]
[0.11785291]
[0.11781082]
[0.11777753]
[0.11773852]
[0.11770481]
[0.11770269]
[0.11769753]
[0.11767676]
[0.11764365]
[0.1176118]
[0.1176056]
[0.11758453]
[0.11756491]
[0.1175327]
[0.11750139]
[0.11749883]
[0.11747142]
[0.11743435]
[0.11738]
[0.11736824]
[0.11733855]
[0.11732068]
[0.11731807]
[0.11731563]
[0.11727459]
[0.11727063]
[0.11725261]
[0.11725132]
[0.11723192]
[0.11719808]
[0.11716263]
[0.11714935]
[0.11714101]
[0.11713263]
[0.11711834]
[0.11706028]
[0.11703186]
[0.11700982]
[0.11699231]
[0.11698]
[0.11692803]
[0.11690918]
[0.11690392]
[0.11689904]
[0.11689536]
[0.11689527]
[0.11686607]
[0.11676335]
[0.1167599]
[0.1167511]
[0.11674228]
[0.11668233]
[0.11668111]
[0.11667511]
[0.11664474]
[0.11661898]
[0.11660054]
[0.11659709]
[0.11657607]
[0.11651406]
[0.1165137]
[0.11649061]
[0.11647244]
[0.11646142]
[0.11645959]
[0.11643054]
[0.11642835]
[0.11642835]
[0.11642436]
[0.11636689]
[0.11636679]
[0.11634664]
[0.11629846]
[0.11628162]
[0.11627116]
[0.11622895]
[0.11616254]
[0.11613531]
[0.11611726]
[0.11609632]
[0.11607777]
[0.11605066]
[0.11600316]
[0.1160023]
[0.11599404]
[0.11598124]
[0.11593983]
[0.11589687]
[0.11589492]
[0.11587538]
[0.11586662]
[0.11583989]
[0.11581149]
[0.1157928]
[0.11578748]
[0.11573429]
[0.11572817]
[0.11571868]
[0.11568464]
[0.11556411]
[0.11550222]
[0.11548255]
[0.11546642]
[0.11543763]
[0.1154102]
[0.11539651]
[0.11538859]
[0.1153789]
[0.11536589]
[0.11534916]
[0.1153174]
[0.11530593]
[0.11529025]
[0.11520881]
[0.11514452]
[0.11513233]
[0.11510576]
[0.11508313]
[0.11508264]
[0.11504885]
[0.11502992]
[0.11501948]
[0.1149823]
[0.11495955]
[0.11495023]
[0.11493005]
[0.1149271]
[0.11492589]
[0.11485635]
[0.11483642]
[0.11483366]
[0.11482581]
[0.11481944]
[0.11481591]
[0.11481103]
[0.11481064]
[0.11474429]
[0.11468325]
[0.11466998]
[0.11462091]
[0.11455613]
[0.11452892]
[0.1144784]
[0.11445227]
[0.11444094]
[0.11440241]
[0.11439864]
[0.11436739]
[0.11432798]
[0.1142818]
[0.11426581]
[0.11425979]
[0.11421265]
[0.11419483]
[0.11418655]
[0.11418655]
[0.11418404]
[0.11415694]
[0.11407219]
[0.11406165]
[0.11396748]
[0.11395712]
[0.11395572]
[0.11393862]
[0.11393762]
[0.11392676]
[0.11390903]
[0.11389916]
[0.113887]
[0.11387895]
[0.11383796]
[0.11372726]
[0.11372513]
[0.11371525]
[0.11365455]
[0.11360507]
[0.11360054]
[0.11356056]
[0.11354232]
[0.11354185]
[0.11354151]
[0.11352585]
[0.11349625]
[0.11347964]
[0.11340719]
[0.11338492]
[0.11335552]
[0.11334099]
[0.11327206]
[0.1132431]
[0.1132407]
[0.11320005]
[0.11319751]
[0.11318325]
[0.11317319]
[0.11314185]
[0.11313975]
[0.11313391]
[0.1131271]
[0.11307001]
[0.11306411]
[0.1130343]
[0.11303356]
[0.11300814]
[0.11292787]
[0.11291134]
[0.11289462]
[0.11289386]
[0.11287863]
[0.11286593]
[0.11285815]
[0.11281833]
[0.11281816]
[0.11280554]
[0.11279067]
[0.1127509]
[0.11263002]
[0.11261323]
[0.11260296]
[0.11258793]
[0.11258297]
[0.1125086]
[0.11250833]
[0.11249344]
[0.11249087]
[0.11243919]
[0.11243371]
[0.11240716]
[0.11238858]
[0.11238562]
[0.11238033]
[0.11237803]
[0.11235503]
[0.11234827]
[0.11233178]
[0.11230824]
[0.11223633]
[0.11214856]
[0.11208579]
[0.11208206]
[0.11206792]
[0.11203597]
[0.11199404]
[0.11199271]
[0.11197545]
[0.11194625]
[0.11194172]
[0.11193218]
[0.11192659]
[0.11188731]
[0.11187352]
[0.11186775]
[0.1118614]
[0.11183833]
[0.1118227]
[0.11177073]
[0.11175367]
[0.1117506]
[0.11173745]
[0.11170315]
[0.11169811]
[0.11166551]
[0.11163108]
[0.11162417]
[0.11154162]
[0.11152285]
[0.11152245]
[0.11145414]
[0.11137398]
[0.11133687]
[0.11133455]
[0.11130726]
[0.11127176]
[0.1112549]
[0.11123346]
[0.11120786]
[0.11120456]
[0.11118371]
[0.11117308]
[0.11115885]
[0.1111158]
[0.11111278]
[0.1110279]
[0.11099908]
[0.11098496]
[0.11094786]
[0.11086855]
[0.11079757]
[0.1107647]
[0.11076262]
[0.11076109]
[0.11076015]
[0.11075771]
[0.11075566]
[0.11067445]
[0.11064409]
[0.11063763]
[0.11062355]
[0.11061905]
[0.11052447]
[0.11047151]
[0.11047]
[0.11045109]
[0.11044732]
[0.11043086]
[0.11038692]
[0.11035664]
[0.1103135]
[0.11031252]
[0.11028735]
[0.11027963]
[0.11027458]
[0.11019609]
[0.11018967]
[0.11014823]
[0.11014131]
[0.1100136]
[0.10999554]
[0.10998707]
[0.10995749]
[0.10988799]
[0.10981553]
[0.10979443]
[0.10979363]
[0.10974404]
[0.10971102]
[0.10970654]
[0.10969255]
[0.10967115]
[0.10966124]
[0.10965183]
[0.1095804]
[0.10957313]
[0.10954946]
[0.10954165]
[0.10952906]
[0.10952701]
[0.10952418]
[0.10952288]
[0.10951572]
[0.10946964]
[0.10939609]
[0.10932499]
[0.10931399]
[0.1093018]
[0.10930083]
[0.10922557]
[0.109181]
[0.10915642]
[0.10914835]
[0.10913472]
[0.10910772]
[0.10907465]
[0.10905372]
[0.10904103]
[0.10903569]
[0.10903236]
[0.10890573]
[0.10889578]
[0.10888287]
[0.10884087]
[0.10882011]
[0.10879752]
[0.1087842]
[0.10872675]
[0.10871266]
[0.10863327]
[0.10862221]
[0.10854151]
[0.10850322]
[0.10848623]
[0.10846575]
[0.1083936]
[0.10838784]
[0.10838674]
[0.10837823]
[0.10836823]
[0.10833661]
[0.10828853]
[0.10822141]
[0.10821895]
[0.10818392]
[0.10817655]
[0.10814141]
[0.10812679]
[0.10812578]
[0.10803752]
[0.10803236]
[0.10801125]
[0.10799915]
[0.1079987]
[0.10790765]
[0.10786249]
[0.10781409]
[0.10774102]
[0.10772174]
[0.10771455]
[0.10768389]
[0.10768137]
[0.10767104]
[0.10765912]
[0.10764971]
[0.10762663]
[0.10762279]
[0.10755592]
[0.10753706]
[0.10751251]
[0.10744875]
[0.10737685]
[0.10733804]
[0.10727688]
[0.10726637]
[0.10718799]
[0.10717604]
[0.10717345]
[0.10715971]
[0.10714315]
[0.10712826]
[0.10712759]
[0.10707728]
[0.10707563]
[0.10705294]
[0.10704482]
[0.10703269]
[0.10703257]
[0.10703213]
[0.10699444]
[0.10699221]
[0.10695308]
[0.10695094]
[0.10695006]
[0.10691519]
[0.10690288]
[0.10689088]
[0.10676041]
[0.10671859]
[0.10670991]
[0.10670752]
[0.10669686]
[0.10664125]
[0.1066042]
[0.10656668]
[0.10653885]
[0.1065244]
[0.10650893]
[0.10649522]
[0.10644928]
[0.10641325]
[0.1063934]
[0.10636437]
[0.10631771]
[0.10625711]
[0.10623587]
[0.10613502]
[0.10612753]
[0.10608388]
[0.10603207]
[0.10602304]
[0.10597498]
[0.10592879]
[0.10591701]
[0.10588037]
[0.10586212]
[0.105825]
[0.10581198]
[0.10580517]
[0.10577557]
[0.10576798]
[0.10573947]
[0.10572275]
[0.1057221]
[0.10568333]
[0.10566837]
[0.1056626]
[0.1055555]
[0.10554154]
[0.10553727]
[0.10553236]
[0.1055086]
[0.10548206]
[0.10544237]
[0.10538939]
[0.10537875]
[0.10534567]
[0.10530917]
[0.10526713]
[0.10516457]
[0.1050996]
[0.10505073]
[0.1050396]
[0.10500776]
[0.10497627]
[0.10494594]
[0.10493114]
[0.10489258]
[0.1048476]
[0.10483492]
[0.10482267]
[0.10469204]
[0.1046579]
[0.10458192]
[0.10458101]
[0.10454353]
[0.10450728]
[0.10443702]
[0.10442402]
[0.10436845]
[0.10435267]
[0.1043262]
[0.10430693]
[0.10427751]
[0.10422659]
[0.10417492]
[0.10417254]
[0.1041644]
[0.10412455]
[0.10411061]
[0.10409117]
[0.10403525]
[0.10402391]
[0.10393959]
[0.10393213]
[0.10389666]
[0.10388502]
[0.10386766]
[0.10386418]
[0.10385493]
[0.10380573]
[0.10376492]
[0.10375902]
[0.10375202]
[0.10373437]
[0.10369632]
[0.10364415]
[0.10355772]
[0.10355401]
[0.10355156]
[0.10353309]
[0.10350265]
[0.10339584]
[0.10339531]
[0.10333794]
[0.10333434]
[0.10329877]
[0.10313185]
[0.10307597]
[0.10304653]
[0.10304502]
[0.1030174]
[0.103013]
[0.10295285]
[0.10291716]
[0.10291451]
[0.10283782]
[0.10283711]
[0.10281276]
[0.10267466]
[0.10263637]
[0.10263561]
[0.10262816]
[0.10262775]
[0.10248867]
[0.10241308]
[0.10239986]
[0.10236866]
[0.10229691]
[0.10229608]
[0.10223036]
[0.1021925]
[0.10210455]
[0.10202336]
[0.10198099]
[0.10194575]
[0.10193481]
[0.10186461]
[0.10183335]
[0.10173363]
[0.10165048]
[0.10164005]
[0.10163201]
[0.10161523]
[0.1015701]
[0.10152669]
[0.10152408]
[0.10150116]
[0.10140286]
[0.10135452]
[0.10133911]
[0.10133557]
[0.10131355]
[0.10108476]
[0.10108171]
[0.10107099]
[0.10102051]
[0.10100444]
[0.10095357]
[0.10089062]
[0.10083839]
[0.10080501]
[0.10077494]
[0.10069887]
[0.10068376]
[0.10066377]
[0.10056189]
[0.10055128]
[0.10053963]
[0.10047516]
[0.10046806]
[0.10046718]
[0.10043206]
[0.10030681]
[0.1002188]
[0.10021252]
[0.10008799]
[0.10007986]
[0.1000727]
[0.10007078]
[0.10006237]
[0.10001824]
[0.09995247]
[0.09994335]
[0.09994233]
[0.09982463]
[0.09972882]
[0.09971047]
[0.09970375]
[0.09963331]
[0.09954693]
[0.09943686]
[0.09935403]
[0.0992161]
[0.0992001]
[0.0991598]
[0.09913668]
[0.09913246]
[0.09912003]
[0.09906465]
[0.09904232]
[0.09902526]
[0.09899615]
[0.09892306]
[0.09888158]
[0.09884272]
[0.09882305]
[0.09880362]
[0.09877941]
[0.0987759]
[0.09876521]
[0.09874567]
[0.09874099]
[0.09872508]
[0.09872425]
[0.0987014]
[0.09869552]
[0.09868661]
[0.09867914]
[0.098678]
[0.09859211]
[0.09859054]
[0.09858207]
[0.09853216]
[0.09851116]
[0.09848867]
[0.0983591]
[0.09830182]
[0.09829687]
[0.09822898]
[0.09820267]
[0.09816414]
[0.09812942]
[0.0980982]
[0.09805531]
[0.09802545]
[0.09801312]
[0.09798187]
[0.09793952]
[0.09789681]
[0.09783113]
[0.09778115]
[0.09775701]
[0.09772476]
[0.09768035]
[0.0975677]
[0.09755959]
[0.09749383]
[0.09746833]
[0.09746007]
[0.09743691]
[0.09742891]
[0.09742572]
[0.09733678]
[0.09732165]
[0.09730844]
[0.09730618]
[0.09714441]
[0.09707852]
[0.09705795]
[0.09705575]
[0.09673309]
[0.09657755]
[0.09651837]
[0.09637401]
[0.09605317]
[0.09603523]
[0.09599651]
[0.0959948]
[0.09598733]
[0.09595224]
[0.09587613]
[0.09586875]
[0.09583697]
[0.09583098]
[0.09577055]
[0.0957656]
[0.09573215]
[0.09566976]
[0.09558069]
[0.09555075]
[0.09552357]
[0.09543939]
[0.0954235]
[0.09540996]
[0.09540684]
[0.09537707]
[0.09530357]
[0.09525476]
[0.09524589]
[0.09514181]
[0.09507098]
[0.09504811]
[0.09503622]
[0.09498016]
[0.09490111]
[0.09482677]
[0.09482615]
[0.09474604]
[0.09471568]
[0.09470139]
[0.09462085]
[0.09453566]
[0.09453545]
[0.09449408]
[0.09447348]
[0.09444325]
[0.09438176]
[0.09437236]
[0.09437077]
[0.09432286]
[0.09424301]
[0.09422828]
[0.09421626]
[0.09417758]
[0.09408585]
[0.0940368]
[0.09399273]
[0.09397808]
[0.09397256]
[0.09393063]
[0.09392726]
[0.09389245]
[0.09379333]
[0.09369588]
[0.09344739]
[0.09338859]
[0.09336954]
[0.09336486]
[0.09335922]
[0.09329014]
[0.09323537]
[0.09285572]
[0.09278385]
[0.09278288]
[0.09270761]
[0.09265316]
[0.09264906]
[0.09262322]
[0.0925729]
[0.09255667]
[0.09255493]
[0.09254642]
[0.09229191]
[0.09225612]
[0.09218726]
[0.09215727]
[0.09213015]
[0.0921087]
[0.09200128]
[0.09192941]
[0.09169137]
[0.09160631]
[0.09160107]
[0.0915556]
[0.09153581]
[0.09150235]
[0.09136406]
[0.09132931]
[0.09110026]
[0.09095562]
[0.09066507]
[0.09065477]
[0.09064443]
[0.09043211]
[0.0904014]
[0.09031932]
[0.09027804]
[0.09023955]
[0.09023644]
[0.09011757]
[0.0900995]
[0.08997616]
[0.08992569]
[0.08980768]
[0.08959909]
[0.08943885]
[0.08939343]
[0.08938887]
[0.08926162]
[0.08917425]
[0.08916917]
[0.08913142]
[0.08894949]
[0.08883255]
[0.08867171]
[0.0886705]
[0.08847112]
[0.08840341]
[0.08826119]
[0.08803593]
[0.08800869]
[0.08788676]
[0.08785601]
[0.08775822]
[0.08768375]
[0.08765282]
[0.08764683]
[0.08763585]
[0.08761732]
[0.08759621]
[0.08749947]
[0.08743963]
[0.08739128]
[0.08736082]
[0.08722775]
[0.08717859]
[0.08715007]
[0.0869645]
[0.08685681]
[0.08680441]
[0.08665793]
[0.08649763]
[0.08637135]
[0.08626202]
[0.08624852]
[0.08614566]
[0.08602482]
[0.08591627]
[0.08588418]
[0.08586577]
[0.08581551]
[0.08579205]
[0.08565947]
[0.08554123]
[0.08550852]
[0.08543263]
[0.08541699]
[0.08539028]
[0.08519176]
[0.08517747]
[0.08507515]
[0.08495475]
[0.08488565]
[0.08479141]
[0.08475667]
[0.08456502]
[0.08448597]
[0.08445256]
[0.08413889]
[0.08403507]
[0.08393615]
[0.08387557]
[0.08373567]
[0.08354615]
[0.08350308]
[0.08347563]
[0.08342447]
[0.0834149]
[0.08334173]
[0.08325243]
[0.08307956]
[0.08307157]
[0.08304331]
[0.08303346]
[0.08302673]
[0.08300344]
[0.08280618]
[0.08248427]
[0.08234353]
[0.08232003]
[0.08203501]
[0.0819288]
[0.08177019]
[0.08174159]
[0.08165421]
[0.08153406]
[0.08106583]
[0.08104941]
[0.08099858]
[0.0808945]
[0.08088737]
[0.08050023]
[0.08040398]
[0.08036796]
[0.08035748]
[0.08029545]
[0.08010386]
[0.0800055]
[0.0799763]
[0.07983824]
[0.0798278]
[0.0798133]
[0.07959253]
[0.0795362]
[0.07926769]
[0.07925372]
[0.07889138]
[0.078846]
[0.07857589]
[0.07850245]
[0.07830863]
[0.07827051]
[0.0782334]
[0.07822628]
[0.07811591]
[0.0780589]
[0.07799547]
[0.07786612]
[0.07785013]
[0.07773899]
[0.07771065]
[0.07762904]
[0.07744579]
[0.07732366]
[0.07726491]
[0.07721933]
[0.0771751]
[0.07707159]
[0.07706647]
[0.07703961]
[0.07677271]
[0.0767719]
[0.07673198]
[0.07670312]
[0.0765947]
[0.07656281]
[0.07641315]
[0.07639492]
[0.07635453]
[0.07621239]
[0.07609085]
[0.07601866]
[0.07592234]
[0.07545239]
[0.07540751]
[0.07534009]
[0.07529771]
[0.07527949]
[0.07518643]
[0.0750223]
[0.07492867]
[0.07477884]
[0.07468085]
[0.07466885]
[0.07459315]
[0.07446607]
[0.0744381]
[0.07442341]
[0.07418631]
[0.07417233]
[0.07410359]
[0.07402351]
[0.07396418]
[0.07389488]
[0.0738919]
[0.07379115]
[0.07375778]
[0.07367083]
[0.07363846]
[0.07357152]
[0.07353745]
[0.07353157]
[0.07342481]
[0.07331838]
[0.07329018]
[0.07326088]
[0.07322831]
[0.07309642]
[0.07297058]
[0.07290422]
[0.07266335]
[0.07249612]
[0.07240006]
[0.07228284]
[0.07222971]
[0.0720992]
[0.07201165]
[0.07195973]
[0.07192622]
[0.07186696]
[0.07183377]
[0.07173158]
[0.07167692]
[0.0715352]
[0.07132854]
[0.0712443]
[0.07117112]
[0.07116191]
[0.07106464]
[0.07100844]
[0.07100331]
[0.07094692]
[0.07087092]
[0.07079978]
[0.07063833]
[0.07061023]
[0.07044115]
[0.0704321]
[0.07038242]
[0.0703269]
[0.07021055]
[0.07010457]
[0.07006342]
