0.7534534
0.6038839
0.59992284
0.5475395
0.5193748
0.5109749
0.49733925
0.49651423
0.49594054
0.46967986
0.46947014
0.46578914
0.46547204
0.45985687
0.44555736
0.44555736
0.44497097
0.440724
0.4400355
0.4376273
0.43692338
0.43601647
0.43534735
0.43404627
0.4329799
0.4286243
0.42739666
0.42637005
0.42477733
0.42031714
0.4179338
0.41333655
0.40834212
0.4039829
0.40310428
0.40243995
0.39768884
0.39718935
0.3944411
0.39203346
0.39083657
0.3904626
0.38952816
0.3883537
0.38496354
0.38492626
0.38392296
0.38293794
0.38257244
0.3825013
0.38150707
0.3800549
0.3765319
0.37371835
0.37224248
0.36712912
0.36699063
0.36174572
0.3615147
0.35972634
0.35907468
0.35630998
0.35629845
0.35447317
0.3539654
0.35388002
0.351158
0.35096797
0.34922284
0.34917867
0.3489183
0.34885848
0.34676585
0.3460205
0.34575272
0.3445685
0.344188
0.34375066
0.3433126
0.3433126
0.34294474
0.34280133
0.34111032
0.3410529
0.340909
0.34084415
0.33970085
0.33909687
0.33897623
0.3386172
0.3382872
0.33780843
0.33739212
0.33739212
0.33612645
0.33606017
0.33513665
0.33340326
0.33301562
0.33148876
0.33128342
0.33126944
0.3300683
0.3295058
0.32877365
0.32829916
0.32811058
0.3273338
0.32647896
0.32568166
0.325353
0.32498294
0.3229089
0.3229089
0.3229082
0.32272828
0.322707
0.32227653
0.32219866
0.32149085
0.3205393
0.32013577
0.31909892
0.3190922
0.31793594
0.31715605
0.31697333
0.3168999
0.31665176
0.3164889
0.31590766
0.31534174
0.31526378
0.31524655
0.3152242
0.31515518
0.3149061
0.31449595
0.3139417
0.31373146
0.3124179
0.31230137
0.3116011
0.31109214
0.31096113
0.3108941
0.31085795
0.31040376
0.30991608
0.30991432
0.30919808
0.30873644
0.3086541
0.30820784
0.30772358
0.3077092
0.30751222
0.30715433
0.30700436
0.30692795
0.3059323
0.30514127
0.30405515
0.3032696
0.30295378
0.3028848
0.30257508
0.30204317
0.30192116
0.30172512
0.30168086
0.30157214
0.3012892
0.3006798
0.30026
0.3002113
0.29920837
0.2991213
0.29899982
0.29895183
0.29858997
0.29838896
0.29835308
0.29794455
0.2979122
0.2977438
0.2976765
0.29761225
0.29748812
0.29730326
0.29727253
0.2971294
0.29644135
0.29642218
0.29633093
0.29627907
0.29623842
0.29601526
0.29597855
0.29570657
0.29505825
0.29491282
0.29460335
0.2944389
0.29414415
0.29386082
0.29382247
0.29364103
0.29351005
0.29340762
0.29317704
0.29225603
0.29194224
0.29193938
0.29153287
0.29115435
0.2909632
0.29094097
0.29075354
0.29040557
0.29033172
0.2899268
0.28967127
0.28907567
0.28846774
0.28839114
0.28813875
0.28791505
0.28791353
0.28754947
0.2874083
0.28732485
0.2870305
0.28691986
0.2865009
0.2862902
0.28606164
0.28598154
0.28586656
0.2857166
0.28548086
0.28533503
0.2849944
0.284917
0.28425083
0.28419688
0.28389403
0.28388363
0.28364578
0.28243008
0.28223383
0.2817623
0.2817623
0.28158402
0.281524
0.2813984
0.28139836
0.28126672
0.28123337
0.28090212
0.28086966
0.28063798
0.28054497
0.28054053
0.2805321
0.2804867
0.2804028
0.280156
0.28009543
0.27951965
0.27894527
0.27872366
0.27856377
0.2784693
0.27842072
0.27828068
0.27824548
0.278104
0.2775953
0.2773361
0.27677146
0.27663353
0.27590933
0.27574968
0.27573073
0.27565402
0.27549854
0.27534348
0.27528113
0.2751505
0.27466106
0.27437007
0.27429608
0.27423316
0.27422944
0.27418596
0.274015
0.27400997
0.27354276
0.2735207
0.27312034
0.2730432
0.27274767
0.2725306
0.27229446
0.27211612
0.27209446
0.27205703
0.27153262
0.2714437
0.2714235
0.2712717
0.27119857
0.27085707
0.27071956
0.27070937
0.27055687
0.27055687
0.2703699
0.27026016
0.27020285
0.27009606
0.27000874
0.2698344
0.26978233
0.2695226
0.26946285
0.26917946
0.26903462
0.26893663
0.26871854
0.2686795
0.26860926
0.2684151
0.26830617
0.2680229
0.2677559
0.26766896
0.26752895
0.26727644
0.26695368
0.26693228
0.2668982
0.26688924
0.26688924
0.266844
0.26684183
0.26674908
0.26652277
0.26639953
0.26636726
0.26623827
0.26601824
0.26569274
0.26509678
0.26490277
0.26487866
0.26478115
0.2647316
0.2643544
0.2640273
0.2637204
0.263704
0.26341036
0.26280585
0.26159784
0.26153892
0.26151234
0.26098153
0.26096317
0.26074955
0.26074955
0.2606444
0.26047766
0.26012772
0.26010248
0.26007858
0.2599252
0.2598256
0.2591438
0.25905085
0.2589042
0.2587676
0.25868332
0.25841054
0.2583711
0.2583376
0.25826767
0.25796735
0.25796008
0.25791386
0.25789824
0.25781667
0.2575868
0.2575116
0.25731194
0.2572601
0.25703388
0.25673884
0.25661373
0.25651535
0.25650918
0.256422
0.25638306
0.25621223
0.25607407
0.25598252
0.25597757
0.25580782
0.25562048
0.25549465
0.2554912
0.25523484
0.25512627
0.25487757
0.2548488
0.2547684
0.25475532
0.25470844
0.25414318
0.25410846
0.25408733
0.2540553
0.25400594
0.25355053
0.25325695
0.25317442
0.25308704
0.25304452
0.25287482
0.25265604
0.25259715
0.2520317
0.25202495
0.25190708
0.25169954
0.25158778
0.2515228
0.2513448
0.25120467
0.25072524
0.2506382
0.25055614
0.25052643
0.25043944
0.25042796
0.25041303
0.25027466
0.2501525
0.25001258
0.2498518
0.24970801
0.24967682
0.24960408
0.24960212
0.24960212
0.24959749
0.24952309
0.2494318
0.24934714
0.24879001
0.2484746
0.24846843
0.24837169
0.24833903
0.24826114
0.248098
0.24795021
0.24769513
0.24768198
0.24766281
0.24761976
0.24745609
0.24739079
0.24726519
0.2471519
0.24702333
0.2469477
0.24691035
0.24647404
0.24643248
0.24638815
0.24636836
0.24635059
0.24632871
0.24621688
0.2460836
0.24599507
0.24585263
0.24576712
0.24573395
0.24568081
0.24557729
0.24534805
0.24521004
0.24506278
0.24492833
0.24489234
0.24475586
0.24452807
0.24452722
0.2444375
0.24401656
0.2439424
0.24364936
0.2432405
0.24307021
0.24302422
0.24291418
0.2427941
0.24273972
0.24271679
0.2426142
0.24256141
0.24227491
0.24220803
0.24199638
0.24198657
0.24168405
0.24166366
0.24149641
0.24149641
0.24140294
0.24137512
0.24111606
0.24111606
0.24104054
0.24101411
0.24088356
0.24086726
0.24074043
0.24069749
0.240525
0.24020307
0.24001597
0.23985766
0.2396544
0.2395757
0.23927417
0.23925813
0.2392041
0.23910479
0.23896034
0.23879868
0.23874564
0.23870425
0.23827888
0.2379596
0.23783435
0.23778042
0.23764813
0.23754853
0.2375023
0.23743413
0.23741454
0.23739772
0.23725495
0.23720452
0.23715962
0.23715387
0.2371131
0.2369413
0.23686302
0.23686035
0.23685564
0.23666947
0.23665895
0.23646799
0.23638208
0.23619992
0.23603937
0.23598349
0.23568736
0.23566662
0.23563342
0.2355936
0.23558593
0.2355481
0.23546092
0.23516576
0.23508158
0.23498912
0.2349024
0.23486297
0.23482591
0.2347181
0.23449388
0.23424883
0.23409231
0.23406217
0.23391765
0.23381047
0.23375218
0.23374233
0.23365596
0.23365521
0.23342317
0.23336305
0.23328857
0.2331971
0.23308034
0.23285536
0.23273724
0.23273678
0.2325424
0.23249844
0.23222464
0.23219374
0.23193397
0.23182505
0.23170118
0.231382
0.23133087
0.2313148
0.2312411
0.23123142
0.23122637
0.23106012
0.23097037
0.23090719
0.23081313
0.23074096
0.2305313
0.23047936
0.23045246
0.23042291
0.2303786
0.2302843
0.23014754
0.23011124
0.23004673
0.2299997
0.22983788
0.22970164
0.22952746
0.22951485
0.22951324
0.22946858
0.22944866
0.22939841
0.22939841
0.22935034
0.22934966
0.22929277
0.22928068
0.22921635
0.2291736
0.22903289
0.22903289
0.22902824
0.22891758
0.22881837
0.22862877
0.22851227
0.22844201
0.22841015
0.2282268
0.22819473
0.22802268
0.22788431
0.2278035
0.22768773
0.22746049
0.22745635
0.22740602
0.22735903
0.2273159
0.22730757
0.22730458
0.22721207
0.22689302
0.22679304
0.22677891
0.22677504
0.22677504
0.22663456
0.22646628
0.226445
0.22641821
0.22640884
0.2262839
0.22617951
0.22610861
0.22608659
0.22606309
0.22598307
0.22598307
0.22589974
0.22587149
0.22582105
0.22565012
0.22565012
0.2256424
0.22557919
0.22546296
0.2252662
0.22518304
0.22512443
0.22497652
0.22495097
0.22492407
0.22478612
0.22475283
0.22471735
0.22464435
0.2244
0.22423992
0.22403237
0.22388501
0.22384448
0.22369726
0.2235981
0.22359599
0.2235459
0.223462
0.2233491
0.22332822
0.22332822
0.2233135
0.22318833
0.22314122
0.22300386
0.22298561
0.22296683
0.2229098
0.22284979
0.22276151
0.22257029
0.22250019
0.22238082
0.22235155
0.22234677
0.22231522
0.22224313
0.22211881
0.22204837
0.22201872
0.22188252
0.22187163
0.22181353
0.22174317
0.22155358
0.22154512
0.2215438
0.22148645
0.22120765
0.22114643
0.22111556
0.22111556
0.22091673
0.22079365
0.22072682
0.2206697
0.22056654
0.2205562
0.22050843
0.22045453
0.22039664
0.22034904
0.22023977
0.22018315
0.22016512
0.22007164
0.22004426
0.22001374
0.21995759
0.21985751
0.2198574
0.21982227
0.2197002
0.21967882
0.21961308
0.21956916
0.21954745
0.21947637
0.2194562
0.21943912
0.21936718
0.2192939
0.2192483
0.21919364
0.21918789
0.21910302
0.21910302
0.21907629
0.21903275
0.21897666
0.21895698
0.2189408
0.21887307
0.2188089
0.21878077
0.21870743
0.21862054
0.21855046
0.21853375
0.21846145
0.21843179
0.2183664
0.21826544
0.21825218
0.21810353
0.21796066
0.21796066
0.21796066
0.21790197
0.21787144
0.21784759
0.21779086
0.2177399
0.21773678
0.21769214
0.21760067
0.21759641
0.21753082
0.21749085
0.2174319
0.21742003
0.21736972
0.21736845
0.21729821
0.21720684
0.21720684
0.21709931
0.2170513
0.21700245
0.21698444
0.21689449
0.21688175
0.21667343
0.21635893
0.21635275
0.21632311
0.2162991
0.21619098
0.2161613
0.21614616
0.21610636
0.21606763
0.21603438
0.21603358
0.21600145
0.21595527
0.21574186
0.21566133
0.21565878
0.21553749
0.21525823
0.21524939
0.21524939
0.2151832
0.2151832
0.21517108
0.21516913
0.21515848
0.21495715
0.2148591
0.21484968
0.2148315
0.21478288
0.21473621
0.21459343
0.21457292
0.21451695
0.21447776
0.21446009
0.2144513
0.21440299
0.21439172
0.21439172
0.21432534
0.21428145
0.21407415
0.21407415
0.21405193
0.21398523
0.21393852
0.2138783
0.21386288
0.21382435
0.21351473
0.21343933
0.21342087
0.21340623
0.21331291
0.21327898
0.21327747
0.21325962
0.2132258
0.21316892
0.2131422
0.21308519
0.213035
0.213007
0.21298367
0.21292302
0.21281207
0.2127528
0.21274439
0.2126781
0.21265891
0.21247633
0.21246186
0.21239477
0.21233828
0.21209171
0.21198809
0.21198809
0.21185896
0.21180786
0.21177882
0.21174239
0.21174239
0.21171474
0.21162994
0.21158406
0.21156591
0.21155366
0.21152274
0.21150039
0.21149275
0.21142718
0.21140534
0.21135323
0.21123388
0.21120338
0.21120338
0.21113382
0.21111004
0.21107486
0.21103063
0.21097729
0.21096058
0.21087153
0.210779
0.21061033
0.21054739
0.21051165
0.21048698
0.21043882
0.2104171
0.21035936
0.21034765
0.21031776
0.21031488
0.21026103
0.2102516
0.21022812
0.21019289
0.2101736
0.2101551
0.21011916
0.21007818
0.21003336
0.2100287
0.21002099
0.2099377
0.2099321
0.20985588
0.209853
0.20983002
0.20967422
0.20966056
0.20963053
0.20944987
0.20941469
0.20939629
0.20933993
0.20933266
0.2092646
0.20925227
0.20922753
0.20919539
0.20918262
0.20917906
0.20906101
0.20902075
0.20899773
0.20893142
0.20888239
0.20886782
0.20881525
0.20880261
0.20875418
0.20870163
0.20852782
0.20851669
0.20851669
0.20846972
0.20845672
0.20841825
0.20836705
0.20833242
0.20831701
0.20816994
0.20806359
0.20798433
0.20783487
0.20773444
0.20764674
0.20761034
0.20759329
0.20745178
0.20742871
0.20737526
0.20736739
0.20716435
0.20715739
0.20711146
0.20698568
0.20697711
0.2067623
0.20675884
0.20673989
0.20672095
0.2066742
0.2066688
0.20662905
0.20654917
0.20653069
0.20641829
0.20641679
0.20640019
0.20633502
0.20628452
0.20625624
0.20624924
0.20618567
0.20618433
0.20614797
0.20612155
0.20602798
0.20598623
0.20597632
0.20597452
0.2059514
0.20592575
0.20590274
0.20589331
0.20589331
0.20584607
0.20571923
0.20565914
0.20556347
0.20555663
0.20547953
0.20545375
0.20540664
0.20528057
0.20525043
0.20520672
0.20517012
0.20509948
0.2050839
0.20504978
0.20496748
0.20479432
0.20476988
0.20474537
0.20462964
0.20461431
0.20455505
0.20450048
0.2044756
0.20437144
0.20434657
0.20429422
0.20429027
0.2042193
0.20418434
0.20415659
0.20397922
0.20388414
0.20388344
0.20380628
0.20380628
0.20378019
0.20375508
0.20372595
0.20368202
0.20367758
0.20367299
0.20354609
0.20347993
0.20347562
0.20344526
0.20344526
0.20341443
0.2033839
0.20336008
0.20335335
0.20326634
0.20315811
0.20304762
0.20300384
0.20296896
0.20293891
0.20291744
0.20289566
0.20285876
0.20285383
0.20285375
0.20285375
0.20283702
0.20282352
0.20275036
0.20275036
0.2026625
0.20264457
0.20261508
0.20252328
0.20245074
0.2024437
0.20227195
0.20216767
0.2020318
0.2019798
0.20193899
0.20186934
0.20185378
0.20183715
0.20183691
0.20177457
0.20174797
0.20169543
0.2016928
0.20163754
0.20157689
0.20150438
0.20143938
0.20142147
0.20136344
0.20131521
0.20120966
0.20120952
0.2011992
0.20111983
0.20104244
0.2010421
0.2010371
0.2010353
0.20098625
0.20098032
0.20095728
0.20095412
0.20093961
0.20093271
0.2008862
0.2007538
0.2006581
0.2005783
0.20052226
0.20048343
0.20048343
0.20046766
0.20040703
0.20035602
0.2002755
0.20027183
0.20027183
0.20025861
0.20022896
0.20012452
0.20008142
0.20005953
0.20003636
0.20002587
0.1999743
0.1999743
0.19985497
0.1998255
0.19981226
0.19969733
0.19965827
0.1994315
0.19942856
0.19942605
0.19938707
0.19920322
0.19919913
0.19917299
0.19909479
0.19906077
0.19905217
0.1990141
0.19900538
0.19898346
0.19898106
0.19897863
0.19893962
0.19889288
0.19887123
0.19886914
0.19881862
0.19881862
0.19874044
0.19864614
0.19864614
0.19864224
0.19861037
0.19851945
0.1985155
0.19842754
0.19842622
0.19839989
0.1983508
0.19828893
0.19828893
0.19823907
0.19814117
0.19809283
0.19802782
0.19802146
0.19799428
0.19787307
0.19785541
0.19779006
0.19775808
0.19775371
0.19772342
0.19769503
0.1976515
0.19763538
0.1976273
0.19753687
0.1975262
0.19752154
0.19745769
0.19742292
0.1974002
0.19732125
0.19729789
0.19721705
0.19720939
0.19713353
0.19713353
0.1970718
0.19701964
0.19693896
0.19690649
0.19689299
0.19667454
0.19667244
0.19667244
0.19664374
0.19657645
0.19657157
0.19645081
0.19644031
0.19635764
0.19628192
0.1962729
0.1962246
0.19617572
0.1961643
0.1961567
0.19610325
0.19610325
0.1960688
0.19606265
0.19598126
0.19595568
0.19590363
0.19581074
0.1956949
0.1956022
0.19545068
0.19543876
0.19539636
0.19535555
0.19533898
0.19530979
0.19508061
0.19507948
0.19507948
0.19507948
0.19499362
0.19497712
0.19497712
0.19479664
0.19475272
0.19473511
0.19458903
0.19456442
0.19437554
0.19436017
0.19434497
0.1943406
0.1943315
0.1943126
0.19430162
0.19416493
0.19416013
0.19409852
0.19407901
0.19406767
0.19401138
0.19401138
0.19399124
0.19398428
0.19396399
0.19394656
0.19394487
0.1939397
0.1938336
0.19381952
0.19379948
0.19378737
0.19375321
0.19374748
0.19374748
0.19373108
0.19366907
0.19361489
0.19360656
0.19360656
0.19354013
0.19351389
0.19345622
0.19345622
0.19335586
0.19327909
0.19325732
0.1931425
0.19311
0.19310224
0.19308908
0.19307981
0.19303924
0.19301262
0.19299617
0.1929777
0.19297579
0.19297174
0.1929628
0.1929628
0.19291185
0.1928459
0.19282822
0.19278957
0.19273344
0.19265944
0.19265395
0.19256559
0.19255514
0.19254518
0.1925443
0.1925418
0.1925139
0.19236308
0.19230677
0.19229876
0.19229361
0.1922901
0.19225556
0.19225411
0.19224681
0.19222441
0.19219218
0.19218442
0.19213277
0.19206965
0.19202302
0.19198526
0.19198519
0.19198479
0.19187377
0.19181153
0.19180128
0.19177894
0.1917728
0.19175358
0.1917358
0.19171852
0.19167176
0.19167057
0.1915611
0.19155958
0.19149517
0.19147058
0.19144411
0.19143184
0.19142334
0.19142216
0.19140966
0.1913873
0.19138415
0.1913807
0.1913807
0.19135246
0.19134165
0.19125025
0.1912288
0.1912288
0.19122534
0.19120505
0.19115971
0.19111757
0.19111179
0.19110821
0.19104482
0.1909681
0.19090676
0.1909007
0.1908656
0.19083972
0.1908347
0.19082661
0.19075832
0.19065762
0.19065455
0.19063891
0.1906351
0.1905566
0.19053851
0.19047381
0.1903415
0.19032857
0.1903271
0.1902051
0.19013809
0.19010648
0.19009075
0.19003998
0.18993118
0.18989582
0.18977563
0.18975185
0.18972883
0.18964641
0.18963882
0.18955398
0.1895482
0.1894927
0.1894882
0.18926099
0.18925346
0.1892238
0.18921947
0.18916596
0.18915547
0.1891286
0.18891019
0.18878774
0.18877992
0.18868235
0.18864529
0.18864453
0.18861383
0.18857816
0.18842255
0.18839866
0.18839566
0.18839107
0.1883823
0.18837953
0.1883758
0.18833624
0.18819983
0.18817191
0.18809241
0.18809082
0.18808688
0.18797064
0.18794972
0.18794651
0.18791047
0.18786459
0.18784179
0.18777597
0.18772505
0.18770686
0.18768677
0.18759523
0.18758379
0.18751426
0.18746726
0.18744452
0.1872825
0.18721919
0.18719377
0.18718593
0.18718457
0.18717012
0.1871151
0.18708956
0.18704748
0.18703704
0.1870267
0.18698806
0.18698432
0.18695746
0.18689868
0.1868608
0.18684798
0.18684065
0.18680534
0.18672831
0.1867276
0.18667956
0.18667695
0.1866607
0.18663564
0.18662946
0.18658781
0.18651085
0.1864686
0.18635449
0.18630266
0.1862704
0.1862604
0.18624727
0.18623583
0.18620707
0.18617027
0.18613935
0.18608162
0.18605766
0.18604921
0.18597488
0.1859705
0.18589894
0.18589371
0.18588625
0.18584955
0.18582667
0.18576969
0.18572243
0.18569815
0.18569264
0.18564427
0.18559587
0.18558937
0.18558322
0.1855416
0.1855416
0.1855416
0.18553105
0.18548493
0.1854411
0.1854411
0.18544039
0.18527082
0.18518849
0.18514134
0.18513526
0.18512544
0.18511166
0.18500476
0.18493575
0.18493575
0.18493575
0.18491735
0.18491456
0.18491164
0.18488081
0.18477175
0.18476783
0.18474539
0.18474184
0.18473163
0.18469235
0.18468127
0.18464448
0.18460897
0.18452942
0.18451451
0.18447217
0.18442182
0.18439373
0.18430483
0.18429641
0.18420982
0.18419161
0.18414688
0.18414387
0.18413542
0.18407264
0.18405034
0.18403012
0.18401003
0.1839345
0.18392742
0.18374641
0.18372323
0.18369663
0.18355818
0.1835564
0.18342033
0.18334204
0.18332408
0.18328345
0.18325604
0.18323122
0.18323122
0.18320507
0.18319479
0.18316229
0.18315962
0.18315808
0.18312994
0.18310376
0.18305466
0.1830502
0.18302946
0.18301538
0.18296301
0.18295082
0.1828463
0.18283108
0.18280715
0.18280414
0.18280414
0.1827234
0.18267667
0.18265833
0.18258947
0.18253113
0.18249263
0.1824876
0.18242376
0.18241473
0.18239349
0.18235894
0.18228585
0.18227391
0.18216042
0.18215911
0.1821131
0.1820594
0.18205132
0.18205099
0.18201894
0.1820044
0.18200225
0.1819953
0.18195735
0.18191732
0.1819047
0.1818899
0.18186
0.18182988
0.18174137
0.18169282
0.18164895
0.18163155
0.18160512
0.18156762
0.18146975
0.181417
0.1814091
0.1814036
0.18138938
0.18135147
0.18127042
0.18126129
0.18126129
0.18114576
0.18114576
0.18110514
0.18110247
0.18108399
0.1810538
0.1810445
0.1810175
0.18100795
0.18098497
0.18096936
0.18096703
0.18096703
0.18094379
0.18085574
0.18080859
0.1807587
0.18074104
0.180721
0.18067709
0.18066943
0.18066545
0.18066368
0.18063435
0.18061103
0.18060087
0.18058947
0.18058774
0.18057634
0.18052226
0.18050492
0.18047568
0.1804729
0.1804088
0.18038793
0.18038377
0.18036501
0.18033276
0.18033111
0.18027988
0.18027766
0.18025447
0.18023527
0.18022594
0.1802092
0.18018949
0.18018878
0.18017666
0.18013969
0.18010463
0.18010463
0.18001127
0.18000114
0.1799745
0.17992131
0.17991962
0.17989728
0.17989728
0.17989612
0.17989612
0.17989291
0.17985047
0.179828
0.1797761
0.1797761
0.1797761
0.17970474
0.17970008
0.17969961
0.17969546
0.1796837
0.1796623
0.17964043
0.17960082
0.17956413
0.17948213
0.17947069
0.17946458
0.17943871
0.17942072
0.17936279
0.17930786
0.17922413
0.17919646
0.17919092
0.17916729
0.17914332
0.17912318
0.17911957
0.17905858
0.17901894
0.17901067
0.17900439
0.17896476
0.17896108
0.17895785
0.17895305
0.17889133
0.17888005
0.1788795
0.17883442
0.17881906
0.17881481
0.17878473
0.17877415
0.17877415
0.178738
0.17873517
0.17872831
0.17871809
0.17867458
0.17866091
0.17865941
0.17863691
0.17859963
0.1785728
0.1785572
0.1785572
0.17855619
0.17854181
0.17852423
0.17851257
0.17850836
0.17849
0.17848521
0.17847164
0.17843619
0.17841649
0.17839594
0.17837906
0.17836422
0.17832956
0.1783087
0.17827931
0.17825326
0.17824538
0.1782425
0.17823759
0.1781891
0.17817405
0.17815965
0.17811012
0.17809764
0.17806274
0.177968
0.17791554
0.17790724
0.1778777
0.1778525
0.17783408
0.17782928
0.17778379
0.17776915
0.17770848
0.17770198
0.17769782
0.17769596
0.17764223
0.17761561
0.17753206
0.17753206
0.17752962
0.17752962
0.17740242
0.1773875
0.17726429
0.17726165
0.17722261
0.17718059
0.1771766
0.17715451
0.17712575
0.17709617
0.17709064
0.17698477
0.17693855
0.17692769
0.17688166
0.1768197
0.17680676
0.17678857
0.17677031
0.17676911
0.17671801
0.17669304
0.17667544
0.1766405
0.17663394
0.17663394
0.17663169
0.17662673
0.17662673
0.17655803
0.17655803
0.17654479
0.17644748
0.17644192
0.17643566
0.17641407
0.17635818
0.17633249
0.17632072
0.17632072
0.17623931
0.17623931
0.17623769
0.17622045
0.1761821
0.17617768
0.17610966
0.17610571
0.17610408
0.1761024
0.17605998
0.17603779
0.17603654
0.17603315
0.17596442
0.17589773
0.17589542
0.17586936
0.17583378
0.17578043
0.17576282
0.17576282
0.1757403
0.17567341
0.17562732
0.17554794
0.17553055
0.17552027
0.17552027
0.17551878
0.1754768
0.1754661
0.17546424
0.17542176
0.17540286
0.17540286
0.17539796
0.17535092
0.17533167
0.17532136
0.17531167
0.17527676
0.17519283
0.17518276
0.17515877
0.17513612
0.17501976
0.17500286
0.17498489
0.17494644
0.17482881
0.17482805
0.17482696
0.17482549
0.17477609
0.17476436
0.17473242
0.1747272
0.17463236
0.17461543
0.17459443
0.17456646
0.17456083
0.17455685
0.17454228
0.17452216
0.17443609
0.174421
0.1743231
0.17429926
0.17429765
0.17429544
0.17425722
0.17423455
0.17420281
0.17418168
0.17410879
0.17408322
0.17407493
0.1740551
0.17397358
0.1739449
0.17393583
0.17385757
0.17383093
0.17377444
0.17376068
0.1737206
0.17368107
0.1736255
0.17362179
0.17360896
0.17359367
0.17359309
0.17353475
0.17352149
0.17348059
0.17342603
0.17341985
0.17341073
0.17340386
0.17331496
0.17331068
0.17331015
0.1733074
0.17328103
0.17328028
0.1732798
0.17327967
0.17321888
0.17320359
0.17314951
0.17310153
0.17305979
0.17303069
0.17298791
0.17294358
0.17292413
0.17290777
0.17286515
0.17284851
0.17284398
0.1727932
0.17277694
0.17277
0.17276056
0.17273265
0.17267017
0.17264839
0.17263636
0.17263006
0.17258076
0.17235196
0.17235114
0.17230149
0.17230149
0.17227684
0.17227386
0.17226748
0.17226379
0.17224582
0.17224582
0.17224424
0.17221385
0.17218986
0.1721745
0.17217405
0.17216434
0.17208712
0.17199802
0.1719785
0.17197233
0.17195027
0.17193505
0.17188676
0.17183375
0.17180489
0.17176442
0.17176038
0.17175137
0.17175108
0.17170985
0.17170168
0.17169422
0.1716888
0.17168555
0.1716792
0.17163384
0.17162605
0.1715769
0.17153421
0.1715314
0.17145637
0.1713937
0.17138281
0.17137644
0.1713557
0.1713557
0.17135301
0.17135301
0.17135301
0.17134537
0.17132732
0.17130469
0.1713038
0.17125145
0.17124514
0.17120844
0.171038
0.17099358
0.17097142
0.17095508
0.17092246
0.17087753
0.17086247
0.17082508
0.17080241
0.17079686
0.17067343
0.17063186
0.17063119
0.17061272
0.17060055
0.17055394
0.17052452
0.17046006
0.1703778
0.1703123
0.17030665
0.1702671
0.17019604
0.1701451
0.17010596
0.17010535
0.17006099
0.17005412
0.17004599
0.17003
0.1700179
0.17000218
0.16994765
0.16992994
0.16992831
0.16987512
0.1698218
0.16977791
0.16976804
0.16976118
0.16971567
0.1696323
0.16961855
0.16961212
0.16960017
0.1695983
0.16957536
0.16954981
0.16954981
0.16951111
0.16950609
0.16950104
0.1694973
0.16945782
0.16941471
0.16940817
0.16937657
0.16935362
0.16930534
0.16929507
0.16929044
0.16928019
0.16926265
0.16925545
0.1692135
0.16918036
0.16916618
0.16915037
0.16908512
0.1690847
0.16907838
0.16904227
0.16904227
0.16904227
0.16902158
0.168998
0.16898899
0.16898789
0.16897094
0.16891934
0.1689089
0.16881125
0.16881125
0.16879652
0.16879453
0.1687622
0.16875686
0.16875613
0.16875613
0.16871774
0.16871104
0.16869767
0.1686872
0.16860935
0.16859993
0.16859499
0.16855548
0.16840951
0.16840951
0.16838121
0.16835174
0.16832846
0.16827558
0.1682692
0.16826086
0.16822028
0.16818185
0.16816843
0.16815262
0.16813995
0.16809791
0.16806114
0.16803929
0.16803749
0.16795608
0.16795538
0.167909
0.16789149
0.16787332
0.16786253
0.16784346
0.16783403
0.16781922
0.16781278
0.16775367
0.16772613
0.16770929
0.16770929
0.16770262
0.16768952
0.16751623
0.16731566
0.16729099
0.16726144
0.16723852
0.16717541
0.16716681
0.16714945
0.16711657
0.16709696
0.1670797
0.16702019
0.16701192
0.16698831
0.1669767
0.16690774
0.16690344
0.16687088
0.166865
0.16686411
0.166837
0.16680115
0.16677015
0.16676079
0.16673966
0.16672625
0.16670027
0.16668561
0.16666852
0.16666283
0.1666269
0.16662222
0.16658324
0.1665453
0.16654399
0.16649649
0.1664827
0.16647351
0.16646643
0.16645305
0.16644515
0.16640712
0.16639297
0.1663417
0.16632812
0.16628912
0.16628282
0.16627312
0.16626418
0.16619857
0.1661646
0.16610985
0.16610706
0.16608216
0.16604623
0.16596381
0.16594028
0.16592927
0.16591813
0.16588658
0.16588321
0.16587873
0.16583025
0.1658245
0.16576692
0.16569924
0.16567339
0.16566399
0.16566214
0.16560261
0.16560155
0.1656015
0.16552828
0.16546626
0.16542669
0.16536847
0.16535538
0.16534889
0.16530572
0.16528973
0.16527013
0.16521034
0.1651797
0.1651319
0.16498394
0.16495691
0.1649433
0.16492723
0.16489246
0.16489232
0.16487299
0.16487116
0.16482966
0.16481882
0.16479774
0.16477545
0.16477446
0.1647621
0.1647541
0.16475262
0.1647364
0.16465041
0.16464195
0.16457075
0.16451666
0.16446391
0.16445744
0.16441044
0.1643986
0.16437273
0.16433257
0.16428563
0.16428423
0.16425647
0.16422822
0.1642169
0.1641357
0.16410446
0.1640423
0.16397966
0.16390862
0.1639025
0.16378956
0.16375344
0.16374369
0.16373761
0.16362008
0.16361333
0.16361117
0.16359966
0.16355425
0.16354665
0.1635006
0.16348036
0.16346644
0.16342115
0.16340764
0.1633607
0.16334324
0.16325444
0.16318615
0.16317342
0.16316287
0.16307844
0.16305763
0.16302595
0.16299614
0.16298863
0.16298182
0.1629483
0.1629452
0.16293636
0.16292875
0.1628827
0.16286175
0.16283162
0.16282521
0.16279271
0.16272035
0.16265371
0.1626419
0.16255227
0.16250356
0.16242975
0.16240436
0.1623541
0.16234905
0.16230407
0.16229634
0.16227539
0.16227213
0.1622696
0.16224557
0.16223338
0.16222373
0.16221446
0.16220143
0.16215175
0.16208412
0.16206917
0.16204333
0.16203983
0.16201502
0.16201478
0.16201478
0.16201478
0.16199756
0.16196428
0.16192181
0.16185772
0.1618526
0.16177513
0.16173853
0.16173539
0.16168456
0.16163532
0.16162892
0.16161688
0.16160446
0.16160378
0.16157342
0.16154085
0.16152059
0.16150916
0.1614916
0.16148698
0.16144395
0.16139351
0.16137277
0.16134907
0.16132702
0.1612946
0.1612028
0.16118693
0.1611763
0.16117398
0.16116737
0.1611506
0.16109148
0.16106911
0.16103129
0.16101329
0.16101272
0.16097568
0.16095729
0.16094194
0.16091904
0.16089271
0.16087173
0.1608493
0.16082934
0.16079128
0.16077346
0.16076474
0.16074663
0.1607454
0.1607454
0.16071369
0.16066088
0.16065685
0.16064197
0.16064072
0.16063537
0.160606
0.16052017
0.16051209
0.16050272
0.1604971
0.16048557
0.16047904
0.16042411
0.16039693
0.16031776
0.16028471
0.16024332
0.16022593
0.16016935
0.16016711
0.16011362
0.16004261
0.16003342
0.1599844
0.15995426
0.15994793
0.15991355
0.15991057
0.15989687
0.15987797
0.1598698
0.1598688
0.15986632
0.1598368
0.1597903
0.15978874
0.15977725
0.1597583
0.1597583
0.15973558
0.15973097
0.1597279
0.15966651
0.1596638
0.15963276
0.15958089
0.15955855
0.15954952
0.15953907
0.15951583
0.1594985
0.15949652
0.15948921
0.15948921
0.1594491
0.15942869
0.15939836
0.15938504
0.15937845
0.15935796
0.15924741
0.15920909
0.15917024
0.1590954
0.15907952
0.15903206
0.1590139
0.15900221
0.15886264
0.15884307
0.15879825
0.15878433
0.15878329
0.15875873
0.15875064
0.15870523
0.15870194
0.15869637
0.15867895
0.15862307
0.15859742
0.15858075
0.15856065
0.15850544
0.1584992
0.15849678
0.15843679
0.15839979
0.15838285
0.15833652
0.15832774
0.15830417
0.15830296
0.15828729
0.15826753
0.15825409
0.15825409
0.15814379
0.15813127
0.15810335
0.15810312
0.15806854
0.1580632
0.1580403
0.15803917
0.1580142
0.15800053
0.15798521
0.15796742
0.15795958
0.15795821
0.15794826
0.15789391
0.15782051
0.15777561
0.15776467
0.15771246
0.15769924
0.15767011
0.15766358
0.15761068
0.15759109
0.15753166
0.15751635
0.157505
0.15738223
0.1573795
0.15735227
0.15731813
0.15731345
0.15731107
0.15730141
0.1572483
0.15721966
0.15721126
0.15720488
0.1571888
0.15715908
0.15715328
0.15709066
0.15708697
0.15707245
0.15704909
0.15700118
0.15699439
0.15698633
0.15694976
0.15689276
0.15688048
0.15682575
0.15680832
0.15670419
0.15670419
0.15670359
0.15665722
0.15663266
0.15662348
0.15658706
0.15653946
0.156525
0.15652032
0.156502
0.15646656
0.15644725
0.15642937
0.15641716
0.15637457
0.15637146
0.156365
0.15626216
0.1562329
0.15617788
0.15616326
0.15613587
0.1561159
0.15610063
0.15608045
0.15607812
0.15602778
0.1560187
0.15597522
0.15596469
0.1559557
0.15595393
0.1559396
0.15592471
0.1559112
0.15584257
0.15581767
0.15570605
0.15569897
0.15565842
0.1556576
0.15565673
0.15565482
0.15565264
0.15562993
0.15562595
0.15561461
0.15561228
0.15561135
0.15558335
0.15555128
0.15555128
0.15554364
0.15553957
0.15550886
0.15545109
0.15544705
0.15543143
0.15540487
0.15539658
0.15539658
0.15539306
0.15530075
0.15527411
0.15523852
0.15522861
0.1552201
0.15521842
0.15521097
0.15515524
0.15515521
0.15511209
0.15510362
0.15509266
0.15494834
0.15494385
0.15490972
0.15488788
0.15488073
0.15487733
0.1548713
0.15486898
0.15478766
0.15478331
0.15477362
0.15477157
0.15474887
0.15473974
0.15473232
0.15471348
0.15471348
0.1546563
0.15457134
0.15455487
0.15452795
0.154517
0.1544425
0.15440601
0.15440284
0.15435329
0.15434103
0.15432823
0.15432419
0.15425892
0.15419881
0.15419358
0.15419358
0.15416853
0.15416616
0.15413973
0.15407199
0.15406825
0.15404817
0.15403688
0.15403688
0.15403347
0.15401438
0.1539586
0.15392171
0.15391684
0.15390553
0.15389724
0.15389624
0.15378322
0.15375598
0.15375514
0.15373743
0.15370895
0.15370516
0.15369481
0.1536803
0.15367198
0.15366092
0.15361953
0.1535969
0.15355265
0.15355265
0.1535524
0.15351559
0.15351112
0.15344636
0.15338786
0.15338111
0.15337467
0.15336339
0.15322974
0.15322396
0.15319897
0.15318449
0.15314843
0.15314843
0.15312506
0.15312159
0.15308796
0.15307052
0.15305872
0.15304103
0.15300198
0.15299883
0.1529913
0.1529826
0.15298203
0.15289684
0.15289426
0.15284844
0.15284844
0.15284836
0.15284836
0.15283564
0.15283427
0.1528131
0.15278472
0.15270157
0.15268865
0.15268463
0.15268463
0.15267815
0.1526624
0.1526624
0.1526541
0.15262601
0.15260828
0.1525719
0.15254779
0.15252791
0.15247433
0.15244919
0.1524466
0.15239754
0.1523882
0.15237188
0.15236986
0.15231065
0.152292
0.1522706
0.15225697
0.1522354
0.15219817
0.15217417
0.15212546
0.15206869
0.15205087
0.15204687
0.15204225
0.15200111
0.15199524
0.151985
0.15197434
0.1519623
0.15193796
0.1519207
0.15190557
0.151884
0.15187994
0.15183905
0.15181881
0.15179111
0.15178037
0.15178032
0.15167451
0.15167373
0.15166911
0.15164629
0.15160768
0.15160348
0.15158734
0.15155435
0.15150583
0.15146601
0.15144701
0.1514158
0.1514101
0.15139414
0.1513479
0.15127896
0.1512675
0.15123332
0.15121135
0.15120165
0.15118377
0.15109849
0.15107238
0.15104994
0.15103887
0.15100151
0.15093465
0.15092534
0.15091679
0.15089802
0.15083201
0.15076017
0.15075395
0.1507516
0.15074146
0.15072876
0.15068775
0.15065518
0.15059984
0.15059745
0.15058947
0.15054227
0.15053946
0.15053834
0.15048918
0.15047224
0.15047142
0.15041102
0.15038311
0.1503392
0.15031624
0.15025657
0.15025571
0.15024327
0.15020676
0.15013824
0.15012766
0.15007429
0.1500668
0.15004128
0.14995295
0.14988708
0.14986405
0.1498337
0.14982566
0.14979526
0.14978315
0.1497327
0.1497279
0.14971927
0.1497038
0.1496641
0.14962243
0.14962149
0.14959577
0.14955242
0.14953877
0.1494485
0.14941363
0.14935665
0.14933077
0.14932363
0.14929177
0.1492374
0.14922154
0.14922091
0.14920892
0.14919311
0.1491145
0.14910588
0.14906958
0.1490685
0.14899792
0.14898655
0.14896105
0.14893216
0.14892825
0.14873596
0.14871277
0.14870046
0.14869492
0.14864108
0.1486288
0.14859495
0.14858274
0.14855981
0.14852366
0.14850254
0.14850035
0.14847042
0.14846869
0.1484582
0.1484567
0.14839953
0.14837503
0.14835444
0.14835218
0.14834282
0.14832284
0.14832269
0.14831346
0.14830033
0.14828113
0.14825569
0.1482232
0.14820893
0.14813955
0.14807883
0.14807883
0.14807265
0.14796
0.14795288
0.14792046
0.1479141
0.14790322
0.14786698
0.14785527
0.1478109
0.14778636
0.14778078
0.14777201
0.14774571
0.14769246
0.14768541
0.14767079
0.147669
0.14765465
0.14764476
0.14763542
0.14758062
0.14756832
0.14754654
0.14751896
0.14751527
0.14750892
0.14745925
0.14743659
0.1474116
0.14740045
0.14734383
0.14731978
0.14728831
0.14726627
0.1472428
0.14719385
0.1471603
0.14715672
0.14710589
0.14707911
0.14704515
0.14701368
0.14700072
0.1469612
0.14696111
0.14689852
0.14684622
0.14683442
0.14682214
0.1467827
0.14677466
0.14677198
0.14676069
0.14670019
0.14668171
0.1466686
0.14666578
0.14662328
0.14655446
0.14654177
0.14651266
0.14651223
0.14648737
0.14645208
0.14639069
0.14637586
0.14629234
0.14629182
0.14623019
0.14620952
0.1462008
0.14618753
0.14617914
0.14614621
0.14612746
0.14609073
0.14608558
0.14608297
0.14604136
0.14603087
0.14600277
0.14600196
0.14600196
0.14596508
0.14594163
0.14591013
0.14585915
0.14580908
0.14579551
0.14577077
0.14576244
0.14572863
0.14570978
0.1456844
0.14565782
0.14561318
0.14561237
0.14560775
0.14560449
0.14560132
0.14558704
0.14555775
0.14555323
0.14554465
0.1455437
0.14554222
0.14553665
0.1455123
0.14551105
0.14543444
0.14536582
0.14536074
0.14533894
0.14531685
0.14528888
0.1452571
0.14522797
0.14520782
0.14518517
0.14518307
0.14517872
0.14515115
0.14514115
0.14509502
0.14506027
0.14504693
0.14502026
0.14497724
0.14495891
0.1449407
0.14491986
0.1448792
0.14486124
0.14484288
0.14482167
0.14481069
0.14477514
0.1447693
0.1447222
0.14471449
0.14470525
0.14468463
0.1446702
0.14466755
0.14460902
0.14459884
0.14459841
0.1445621
0.14455421
0.14451963
0.14443263
0.14440836
0.14437042
0.14434975
0.14432436
0.14430374
0.14429463
0.14429356
0.14424662
0.14423123
0.14423011
0.14422375
0.14420639
0.14418581
0.1441825
0.1441722
0.14410944
0.14404164
0.14403725
0.1439876
0.14397508
0.14391805
0.14391258
0.1439009
0.14390042
0.14385262
0.14385048
0.14380963
0.1438077
0.14379346
0.14372991
0.14372645
0.14371601
0.14371443
0.14366174
0.14365752
0.1436548
0.14364901
0.14364329
0.14357735
0.14357556
0.14356293
0.14353223
0.14348787
0.14346974
0.14343047
0.14342643
0.14341117
0.14337847
0.14332926
0.14321372
0.1431753
0.14313711
0.14312567
0.14311971
0.14309828
0.14305577
0.1429995
0.14295937
0.14293043
0.14292957
0.14289889
0.14289889
0.14281073
0.14280051
0.14275634
0.14275303
0.14267127
0.14264652
0.14260662
0.14255843
0.1425574
0.1425379
0.14244343
0.14240256
0.14232539
0.14232337
0.14231849
0.14229247
0.1422723
0.14223672
0.14223532
0.14223522
0.14217663
0.14216308
0.14215413
0.14213896
0.14211868
0.14210698
0.14208518
0.14207976
0.14205514
0.14204414
0.1420409
0.14197248
0.14194643
0.14192042
0.14189062
0.14187627
0.14186497
0.14184327
0.14182553
0.1418254
0.14182481
0.14181401
0.14178888
0.14178543
0.14177743
0.14175785
0.14175692
0.14171156
0.14167956
0.14165679
0.14164922
0.14164655
0.14160192
0.1415802
0.14157563
0.14150763
0.14148101
0.14147411
0.14145122
0.14144903
0.14141268
0.14140931
0.14139739
0.14135253
0.14131334
0.14129953
0.14129613
0.14129518
0.14127338
0.14124735
0.14123748
0.14121802
0.14121675
0.14121132
0.14120239
0.14118883
0.14118142
0.14116573
0.1411642
0.1411487
0.14112064
0.14110455
0.14105658
0.14104815
0.14099082
0.14098565
0.14097026
0.1409296
0.14090659
0.14089343
0.14088541
0.14081813
0.14078094
0.14075418
0.14072853
0.14071676
0.14071047
0.14071047
0.14071047
0.14069618
0.14066724
0.14062566
0.14062113
0.14060655
0.14058414
0.14056942
0.14049363
0.14047927
0.1403859
0.14038049
0.14037642
0.14033154
0.14032468
0.14032179
0.1403205
0.14030801
0.14028212
0.1402455
0.14020135
0.14017238
0.14013547
0.1400827
0.14008051
0.14005908
0.14004998
0.14003944
0.14002807
0.14002018
0.13999751
0.13998929
0.13996527
0.13996527
0.13990636
0.13990636
0.13986875
0.1398305
0.13982974
0.13981754
0.13981593
0.13977951
0.13973823
0.13973406
0.13972718
0.13969456
0.13968197
0.13967434
0.1396516
0.13964324
0.13962623
0.13962434
0.13959868
0.13959448
0.13959293
0.13957804
0.13956828
0.13955872
0.13955356
0.13954662
0.13954255
0.13950597
0.13947688
0.13943586
0.13942659
0.13941927
0.13940072
0.1393997
0.13939595
0.1393176
0.13929127
0.13928053
0.13925637
0.13922274
0.13922025
0.13920748
0.13919502
0.13908724
0.13896397
0.13895045
0.13894936
0.13894816
0.13893811
0.13891956
0.13891944
0.13884915
0.13881591
0.13873596
0.13872981
0.13867813
0.13865024
0.13862495
0.13861926
0.13857701
0.1385203
0.13847157
0.13847083
0.13846117
0.13845235
0.13842368
0.13842368
0.13842317
0.13840708
0.1383645
0.1383645
0.13833474
0.13830316
0.13823925
0.13820869
0.13820846
0.1381905
0.13816309
0.13813269
0.13812993
0.13812783
0.13807192
0.1380713
0.13806507
0.13806257
0.13806236
0.13805318
0.13801405
0.13800877
0.13800097
0.1379931
0.13796604
0.13794833
0.13793999
0.13792822
0.13792762
0.13786456
0.13785015
0.13782124
0.13781223
0.13775167
0.13773711
0.13770181
0.13769045
0.13768695
0.13767172
0.1376441
0.1376373
0.13756867
0.13739952
0.13734744
0.13729982
0.13728625
0.13726835
0.13716961
0.13716388
0.13716274
0.1371289
0.13710052
0.13708562
0.13707215
0.13706408
0.13702959
0.13702263
0.1370193
0.13701417
0.1369926
0.1369828
0.13696004
0.1369255
0.13691968
0.13691835
0.13689911
0.13687846
0.13684577
0.13682501
0.13682097
0.13677225
0.13676053
0.1367571
0.13658246
0.13658157
0.1365797
0.13654077
0.13652213
0.13650753
0.13646953
0.13646388
0.13646378
0.13641542
0.13632137
0.13629358
0.1362647
0.13621345
0.13620494
0.13617891
0.1361693
0.13615504
0.13608669
0.13608086
0.13601273
0.13601273
0.13600868
0.13600062
0.1359726
0.13594246
0.13594128
0.13593529
0.1359308
0.1359308
0.13586658
0.13580853
0.13579232
0.13577655
0.135776
0.13568163
0.13561697
0.13560452
0.13560297
0.13559791
0.13549365
0.13534239
0.13532677
0.13532116
0.13531831
0.13529316
0.1352214
0.13518988
0.13517343
0.13516398
0.13513887
0.13513277
0.13509855
0.13509096
0.13504265
0.13502564
0.13501063
0.13497764
0.13497283
0.13491644
0.13487606
0.13482079
0.13481629
0.13478059
0.13473372
0.13471584
0.1347016
0.13469793
0.13467763
0.13467492
0.13463932
0.13458775
0.13455543
0.13454887
0.13452838
0.13452615
0.134456
0.13443127
0.13442327
0.13441783
0.13429087
0.1342521
0.13424712
0.13421156
0.13419291
0.1341573
0.13410164
0.13406527
0.13401136
0.1340024
0.13395393
0.13392502
0.13389389
0.13386528
0.1338577
0.13384776
0.13383448
0.13377391
0.13374756
0.13372819
0.13370033
0.13364662
0.13356613
0.13356492
0.13353848
0.13349606
0.13349435
0.13349126
0.13343261
0.13338561
0.13338561
0.13337234
0.1333556
0.13331155
0.13327597
0.13324179
0.13322656
0.13312
0.13310069
0.1330898
0.13305503
0.13303865
0.13303803
0.13303426
0.13301988
0.1330137
0.13296843
0.13287184
0.13282275
0.13281934
0.13280725
0.13279606
0.13278955
0.13276328
0.13275461
0.13273188
0.13272588
0.13269511
0.13268904
0.13268773
0.13268448
0.13267533
0.13265385
0.13262983
0.13253723
0.13252327
0.1325121
0.13249981
0.13249691
0.13247046
0.13246216
0.13244945
0.13242275
0.13242233
0.13240847
0.13238376
0.1323674
0.1323674
0.13236542
0.13235806
0.1323474
0.13230936
0.13230881
0.13230279
0.1322779
0.13224483
0.13224447
0.1322317
0.13219796
0.13218454
0.13216014
0.13212313
0.13212202
0.13210633
0.13206735
0.13202277
0.13202089
0.13200654
0.13199212
0.13199076
0.13193406
0.1319054
0.1318482
0.13183856
0.13182083
0.131804
0.13179807
0.13179502
0.1317834
0.13172388
0.13172105
0.1317144
0.13168943
0.13166505
0.13165851
0.13160807
0.13155797
0.13150862
0.13150847
0.13148868
0.13147403
0.13146855
0.13144034
0.13143821
0.1314331
0.13142069
0.13139802
0.13135985
0.13134514
0.1313087
0.13127357
0.13126189
0.1312483
0.13121997
0.13121752
0.13120024
0.1311929
0.13119015
0.13118768
0.13117407
0.13116887
0.1311359
0.13113424
0.13110249
0.13109176
0.13101722
0.13100995
0.13098656
0.13095985
0.13093232
0.13086915
0.13078272
0.130745
0.13072939
0.13065723
0.1306376
0.13063622
0.13059473
0.13058689
0.13058369
0.13054098
0.13052772
0.1304931
0.13048106
0.13042612
0.13040823
0.13039136
0.13036065
0.13033627
0.13027732
0.13023254
0.13019289
0.13017945
0.130158
0.13011715
0.13009545
0.13008876
0.1300003
0.12996934
0.12992096
0.1298998
0.12988347
0.12987766
0.12985863
0.12985636
0.12984985
0.12983014
0.12978467
0.12977616
0.12971115
0.12970434
0.12969433
0.12968047
0.12967062
0.12965618
0.12964815
0.12964363
0.12946968
0.12943639
0.12941468
0.12938638
0.12937835
0.1293676
0.12935987
0.12935211
0.12932853
0.1293134
0.12930661
0.12929302
0.12925969
0.12924702
0.12918882
0.12917913
0.12916644
0.12913266
0.12913167
0.129093
0.12905864
0.12901299
0.12901291
0.12887736
0.12881382
0.1288019
0.12878685
0.12878677
0.12874015
0.12872203
0.12871812
0.12870392
0.12869999
0.1286885
0.12864894
0.12860514
0.1286013
0.1285706
0.12853305
0.12852108
0.12851654
0.12851542
0.1285151
0.1284907
0.1284715
0.12843299
0.12841599
0.12838538
0.12834851
0.12832254
0.1283066
0.1283066
0.1283015
0.12827459
0.12823749
0.12822981
0.12818888
0.12805271
0.12799141
0.12795815
0.12792222
0.12789872
0.1278286
0.12782843
0.12775995
0.12769982
0.12769869
0.12769282
0.12766227
0.127654
0.12760702
0.12757409
0.12756348
0.12753713
0.12752795
0.12749569
0.12749119
0.12746939
0.12746651
0.12744032
0.12741213
0.12740223
0.12739177
0.12736744
0.12733325
0.12729
0.12726521
0.12723035
0.12722361
0.12718788
0.12714633
0.12714157
0.12712194
0.12708123
0.12707628
0.12702715
0.12697656
0.12697077
0.1269489
0.12692778
0.12686391
0.12683553
0.12682612
0.12680022
0.12675777
0.12675276
0.12674116
0.12672384
0.12672059
0.12668103
0.12664127
0.12661971
0.12661971
0.12661971
0.12661779
0.12660833
0.126503
0.1264606
0.12644322
0.12641975
0.1264003
0.12636673
0.1263545
0.1263467
0.12630242
0.12627175
0.1262685
0.12621015
0.1261571
0.12613519
0.12612407
0.12611315
0.12610641
0.12603496
0.12602341
0.12602147
0.12598933
0.12595558
0.12591256
0.12585066
0.12579906
0.12577963
0.12576897
0.12575911
0.12570737
0.12570558
0.12569581
0.12569176
0.12566781
0.12565115
0.12565042
0.12556547
0.12552904
0.12552904
0.1255128
0.1254947
0.12549321
0.12548476
0.12547174
0.12541603
0.12536815
0.12536815
0.12536815
0.12535717
0.12533319
0.12532774
0.12530664
0.12526447
0.12526359
0.12525225
0.12523916
0.12522155
0.12518951
0.12516345
0.12515466
0.1251134
0.12509589
0.125077
0.12504795
0.12503877
0.1250262
0.12500863
0.12498771
0.124977775
0.12495531
0.12494954
0.124887675
0.12487302
0.12486412
0.12481272
0.1247626
0.124755174
0.12472683
0.12467237
0.12465793
0.12465642
0.124656
0.124647364
0.12456037
0.12452138
0.12451897
0.12445401
0.12438786
0.124344334
0.12431312
0.1242823
0.12422097
0.12417116
0.12416947
0.12414652
0.12413676
0.12413128
0.124113835
0.12410399
0.12408377
0.124079205
0.12407339
0.12402012
0.12400701
0.123909354
0.12385522
0.12383157
0.12382215
0.1238099
0.12375637
0.12369607
0.12368778
0.12366881
0.123601
0.12358253
0.12355557
0.12353864
0.12349807
0.123469286
0.12345995
0.12344205
0.12343676
0.123390816
0.12336696
0.1233639
0.12330333
0.12322481
0.123219155
0.1232089
0.12311001
0.12310661
0.12304781
0.12299928
0.12298504
0.122936696
0.12293429
0.12291032
0.12288833
0.12287466
0.12285709
0.122853704
0.12285281
0.12284725
0.12281978
0.122802295
0.1227772
0.12277148
0.12277109
0.12271993
0.12269899
0.12269408
0.122676685
0.12263994
0.12260869
0.12257564
0.12256704
0.12254458
0.12248459
0.12241119
0.12238712
0.122375004
0.122370996
0.12232126
0.1223208
0.122303255
0.12229133
0.12228557
0.122245334
0.12221282
0.12220305
0.12219077
0.12217415
0.12213817
0.12212864
0.12210577
0.12207392
0.122068755
0.122024864
0.12200657
0.12200476
0.12196398
0.12191165
0.121902056
0.12190204
0.12186511
0.12185442
0.12179618
0.121790014
0.12178675
0.121724755
0.121661454
0.12163328
0.12160516
0.12156039
0.12155489
0.12153732
0.1215246
0.12151364
0.12150475
0.12149731
0.12145024
0.121407814
0.121370055
0.121325694
0.12132374
0.121202536
0.121193156
0.12118385
0.12116541
0.121036306
0.12095353
0.120928794
0.12089391
0.12088237
0.120820306
0.12081917
0.12081814
0.12080779
0.12079818
0.12079417
0.12079101
0.12073645
0.12073375
0.120732956
0.120723546
0.12067914
0.12064132
0.12062918
0.120607965
0.12060502
0.12058897
0.1205691
0.12056779
0.12055588
0.12051273
0.12050794
0.120504856
0.120484434
0.120459326
0.120437756
0.1204184
0.12040958
0.12031199
0.120309256
0.120305695
0.120275654
0.12017523
0.120151795
0.12010214
0.120101675
0.12006582
0.11999087
0.119986504
0.119983524
0.119936965
0.11990237
0.11988976
0.11988894
0.119861186
0.11983267
0.1198223
0.11978739
0.11976433
0.11975916
0.11975408
0.119744435
0.11967326
0.11966213
0.11963802
0.119600736
0.1195223
0.11943126
0.11941476
0.119363025
0.119291596
0.11923824
0.11922325
0.11921513
0.11917731
0.119152814
0.119144805
0.11914234
0.119105585
0.11904891
0.11901255
0.1190119
0.11900413
0.1189527
0.11892058
0.1189203
0.11890453
0.118891105
0.118871965
0.11882452
0.118797004
0.118779875
0.118663184
0.118621916
0.118620336
0.1186187
0.11860831
0.11860291
0.118556805
0.118534245
0.11852586
0.118408844
0.1183953
0.11839227
0.11839027
0.11828896
0.11822307
0.11814689
0.118134156
0.118109114
0.11809847
0.118081406
0.118067555
0.118051365
0.11799171
0.11795101
0.11792909
0.117887095
0.117813595
0.11779612
0.117717616
0.11771217
0.11768931
0.11768671
0.11768111
0.1176065
0.11756135
0.11749251
0.11748603
0.11746084
0.11743262
0.11741565
0.11739054
0.117326535
0.11727099
0.1172428
0.1172319
0.1171874
0.1171415
0.117131166
0.11709755
0.117026925
0.11700828
0.11699628
0.1169698
0.11695476
0.11694333
0.116873235
0.11682967
0.11680016
0.11673993
0.116714746
0.116649926
0.11664184
0.11661021
0.11656362
0.116412275
0.11640482
0.116392516
0.11638164
0.116371125
0.11636414
0.1163546
0.11628099
0.11626952
0.11626316
0.1162424
0.11623225
0.11620821
0.116182104
0.11614364
0.11614195
0.116140485
0.11613168
0.116127394
0.116124175
0.11611117
0.116109364
0.116052896
0.11604784
0.11601022
0.11600646
0.11595959
0.11593947
0.11593608
0.11591586
0.11588822
0.11587354
0.11583915
0.1158309
0.115682036
0.115653455
0.115650475
0.11556946
0.115542114
0.11553322
0.115503795
0.11548875
0.11548659
0.11542898
0.115400486
0.11539693
0.115391694
0.11534067
0.11533318
0.11529825
0.11528932
0.115191296
0.11518494
0.11518153
0.11517781
0.11512889
0.11511193
0.11511183
0.11510127
0.11509826
0.115098186
0.11509038
0.11504685
0.11502526
0.11499558
0.114992864
0.114937454
0.1149177
0.11491544
0.11490402
0.11489428
0.11488677
0.11488166
0.11482061
0.114803836
0.11476367
0.114742756
0.11465075
0.11463749
0.11462766
0.11460065
0.11449005
0.11447831
0.114455685
0.114402436
0.11426728
0.114265405
0.11422873
0.1141421
0.11409731
0.114081874
0.114060886
0.11405048
0.11401787
0.113992035
0.113988765
0.11396017
0.1139386
0.1139065
0.113887586
0.11384233
0.11384107
0.11383267
0.11380363
0.11376718
0.11376479
0.11375126
0.11369495
0.11368319
0.11367363
0.11365101
0.113497615
0.11349157
0.11338661
0.113359615
0.11335477
0.11335463
0.11335231
0.113335826
0.113254555
0.11322697
0.113225386
0.11321903
0.1131573
0.11315122
0.11314321
0.1130903
0.11308711
0.11308029
0.11305679
0.11302611
0.11300167
0.11300119
0.11299008
0.11298391
0.11297435
0.1129373
0.11283079
0.11282641
0.11279054
0.11278329
0.112702146
0.112697385
0.11269137
0.11264685
0.112638876
0.1125713
0.11253506
0.112533316
0.11236135
0.11234682
0.112341546
0.112262875
0.11221901
0.112218685
0.11217346
0.11214882
0.11213197
0.11212923
0.112122305
0.1121199
0.11211797
0.112106636
0.11209619
0.11209267
0.11207757
0.11202635
0.11202613
0.11201739
0.11200879
0.111968674
0.11195766
0.11190196
0.11186531
0.11185541
0.11167552
0.111672506
0.11163339
0.11161366
0.11156524
0.11146203
0.11143176
0.11142944
0.111396685
0.11138067
0.111372374
0.11134888
0.11130087
0.111226805
0.111168906
0.11115722
0.11115071
0.11103396
0.111028016
0.111027
0.11100808
0.11100472
0.110950574
0.11094197
0.11089882
0.110826835
0.11082533
0.11081807
0.11081664
0.110813215
0.110788405
0.110739626
0.11072357
0.110718586
0.110692605
0.11067679
0.11063458
0.11063331
0.11056535
0.11051286
0.11049136
0.11042993
0.110267624
0.11024788
0.1101792
0.11016538
0.1101332
0.11009078
0.110079706
0.11000891
0.109962694
0.10992085
0.109912984
0.109897844
0.10980044
0.10977476
0.10976637
0.10975397
0.10973614
0.10969027
0.10968945
0.10966324
0.10964631
0.10952781
0.10951664
0.10950251
0.10935471
0.10927474
0.10925303
0.10924606
0.1092366
0.10921358
0.10917599
0.10917472
0.10916584
0.10907903
0.1090256
0.109007366
0.10898778
0.10895306
0.10887862
0.10886157
0.10883946
0.10883848
0.1088255
0.10882307
0.1087984
0.10877542
0.10873904
0.108710326
0.10852028
0.10851226
0.1085088
0.10848209
0.10840809
0.108378075
0.1083452
0.10831766
0.10831176
0.10830778
0.108292215
0.10818323
0.10817081
0.10815648
0.10810139
0.1080819
0.10807983
0.10806163
0.10798524
0.10792662
0.10791152
0.1079106
0.10788811
0.10788454
0.10788024
0.10786852
0.10786517
0.10781241
0.10775697
0.107751325
0.10770943
0.10769204
0.10768834
0.1076873
0.107682586
0.10767601
0.10766774
0.107649624
0.10761523
0.10759483
0.10755466
0.10748838
0.10742838
0.10738701
0.10738607
0.10736758
0.107361704
0.10733646
0.10725064
0.10723088
0.10718787
0.10717202
0.1071262
0.107105836
0.107068226
0.10706378
0.10704423
0.1070156
0.10697109
0.10696062
0.10695425
0.10693844
0.10691881
0.10687415
0.10685404
0.10678737
0.10671886
0.10654915
0.10654857
0.10651199
0.10648587
0.106464475
0.10645936
0.106375925
0.10631239
0.10623273
0.10623109
0.10623109
0.10621002
0.10618889
0.106173754
0.10614542
0.106138684
0.10607077
0.106036805
0.10598583
0.105979316
0.10596003
0.10592315
0.10589614
0.10586778
0.10584943
0.10583835
0.10583204
0.10582735
0.10580483
0.10578868
0.105777174
0.10576552
0.105752304
0.1057359
0.10566314
0.10562392
0.105606444
0.10560134
0.1055516
0.105542645
0.10545265
0.10540802
0.105369106
0.10535497
0.1053353
0.10527418
0.10524583
0.105216555
0.10516481
0.10510787
0.10510276
0.10497368
0.10494448
0.1048824
0.10485423
0.104769856
0.10465672
0.1046459
0.10461722
0.10459306
0.10454395
0.10443784
0.1044236
0.10437665
0.10437623
0.10434855
0.104322396
0.10430412
0.10422613
0.10420431
0.104203045
0.10413905
0.10408035
0.10401445
0.10397057
0.10392207
0.10391153
0.10388501
0.10385861
0.10381714
0.10377011
0.10371737
0.10369076
0.103686176
0.103675894
0.103651784
0.103645764
0.10364041
0.10352617
0.10348113
0.1034464
0.10344435
0.10339949
0.10339487
0.10337072
0.10332222
0.10330945
0.10321817
0.10321225
0.1031671
0.10316172
0.1031599
0.10312005
0.10307916
0.103054434
0.10299385
0.102951676
0.10293932
0.102889754
0.10288434
0.10282182
0.10281825
0.10281326
0.1027991
0.10276408
0.10275533
0.10275453
0.102750234
0.10261462
0.10256208
0.10255744
0.10254759
0.102523126
0.10247544
0.102461234
0.10241687
0.1023904
0.10238871
0.10235495
0.10234163
0.10229442
0.10226046
0.10217607
0.10204719
0.10199782
0.10194488
0.101920746
0.10191198
0.10176721
0.101639464
0.10159576
0.10155529
0.10154837
0.101521924
0.10149222
0.10148247
0.10147598
0.10147283
0.10124642
0.10123288
0.10116365
0.10109934
0.10106601
0.10100932
0.100993164
0.100991175
0.100991175
0.10098559
0.10093316
0.10091326
0.10091057
0.10087231
0.10085105
0.10078753
0.10074607
0.10072891
0.10067824
0.10065388
0.1006476
0.10064026
0.10062295
0.100506246
0.10037538
0.100361
0.10030674
0.10024148
0.100221746
0.10017244
0.10016891
0.10013833
0.10007763
0.09998485
0.0999201
0.0998558
0.09978285
0.09971989
0.099706665
0.09963805
0.09959744
0.09957985
0.099519
0.09946058
0.099431135
0.09934197
0.09933976
0.09927248
0.09926956
0.099209435
0.09918809
0.09916933
0.09914739
0.09911193
0.09903003
0.09897541
0.098905206
0.098901935
0.09883976
0.098806545
0.09862078
0.09859088
0.09854221
0.098524936
0.09848416
0.098473914
0.09843177
0.09835883
0.09834069
0.09827602
0.09825285
0.09823137
0.09822815
0.09816809
0.09815737
0.09803449
0.09776964
0.097748265
0.097721286
0.09770846
0.097702116
0.097689584
0.09768043
0.097615935
0.09761492
0.097541735
0.09735706
0.09734346
0.09732331
0.097278856
0.09727472
0.09716271
0.09704534
0.097009346
0.09696803
0.096951306
0.09665652
0.096618645
0.096534856
0.096527345
0.09645618
0.09637549
0.09628741
0.0962767
0.09621863
0.09617875
0.096116565
0.0960461
0.095874436
0.09585433
0.09576027
0.095734075
0.09569489
0.09567995
0.09565881
0.095650785
0.09547034
0.09529578
0.09524365
0.09519148
0.095006414
0.094998196
0.094961286
0.09489319
0.094892
0.09482259
0.09478304
0.09475224
0.094491735
0.094474316
0.094457306
0.0944373
0.09438771
0.09422128
0.094199814
0.094163276
0.09414653
0.09386337
0.09377971
0.0937608
0.093756914
0.093742065
0.093713835
0.093701184
0.09368606
0.0936162
0.093585074
0.09354946
0.093530945
0.09351516
0.09344372
0.09343187
0.09329056
0.09324511
0.09321933
0.09305159
0.09303278
0.09278487
0.09274536
0.092740886
0.092714734
0.09271084
0.092650376
0.09257814
0.09245182
0.09236608
0.0922948
0.09228849
0.09228448
0.09228178
0.092237055
0.09199429
0.09193433
0.09190229
0.091838636
0.09183195
0.091799825
0.09172444
0.0916844
0.09139327
0.09133349
0.09129077
0.09127439
0.0910751
0.09094125
0.090797424
0.0907918
0.09065181
0.09039857
0.09032406
0.09029196
0.09015693
0.09014487
0.09010523
0.09010365
0.0898716
0.08984811
0.08982903
0.08976682
0.08973624
0.08963479
0.08963401
0.08953387
0.08935423
0.08924017
0.08901879
0.08887528
0.08886874
0.0884848
0.08841392
0.088295266
0.08817795
0.088109866
0.08794878
0.08793945
0.08778104
0.087767534
0.08772718
0.087544605
0.08748132
0.087266184
0.08717077
0.08709669
0.08696354
0.086893484
0.086780295
0.0867785
0.086697176
0.086570814
0.08650195
0.086478665
0.086439006
0.08633805
0.08630951
0.086188234
0.08612777
0.08610002
0.08542398
0.08541063
0.08526868
0.085214496
0.08516887
0.08511371
0.08495869
0.084957965
0.08484086
0.08483023
0.08480369
0.08472272
0.084719636
0.08467796
0.08458877
0.08454308
0.08448593
0.08444073
0.084407516
0.08439742
0.0843885
0.084269166
0.08401643
0.083858855
0.08380418
0.083511546
0.08341058
0.083346754
0.083257
0.0830429
0.08301807
0.082984805
0.08290172
0.08285113
0.08250962
0.08221425
0.08208299
0.08198765
0.08197128
0.08195119
0.081862226
0.08185039
0.081804544
0.0817386
0.08169399
0.08160655
0.081576295
0.08135331
0.08133373
0.08128016
0.081196055
0.08109092
0.081063144
0.08104702
0.08099718
0.080884404
0.080852404
0.08081843
0.08080241
0.080800824
0.08079483
0.08065793
0.08061316
0.080236085
0.080163434
0.079990014
0.079986386
0.079978995
0.07987419
0.07973106
0.07965433
0.07961001
0.0794468
0.07941987
0.079402864
0.079274185
0.0791402
0.07913817
0.078968704
0.078830004
0.07878862
0.078411065
0.07839808
0.078345895
0.07832724
0.078289926
0.07825793
0.078254946
0.07824689
0.078218184
0.07818541
0.07812481
0.07805902
0.078053474
0.078019835
0.078008205
0.077971555
0.07786946
0.07786114
0.07733499
0.077236
0.07716235
0.07713129
0.07688009
0.07664529
0.07658588
0.076488316
0.07647868
0.07644339
0.07640334
0.076395415
0.076386906
0.0763314
0.07628317
0.076259315
0.076165386
0.07588672
0.07583903
0.0757723
0.07565587
0.075613715
0.075564705
0.07554041
0.075306185
0.07497601
0.07494886
0.07488188
0.074782744
0.07469339
0.07425877
