[0.29917502]
[0.2733691]
[0.27173397]
[0.27094725]
[0.27075604]
[0.26563182]
[0.26352534]
[0.2618996]
[0.2609682]
[0.25645354]
[0.25628707]
[0.2502912]
[0.24378982]
[0.24271129]
[0.23958826]
[0.23745294]
[0.23585206]
[0.23569278]
[0.23480517]
[0.23465689]
[0.23375592]
[0.23061627]
[0.23023647]
[0.2294229]
[0.22902068]
[0.22892918]
[0.2272249]
[0.22629578]
[0.22420695]
[0.22291495]
[0.22282909]
[0.22048998]
[0.21910004]
[0.21898721]
[0.21843019]
[0.21783316]
[0.2175431]
[0.21679378]
[0.21645623]
[0.21574424]
[0.21530421]
[0.21483517]
[0.21482837]
[0.21469444]
[0.21457483]
[0.21438752]
[0.2142762]
[0.21386124]
[0.21379928]
[0.21286148]
[0.21267608]
[0.21235585]
[0.21200147]
[0.21176761]
[0.21167412]
[0.21122442]
[0.21121879]
[0.21050988]
[0.21026331]
[0.21005058]
[0.20994715]
[0.20977007]
[0.20948645]
[0.20943299]
[0.20909669]
[0.2088615]
[0.20876603]
[0.20831051]
[0.20823856]
[0.2080262]
[0.20787361]
[0.20737602]
[0.20703284]
[0.20666946]
[0.20565848]
[0.20565236]
[0.20541452]
[0.2053927]
[0.2051838]
[0.20516652]
[0.20498095]
[0.20495239]
[0.2047153]
[0.20458268]
[0.20411795]
[0.20365816]
[0.203529]
[0.20293443]
[0.2026437]
[0.20225883]
[0.20203426]
[0.20200342]
[0.20180734]
[0.20171465]
[0.2015032]
[0.20129491]
[0.20101118]
[0.20095196]
[0.20042808]
[0.20029049]
[0.19996735]
[0.19996735]
[0.19979744]
[0.19977294]
[0.19927494]
[0.19915003]
[0.19893175]
[0.19876622]
[0.19821596]
[0.19819766]
[0.19787145]
[0.19754323]
[0.19753778]
[0.19751647]
[0.19710504]
[0.19664264]
[0.19598177]
[0.19594488]
[0.19580409]
[0.19571471]
[0.19568706]
[0.19550063]
[0.19543216]
[0.19537431]
[0.19519883]
[0.19517282]
[0.19509086]
[0.19506009]
[0.19489117]
[0.19479817]
[0.19476625]
[0.19446702]
[0.19437905]
[0.19424607]
[0.19419728]
[0.19411746]
[0.19389914]
[0.19385849]
[0.19374816]
[0.19368301]
[0.19350994]
[0.19342805]
[0.19321725]
[0.19274928]
[0.19264415]
[0.1925444]
[0.19244541]
[0.19219254]
[0.192088]
[0.19207288]
[0.19181076]
[0.19176392]
[0.1916631]
[0.19152261]
[0.19145383]
[0.19143054]
[0.19130935]
[0.1911203]
[0.19111548]
[0.19104391]
[0.19099033]
[0.1908719]
[0.190796]
[0.19078946]
[0.19039504]
[0.19030702]
[0.19009787]
[0.18998443]
[0.18984872]
[0.18983622]
[0.18975672]
[0.18940334]
[0.18938692]
[0.18933803]
[0.18932025]
[0.18917383]
[0.18896675]
[0.1887507]
[0.18852562]
[0.1882832]
[0.18819565]
[0.18814564]
[0.188115]
[0.18791102]
[0.18769568]
[0.18753348]
[0.18724568]
[0.18720134]
[0.18707778]
[0.18699393]
[0.18698144]
[0.18696803]
[0.18687281]
[0.18677191]
[0.18671417]
[0.18670204]
[0.18667653]
[0.1866714]
[0.18664171]
[0.18660459]
[0.18651678]
[0.18639307]
[0.18637478]
[0.18635586]
[0.18632965]
[0.1862022]
[0.1861813]
[0.18614358]
[0.18591036]
[0.1857507]
[0.18571843]
[0.18570714]
[0.18569213]
[0.18568613]
[0.18551947]
[0.18550882]
[0.18549159]
[0.1854706]
[0.18509594]
[0.18505721]
[0.18478805]
[0.18476619]
[0.18471368]
[0.18467234]
[0.18452568]
[0.1845202]
[0.18450929]
[0.18439138]
[0.18427777]
[0.18411195]
[0.18396868]
[0.18381591]
[0.1837596]
[0.18353596]
[0.18348345]
[0.18336594]
[0.18334064]
[0.18320186]
[0.18314037]
[0.18305168]
[0.18297845]
[0.18291211]
[0.18288012]
[0.18285611]
[0.18261245]
[0.18257329]
[0.18251629]
[0.18248153]
[0.1823461]
[0.1823242]
[0.18221486]
[0.18219529]
[0.18217805]
[0.18208796]
[0.18196234]
[0.18194532]
[0.18194532]
[0.18186255]
[0.18180299]
[0.18173613]
[0.18173052]
[0.18149228]
[0.18136676]
[0.18126318]
[0.18118611]
[0.1811799]
[0.1811799]
[0.18111312]
[0.18101668]
[0.18086001]
[0.18074821]
[0.18069974]
[0.180634]
[0.18056764]
[0.18046884]
[0.1802352]
[0.18019651]
[0.17983994]
[0.17983624]
[0.17983092]
[0.17981881]
[0.17941552]
[0.17924465]
[0.17914937]
[0.17914653]
[0.17910634]
[0.17909433]
[0.17908607]
[0.17904751]
[0.17902413]
[0.1789284]
[0.17889792]
[0.17886207]
[0.17885125]
[0.17878865]
[0.17873989]
[0.1786753]
[0.17860033]
[0.17857875]
[0.17856735]
[0.17849499]
[0.17846976]
[0.17841758]
[0.1783812]
[0.17836107]
[0.17832647]
[0.17821845]
[0.17819358]
[0.17809969]
[0.17807151]
[0.17789167]
[0.17776379]
[0.17775673]
[0.17773198]
[0.17757459]
[0.17753975]
[0.17752348]
[0.17749405]
[0.17742863]
[0.1773971]
[0.17735414]
[0.17731442]
[0.1772877]
[0.17716172]
[0.17714973]
[0.17708221]
[0.1770729]
[0.17700808]
[0.17694695]
[0.1769406]
[0.17693529]
[0.17683125]
[0.17680496]
[0.17676736]
[0.17676]
[0.17675996]
[0.17659499]
[0.17639899]
[0.17625092]
[0.17624827]
[0.1762055]
[0.17616495]
[0.1761397]
[0.17612156]
[0.17603755]
[0.17601706]
[0.1759926]
[0.17592956]
[0.17578296]
[0.17569992]
[0.17567258]
[0.17563832]
[0.17558737]
[0.1755439]
[0.17551763]
[0.17532489]
[0.17523265]
[0.17517655]
[0.17516412]
[0.17513178]
[0.17510554]
[0.17496024]
[0.17479624]
[0.17478383]
[0.17466486]
[0.17451455]
[0.17437835]
[0.17431049]
[0.17419477]
[0.17416824]
[0.1739843]
[0.17396936]
[0.17393067]
[0.17388721]
[0.17384884]
[0.17379847]
[0.17379838]
[0.17372875]
[0.17364189]
[0.17358369]
[0.17357017]
[0.17354858]
[0.17346443]
[0.17344914]
[0.17343336]
[0.17336363]
[0.1733184]
[0.17317088]
[0.17304596]
[0.1730285]
[0.1730285]
[0.17290856]
[0.17290245]
[0.17287542]
[0.17283931]
[0.17279223]
[0.17277367]
[0.17277122]
[0.17272516]
[0.17270249]
[0.1726706]
[0.17260565]
[0.1724779]
[0.17246564]
[0.17240213]
[0.17238893]
[0.17234406]
[0.17230313]
[0.17229246]
[0.17225046]
[0.17221504]
[0.17216891]
[0.17208545]
[0.17206097]
[0.1720457]
[0.17203325]
[0.17202385]
[0.17198232]
[0.17194083]
[0.17185421]
[0.1718533]
[0.17173155]
[0.17159988]
[0.1715502]
[0.17154771]
[0.1715294]
[0.17148294]
[0.17146157]
[0.1714336]
[0.17141616]
[0.17131616]
[0.17130584]
[0.17129132]
[0.17124717]
[0.17124607]
[0.17122504]
[0.17115127]
[0.17114551]
[0.17113763]
[0.17112732]
[0.17104049]
[0.17096898]
[0.17093182]
[0.1708281]
[0.17080921]
[0.17080915]
[0.17074174]
[0.17071846]
[0.17070039]
[0.17066762]
[0.17061473]
[0.17058921]
[0.17058407]
[0.17057137]
[0.1705514]
[0.17040737]
[0.17040609]
[0.17039922]
[0.17031157]
[0.17026775]
[0.17025901]
[0.1702131]
[0.17011294]
[0.17003079]
[0.16991268]
[0.1697996]
[0.16977063]
[0.16974202]
[0.16971761]
[0.16970715]
[0.16970095]
[0.16968457]
[0.1696691]
[0.16966742]
[0.1695522]
[0.16942836]
[0.16939516]
[0.16934994]
[0.1692782]
[0.16927356]
[0.16925244]
[0.16924948]
[0.16922215]
[0.16922015]
[0.16921261]
[0.1691796]
[0.1690902]
[0.16899666]
[0.16899604]
[0.16893278]
[0.16891475]
[0.16890709]
[0.16888425]
[0.1688588]
[0.16884956]
[0.1688204]
[0.16878776]
[0.16875388]
[0.16872643]
[0.16870718]
[0.16866253]
[0.16862327]
[0.16860689]
[0.16860187]
[0.16856903]
[0.16855925]
[0.16852872]
[0.16848801]
[0.16848582]
[0.16846399]
[0.1684036]
[0.16833115]
[0.16823187]
[0.16821535]
[0.16818543]
[0.16816355]
[0.16813712]
[0.168129]
[0.16808645]
[0.16806792]
[0.16805255]
[0.16799623]
[0.16798338]
[0.16797705]
[0.16797686]
[0.16797353]
[0.16788892]
[0.1678657]
[0.1678573]
[0.16783616]
[0.1678319]
[0.16776219]
[0.16767815]
[0.16766946]
[0.16764773]
[0.16763523]
[0.16760242]
[0.16757862]
[0.16757551]
[0.16756085]
[0.16755407]
[0.167545]
[0.16749014]
[0.16745839]
[0.16741148]
[0.16739509]
[0.16738328]
[0.16736624]
[0.16736598]
[0.16733935]
[0.16728155]
[0.16721895]
[0.16718554]
[0.1671619]
[0.16712704]
[0.16705996]
[0.16705687]
[0.16703348]
[0.16703233]
[0.16702749]
[0.16699798]
[0.16697323]
[0.16697061]
[0.16695349]
[0.16694374]
[0.16693711]
[0.16692823]
[0.16690639]
[0.1668937]
[0.16679303]
[0.16673125]
[0.16670696]
[0.16670145]
[0.16669576]
[0.16666801]
[0.16664433]
[0.16663815]
[0.16660057]
[0.1665886]
[0.16656272]
[0.16655022]
[0.16654201]
[0.1664822]
[0.16646905]
[0.16645502]
[0.16640162]
[0.16633959]
[0.16632158]
[0.16627629]
[0.1662021]
[0.16618331]
[0.16613616]
[0.1660551]
[0.16599327]
[0.16599235]
[0.16597699]
[0.16592164]
[0.16590272]
[0.16586219]
[0.16584428]
[0.16580546]
[0.16579579]
[0.16574311]
[0.16573311]
[0.16572227]
[0.16570741]
[0.16560844]
[0.16560028]
[0.16555856]
[0.16551884]
[0.16547558]
[0.1654423]
[0.16542858]
[0.16542695]
[0.16541943]
[0.16538458]
[0.1653823]
[0.16534777]
[0.1653321]
[0.16531758]
[0.16531636]
[0.16513595]
[0.16513295]
[0.16511871]
[0.16511501]
[0.16510496]
[0.16509397]
[0.16505748]
[0.16501266]
[0.16499437]
[0.1649898]
[0.16498539]
[0.16498539]
[0.16498101]
[0.16493501]
[0.16492547]
[0.16489536]
[0.16489132]
[0.16484368]
[0.16482688]
[0.16479732]
[0.16478136]
[0.16476703]
[0.16475134]
[0.16473998]
[0.16473944]
[0.16473359]
[0.16472325]
[0.16471674]
[0.16469094]
[0.16464414]
[0.16463616]
[0.16462032]
[0.16462032]
[0.16459988]
[0.16453174]
[0.1644768]
[0.16446538]
[0.16443087]
[0.16442876]
[0.16442561]
[0.16441908]
[0.16439967]
[0.16438639]
[0.16435602]
[0.16435046]
[0.16433674]
[0.16426416]
[0.16423534]
[0.16421236]
[0.16420564]
[0.16412975]
[0.1641133]
[0.16410658]
[0.16410315]
[0.1640458]
[0.16401617]
[0.16397153]
[0.16394952]
[0.16394554]
[0.1639121]
[0.16390902]
[0.16390711]
[0.16388722]
[0.16387793]
[0.16387732]
[0.16387503]
[0.16386943]
[0.16382653]
[0.16381842]
[0.16381842]
[0.16380854]
[0.16379404]
[0.16378792]
[0.16377233]
[0.16371709]
[0.16371247]
[0.16361696]
[0.16358396]
[0.16353421]
[0.16350955]
[0.16347027]
[0.16340198]
[0.16338918]
[0.1633569]
[0.16334903]
[0.16332626]
[0.16332293]
[0.16330726]
[0.16327445]
[0.16326533]
[0.16325283]
[0.16314451]
[0.16313863]
[0.16313066]
[0.16312873]
[0.16311322]
[0.16311008]
[0.1631001]
[0.1630749]
[0.16306122]
[0.1630509]
[0.16302893]
[0.16301435]
[0.16301197]
[0.16300665]
[0.1629959]
[0.16298974]
[0.16298072]
[0.16285941]
[0.16284403]
[0.16276382]
[0.16274679]
[0.16272826]
[0.16271892]
[0.16271189]
[0.16270886]
[0.16269103]
[0.16263571]
[0.16262683]
[0.16256773]
[0.16255501]
[0.1625388]
[0.16253413]
[0.16250162]
[0.16237706]
[0.16232492]
[0.16231494]
[0.16230714]
[0.16226174]
[0.16224243]
[0.16224141]
[0.16221163]
[0.16220683]
[0.16219498]
[0.16219354]
[0.16217779]
[0.16215022]
[0.16214417]
[0.1621391]
[0.1621279]
[0.16211341]
[0.16211341]
[0.16210087]
[0.16205662]
[0.16205138]
[0.16200976]
[0.16200066]
[0.16198584]
[0.16197814]
[0.16197605]
[0.16192819]
[0.16192006]
[0.16191694]
[0.16189554]
[0.16188051]
[0.16187422]
[0.1618699]
[0.16186717]
[0.16185899]
[0.16185899]
[0.1618515]
[0.16184837]
[0.16184126]
[0.16182454]
[0.1617964]
[0.16179109]
[0.16178358]
[0.16178358]
[0.16177109]
[0.16170718]
[0.16170655]
[0.1616714]
[0.16166465]
[0.1616568]
[0.16165194]
[0.1616484]
[0.16163905]
[0.16163874]
[0.16163333]
[0.16156979]
[0.16155943]
[0.16154586]
[0.1615436]
[0.16153629]
[0.1614874]
[0.16147196]
[0.1614679]
[0.16144696]
[0.16143984]
[0.16141853]
[0.16138645]
[0.16137497]
[0.16136554]
[0.1613385]
[0.1613383]
[0.16131997]
[0.16131614]
[0.16130747]
[0.16128872]
[0.16127717]
[0.1612714]
[0.16126712]
[0.16126709]
[0.16126363]
[0.16126363]
[0.16126283]
[0.16124745]
[0.16119802]
[0.16117433]
[0.1611476]
[0.1611419]
[0.16111813]
[0.16108698]
[0.16102484]
[0.16102484]
[0.16101697]
[0.16100112]
[0.16099826]
[0.1609973]
[0.16095775]
[0.1609494]
[0.16092457]
[0.16091819]
[0.16088627]
[0.1607945]
[0.16076873]
[0.16075677]
[0.16074891]
[0.16074838]
[0.16073933]
[0.1607297]
[0.16069743]
[0.1606211]
[0.16060412]
[0.16058064]
[0.16054386]
[0.16050525]
[0.16045919]
[0.16045678]
[0.16040799]
[0.16034442]
[0.16033538]
[0.16029076]
[0.16028035]
[0.16023208]
[0.1602011]
[0.16019937]
[0.16019835]
[0.16018677]
[0.16017221]
[0.16011529]
[0.16010869]
[0.16008241]
[0.16007662]
[0.16004422]
[0.15999839]
[0.15998623]
[0.15997264]
[0.1599239]
[0.15990657]
[0.159822]
[0.15981348]
[0.15981194]
[0.15978794]
[0.15978418]
[0.15977871]
[0.15976585]
[0.1597567]
[0.15974975]
[0.15964238]
[0.15963192]
[0.15959074]
[0.15957229]
[0.15956655]
[0.1595625]
[0.15954517]
[0.15948498]
[0.15948111]
[0.15945491]
[0.15945306]
[0.15945138]
[0.15945116]
[0.1594234]
[0.15940931]
[0.1594077]
[0.15940377]
[0.15939726]
[0.15930428]
[0.15930186]
[0.1592472]
[0.15924063]
[0.15922938]
[0.15916292]
[0.15914065]
[0.15913881]
[0.15911339]
[0.15910122]
[0.15910055]
[0.15909484]
[0.15906183]
[0.1590187]
[0.158991]
[0.15898941]
[0.15898898]
[0.15891488]
[0.15887722]
[0.15883893]
[0.1588272]
[0.15881254]
[0.15879445]
[0.15875174]
[0.1587395]
[0.15872525]
[0.15870959]
[0.15869407]
[0.15868552]
[0.15862848]
[0.15858993]
[0.15848038]
[0.15848038]
[0.15845987]
[0.15845555]
[0.1584098]
[0.15840015]
[0.1583763]
[0.1583734]
[0.15835626]
[0.15834732]
[0.15831056]
[0.15829803]
[0.15825559]
[0.15824983]
[0.15824835]
[0.15822925]
[0.15822709]
[0.15822709]
[0.1582249]
[0.15822315]
[0.15818782]
[0.1581549]
[0.15814035]
[0.15813562]
[0.15811723]
[0.15808561]
[0.15807039]
[0.15804489]
[0.15801993]
[0.15800261]
[0.15799047]
[0.15798917]
[0.15798579]
[0.1579807]
[0.1579761]
[0.15797581]
[0.15797184]
[0.15795125]
[0.15794739]
[0.15793887]
[0.15792207]
[0.15791446]
[0.15790242]
[0.15788436]
[0.15788436]
[0.1578812]
[0.15783326]
[0.15781173]
[0.15780912]
[0.15779471]
[0.15779088]
[0.1577908]
[0.15777333]
[0.1577732]
[0.15777]
[0.1577675]
[0.15774143]
[0.15773503]
[0.15771428]
[0.15770902]
[0.15770467]
[0.15769474]
[0.15768534]
[0.15768068]
[0.15765294]
[0.15762967]
[0.15762244]
[0.1576217]
[0.15759999]
[0.15757188]
[0.15754092]
[0.15752336]
[0.15749878]
[0.15747519]
[0.15747131]
[0.15743735]
[0.1574303]
[0.15739773]
[0.15739663]
[0.15739013]
[0.15738995]
[0.15738995]
[0.15738939]
[0.15738414]
[0.15737541]
[0.15736479]
[0.15736216]
[0.15735678]
[0.15734392]
[0.15733305]
[0.15732925]
[0.15732405]
[0.1572926]
[0.15728116]
[0.15725467]
[0.15724656]
[0.15724656]
[0.15722522]
[0.15720245]
[0.15719391]
[0.15718973]
[0.15718184]
[0.15714122]
[0.15712933]
[0.15707308]
[0.15700819]
[0.1569955]
[0.15697315]
[0.15696546]
[0.15694594]
[0.15691751]
[0.15689133]
[0.15689008]
[0.15681951]
[0.15680623]
[0.15680034]
[0.15679611]
[0.15677589]
[0.15677367]
[0.15674815]
[0.15674688]
[0.15674326]
[0.1567173]
[0.15669288]
[0.15663917]
[0.15659921]
[0.1565856]
[0.15653858]
[0.15650108]
[0.15647213]
[0.15645762]
[0.15645555]
[0.15643692]
[0.15638949]
[0.15633261]
[0.15630397]
[0.15630032]
[0.1562661]
[0.15626428]
[0.1562104]
[0.15619455]
[0.15618718]
[0.15618388]
[0.15617068]
[0.15613662]
[0.15613429]
[0.15611765]
[0.15607779]
[0.15604948]
[0.15604198]
[0.15603785]
[0.15602747]
[0.15601516]
[0.15601419]
[0.15599562]
[0.15597539]
[0.15595722]
[0.15593684]
[0.15592147]
[0.15591353]
[0.15590882]
[0.15590136]
[0.15589117]
[0.15586892]
[0.15586106]
[0.15579022]
[0.15577568]
[0.15574592]
[0.15571491]
[0.15569985]
[0.15568556]
[0.15566081]
[0.15562157]
[0.15561083]
[0.15559818]
[0.15559112]
[0.15558088]
[0.15557633]
[0.15556812]
[0.15554555]
[0.15552218]
[0.15550748]
[0.1554951]
[0.15548675]
[0.15542743]
[0.15542117]
[0.15539426]
[0.15539119]
[0.15537232]
[0.15536575]
[0.15532395]
[0.15532392]
[0.15532337]
[0.15531467]
[0.15530588]
[0.1552982]
[0.15529384]
[0.15525724]
[0.15524141]
[0.15524101]
[0.1551841]
[0.15516979]
[0.15509126]
[0.15509015]
[0.15508825]
[0.15504414]
[0.15504414]
[0.15501988]
[0.1550106]
[0.1549976]
[0.15497126]
[0.15495436]
[0.15492521]
[0.1549223]
[0.15491085]
[0.15491001]
[0.15487768]
[0.15484534]
[0.15484136]
[0.15482987]
[0.15482908]
[0.15482035]
[0.15481827]
[0.15481162]
[0.15479752]
[0.15475684]
[0.15475264]
[0.15474051]
[0.15473641]
[0.15473598]
[0.15472494]
[0.1547174]
[0.15471435]
[0.15470627]
[0.15470538]
[0.15468623]
[0.15466051]
[0.15465963]
[0.15463395]
[0.15460078]
[0.15458547]
[0.15457542]
[0.15457219]
[0.15456201]
[0.15455891]
[0.15454596]
[0.154544]
[0.15453474]
[0.15452108]
[0.15451889]
[0.1544722]
[0.15444979]
[0.15444586]
[0.15444145]
[0.15442942]
[0.15441361]
[0.15439089]
[0.15438621]
[0.15437451]
[0.1543737]
[0.15437047]
[0.15436739]
[0.15436177]
[0.1543525]
[0.15434669]
[0.15431252]
[0.15429816]
[0.15429305]
[0.15428069]
[0.15427668]
[0.1542685]
[0.15426767]
[0.15422685]
[0.15419902]
[0.15418594]
[0.15418369]
[0.15418027]
[0.15417834]
[0.15416656]
[0.15415111]
[0.15415056]
[0.15412372]
[0.15411524]
[0.15411434]
[0.15411107]
[0.15408829]
[0.15406571]
[0.15405346]
[0.15402217]
[0.15401126]
[0.15399519]
[0.15395449]
[0.15394124]
[0.15393761]
[0.15390263]
[0.15385781]
[0.15385179]
[0.15381853]
[0.15380847]
[0.15380587]
[0.1538004]
[0.15379933]
[0.1537852]
[0.15378399]
[0.15376414]
[0.15376163]
[0.15375677]
[0.15374313]
[0.15371938]
[0.15368874]
[0.15365487]
[0.15363404]
[0.1535871]
[0.15356798]
[0.15354554]
[0.1535365]
[0.15351844]
[0.15349638]
[0.15348423]
[0.15348423]
[0.15348077]
[0.15347692]
[0.15347427]
[0.15346713]
[0.15344168]
[0.15343663]
[0.15343134]
[0.1534296]
[0.15342703]
[0.15342653]
[0.15342584]
[0.15341406]
[0.1534048]
[0.15339482]
[0.15339226]
[0.15338226]
[0.15337166]
[0.15336743]
[0.15333718]
[0.15333599]
[0.1532668]
[0.15326492]
[0.15324911]
[0.15323552]
[0.1532347]
[0.15321784]
[0.15321085]
[0.15320584]
[0.15318689]
[0.1531758]
[0.15317102]
[0.15317088]
[0.15317072]
[0.15316601]
[0.1531547]
[0.15313824]
[0.15313724]
[0.15313384]
[0.15313122]
[0.15313037]
[0.15312716]
[0.1531236]
[0.15310167]
[0.1530603]
[0.15305603]
[0.15305161]
[0.15301871]
[0.15300007]
[0.1529503]
[0.1529423]
[0.15293989]
[0.15292266]
[0.1529178]
[0.15290746]
[0.15287998]
[0.15287554]
[0.1528688]
[0.15286036]
[0.15282218]
[0.15280747]
[0.15278558]
[0.15271603]
[0.15270431]
[0.15270431]
[0.15269765]
[0.15267926]
[0.1526573]
[0.15265663]
[0.15262505]
[0.15261246]
[0.15260717]
[0.15259503]
[0.15258522]
[0.15257618]
[0.15257594]
[0.1525745]
[0.1525745]
[0.1525609]
[0.15255731]
[0.15253146]
[0.15251039]
[0.15248789]
[0.15246235]
[0.15243031]
[0.15241937]
[0.15241013]
[0.15240496]
[0.15237433]
[0.15234232]
[0.15233529]
[0.15232468]
[0.15232311]
[0.15231098]
[0.15229295]
[0.15228842]
[0.15227984]
[0.15227489]
[0.15216008]
[0.15215851]
[0.15215507]
[0.15215473]
[0.1521418]
[0.15214027]
[0.15212072]
[0.1520969]
[0.15208161]
[0.15207967]
[0.15206148]
[0.15202154]
[0.1520073]
[0.15199362]
[0.1519693]
[0.15196534]
[0.15192498]
[0.1519222]
[0.15191348]
[0.15187328]
[0.1518645]
[0.15185194]
[0.15182519]
[0.15182354]
[0.15182139]
[0.15182129]
[0.15179983]
[0.15177381]
[0.1517693]
[0.15175676]
[0.1517561]
[0.1517436]
[0.15172955]
[0.15171458]
[0.15171279]
[0.1517056]
[0.15168476]
[0.15164506]
[0.15163693]
[0.15163086]
[0.1516147]
[0.15159936]
[0.15159568]
[0.15159409]
[0.15158747]
[0.15158626]
[0.15158519]
[0.15157734]
[0.15156804]
[0.15156426]
[0.15156104]
[0.15155868]
[0.15155208]
[0.15154614]
[0.15151732]
[0.15150225]
[0.1515015]
[0.15148759]
[0.15146317]
[0.15142722]
[0.15142064]
[0.15141642]
[0.15140492]
[0.15136524]
[0.1513544]
[0.1513493]
[0.15134852]
[0.15134038]
[0.15133551]
[0.15131575]
[0.15130422]
[0.15130344]
[0.15130265]
[0.15129499]
[0.15126817]
[0.15125471]
[0.15125164]
[0.15124507]
[0.1512166]
[0.15120958]
[0.15118739]
[0.1511814]
[0.15115117]
[0.15111893]
[0.15108885]
[0.15108538]
[0.15107709]
[0.151064]
[0.15105942]
[0.15104388]
[0.15100671]
[0.15098886]
[0.15098727]
[0.15097828]
[0.15095256]
[0.15093291]
[0.15092604]
[0.1509228]
[0.15090951]
[0.15090905]
[0.15090299]
[0.15090092]
[0.15088668]
[0.15087306]
[0.1508727]
[0.15086283]
[0.15085895]
[0.15085416]
[0.15085278]
[0.15084143]
[0.15083818]
[0.15082444]
[0.15082017]
[0.150799]
[0.1507935]
[0.1507886]
[0.1507816]
[0.15077461]
[0.1507544]
[0.1507526]
[0.15074791]
[0.1507458]
[0.15070523]
[0.15069215]
[0.15069026]
[0.15068504]
[0.15068376]
[0.15068276]
[0.15067866]
[0.15067226]
[0.15062954]
[0.15061353]
[0.15059489]
[0.15057921]
[0.1505633]
[0.1505461]
[0.1505355]
[0.15052794]
[0.15051512]
[0.15051512]
[0.15051512]
[0.15049118]
[0.15046872]
[0.15046288]
[0.15045588]
[0.15042998]
[0.15036607]
[0.15035029]
[0.15034194]
[0.15033403]
[0.1503284]
[0.15031399]
[0.15031034]
[0.15026402]
[0.15026356]
[0.15023185]
[0.15022966]
[0.15020306]
[0.15018642]
[0.15018561]
[0.15018149]
[0.15018146]
[0.1501674]
[0.15016493]
[0.15016447]
[0.15016204]
[0.15014814]
[0.15014577]
[0.15011047]
[0.15009922]
[0.15009746]
[0.15009488]
[0.15008901]
[0.15007097]
[0.15001945]
[0.15000746]
[0.14997306]
[0.14993554]
[0.1499347]
[0.1499304]
[0.14990996]
[0.14988717]
[0.1498634]
[0.14983988]
[0.14983699]
[0.14983183]
[0.14977853]
[0.14977695]
[0.14976296]
[0.14976151]
[0.14971964]
[0.14970775]
[0.14970125]
[0.14969403]
[0.14968863]
[0.14968747]
[0.14968207]
[0.14967652]
[0.149672]
[0.14964804]
[0.14964092]
[0.14963563]
[0.14963563]
[0.14963065]
[0.1496254]
[0.14961699]
[0.14960465]
[0.1495975]
[0.14959528]
[0.14959422]
[0.14957675]
[0.14955667]
[0.14955573]
[0.14953169]
[0.14947547]
[0.14944185]
[0.14941522]
[0.14941165]
[0.14941165]
[0.14940663]
[0.1493739]
[0.1493613]
[0.14934877]
[0.14933653]
[0.14933254]
[0.14930885]
[0.1492912]
[0.14925174]
[0.14924078]
[0.14923008]
[0.14922886]
[0.14922771]
[0.14922771]
[0.14922243]
[0.14921738]
[0.14921518]
[0.14920901]
[0.14920035]
[0.1491627]
[0.14915784]
[0.1491489]
[0.14913312]
[0.14912103]
[0.14912029]
[0.14908531]
[0.1490662]
[0.14906134]
[0.14904952]
[0.14904945]
[0.1490464]
[0.1490437]
[0.1490428]
[0.1490409]
[0.1490222]
[0.14898607]
[0.14895584]
[0.14895265]
[0.14895144]
[0.14892617]
[0.14892599]
[0.14892502]
[0.14889929]
[0.14888725]
[0.14887987]
[0.14887586]
[0.14887145]
[0.14884652]
[0.14884202]
[0.14883737]
[0.14882337]
[0.14879355]
[0.1487793]
[0.14877209]
[0.14876814]
[0.14876747]
[0.14876264]
[0.14875817]
[0.14875516]
[0.14874129]
[0.1487374]
[0.14873396]
[0.1487144]
[0.1487062]
[0.14869273]
[0.14867866]
[0.1486715]
[0.14866985]
[0.14862867]
[0.14862068]
[0.14859226]
[0.14858861]
[0.14856334]
[0.14853731]
[0.14852585]
[0.14852019]
[0.1485176]
[0.14851686]
[0.14851609]
[0.14851609]
[0.14851035]
[0.14848027]
[0.14846544]
[0.14846192]
[0.14843217]
[0.14842348]
[0.14841773]
[0.14839289]
[0.14839016]
[0.14838482]
[0.14836214]
[0.14834344]
[0.14833331]
[0.14831091]
[0.14830747]
[0.14828745]
[0.14828168]
[0.14826998]
[0.14826378]
[0.14825873]
[0.14825383]
[0.14824963]
[0.1482431]
[0.1482214]
[0.14820671]
[0.14819919]
[0.1481922]
[0.14818929]
[0.14818697]
[0.14817262]
[0.14815533]
[0.14815165]
[0.14814863]
[0.14814472]
[0.14813936]
[0.14813298]
[0.1481312]
[0.14810005]
[0.14809489]
[0.14809069]
[0.14808647]
[0.14808612]
[0.14807944]
[0.14805572]
[0.14805448]
[0.14804846]
[0.14803244]
[0.14802392]
[0.14801447]
[0.14801046]
[0.1479754]
[0.14796038]
[0.1479464]
[0.14792725]
[0.14791842]
[0.14791842]
[0.14791842]
[0.14789438]
[0.14788836]
[0.14787342]
[0.14787138]
[0.14786722]
[0.14786403]
[0.1478631]
[0.14786293]
[0.14785051]
[0.14784452]
[0.14781189]
[0.14780778]
[0.14776936]
[0.14776462]
[0.1477576]
[0.14775172]
[0.14773627]
[0.14772962]
[0.14772813]
[0.14772701]
[0.14772221]
[0.14771809]
[0.14771444]
[0.14769396]
[0.14768893]
[0.14767548]
[0.14765118]
[0.14760832]
[0.14760734]
[0.14758977]
[0.1475886]
[0.14757654]
[0.14756887]
[0.14756647]
[0.14756373]
[0.14755987]
[0.14755842]
[0.14754876]
[0.14751363]
[0.14751357]
[0.14750913]
[0.14750619]
[0.14749047]
[0.14746794]
[0.14746399]
[0.14746177]
[0.1474523]
[0.14744551]
[0.14744498]
[0.1474391]
[0.14742988]
[0.14739925]
[0.1473975]
[0.14739554]
[0.14738894]
[0.14738852]
[0.14738667]
[0.147379]
[0.14736654]
[0.14735593]
[0.14735101]
[0.14733683]
[0.14733309]
[0.14733109]
[0.14730483]
[0.14730369]
[0.14729297]
[0.14728369]
[0.14728037]
[0.14724693]
[0.14724675]
[0.14722586]
[0.14720711]
[0.14720711]
[0.14719257]
[0.14719023]
[0.14717408]
[0.1471647]
[0.1471628]
[0.14716208]
[0.14715454]
[0.14714915]
[0.14714608]
[0.14714244]
[0.14713186]
[0.1471311]
[0.14712869]
[0.1471139]
[0.14709808]
[0.14709552]
[0.14707388]
[0.14707181]
[0.14704974]
[0.14704174]
[0.14703797]
[0.14703764]
[0.14702924]
[0.14702924]
[0.14701721]
[0.14701566]
[0.14700794]
[0.14699551]
[0.14699431]
[0.14699061]
[0.14699027]
[0.14698929]
[0.14698917]
[0.14696991]
[0.14696975]
[0.14696778]
[0.14696161]
[0.14696144]
[0.14694865]
[0.14694658]
[0.14694658]
[0.14694658]
[0.1469423]
[0.14693648]
[0.1469209]
[0.14690946]
[0.14690053]
[0.14689635]
[0.14688279]
[0.14687206]
[0.14687072]
[0.14686814]
[0.14686513]
[0.14685094]
[0.14685059]
[0.14684801]
[0.14684471]
[0.14682339]
[0.14682041]
[0.1468169]
[0.14677401]
[0.14677139]
[0.14676408]
[0.14674328]
[0.14673676]
[0.14672224]
[0.14670862]
[0.14670493]
[0.14669257]
[0.14665987]
[0.14664766]
[0.14663784]
[0.14663209]
[0.14662623]
[0.14662097]
[0.1466079]
[0.14660689]
[0.1466027]
[0.14659041]
[0.14658917]
[0.14657313]
[0.14657015]
[0.14656727]
[0.14656413]
[0.1465504]
[0.14654419]
[0.14653406]
[0.14653364]
[0.14651993]
[0.14650615]
[0.14649151]
[0.14649113]
[0.14649107]
[0.14647157]
[0.1464634]
[0.14646246]
[0.1464613]
[0.14645202]
[0.14644174]
[0.14642699]
[0.14640452]
[0.14639457]
[0.14639421]
[0.14639132]
[0.146383]
[0.14634041]
[0.14633773]
[0.14632046]
[0.1463148]
[0.14625454]
[0.14625429]
[0.14625429]
[0.14624524]
[0.14623849]
[0.14623477]
[0.14621918]
[0.14620896]
[0.14619507]
[0.14618504]
[0.14617914]
[0.14613102]
[0.14610964]
[0.146105]
[0.14609522]
[0.14608897]
[0.14607903]
[0.14607294]
[0.14606507]
[0.14606036]
[0.1460505]
[0.14604507]
[0.1460434]
[0.14603779]
[0.1460331]
[0.1460279]
[0.14602765]
[0.1460215]
[0.14601906]
[0.14601552]
[0.14598885]
[0.14598086]
[0.14598045]
[0.14597955]
[0.14597525]
[0.14597498]
[0.14596987]
[0.14596719]
[0.14596362]
[0.14596231]
[0.14595845]
[0.14592513]
[0.14591594]
[0.14586337]
[0.1458595]
[0.14585778]
[0.14585438]
[0.14585438]
[0.14583828]
[0.14583296]
[0.14582945]
[0.14582418]
[0.1458239]
[0.14580405]
[0.14580318]
[0.14580195]
[0.14579596]
[0.14579394]
[0.14579011]
[0.14578106]
[0.14577514]
[0.14577486]
[0.1457748]
[0.14575739]
[0.14574578]
[0.14574425]
[0.14573848]
[0.14573441]
[0.14573213]
[0.14573213]
[0.14572854]
[0.14572747]
[0.14572714]
[0.14572611]
[0.14572228]
[0.14572032]
[0.14571859]
[0.14571798]
[0.14571406]
[0.14571059]
[0.14570186]
[0.14570059]
[0.14569364]
[0.14569299]
[0.1456896]
[0.14567183]
[0.14567183]
[0.14566857]
[0.14566357]
[0.14565587]
[0.14565332]
[0.14565095]
[0.14563456]
[0.14563392]
[0.14562911]
[0.14560941]
[0.14559992]
[0.14559604]
[0.14559604]
[0.1455899]
[0.14558823]
[0.14558108]
[0.14557101]
[0.14554624]
[0.1455392]
[0.14552931]
[0.1455236]
[0.1455221]
[0.14551742]
[0.14551736]
[0.14551242]
[0.14550076]
[0.14549449]
[0.14548613]
[0.14547077]
[0.14547057]
[0.14545508]
[0.14544274]
[0.14544013]
[0.14540832]
[0.1454077]
[0.14536543]
[0.1453533]
[0.14535291]
[0.14534923]
[0.14533965]
[0.14533885]
[0.14533067]
[0.14532265]
[0.14531282]
[0.14530589]
[0.1453055]
[0.14530021]
[0.14529872]
[0.14528672]
[0.1452793]
[0.14527805]
[0.14524336]
[0.14524111]
[0.14523943]
[0.14522919]
[0.14522803]
[0.14522105]
[0.145214]
[0.14521165]
[0.1452087]
[0.14520618]
[0.14520524]
[0.14520311]
[0.14519663]
[0.14519182]
[0.14517964]
[0.14517725]
[0.14515792]
[0.14515792]
[0.14515755]
[0.14515725]
[0.14514905]
[0.14514838]
[0.1451434]
[0.14514098]
[0.14513926]
[0.14513336]
[0.14512248]
[0.14509702]
[0.14509664]
[0.14509608]
[0.1450934]
[0.14508745]
[0.14508355]
[0.14506622]
[0.14506306]
[0.14504474]
[0.1450384]
[0.14503118]
[0.14503096]
[0.1450256]
[0.1450229]
[0.1450099]
[0.14498995]
[0.14497115]
[0.14497033]
[0.14496364]
[0.1449291]
[0.14492723]
[0.14492239]
[0.14488928]
[0.14488891]
[0.14488062]
[0.14487793]
[0.14487076]
[0.14485359]
[0.14485005]
[0.14485005]
[0.14485005]
[0.14484839]
[0.14484242]
[0.14483227]
[0.14482592]
[0.14481215]
[0.14481]
[0.14480363]
[0.14479658]
[0.14479658]
[0.14479622]
[0.14479622]
[0.14477567]
[0.14476912]
[0.14476909]
[0.14476743]
[0.14476699]
[0.14476475]
[0.14475994]
[0.14473106]
[0.1447216]
[0.14471038]
[0.14470448]
[0.14468454]
[0.14468117]
[0.14468114]
[0.14467864]
[0.1446712]
[0.14467107]
[0.1446699]
[0.14465946]
[0.14465654]
[0.14463802]
[0.14463356]
[0.14463232]
[0.14462973]
[0.14462925]
[0.14462714]
[0.14461581]
[0.14461268]
[0.14460425]
[0.14459322]
[0.14458552]
[0.14457305]
[0.1445616]
[0.14455406]
[0.14455368]
[0.14452538]
[0.14452364]
[0.14451751]
[0.14451237]
[0.14450975]
[0.14447807]
[0.14447524]
[0.14447199]
[0.14444306]
[0.14442974]
[0.14442846]
[0.14442715]
[0.1444191]
[0.14441276]
[0.14440706]
[0.1444058]
[0.14440447]
[0.14439522]
[0.14438547]
[0.14437878]
[0.14437793]
[0.14437503]
[0.14436547]
[0.14434321]
[0.14434285]
[0.144339]
[0.1443221]
[0.14430526]
[0.14429428]
[0.14428477]
[0.1442749]
[0.1442586]
[0.14425536]
[0.14425045]
[0.14424978]
[0.14424783]
[0.14424759]
[0.1442293]
[0.14422823]
[0.14422803]
[0.1442257]
[0.1442171]
[0.14419454]
[0.14417818]
[0.14417163]
[0.14416967]
[0.14416513]
[0.14415161]
[0.14412832]
[0.14412685]
[0.14412156]
[0.14411327]
[0.14410457]
[0.14409491]
[0.14408427]
[0.14407165]
[0.14405484]
[0.14405397]
[0.14404546]
[0.1440433]
[0.14403442]
[0.14402813]
[0.1440281]
[0.14402507]
[0.14402395]
[0.1440165]
[0.14400958]
[0.14400958]
[0.1440051]
[0.14400096]
[0.14395927]
[0.14395927]
[0.14395134]
[0.14394675]
[0.14394572]
[0.14394309]
[0.14394231]
[0.14392023]
[0.14391708]
[0.14390548]
[0.1438935]
[0.14389014]
[0.14387323]
[0.1438678]
[0.14386548]
[0.14386222]
[0.14386106]
[0.14384848]
[0.14384061]
[0.14383331]
[0.14383331]
[0.14383331]
[0.14381944]
[0.14381562]
[0.1438067]
[0.14380175]
[0.14379366]
[0.14378357]
[0.14376825]
[0.14375757]
[0.14375246]
[0.14374343]
[0.14373296]
[0.14373171]
[0.14373153]
[0.14372578]
[0.14372317]
[0.14372227]
[0.14368726]
[0.14367564]
[0.14364456]
[0.14363639]
[0.14363599]
[0.1436238]
[0.1436174]
[0.14360553]
[0.14360532]
[0.14359413]
[0.14359212]
[0.14359038]
[0.1435843]
[0.14356662]
[0.14355384]
[0.14353977]
[0.14353302]
[0.14352705]
[0.1435109]
[0.14350724]
[0.1434981]
[0.14348754]
[0.14347377]
[0.14345941]
[0.14345297]
[0.14344835]
[0.143447]
[0.14343747]
[0.14342977]
[0.1434272]
[0.14341062]
[0.14340997]
[0.14339674]
[0.14339088]
[0.14337775]
[0.14336564]
[0.14334133]
[0.14333448]
[0.14332677]
[0.1433168]
[0.14331329]
[0.14331089]
[0.14329772]
[0.1432945]
[0.14329249]
[0.14328682]
[0.1432611]
[0.14323327]
[0.14323208]
[0.14323132]
[0.14322585]
[0.14322035]
[0.14319864]
[0.14319563]
[0.14318338]
[0.14317405]
[0.14317349]
[0.14316525]
[0.14314307]
[0.14314191]
[0.14312872]
[0.14312764]
[0.14311874]
[0.14310658]
[0.14309876]
[0.14309636]
[0.14308083]
[0.14307998]
[0.14307004]
[0.14306958]
[0.14306925]
[0.14306302]
[0.1430571]
[0.14305612]
[0.14304943]
[0.14304893]
[0.14304326]
[0.14303]
[0.1430269]
[0.14302152]
[0.14302017]
[0.14302017]
[0.14301872]
[0.14301562]
[0.14301448]
[0.14301282]
[0.1430127]
[0.14300233]
[0.1429987]
[0.14298397]
[0.14295937]
[0.1429462]
[0.14293835]
[0.14293677]
[0.14292961]
[0.14292021]
[0.14291869]
[0.14291653]
[0.14290631]
[0.14290234]
[0.1428826]
[0.14287174]
[0.14285058]
[0.14281893]
[0.14280973]
[0.14280313]
[0.14279951]
[0.14279301]
[0.14278914]
[0.14278634]
[0.14278497]
[0.14277577]
[0.14275885]
[0.14273475]
[0.14272557]
[0.14271696]
[0.14271514]
[0.14269905]
[0.14269497]
[0.14268456]
[0.14265287]
[0.14264269]
[0.14263757]
[0.14263718]
[0.14263272]
[0.14262708]
[0.14262578]
[0.14262578]
[0.14262071]
[0.14261986]
[0.14261565]
[0.14260797]
[0.14260224]
[0.14259648]
[0.14259145]
[0.14258043]
[0.14257321]
[0.14257063]
[0.142568]
[0.1425629]
[0.1425566]
[0.14254732]
[0.14253421]
[0.14252919]
[0.14251484]
[0.14250956]
[0.14249936]
[0.14249884]
[0.14247745]
[0.14247419]
[0.14247338]
[0.14246988]
[0.14246435]
[0.14245905]
[0.14243452]
[0.14243074]
[0.1424271]
[0.14239937]
[0.14239827]
[0.14238863]
[0.14238837]
[0.14238264]
[0.14237593]
[0.14237268]
[0.14237125]
[0.14236511]
[0.1423636]
[0.14236279]
[0.14236109]
[0.14235595]
[0.14234072]
[0.14234072]
[0.14233842]
[0.14233842]
[0.14233217]
[0.14232086]
[0.14231166]
[0.14229311]
[0.1422884]
[0.14227109]
[0.14226569]
[0.14222202]
[0.14221956]
[0.14221735]
[0.1422125]
[0.14221118]
[0.14220741]
[0.14219141]
[0.14218771]
[0.14218652]
[0.14217216]
[0.14216018]
[0.14214924]
[0.14214747]
[0.14214696]
[0.14214309]
[0.14214012]
[0.14211181]
[0.1421033]
[0.1420957]
[0.14207906]
[0.14207622]
[0.14206888]
[0.14206667]
[0.14206438]
[0.14205548]
[0.14204924]
[0.14204915]
[0.14202386]
[0.14200865]
[0.14198707]
[0.14197652]
[0.1419742]
[0.1419231]
[0.14191484]
[0.1419012]
[0.14189929]
[0.14189804]
[0.1418962]
[0.141887]
[0.14188567]
[0.14186202]
[0.14185853]
[0.14185713]
[0.14185081]
[0.14183177]
[0.14182289]
[0.14182004]
[0.14180085]
[0.14178814]
[0.14178686]
[0.14177607]
[0.14176898]
[0.14176638]
[0.1417568]
[0.14175071]
[0.1417412]
[0.14173743]
[0.14173616]
[0.14172861]
[0.14172262]
[0.14171648]
[0.1417164]
[0.14171115]
[0.14170526]
[0.14170246]
[0.14168726]
[0.14168082]
[0.14167865]
[0.14166448]
[0.14165549]
[0.14162928]
[0.14161713]
[0.14160593]
[0.14158057]
[0.14156118]
[0.14155295]
[0.14155139]
[0.14154507]
[0.14150278]
[0.14149287]
[0.14148553]
[0.14146617]
[0.14146604]
[0.14145164]
[0.14145164]
[0.14144823]
[0.14144625]
[0.14143717]
[0.14143562]
[0.1414339]
[0.14141342]
[0.14140534]
[0.14140086]
[0.14138679]
[0.14137615]
[0.14137429]
[0.1413659]
[0.14135054]
[0.14134172]
[0.14133084]
[0.1413262]
[0.14132333]
[0.14132197]
[0.1413154]
[0.14131482]
[0.14129207]
[0.14128825]
[0.14127968]
[0.14126748]
[0.14125215]
[0.14124197]
[0.1412339]
[0.14123283]
[0.14121623]
[0.14121239]
[0.14120957]
[0.14120686]
[0.14120576]
[0.14119886]
[0.14119686]
[0.14119342]
[0.1411916]
[0.14118347]
[0.1411809]
[0.14117512]
[0.14116731]
[0.14116435]
[0.14116241]
[0.1411601]
[0.1411601]
[0.1411554]
[0.14114845]
[0.14113738]
[0.141137]
[0.14112858]
[0.14112839]
[0.14110738]
[0.14110547]
[0.1410964]
[0.14109553]
[0.14109553]
[0.14109267]
[0.14108762]
[0.1410827]
[0.14108004]
[0.1410672]
[0.14106347]
[0.14106266]
[0.14104792]
[0.14103577]
[0.14103048]
[0.14102398]
[0.14101523]
[0.1410101]
[0.14099842]
[0.14099772]
[0.14097919]
[0.14097919]
[0.14093776]
[0.14093126]
[0.14092627]
[0.14092186]
[0.14092049]
[0.14092001]
[0.14091207]
[0.14090875]
[0.1409012]
[0.14090061]
[0.1408882]
[0.1408841]
[0.14087732]
[0.14087048]
[0.14086218]
[0.14085537]
[0.1408477]
[0.14084412]
[0.14082626]
[0.14080675]
[0.14080495]
[0.1408027]
[0.14079969]
[0.14079969]
[0.14079906]
[0.14079109]
[0.14078657]
[0.14078082]
[0.1407716]
[0.14076486]
[0.14076427]
[0.14075868]
[0.14074542]
[0.14074363]
[0.14073719]
[0.14073719]
[0.14073719]
[0.14073718]
[0.1407287]
[0.14072616]
[0.14072475]
[0.1407135]
[0.14070436]
[0.14070356]
[0.14069895]
[0.14069411]
[0.1406798]
[0.14067882]
[0.14067309]
[0.14067163]
[0.14066672]
[0.1406648]
[0.1406629]
[0.14065945]
[0.14065762]
[0.14065053]
[0.14064263]
[0.1406426]
[0.14063998]
[0.14063765]
[0.1406305]
[0.14062707]
[0.14062563]
[0.14062315]
[0.14061263]
[0.14061196]
[0.1406105]
[0.14059906]
[0.14058444]
[0.14058049]
[0.14056727]
[0.14056692]
[0.14056635]
[0.14054906]
[0.14054477]
[0.14052087]
[0.14051554]
[0.14051145]
[0.14049177]
[0.14048594]
[0.14048025]
[0.14047432]
[0.14046682]
[0.14046666]
[0.14045703]
[0.14045613]
[0.14045241]
[0.14043613]
[0.14042848]
[0.14042121]
[0.14041618]
[0.14041345]
[0.1404122]
[0.14041021]
[0.14040764]
[0.14039609]
[0.14038463]
[0.14037065]
[0.14036709]
[0.14036573]
[0.1403563]
[0.14035432]
[0.14034888]
[0.14033943]
[0.14033234]
[0.14033076]
[0.1403263]
[0.14032541]
[0.14031701]
[0.14031248]
[0.14031248]
[0.14030841]
[0.14029369]
[0.14029013]
[0.14028694]
[0.14027011]
[0.14026341]
[0.14025952]
[0.14025843]
[0.14025755]
[0.14025193]
[0.14025144]
[0.14023857]
[0.14023763]
[0.14023302]
[0.14022693]
[0.14022152]
[0.14022043]
[0.14021876]
[0.14021704]
[0.14021388]
[0.1402135]
[0.14021009]
[0.14020917]
[0.14020051]
[0.1402002]
[0.14019993]
[0.14019915]
[0.14019915]
[0.1401957]
[0.14016491]
[0.14014946]
[0.14013928]
[0.14013696]
[0.1401329]
[0.14012294]
[0.14009981]
[0.14009464]
[0.14008337]
[0.1400828]
[0.14008142]
[0.14008103]
[0.14007862]
[0.14007623]
[0.14007553]
[0.14007063]
[0.14006488]
[0.1400453]
[0.14004146]
[0.14003764]
[0.14003256]
[0.14003198]
[0.1400294]
[0.14002334]
[0.14001413]
[0.13999982]
[0.13999398]
[0.13999161]
[0.1399838]
[0.13997503]
[0.13997295]
[0.13996784]
[0.1399628]
[0.13995026]
[0.1399403]
[0.13993764]
[0.13993594]
[0.13992788]
[0.13992515]
[0.1399234]
[0.13991436]
[0.13991436]
[0.13990915]
[0.1399069]
[0.13990162]
[0.13989106]
[0.13988727]
[0.13987242]
[0.13986857]
[0.13986732]
[0.13986494]
[0.13984431]
[0.13984379]
[0.13984276]
[0.13984153]
[0.13983423]
[0.13981791]
[0.13981105]
[0.13980526]
[0.13980336]
[0.13980278]
[0.13979729]
[0.13979101]
[0.13978846]
[0.1397827]
[0.13977842]
[0.13976786]
[0.13976587]
[0.13975716]
[0.13975254]
[0.13972867]
[0.13971817]
[0.13971305]
[0.13970906]
[0.13970867]
[0.13970244]
[0.13969557]
[0.13968116]
[0.1396747]
[0.13967003]
[0.13966632]
[0.13966583]
[0.13964792]
[0.13964552]
[0.13962433]
[0.13962328]
[0.1396222]
[0.13961825]
[0.13961563]
[0.13959318]
[0.13957702]
[0.13956264]
[0.13955823]
[0.13955805]
[0.13954906]
[0.1395327]
[0.13952294]
[0.13951941]
[0.1395102]
[0.13950853]
[0.13950218]
[0.13950172]
[0.13948601]
[0.13948104]
[0.13946894]
[0.13946407]
[0.139464]
[0.13945386]
[0.1394529]
[0.13944444]
[0.13943921]
[0.13943821]
[0.13943008]
[0.13940541]
[0.13940467]
[0.13939446]
[0.13938871]
[0.13938588]
[0.13937744]
[0.13936941]
[0.13935386]
[0.1393496]
[0.13934016]
[0.13932535]
[0.13932443]
[0.13931975]
[0.13931791]
[0.1393115]
[0.13929339]
[0.13928361]
[0.13927326]
[0.13926624]
[0.13926359]
[0.13925344]
[0.13925183]
[0.13925074]
[0.1392492]
[0.13924395]
[0.13924031]
[0.13923778]
[0.13923332]
[0.1392282]
[0.13922228]
[0.13921897]
[0.13921203]
[0.13921165]
[0.13920577]
[0.13919663]
[0.13919172]
[0.13918804]
[0.13917586]
[0.1391579]
[0.13915707]
[0.1391471]
[0.13914573]
[0.13913882]
[0.13913505]
[0.13913505]
[0.13913116]
[0.13913003]
[0.1391281]
[0.13911507]
[0.13911314]
[0.13910761]
[0.1390999]
[0.13909742]
[0.13908793]
[0.1390728]
[0.13906915]
[0.13905643]
[0.13905157]
[0.13904789]
[0.13904658]
[0.13903542]
[0.13903399]
[0.13902685]
[0.13902429]
[0.13902189]
[0.13901772]
[0.13901663]
[0.1390143]
[0.13901004]
[0.13899465]
[0.13899015]
[0.13897526]
[0.13896109]
[0.13895766]
[0.13894212]
[0.1389304]
[0.13892391]
[0.13892035]
[0.13891742]
[0.13891733]
[0.13891354]
[0.1389037]
[0.1389015]
[0.138899]
[0.13889335]
[0.13888593]
[0.1388775]
[0.138871]
[0.13887013]
[0.13886489]
[0.13884228]
[0.13884191]
[0.13883536]
[0.13882624]
[0.13881393]
[0.13880697]
[0.13880347]
[0.13879378]
[0.13879135]
[0.13878985]
[0.13878073]
[0.13877705]
[0.13876486]
[0.13875471]
[0.13873962]
[0.13873722]
[0.13873574]
[0.13873443]
[0.1387318]
[0.13872798]
[0.13872291]
[0.13871032]
[0.13868313]
[0.13867666]
[0.13867559]
[0.13867268]
[0.13866693]
[0.13866596]
[0.13865952]
[0.13865764]
[0.13865137]
[0.13865049]
[0.13864551]
[0.13864243]
[0.13863702]
[0.13863654]
[0.13863432]
[0.13862842]
[0.13862336]
[0.13862225]
[0.13860333]
[0.13860326]
[0.13859127]
[0.1385909]
[0.13858648]
[0.13858457]
[0.1385802]
[0.1385761]
[0.13857605]
[0.13856712]
[0.1385667]
[0.13856375]
[0.13855684]
[0.1385345]
[0.1385319]
[0.13853087]
[0.13852943]
[0.13852862]
[0.13852824]
[0.13852146]
[0.13852079]
[0.13851897]
[0.13851897]
[0.1385015]
[0.13847403]
[0.13847007]
[0.13846876]
[0.13846213]
[0.13846125]
[0.13846037]
[0.13845775]
[0.13845775]
[0.13845716]
[0.13845673]
[0.13844961]
[0.13844737]
[0.13844593]
[0.13844037]
[0.1384378]
[0.13842212]
[0.13842142]
[0.13841692]
[0.13841507]
[0.13841003]
[0.13841003]
[0.13840292]
[0.138402]
[0.13839453]
[0.13839024]
[0.13837636]
[0.13836884]
[0.13836558]
[0.13835989]
[0.13835914]
[0.13835861]
[0.13835597]
[0.13835034]
[0.13831788]
[0.13831013]
[0.13830256]
[0.13829714]
[0.1382926]
[0.1382891]
[0.1382831]
[0.13828072]
[0.13827538]
[0.13826038]
[0.13825549]
[0.13825235]
[0.138247]
[0.13823903]
[0.13822493]
[0.13821596]
[0.13821113]
[0.13820714]
[0.13820659]
[0.13820449]
[0.13820328]
[0.13819538]
[0.13819495]
[0.13817403]
[0.13816077]
[0.13815844]
[0.13815841]
[0.13815236]
[0.13814396]
[0.13813533]
[0.13810734]
[0.13810565]
[0.13810025]
[0.13810019]
[0.13809514]
[0.13808708]
[0.13808526]
[0.13808246]
[0.13808243]
[0.13806646]
[0.1380654]
[0.13806044]
[0.1380372]
[0.13803641]
[0.1380336]
[0.13803165]
[0.1380281]
[0.13802208]
[0.13802132]
[0.13802025]
[0.13801502]
[0.1380077]
[0.1380043]
[0.1380034]
[0.13799727]
[0.13798587]
[0.13798569]
[0.13797946]
[0.13797422]
[0.13797215]
[0.13797131]
[0.13796885]
[0.13796885]
[0.13796137]
[0.13795269]
[0.13795269]
[0.13795269]
[0.13794017]
[0.13793623]
[0.13793623]
[0.13793525]
[0.1379346]
[0.13790031]
[0.13788077]
[0.13788028]
[0.13787298]
[0.13787279]
[0.13787153]
[0.13784422]
[0.13783373]
[0.13782778]
[0.13781269]
[0.13781263]
[0.13781236]
[0.13779871]
[0.13779484]
[0.13779274]
[0.13778636]
[0.13776839]
[0.1377559]
[0.13774335]
[0.13773596]
[0.1377349]
[0.13773292]
[0.13772888]
[0.13771957]
[0.13770369]
[0.1376918]
[0.13768113]
[0.13767968]
[0.13767563]
[0.13765961]
[0.13765171]
[0.13763377]
[0.13763097]
[0.13763052]
[0.13762763]
[0.13761787]
[0.13760324]
[0.13759227]
[0.13758631]
[0.13758513]
[0.13757917]
[0.13757811]
[0.1375748]
[0.1375698]
[0.1375658]
[0.13756114]
[0.13755977]
[0.13755748]
[0.13754483]
[0.13754408]
[0.13754363]
[0.13753575]
[0.13752681]
[0.13752545]
[0.13752398]
[0.13750662]
[0.13750209]
[0.13750196]
[0.13749729]
[0.13749717]
[0.13749689]
[0.13749582]
[0.13749392]
[0.13747896]
[0.13747007]
[0.13746251]
[0.13744278]
[0.13743122]
[0.13742058]
[0.13741788]
[0.13740097]
[0.13740097]
[0.13736671]
[0.13736036]
[0.13735898]
[0.13735338]
[0.13735066]
[0.13734812]
[0.13734812]
[0.13734797]
[0.1373449]
[0.13734211]
[0.13733569]
[0.13732705]
[0.13732322]
[0.13732271]
[0.13731635]
[0.13730875]
[0.13730016]
[0.13729921]
[0.13728593]
[0.1372826]
[0.13727863]
[0.13727562]
[0.13727233]
[0.13727117]
[0.1372634]
[0.13725844]
[0.13725725]
[0.13725634]
[0.13725545]
[0.13725488]
[0.13724491]
[0.13723531]
[0.13723372]
[0.1372241]
[0.13721947]
[0.1372183]
[0.13717891]
[0.13717891]
[0.13717142]
[0.13716681]
[0.13715875]
[0.13715687]
[0.13715361]
[0.13714989]
[0.13713978]
[0.13713036]
[0.13712926]
[0.13712679]
[0.1371267]
[0.13710968]
[0.13709375]
[0.13709222]
[0.13708216]
[0.1370784]
[0.13706473]
[0.13705313]
[0.13704972]
[0.13704067]
[0.13704045]
[0.1370286]
[0.13702689]
[0.13702632]
[0.13701583]
[0.13701043]
[0.13700746]
[0.1370062]
[0.13700369]
[0.1370003]
[0.1369928]
[0.13699238]
[0.13698192]
[0.13697116]
[0.13697025]
[0.13696907]
[0.13696772]
[0.13696085]
[0.13696085]
[0.13696085]
[0.13695808]
[0.13695481]
[0.13694988]
[0.13694732]
[0.13693865]
[0.13692673]
[0.13692258]
[0.13691616]
[0.13689646]
[0.13688561]
[0.13688561]
[0.13688172]
[0.13688102]
[0.13687587]
[0.13687055]
[0.1368525]
[0.1368501]
[0.13684444]
[0.1368348]
[0.13678671]
[0.13677743]
[0.13676628]
[0.13675241]
[0.1367465]
[0.13674612]
[0.13674222]
[0.1367387]
[0.13673554]
[0.13670865]
[0.13670526]
[0.1366975]
[0.13669407]
[0.13669053]
[0.13668917]
[0.13668866]
[0.13668723]
[0.13668464]
[0.13667904]
[0.13667652]
[0.13667652]
[0.13667063]
[0.1366663]
[0.13666509]
[0.1366547]
[0.13664754]
[0.13663523]
[0.13663426]
[0.136633]
[0.1366309]
[0.13662243]
[0.13661306]
[0.13661306]
[0.13659956]
[0.13659883]
[0.13659461]
[0.1365945]
[0.13658287]
[0.13657993]
[0.13656284]
[0.13653563]
[0.13653563]
[0.13653386]
[0.1365331]
[0.13652174]
[0.13651793]
[0.13651313]
[0.13649671]
[0.13649106]
[0.13648903]
[0.1364792]
[0.1364766]
[0.13646847]
[0.13646786]
[0.13645063]
[0.13644731]
[0.13644253]
[0.1364295]
[0.13642919]
[0.13641456]
[0.136412]
[0.1364064]
[0.13639763]
[0.13638656]
[0.1363851]
[0.13637117]
[0.13637117]
[0.13636976]
[0.13636309]
[0.13636291]
[0.13634528]
[0.13633928]
[0.13632484]
[0.1363146]
[0.13630497]
[0.1363006]
[0.13629796]
[0.13629408]
[0.13629408]
[0.13628297]
[0.1362764]
[0.13626742]
[0.13626361]
[0.1362618]
[0.1362433]
[0.13624223]
[0.13623658]
[0.13623305]
[0.13621724]
[0.13620491]
[0.13619621]
[0.13618562]
[0.13618258]
[0.13616492]
[0.13616402]
[0.13616374]
[0.13615589]
[0.1361467]
[0.13613974]
[0.13611136]
[0.13610369]
[0.13609785]
[0.13609785]
[0.13606422]
[0.13604398]
[0.13603993]
[0.13603692]
[0.1360272]
[0.13602275]
[0.1360117]
[0.13600677]
[0.13600615]
[0.1360028]
[0.13599528]
[0.13598089]
[0.1359773]
[0.13596606]
[0.13596237]
[0.13594994]
[0.13594656]
[0.13594648]
[0.1359422]
[0.13592128]
[0.13591446]
[0.1359139]
[0.1359101]
[0.13590695]
[0.13589844]
[0.13589644]
[0.13589099]
[0.13589038]
[0.1358831]
[0.1358817]
[0.13587722]
[0.13587615]
[0.13586687]
[0.13586496]
[0.1358511]
[0.13584878]
[0.13584805]
[0.13584603]
[0.13584366]
[0.13583641]
[0.13582873]
[0.13581374]
[0.13580795]
[0.13580339]
[0.13577859]
[0.13577838]
[0.13576458]
[0.13574934]
[0.13572325]
[0.13572003]
[0.13571174]
[0.13570173]
[0.13570102]
[0.13570067]
[0.13569167]
[0.13568972]
[0.13568804]
[0.13568635]
[0.13567193]
[0.13562854]
[0.13562724]
[0.1356246]
[0.13561898]
[0.13560212]
[0.13560139]
[0.13560139]
[0.13560037]
[0.13559668]
[0.13559459]
[0.13559121]
[0.13558306]
[0.13557953]
[0.13557701]
[0.1355764]
[0.13557556]
[0.13556796]
[0.13556701]
[0.13555315]
[0.13555244]
[0.1355412]
[0.13553712]
[0.13552082]
[0.13549684]
[0.13549578]
[0.13549434]
[0.13548304]
[0.13548031]
[0.13548031]
[0.13547221]
[0.13546978]
[0.13545834]
[0.13545834]
[0.1354518]
[0.13544853]
[0.13544753]
[0.13544627]
[0.13544147]
[0.13543971]
[0.13543703]
[0.13542296]
[0.1354176]
[0.13540901]
[0.1354078]
[0.13540721]
[0.13540384]
[0.13540384]
[0.13539799]
[0.13539633]
[0.13539499]
[0.13538226]
[0.13536003]
[0.13535364]
[0.13533829]
[0.13532412]
[0.13532071]
[0.13531661]
[0.13531484]
[0.13531089]
[0.13530833]
[0.13529798]
[0.13529623]
[0.13529053]
[0.13528484]
[0.13527732]
[0.13527732]
[0.13527185]
[0.1352535]
[0.13524075]
[0.13524075]
[0.135239]
[0.13523532]
[0.13523258]
[0.13522893]
[0.13522862]
[0.13522513]
[0.13521719]
[0.13521457]
[0.13519378]
[0.13518949]
[0.13518123]
[0.13517186]
[0.13514905]
[0.13513821]
[0.13513653]
[0.13513434]
[0.13512968]
[0.13512768]
[0.13512532]
[0.13511984]
[0.13511235]
[0.13509813]
[0.13509741]
[0.13508415]
[0.13507271]
[0.13507089]
[0.13505954]
[0.1350562]
[0.13505001]
[0.13504767]
[0.13502054]
[0.13502054]
[0.13501836]
[0.13500848]
[0.13500585]
[0.1350054]
[0.13499242]
[0.1349897]
[0.13498312]
[0.13497889]
[0.13496675]
[0.13496092]
[0.13495927]
[0.13495699]
[0.13495599]
[0.13495195]
[0.13495006]
[0.13492846]
[0.13492045]
[0.13492042]
[0.13491753]
[0.13491693]
[0.13491327]
[0.13489927]
[0.13489427]
[0.13489254]
[0.13489151]
[0.13489099]
[0.13489006]
[0.13488911]
[0.13488606]
[0.13486274]
[0.13486274]
[0.13486087]
[0.13485667]
[0.1348448]
[0.13483259]
[0.13481645]
[0.13481645]
[0.13481313]
[0.13480376]
[0.13480139]
[0.13479778]
[0.1347913]
[0.13479108]
[0.13478804]
[0.13478749]
[0.13478193]
[0.13478032]
[0.13477467]
[0.13477336]
[0.13473599]
[0.13473527]
[0.13473311]
[0.13473183]
[0.1347241]
[0.13472016]
[0.13471274]
[0.13468711]
[0.1346836]
[0.13468203]
[0.13467602]
[0.13466953]
[0.13466631]
[0.13466519]
[0.13466117]
[0.13466117]
[0.1346568]
[0.13465185]
[0.13465075]
[0.13463941]
[0.13463858]
[0.13463669]
[0.13462032]
[0.13461724]
[0.13461518]
[0.13460697]
[0.1346045]
[0.13459025]
[0.13458964]
[0.13458961]
[0.13458414]
[0.13458164]
[0.13458164]
[0.13457589]
[0.13457508]
[0.13457176]
[0.13457176]
[0.13457143]
[0.13454577]
[0.13454539]
[0.13454539]
[0.13453747]
[0.13453144]
[0.13452817]
[0.134523]
[0.13452028]
[0.13451701]
[0.1345166]
[0.13451229]
[0.13450639]
[0.13450475]
[0.13449337]
[0.13447694]
[0.13446717]
[0.13445476]
[0.1344483]
[0.13444732]
[0.13443454]
[0.13443293]
[0.13442539]
[0.13442184]
[0.13442084]
[0.13441859]
[0.1344159]
[0.13441026]
[0.1344068]
[0.13439693]
[0.13438417]
[0.13438417]
[0.1343808]
[0.1343714]
[0.13436048]
[0.13435745]
[0.13435344]
[0.13435155]
[0.13433728]
[0.13433708]
[0.13433444]
[0.13433444]
[0.13432527]
[0.13431807]
[0.13431679]
[0.1343124]
[0.13430902]
[0.13430864]
[0.13430548]
[0.13429871]
[0.1342986]
[0.1342823]
[0.13428092]
[0.13427953]
[0.1342736]
[0.13425903]
[0.13425279]
[0.13423982]
[0.13423087]
[0.13422996]
[0.13422412]
[0.13421541]
[0.1342025]
[0.13419327]
[0.13419326]
[0.13418543]
[0.1341743]
[0.13417237]
[0.13416427]
[0.13415812]
[0.13414389]
[0.13413398]
[0.1341254]
[0.13411766]
[0.13411485]
[0.13411027]
[0.13410912]
[0.13410297]
[0.13409594]
[0.13408896]
[0.13408032]
[0.13407928]
[0.13407534]
[0.13407502]
[0.13407052]
[0.13406134]
[0.13405234]
[0.13404904]
[0.13404429]
[0.13404365]
[0.1340298]
[0.13402846]
[0.13402091]
[0.13401796]
[0.13401401]
[0.1340133]
[0.13400333]
[0.13399486]
[0.13398927]
[0.13398448]
[0.1339823]
[0.1339776]
[0.13397583]
[0.13397506]
[0.13396873]
[0.13396853]
[0.13394912]
[0.1339452]
[0.13394181]
[0.13393055]
[0.1339273]
[0.13392632]
[0.13391174]
[0.13391015]
[0.1339083]
[0.13390258]
[0.1338992]
[0.13388363]
[0.13388336]
[0.13387318]
[0.13385572]
[0.13385423]
[0.13385057]
[0.13384178]
[0.13381301]
[0.13381065]
[0.13379292]
[0.1337901]
[0.13378988]
[0.13377772]
[0.13377053]
[0.13376383]
[0.13375579]
[0.13374873]
[0.13374537]
[0.13373148]
[0.13372028]
[0.13371828]
[0.13371518]
[0.1337087]
[0.13370812]
[0.13370275]
[0.1337023]
[0.1336884]
[0.1336857]
[0.13368371]
[0.13367383]
[0.13365465]
[0.13365322]
[0.13365]
[0.1336365]
[0.13363406]
[0.13362706]
[0.13362433]
[0.13362087]
[0.13361593]
[0.13361453]
[0.13360173]
[0.13360095]
[0.1335973]
[0.13359158]
[0.1335914]
[0.13357666]
[0.13357627]
[0.13356492]
[0.13356383]
[0.13356383]
[0.13356303]
[0.13355812]
[0.13354951]
[0.13354951]
[0.1335429]
[0.1335403]
[0.13354027]
[0.13353907]
[0.13351645]
[0.1335087]
[0.13350514]
[0.13349986]
[0.13349357]
[0.13348816]
[0.13348597]
[0.13348112]
[0.13348083]
[0.13345806]
[0.13345385]
[0.13344915]
[0.1334474]
[0.1334392]
[0.13343826]
[0.1334381]
[0.13343799]
[0.1334355]
[0.1334305]
[0.1334303]
[0.13342123]
[0.13341941]
[0.13341561]
[0.13340761]
[0.13340618]
[0.13340315]
[0.13339807]
[0.13338688]
[0.13338539]
[0.13338532]
[0.13338241]
[0.13335243]
[0.13335001]
[0.1333429]
[0.13333966]
[0.13333794]
[0.13333571]
[0.13332602]
[0.13331899]
[0.13331753]
[0.13330902]
[0.1333015]
[0.13329895]
[0.1332965]
[0.13327584]
[0.13327321]
[0.13327101]
[0.13325967]
[0.13325517]
[0.1332481]
[0.13323438]
[0.13322474]
[0.13322161]
[0.13321918]
[0.13320234]
[0.1332003]
[0.13319847]
[0.13319705]
[0.13319536]
[0.13319226]
[0.13318951]
[0.13318363]
[0.13318363]
[0.1331812]
[0.13317083]
[0.13316819]
[0.13316609]
[0.13316025]
[0.13314223]
[0.13314204]
[0.13314204]
[0.13312417]
[0.1331178]
[0.13310674]
[0.13310388]
[0.13310008]
[0.1330922]
[0.13308902]
[0.1330828]
[0.13307285]
[0.13305217]
[0.13304804]
[0.13304257]
[0.13304095]
[0.13302846]
[0.133024]
[0.13300592]
[0.13299921]
[0.13299827]
[0.13299528]
[0.13299528]
[0.13298419]
[0.13298324]
[0.13297021]
[0.13297021]
[0.13295522]
[0.1329535]
[0.13294283]
[0.132935]
[0.13292032]
[0.13291708]
[0.13291527]
[0.13290682]
[0.13289623]
[0.13289304]
[0.13287644]
[0.13286813]
[0.13286379]
[0.13285933]
[0.1328568]
[0.13285145]
[0.13285112]
[0.13283885]
[0.13283457]
[0.13283041]
[0.13281742]
[0.13281496]
[0.13281015]
[0.13280933]
[0.1328071]
[0.13280517]
[0.13278788]
[0.13277844]
[0.13275753]
[0.13274494]
[0.13274401]
[0.1327436]
[0.13272798]
[0.13272771]
[0.13272618]
[0.13270476]
[0.13269626]
[0.13269319]
[0.13269038]
[0.13268784]
[0.13268533]
[0.13268389]
[0.13268083]
[0.1326781]
[0.13266717]
[0.13266471]
[0.13265003]
[0.13264689]
[0.13263147]
[0.13262242]
[0.13262148]
[0.13261949]
[0.13261577]
[0.13260514]
[0.1325951]
[0.1325951]
[0.1325951]
[0.13258152]
[0.13258122]
[0.13256234]
[0.13253741]
[0.13253741]
[0.13253401]
[0.132533]
[0.13253225]
[0.13252947]
[0.13252889]
[0.13252078]
[0.13251944]
[0.13251688]
[0.13251522]
[0.13251387]
[0.13246019]
[0.13246019]
[0.13245428]
[0.13243592]
[0.13243487]
[0.13243411]
[0.13242792]
[0.13242494]
[0.13242024]
[0.13241215]
[0.13239935]
[0.13239735]
[0.13239168]
[0.13237375]
[0.13236701]
[0.13236667]
[0.13236636]
[0.13236247]
[0.13236016]
[0.13233246]
[0.13232507]
[0.13231702]
[0.1322886]
[0.13228601]
[0.13227865]
[0.13227627]
[0.13227181]
[0.13227163]
[0.13227142]
[0.13227104]
[0.13226928]
[0.13226514]
[0.13226159]
[0.13225646]
[0.13225633]
[0.13225375]
[0.13225183]
[0.13225019]
[0.13225009]
[0.1322446]
[0.13224316]
[0.13224027]
[0.13222247]
[0.13222124]
[0.13221622]
[0.13217035]
[0.13216159]
[0.13215812]
[0.13214499]
[0.13213699]
[0.13213603]
[0.13212815]
[0.13212602]
[0.13210404]
[0.13209464]
[0.13209412]
[0.1320851]
[0.13207649]
[0.13207465]
[0.13207422]
[0.13205984]
[0.13205057]
[0.13204399]
[0.13204195]
[0.13203686]
[0.13203375]
[0.13201103]
[0.13200755]
[0.13198534]
[0.13198228]
[0.13197786]
[0.13197595]
[0.13196748]
[0.13196093]
[0.13195427]
[0.13195367]
[0.13195224]
[0.13195224]
[0.13195142]
[0.13195142]
[0.13194634]
[0.13193214]
[0.13192213]
[0.13192095]
[0.1319133]
[0.1319115]
[0.13191105]
[0.13190648]
[0.13190484]
[0.13190198]
[0.13189802]
[0.13189113]
[0.13186997]
[0.13185526]
[0.13185398]
[0.1318333]
[0.13183165]
[0.13182476]
[0.1318158]
[0.13181478]
[0.1318079]
[0.13180323]
[0.1317927]
[0.13177808]
[0.13177669]
[0.13177162]
[0.13176174]
[0.13175775]
[0.13175438]
[0.13175242]
[0.13175242]
[0.13172923]
[0.13170671]
[0.13170251]
[0.13169919]
[0.13168937]
[0.13168103]
[0.13165998]
[0.13165589]
[0.13165423]
[0.13165157]
[0.13164914]
[0.131642]
[0.1316409]
[0.13162136]
[0.13158858]
[0.13158701]
[0.13157682]
[0.1315557]
[0.13155077]
[0.13154939]
[0.13154636]
[0.1315282]
[0.13151678]
[0.13150962]
[0.13150203]
[0.13149723]
[0.13149385]
[0.13148338]
[0.13147795]
[0.13143209]
[0.13142233]
[0.13141307]
[0.13139957]
[0.13139524]
[0.13139184]
[0.1313883]
[0.13138601]
[0.13138564]
[0.13138366]
[0.1313705]
[0.13135827]
[0.13135283]
[0.13134341]
[0.13134341]
[0.13133669]
[0.13133559]
[0.13131563]
[0.13130887]
[0.13130675]
[0.13130249]
[0.13130186]
[0.1312967]
[0.13129604]
[0.13128734]
[0.13127494]
[0.13127455]
[0.1312745]
[0.13125469]
[0.13125065]
[0.13124177]
[0.13124013]
[0.13123111]
[0.13122573]
[0.13121809]
[0.13121802]
[0.1312073]
[0.13120568]
[0.13118994]
[0.13117944]
[0.13116068]
[0.13116068]
[0.13115388]
[0.13114943]
[0.13113818]
[0.13113326]
[0.13113105]
[0.13112645]
[0.13111047]
[0.1311058]
[0.13110341]
[0.13109602]
[0.13108902]
[0.13108347]
[0.1310794]
[0.13107759]
[0.13106439]
[0.13106413]
[0.13105996]
[0.13104177]
[0.13104008]
[0.1309985]
[0.13099834]
[0.13099834]
[0.13099442]
[0.1309846]
[0.1309845]
[0.1309794]
[0.13097684]
[0.13096164]
[0.13095723]
[0.13095297]
[0.13094217]
[0.13093902]
[0.1309388]
[0.13091119]
[0.13090718]
[0.13090718]
[0.13090642]
[0.13089903]
[0.13089779]
[0.13086906]
[0.13085139]
[0.13083789]
[0.13083127]
[0.13082267]
[0.13079756]
[0.13078155]
[0.13077605]
[0.13077575]
[0.13077332]
[0.13075632]
[0.13075413]
[0.13074727]
[0.13074516]
[0.1307435]
[0.13073985]
[0.1307364]
[0.1307273]
[0.13072307]
[0.13070245]
[0.13070217]
[0.1306821]
[0.1306813]
[0.13067916]
[0.13067336]
[0.13066444]
[0.13066004]
[0.13062929]
[0.13062668]
[0.13062353]
[0.1306177]
[0.13061656]
[0.13060904]
[0.1305981]
[0.13058856]
[0.13058361]
[0.13058056]
[0.13057947]
[0.13057892]
[0.13057719]
[0.13054699]
[0.13054675]
[0.13054612]
[0.13054207]
[0.13053095]
[0.1305298]
[0.13052025]
[0.13051696]
[0.13051462]
[0.13051444]
[0.13047275]
[0.13046701]
[0.13046621]
[0.13046215]
[0.13045868]
[0.13045804]
[0.13045107]
[0.13043219]
[0.13042426]
[0.13041212]
[0.13040188]
[0.13038546]
[0.13037755]
[0.130372]
[0.13035281]
[0.1303473]
[0.13034597]
[0.13033251]
[0.13030711]
[0.13030425]
[0.13030194]
[0.13029169]
[0.13026062]
[0.13022314]
[0.13021939]
[0.13019608]
[0.13018793]
[0.13017958]
[0.13017958]
[0.13017443]
[0.13016215]
[0.13014711]
[0.13012719]
[0.13012584]
[0.13012211]
[0.13010879]
[0.13010557]
[0.13010141]
[0.13009381]
[0.13009216]
[0.13009204]
[0.13008079]
[0.1300667]
[0.13006146]
[0.13003859]
[0.13000515]
[0.129995]
[0.12999484]
[0.12999056]
[0.12997986]
[0.12997904]
[0.12997665]
[0.12997338]
[0.12996659]
[0.12995484]
[0.1299481]
[0.12994786]
[0.12993969]
[0.12993892]
[0.12992907]
[0.12991834]
[0.12990595]
[0.12990455]
[0.12989967]
[0.12989946]
[0.12989636]
[0.12988569]
[0.12988116]
[0.12987097]
[0.12986726]
[0.12984166]
[0.12981343]
[0.12981144]
[0.1298054]
[0.12978931]
[0.12977813]
[0.12976615]
[0.12976262]
[0.12975301]
[0.12974827]
[0.12971592]
[0.12971199]
[0.12970316]
[0.12969606]
[0.12969503]
[0.12967394]
[0.1296658]
[0.12966204]
[0.12966016]
[0.12964611]
[0.1296437]
[0.12963633]
[0.12963223]
[0.12963134]
[0.12962726]
[0.12962538]
[0.12960857]
[0.12960741]
[0.12960167]
[0.12960163]
[0.1295531]
[0.12953538]
[0.12952171]
[0.12951382]
[0.12949319]
[0.12947676]
[0.12947118]
[0.1294667]
[0.12945749]
[0.12945625]
[0.12945367]
[0.12945193]
[0.12945117]
[0.12944114]
[0.1294286]
[0.1294138]
[0.12940402]
[0.12940343]
[0.1293979]
[0.12939382]
[0.12939224]
[0.12939022]
[0.12938076]
[0.12937851]
[0.12937303]
[0.12936114]
[0.12935358]
[0.12934424]
[0.12933283]
[0.12931997]
[0.12929235]
[0.12928642]
[0.12927343]
[0.1292689]
[0.12926398]
[0.12926166]
[0.12925427]
[0.12924536]
[0.1292307]
[0.12921612]
[0.12919658]
[0.12919644]
[0.12919289]
[0.129189]
[0.12916006]
[0.12914349]
[0.12914246]
[0.12913845]
[0.12913367]
[0.12913004]
[0.12912793]
[0.12912062]
[0.12911595]
[0.12911595]
[0.12910381]
[0.12909046]
[0.12908794]
[0.12907293]
[0.12906045]
[0.12903164]
[0.12903021]
[0.1290202]
[0.1290202]
[0.12901875]
[0.12901735]
[0.12898885]
[0.12896234]
[0.12895562]
[0.12894638]
[0.12894568]
[0.12891829]
[0.12890397]
[0.12889609]
[0.12886962]
[0.12883459]
[0.12882972]
[0.12882961]
[0.12881775]
[0.1287971]
[0.1287869]
[0.1287791]
[0.12877701]
[0.12877691]
[0.12876427]
[0.12876046]
[0.12874807]
[0.12874629]
[0.12873901]
[0.1287382]
[0.12872297]
[0.12872]
[0.12871566]
[0.12871027]
[0.12869936]
[0.12867524]
[0.12867233]
[0.12867065]
[0.12866025]
[0.1286459]
[0.12864354]
[0.1286423]
[0.12861805]
[0.12859747]
[0.12858914]
[0.12857576]
[0.12855884]
[0.12855339]
[0.12854381]
[0.12853818]
[0.12853059]
[0.12851793]
[0.12849364]
[0.12848285]
[0.12848161]
[0.12846102]
[0.12845819]
[0.12841369]
[0.12840249]
[0.12839861]
[0.1283984]
[0.12839453]
[0.12839071]
[0.12838644]
[0.12838437]
[0.12831911]
[0.12830594]
[0.12828115]
[0.12826537]
[0.12824604]
[0.12824103]
[0.12821324]
[0.12820241]
[0.1281709]
[0.12816288]
[0.12815966]
[0.12815313]
[0.12814873]
[0.12814403]
[0.12811454]
[0.12810814]
[0.1281067]
[0.12810574]
[0.12809789]
[0.12809671]
[0.12809218]
[0.12804498]
[0.12803018]
[0.12802841]
[0.1280085]
[0.1280021]
[0.1279994]
[0.12798226]
[0.12797809]
[0.127973]
[0.12795438]
[0.12794353]
[0.12794337]
[0.12792633]
[0.12792501]
[0.12791649]
[0.12791362]
[0.12790012]
[0.12789766]
[0.12788475]
[0.12787844]
[0.1278741]
[0.12785375]
[0.12784365]
[0.12781918]
[0.12781782]
[0.12780751]
[0.12780577]
[0.12780395]
[0.12776992]
[0.12776284]
[0.12774488]
[0.12770513]
[0.12768896]
[0.12764479]
[0.12762778]
[0.12762746]
[0.12762682]
[0.12762131]
[0.12761058]
[0.12756796]
[0.12756276]
[0.12754768]
[0.12754533]
[0.12754424]
[0.12750593]
[0.1274878]
[0.12747838]
[0.12747735]
[0.1274495]
[0.12743826]
[0.12741265]
[0.12741068]
[0.12739849]
[0.12737411]
[0.12736829]
[0.12736577]
[0.12734438]
[0.12734024]
[0.12734015]
[0.12733781]
[0.12731731]
[0.12730975]
[0.12727098]
[0.12726127]
[0.12725568]
[0.12724882]
[0.12724331]
[0.1272313]
[0.1272289]
[0.12717399]
[0.1271712]
[0.12715957]
[0.12715279]
[0.12713996]
[0.12713094]
[0.12711307]
[0.12711205]
[0.12710413]
[0.1270828]
[0.12703262]
[0.12702197]
[0.12700532]
[0.12699279]
[0.12699279]
[0.12697524]
[0.12696409]
[0.12695758]
[0.12695594]
[0.12694111]
[0.12693526]
[0.12692794]
[0.12692696]
[0.12688434]
[0.12688234]
[0.12687927]
[0.12684798]
[0.12684548]
[0.12683454]
[0.12681292]
[0.12681147]
[0.12680447]
[0.12673192]
[0.12670994]
[0.1266991]
[0.12667356]
[0.12666]
[0.12664528]
[0.12663807]
[0.12663801]
[0.1266022]
[0.12658845]
[0.12657659]
[0.12656851]
[0.12655307]
[0.12654437]
[0.12650818]
[0.12650788]
[0.12650499]
[0.12648062]
[0.12647738]
[0.12645644]
[0.12644127]
[0.1264124]
[0.12640838]
[0.12640491]
[0.12640224]
[0.12639667]
[0.12639667]
[0.12638424]
[0.12634712]
[0.12632455]
[0.12632303]
[0.12631734]
[0.12631063]
[0.12629314]
[0.12629229]
[0.12628524]
[0.12627874]
[0.1262785]
[0.12627393]
[0.1262339]
[0.12620302]
[0.12618978]
[0.12615572]
[0.12612313]
[0.126087]
[0.12606898]
[0.12602858]
[0.12599933]
[0.12599847]
[0.12598816]
[0.12598786]
[0.125986]
[0.12598307]
[0.12595573]
[0.12595153]
[0.12593397]
[0.12592629]
[0.1258805]
[0.12587552]
[0.12585036]
[0.12584469]
[0.1258393]
[0.12583722]
[0.12583353]
[0.12580347]
[0.12576546]
[0.12574422]
[0.12573287]
[0.12571183]
[0.12570146]
[0.12568948]
[0.12567541]
[0.12565403]
[0.12560208]
[0.12559849]
[0.12558816]
[0.12558667]
[0.12557673]
[0.12557293]
[0.12557049]
[0.12554069]
[0.1255339]
[0.12551887]
[0.12545137]
[0.1254392]
[0.12543221]
[0.12542586]
[0.12540911]
[0.12537183]
[0.12536472]
[0.12535818]
[0.12535776]
[0.12535211]
[0.12534663]
[0.12533075]
[0.12531768]
[0.12530471]
[0.12529705]
[0.1252949]
[0.12528495]
[0.12528329]
[0.12527354]
[0.12526692]
[0.12524757]
[0.12523532]
[0.12520006]
[0.1251891]
[0.12517972]
[0.12516713]
[0.12516661]
[0.12512636]
[0.1250994]
[0.12507325]
[0.12502442]
[0.12501493]
[0.12498093]
[0.12498003]
[0.12497415]
[0.12492754]
[0.12491801]
[0.12490741]
[0.12490265]
[0.12485958]
[0.12480129]
[0.12479547]
[0.12477338]
[0.12477219]
[0.12477142]
[0.12475231]
[0.12474464]
[0.12472526]
[0.12472517]
[0.12472256]
[0.12471891]
[0.12468946]
[0.12467988]
[0.12464955]
[0.12462166]
[0.12456831]
[0.12455457]
[0.12454852]
[0.12454839]
[0.12454814]
[0.12450413]
[0.12449152]
[0.12448552]
[0.12446821]
[0.12446727]
[0.12446558]
[0.1243884]
[0.12434535]
[0.12433807]
[0.12431716]
[0.12431171]
[0.12429406]
[0.1242933]
[0.12422395]
[0.12421355]
[0.12419645]
[0.12417017]
[0.12415378]
[0.12414631]
[0.1241186]
[0.12410517]
[0.12406297]
[0.1240235]
[0.12399657]
[0.12397122]
[0.12396605]
[0.12396362]
[0.12395569]
[0.12392936]
[0.12392936]
[0.12388559]
[0.12383619]
[0.12381952]
[0.12381655]
[0.12376038]
[0.12373869]
[0.12372578]
[0.12367164]
[0.1236408]
[0.12363569]
[0.12361197]
[0.12359555]
[0.1234462]
[0.12340534]
[0.12339745]
[0.12338506]
[0.1233829]
[0.1233703]
[0.12336751]
[0.12332872]
[0.12328731]
[0.12325226]
[0.12324248]
[0.12324078]
[0.12323547]
[0.12321606]
[0.12320137]
[0.12319094]
[0.12317877]
[0.12316454]
[0.12314295]
[0.12313361]
[0.12309524]
[0.12307045]
[0.12306272]
[0.12305611]
[0.12305275]
[0.12298287]
[0.12298016]
[0.12296484]
[0.12295797]
[0.12287437]
[0.12286643]
[0.12278465]
[0.12278442]
[0.12278175]
[0.12272736]
[0.12268412]
[0.12267034]
[0.12264651]
[0.12261824]
[0.12260933]
[0.12255111]
[0.12250686]
[0.12250146]
[0.12248724]
[0.12245975]
[0.12241815]
[0.12239899]
[0.12236514]
[0.12235183]
[0.12222017]
[0.12220983]
[0.12220522]
[0.12216797]
[0.12216285]
[0.12214512]
[0.12203841]
[0.12202532]
[0.12201061]
[0.12193181]
[0.12192441]
[0.12191148]
[0.12187286]
[0.12186118]
[0.12182301]
[0.12178527]
[0.12174812]
[0.12174789]
[0.12174101]
[0.12166798]
[0.12163591]
[0.12160078]
[0.12159334]
[0.12150359]
[0.12146942]
[0.12146413]
[0.12140973]
[0.12138426]
[0.12130425]
[0.12127554]
[0.12117871]
[0.12114426]
[0.12104849]
[0.1209956]
[0.12093265]
[0.12086668]
[0.12083504]
[0.12082998]
[0.12079275]
[0.12077814]
[0.12073575]
[0.12071443]
[0.12068999]
[0.12067179]
[0.12062404]
[0.12061261]
[0.12058902]
[0.12056939]
[0.12055796]
[0.12053803]
[0.12050789]
[0.12049778]
[0.12049642]
[0.12042698]
[0.1204061]
[0.12037826]
[0.12037431]
[0.12016972]
[0.12013172]
[0.12006355]
[0.12006025]
[0.11998512]
[0.11991669]
[0.11990298]
[0.11983781]
[0.11983021]
[0.11979543]
[0.11979342]
[0.11977065]
[0.1196878]
[0.11964606]
[0.11961128]
[0.11960337]
[0.11951689]
[0.11945002]
[0.11934713]
[0.11921018]
[0.11911993]
[0.11898316]
[0.11894219]
[0.11880718]
[0.11872788]
[0.11869765]
[0.11868427]
[0.11867645]
[0.1186]
[0.11856263]
[0.11839271]
[0.11837936]
[0.11837932]
[0.11831126]
[0.11800063]
[0.11791942]
[0.11780906]
[0.11779632]
[0.11773236]
[0.11766344]
[0.11764188]
[0.11723471]
[0.11719225]
[0.11717334]
[0.11696388]
[0.11694783]
[0.11692772]
[0.11654133]
[0.11651149]
[0.11621427]
[0.11592869]
[0.1155486]
[0.11549889]
[0.11540798]
[0.11537094]
[0.11528506]
[0.11523183]
[0.11512375]
[0.11501683]
[0.11501081]
[0.11487664]
[0.11485528]
[0.11482715]
[0.1146849]
[0.11467206]
[0.11460496]
[0.11436418]
[0.11425763]
[0.11419544]
[0.11384231]
[0.11383828]
[0.11370713]
[0.11368896]
[0.11368828]
[0.11361507]
[0.11358996]
[0.11352267]
[0.11348719]
[0.11335918]
[0.11331392]
[0.11308388]
[0.11295161]
[0.11285707]
[0.11282877]
[0.11279314]
[0.1126223]
[0.11243211]
[0.11233943]
[0.11222124]
[0.11217324]
[0.11209466]
[0.1120294]
[0.11196218]
[0.11194666]
[0.11194326]
[0.11189885]
[0.11187338]
[0.11163672]
[0.11156932]
[0.11154537]
[0.11113928]
[0.1110291]
[0.11082489]
[0.11049869]
[0.11027523]
[0.11024091]
[0.11015064]
[0.10990951]
[0.10985956]
[0.10953725]
[0.10939199]
[0.10936419]
[0.10925864]
[0.10919499]
[0.1090985]
[0.10907079]
[0.1090006]
[0.10885088]
[0.10884626]
[0.10872336]
[0.10861957]
[0.10857182]
[0.10842603]
[0.10797025]
[0.1075533]
[0.10742529]
[0.10705537]
[0.10699132]
[0.10697077]
[0.10690238]
[0.10685913]
[0.10645922]
[0.10615723]
[0.10588676]
[0.10584188]
[0.10574033]
