[0.6696883]
[0.5868601]
[0.53826183]
[0.53524005]
[0.49775907]
[0.49650553]
[0.48895946]
[0.48116988]
[0.47819012]
[0.4599978]
[0.45729393]
[0.4572231]
[0.45071885]
[0.45049772]
[0.4449647]
[0.4425939]
[0.4416171]
[0.44096655]
[0.43879044]
[0.4331389]
[0.4278806]
[0.4246043]
[0.42431748]
[0.42418072]
[0.42105702]
[0.42099115]
[0.41888854]
[0.4183841]
[0.4178227]
[0.4156796]
[0.41557992]
[0.41447622]
[0.41380885]
[0.41131857]
[0.40908897]
[0.40762064]
[0.40729988]
[0.4071467]
[0.40654638]
[0.40234995]
[0.4020864]
[0.40051132]
[0.40047824]
[0.39847627]
[0.39674163]
[0.39648128]
[0.39587146]
[0.39371642]
[0.3926161]
[0.39232627]
[0.39083195]
[0.3904697]
[0.38850436]
[0.38825068]
[0.38520566]
[0.38343516]
[0.38047895]
[0.37552977]
[0.37251523]
[0.37176198]
[0.3717615]
[0.3716223]
[0.36974293]
[0.36769214]
[0.3670163]
[0.3669784]
[0.36610916]
[0.36600444]
[0.36598876]
[0.36468536]
[0.36432332]
[0.36338425]
[0.36095577]
[0.36089092]
[0.35928088]
[0.3588929]
[0.358597]
[0.3577167]
[0.35662085]
[0.35631552]
[0.35620022]
[0.35586798]
[0.35554433]
[0.35498428]
[0.3526035]
[0.35173282]
[0.3514263]
[0.34933907]
[0.3448266]
[0.34310868]
[0.34296614]
[0.3426208]
[0.3422138]
[0.3401082]
[0.34005436]
[0.34000927]
[0.33994412]
[0.33942127]
[0.33934313]
[0.33927822]
[0.33833072]
[0.3382277]
[0.3371277]
[0.33500087]
[0.33456597]
[0.33451644]
[0.3341274]
[0.33402622]
[0.3329196]
[0.3313382]
[0.33069387]
[0.33013397]
[0.33011878]
[0.329922]
[0.32865655]
[0.32609898]
[0.3260226]
[0.3250872]
[0.32508102]
[0.32499748]
[0.3233652]
[0.32333642]
[0.32281208]
[0.32180813]
[0.32097298]
[0.32054427]
[0.32028514]
[0.32000163]
[0.31970978]
[0.31881016]
[0.3166692]
[0.3164856]
[0.31572893]
[0.31558135]
[0.31515184]
[0.3150845]
[0.31496173]
[0.314895]
[0.3138579]
[0.31294614]
[0.31294614]
[0.31282985]
[0.31221333]
[0.31190857]
[0.3118641]
[0.31185278]
[0.31139255]
[0.31020918]
[0.31005326]
[0.3099275]
[0.3094576]
[0.30928785]
[0.30916566]
[0.3091606]
[0.30885553]
[0.30805692]
[0.30797014]
[0.30797014]
[0.3074939]
[0.30700064]
[0.306779]
[0.3067117]
[0.30652988]
[0.30637023]
[0.30609885]
[0.30604583]
[0.30532438]
[0.30507573]
[0.30495986]
[0.30485907]
[0.30448034]
[0.30418694]
[0.30404666]
[0.30385146]
[0.30366674]
[0.30341855]
[0.3032807]
[0.3032323]
[0.30305544]
[0.30294022]
[0.302801]
[0.30279946]
[0.30278143]
[0.30208632]
[0.3014058]
[0.3013478]
[0.3012246]
[0.30114165]
[0.30056655]
[0.29997483]
[0.29975298]
[0.29911476]
[0.29893482]
[0.29875392]
[0.2985023]
[0.29836288]
[0.29833183]
[0.29832968]
[0.2983142]
[0.2971628]
[0.2961854]
[0.29591602]
[0.29540855]
[0.29537636]
[0.29478407]
[0.29478183]
[0.2946135]
[0.29455793]
[0.29455793]
[0.29421708]
[0.29409304]
[0.2933592]
[0.29309055]
[0.29298317]
[0.29296896]
[0.2925237]
[0.2922107]
[0.29219937]
[0.29203865]
[0.2920032]
[0.29193568]
[0.2911978]
[0.29110807]
[0.2907089]
[0.29002452]
[0.28914815]
[0.28899726]
[0.28898844]
[0.2881314]
[0.28800222]
[0.2879583]
[0.28780335]
[0.28750253]
[0.28729078]
[0.28725055]
[0.28681567]
[0.2866765]
[0.28631407]
[0.28622505]
[0.28521788]
[0.2852019]
[0.28453887]
[0.28393272]
[0.28392237]
[0.28369632]
[0.28354293]
[0.28331426]
[0.2823752]
[0.28160623]
[0.2814666]
[0.28140834]
[0.28022093]
[0.2798891]
[0.27917922]
[0.27891603]
[0.27891603]
[0.27874705]
[0.27861112]
[0.27852008]
[0.27813637]
[0.27804786]
[0.2772286]
[0.2771503]
[0.2766476]
[0.2766223]
[0.2766153]
[0.27660438]
[0.276415]
[0.2764044]
[0.2763945]
[0.2760881]
[0.27583313]
[0.27549574]
[0.2754563]
[0.2752171]
[0.27500972]
[0.27479628]
[0.2747237]
[0.27453163]
[0.27423364]
[0.27419782]
[0.27405325]
[0.27401283]
[0.27346522]
[0.27340558]
[0.2722463]
[0.27200723]
[0.27186948]
[0.27158913]
[0.27129686]
[0.27104497]
[0.27091423]
[0.27089775]
[0.2708971]
[0.27075115]
[0.27069888]
[0.27056074]
[0.27042443]
[0.27031177]
[0.26979497]
[0.26972136]
[0.26971257]
[0.2695231]
[0.26940173]
[0.26935545]
[0.26893896]
[0.26893896]
[0.26858926]
[0.2684811]
[0.26811537]
[0.267983]
[0.26772612]
[0.26756054]
[0.2674957]
[0.26734483]
[0.26663575]
[0.26648107]
[0.2662769]
[0.26586005]
[0.26547334]
[0.26538208]
[0.26515713]
[0.26454154]
[0.2642214]
[0.2641675]
[0.26404232]
[0.26398084]
[0.26353198]
[0.26348686]
[0.26342282]
[0.26324034]
[0.26315624]
[0.26307112]
[0.26302537]
[0.26288748]
[0.26261535]
[0.26239607]
[0.26215005]
[0.26188764]
[0.2615299]
[0.2612873]
[0.26122952]
[0.26085928]
[0.2608083]
[0.26079962]
[0.26059008]
[0.26047304]
[0.26006195]
[0.25996882]
[0.25955677]
[0.25955406]
[0.25944442]
[0.25924468]
[0.25923958]
[0.259095]
[0.2583534]
[0.25826186]
[0.258209]
[0.25790355]
[0.25788388]
[0.25786093]
[0.25761744]
[0.2575349]
[0.2574988]
[0.25732237]
[0.2572955]
[0.25713906]
[0.25710633]
[0.25699973]
[0.25694668]
[0.2569333]
[0.25684094]
[0.25647274]
[0.25632605]
[0.25630787]
[0.25603825]
[0.25567538]
[0.25558567]
[0.25520134]
[0.25502288]
[0.2549875]
[0.25470588]
[0.25451973]
[0.25447837]
[0.25445133]
[0.25417563]
[0.25385848]
[0.2537523]
[0.25359187]
[0.25353682]
[0.25352702]
[0.25351462]
[0.2535057]
[0.2533873]
[0.25331652]
[0.253246]
[0.25317758]
[0.25308964]
[0.2529388]
[0.25279]
[0.25278616]
[0.2526845]
[0.25262058]
[0.2525369]
[0.25237167]
[0.25235507]
[0.25182253]
[0.25176626]
[0.25162053]
[0.2515253]
[0.25150067]
[0.25144523]
[0.25130263]
[0.2512149]
[0.25114435]
[0.2509839]
[0.2508652]
[0.25082165]
[0.25068983]
[0.25064716]
[0.25054032]
[0.25050575]
[0.2503707]
[0.25010568]
[0.25004166]
[0.2500217]
[0.2499718]
[0.24996486]
[0.24988142]
[0.24985822]
[0.24983577]
[0.2497517]
[0.24956556]
[0.24936637]
[0.24932377]
[0.24931157]
[0.24926151]
[0.24897964]
[0.24895032]
[0.24885888]
[0.24878113]
[0.24867493]
[0.24855468]
[0.24845588]
[0.24840164]
[0.24840164]
[0.24829862]
[0.24828885]
[0.24813792]
[0.24808387]
[0.24802731]
[0.24802731]
[0.2479564]
[0.24785058]
[0.24777664]
[0.24773487]
[0.24772346]
[0.24756838]
[0.24707408]
[0.24703933]
[0.24703671]
[0.24692191]
[0.24619274]
[0.24616292]
[0.24603042]
[0.2459388]
[0.24582236]
[0.2456967]
[0.24557741]
[0.2454641]
[0.2454641]
[0.24538597]
[0.2452577]
[0.245104]
[0.24507433]
[0.24502261]
[0.2448405]
[0.24451286]
[0.24440144]
[0.24440144]
[0.2442095]
[0.24407151]
[0.2440676]
[0.24398886]
[0.24386021]
[0.24381065]
[0.24374619]
[0.24359933]
[0.24359511]
[0.24355093]
[0.24337906]
[0.2431595]
[0.24311452]
[0.24308899]
[0.2430387]
[0.24272045]
[0.24270865]
[0.24270865]
[0.24264202]
[0.24238972]
[0.24216318]
[0.24214551]
[0.24209812]
[0.24200894]
[0.2419712]
[0.24194153]
[0.2418229]
[0.24174242]
[0.24157965]
[0.24127975]
[0.24117209]
[0.24112266]
[0.24073203]
[0.24067761]
[0.24041604]
[0.24035256]
[0.24000292]
[0.23975113]
[0.23958021]
[0.23942007]
[0.23916961]
[0.23896568]
[0.23882495]
[0.238814]
[0.2387869]
[0.2387333]
[0.23851359]
[0.23850524]
[0.23842129]
[0.23833334]
[0.23816192]
[0.23805384]
[0.23805384]
[0.23803547]
[0.23780134]
[0.23778436]
[0.2377266]
[0.23762636]
[0.23693457]
[0.23691054]
[0.2368298]
[0.23680447]
[0.2366543]
[0.23661971]
[0.23651713]
[0.2364455]
[0.23606624]
[0.23604178]
[0.23601964]
[0.23588048]
[0.23572206]
[0.23565523]
[0.23563404]
[0.23544247]
[0.23506087]
[0.23500448]
[0.23479663]
[0.23474467]
[0.23463057]
[0.23461422]
[0.23458546]
[0.23441666]
[0.23437978]
[0.23431827]
[0.23428233]
[0.23424032]
[0.23418882]
[0.23401251]
[0.23390025]
[0.23390025]
[0.23389757]
[0.23384199]
[0.23373961]
[0.23365968]
[0.23351721]
[0.23349135]
[0.23327048]
[0.23323935]
[0.23321727]
[0.23307614]
[0.23294644]
[0.23290429]
[0.23287944]
[0.23270641]
[0.23268619]
[0.23267896]
[0.23253801]
[0.2324642]
[0.23212835]
[0.23212506]
[0.23210178]
[0.23207608]
[0.23204303]
[0.23203132]
[0.23188993]
[0.2318755]
[0.23182976]
[0.23169565]
[0.23144276]
[0.23140536]
[0.2313162]
[0.23130934]
[0.23123372]
[0.23118077]
[0.23113357]
[0.23113357]
[0.23083471]
[0.23083471]
[0.23083276]
[0.23075117]
[0.23074776]
[0.23064606]
[0.23058388]
[0.23058388]
[0.2305546]
[0.23049694]
[0.23041748]
[0.23039535]
[0.23036791]
[0.23029035]
[0.23029035]
[0.2302636]
[0.22990088]
[0.22969584]
[0.22964805]
[0.229554]
[0.22953665]
[0.22941376]
[0.2292831]
[0.22912608]
[0.22906433]
[0.22877511]
[0.22863851]
[0.22856759]
[0.22852121]
[0.22846887]
[0.22846887]
[0.22846887]
[0.22839469]
[0.22836189]
[0.22816384]
[0.22814676]
[0.22809513]
[0.22787224]
[0.22784147]
[0.22783978]
[0.22777374]
[0.22768946]
[0.22766316]
[0.22757442]
[0.22734632]
[0.2272924]
[0.2271752]
[0.22706251]
[0.22640295]
[0.22608137]
[0.22607616]
[0.22598533]
[0.2259679]
[0.22594078]
[0.22591627]
[0.22590493]
[0.22589467]
[0.22568586]
[0.22564737]
[0.22563761]
[0.22551477]
[0.22548945]
[0.22542061]
[0.22536539]
[0.22532196]
[0.22531377]
[0.22522466]
[0.2250181]
[0.22488403]
[0.2246602]
[0.22456612]
[0.22452453]
[0.22430666]
[0.22427003]
[0.2241792]
[0.22413851]
[0.2240586]
[0.22398774]
[0.22377379]
[0.22375968]
[0.22374704]
[0.22370824]
[0.22357988]
[0.22348322]
[0.22341025]
[0.2233771]
[0.22313257]
[0.22304817]
[0.22301923]
[0.22289306]
[0.2228353]
[0.22257718]
[0.22239326]
[0.22220416]
[0.22216219]
[0.2220783]
[0.22198902]
[0.22198793]
[0.22194323]
[0.22193426]
[0.22193047]
[0.22189939]
[0.22176221]
[0.22174542]
[0.22168598]
[0.22168069]
[0.2215205]
[0.22133191]
[0.2212783]
[0.22127327]
[0.22126351]
[0.22103196]
[0.22094569]
[0.2207589]
[0.22074778]
[0.22070038]
[0.22068311]
[0.2206518]
[0.22045386]
[0.22041439]
[0.22041439]
[0.22032632]
[0.22016215]
[0.21991237]
[0.21986237]
[0.21976209]
[0.21970022]
[0.21961524]
[0.21949258]
[0.21901287]
[0.2188612]
[0.2188099]
[0.21878926]
[0.21874595]
[0.2187266]
[0.21867679]
[0.21865618]
[0.21864413]
[0.21846963]
[0.21842504]
[0.21837558]
[0.21832511]
[0.2183078]
[0.2182628]
[0.21815176]
[0.21808441]
[0.21797043]
[0.21781464]
[0.21780238]
[0.21770805]
[0.21769524]
[0.21768495]
[0.21759346]
[0.21755998]
[0.21738356]
[0.21736571]
[0.21733187]
[0.21731718]
[0.21701995]
[0.21698514]
[0.21686879]
[0.21682623]
[0.21673216]
[0.21671958]
[0.216707]
[0.21669585]
[0.21667978]
[0.21664669]
[0.21662645]
[0.21650033]
[0.21642911]
[0.21639943]
[0.21631627]
[0.21631627]
[0.216289]
[0.21627037]
[0.21616952]
[0.21612553]
[0.21595126]
[0.21586013]
[0.21584083]
[0.21584083]
[0.21577866]
[0.21559402]
[0.21557842]
[0.21549271]
[0.21544403]
[0.21524157]
[0.21517353]
[0.21512973]
[0.21508373]
[0.21506146]
[0.21503522]
[0.21494335]
[0.21493693]
[0.21489175]
[0.21459979]
[0.21459046]
[0.21450377]
[0.21445741]
[0.21442086]
[0.21438967]
[0.21431677]
[0.21429013]
[0.21412924]
[0.21412839]
[0.21412137]
[0.21404795]
[0.21402694]
[0.21397257]
[0.21392405]
[0.2138838]
[0.21379827]
[0.21374494]
[0.21372907]
[0.21367021]
[0.21363698]
[0.21362098]
[0.2135702]
[0.21356535]
[0.21349657]
[0.21336016]
[0.21331343]
[0.21326803]
[0.21320884]
[0.21297231]
[0.21296991]
[0.21289732]
[0.21284346]
[0.21280251]
[0.21276219]
[0.21275194]
[0.21275097]
[0.21273923]
[0.21266972]
[0.21266536]
[0.2126127]
[0.2125898]
[0.21257782]
[0.21254705]
[0.21254705]
[0.21246184]
[0.21244262]
[0.21242154]
[0.21238789]
[0.21238242]
[0.21234229]
[0.21232879]
[0.21231323]
[0.21230774]
[0.21225017]
[0.2121964]
[0.2121022]
[0.21206215]
[0.21205124]
[0.212044]
[0.21202834]
[0.21201918]
[0.21189192]
[0.2117835]
[0.2117119]
[0.21163759]
[0.21162383]
[0.21162294]
[0.21158692]
[0.211473]
[0.2114435]
[0.21143445]
[0.21142103]
[0.21128654]
[0.21112171]
[0.21108179]
[0.21108179]
[0.21104695]
[0.21096542]
[0.2109501]
[0.2109356]
[0.2108004]
[0.2108004]
[0.21079154]
[0.21077697]
[0.21077028]
[0.2107109]
[0.21070747]
[0.21051641]
[0.21042597]
[0.2102984]
[0.21023259]
[0.210146]
[0.21010579]
[0.21006618]
[0.20999753]
[0.20999655]
[0.2099614]
[0.20991829]
[0.20979479]
[0.20979252]
[0.2097329]
[0.20972289]
[0.20970573]
[0.20968746]
[0.20948023]
[0.20941328]
[0.20939001]
[0.209386]
[0.20924008]
[0.20915666]
[0.20915124]
[0.20895348]
[0.20893912]
[0.20879577]
[0.20878685]
[0.20875666]
[0.20872015]
[0.20870286]
[0.20868699]
[0.2085145]
[0.20842348]
[0.20832387]
[0.2081621]
[0.20812224]
[0.20801352]
[0.20798607]
[0.20794566]
[0.20793448]
[0.20786996]
[0.20775303]
[0.20771737]
[0.20761102]
[0.20748608]
[0.20735866]
[0.20735419]
[0.20730315]
[0.20729847]
[0.20726262]
[0.20722833]
[0.20722444]
[0.20715488]
[0.20715277]
[0.20713991]
[0.2070417]
[0.20703383]
[0.20689252]
[0.2068723]
[0.20669456]
[0.20661762]
[0.2066053]
[0.20657109]
[0.20655651]
[0.20653306]
[0.20636506]
[0.20635165]
[0.20628083]
[0.20623466]
[0.20619313]
[0.20619313]
[0.206187]
[0.20613249]
[0.20611118]
[0.20595974]
[0.20594177]
[0.20589162]
[0.20588906]
[0.20587555]
[0.2058276]
[0.20572932]
[0.20567599]
[0.20546833]
[0.20543523]
[0.20541865]
[0.20540631]
[0.20538768]
[0.20531654]
[0.2052468]
[0.20518291]
[0.20516978]
[0.20508562]
[0.20500304]
[0.20490673]
[0.20488234]
[0.20477973]
[0.20477973]
[0.20474468]
[0.20473883]
[0.20470318]
[0.20468794]
[0.20463228]
[0.20460567]
[0.20457423]
[0.20454778]
[0.20453498]
[0.20448573]
[0.20433044]
[0.20430954]
[0.20429043]
[0.20426166]
[0.20420262]
[0.20420262]
[0.20417614]
[0.20412312]
[0.20405309]
[0.20400387]
[0.20393604]
[0.20383999]
[0.20348212]
[0.20343296]
[0.20340832]
[0.2033264]
[0.20329867]
[0.20327698]
[0.20326592]
[0.203254]
[0.20320472]
[0.20315509]
[0.2031063]
[0.20292512]
[0.2028755]
[0.20279442]
[0.20274898]
[0.20272228]
[0.20270321]
[0.20255043]
[0.2024363]
[0.20239577]
[0.2023529]
[0.20212364]
[0.20199698]
[0.20196754]
[0.20193943]
[0.20192447]
[0.20192447]
[0.2019207]
[0.20183574]
[0.20173639]
[0.2017357]
[0.2017357]
[0.20150727]
[0.201506]
[0.2013616]
[0.20132567]
[0.20127876]
[0.20123278]
[0.20119433]
[0.20114946]
[0.20114]
[0.20113073]
[0.2010491]
[0.20102571]
[0.20086001]
[0.20067778]
[0.20032643]
[0.20031704]
[0.2002546]
[0.20025174]
[0.20019111]
[0.20018762]
[0.20015374]
[0.20011856]
[0.19992273]
[0.19981089]
[0.19958965]
[0.19949934]
[0.1994681]
[0.1994681]
[0.19942114]
[0.19935016]
[0.19921891]
[0.19919682]
[0.19919682]
[0.19917156]
[0.19917156]
[0.1991314]
[0.19910459]
[0.19908015]
[0.19905555]
[0.19896922]
[0.19893467]
[0.19892043]
[0.19889997]
[0.19869187]
[0.19861472]
[0.19854848]
[0.19847246]
[0.19834945]
[0.19834206]
[0.19827387]
[0.19825636]
[0.19825555]
[0.19825526]
[0.19816728]
[0.19813253]
[0.19813223]
[0.19809099]
[0.19805819]
[0.19805342]
[0.19795157]
[0.1979464]
[0.1979464]
[0.1979464]
[0.1979391]
[0.19793855]
[0.19789575]
[0.19785884]
[0.1977065]
[0.19756971]
[0.19748408]
[0.19745511]
[0.19745341]
[0.19739223]
[0.19738507]
[0.19722086]
[0.19721434]
[0.19717105]
[0.19714744]
[0.19712202]
[0.19712202]
[0.19712175]
[0.19702959]
[0.19702479]
[0.1969315]
[0.19687246]
[0.19687246]
[0.19676976]
[0.1966753]
[0.19657384]
[0.19652855]
[0.19652528]
[0.19651744]
[0.19650969]
[0.19647968]
[0.19646509]
[0.19645894]
[0.19644122]
[0.19640626]
[0.19630922]
[0.19627571]
[0.1962667]
[0.19626606]
[0.19616915]
[0.19611487]
[0.19605525]
[0.19604465]
[0.19603889]
[0.19603889]
[0.19601186]
[0.196001]
[0.1959972]
[0.19585966]
[0.19585966]
[0.19584115]
[0.19578269]
[0.19578269]
[0.19567835]
[0.19567835]
[0.19559033]
[0.19555852]
[0.19553727]
[0.1954879]
[0.19533935]
[0.19518542]
[0.19512732]
[0.19511382]
[0.1950234]
[0.19496422]
[0.19496422]
[0.19495992]
[0.19493775]
[0.19491507]
[0.19474834]
[0.19473279]
[0.19472516]
[0.19462413]
[0.19462413]
[0.19461787]
[0.1946029]
[0.19456388]
[0.19453515]
[0.1945317]
[0.19452436]
[0.19452436]
[0.19450569]
[0.19443434]
[0.19443434]
[0.19443372]
[0.19441146]
[0.19434388]
[0.1942698]
[0.19426219]
[0.19424058]
[0.19421534]
[0.19421355]
[0.19418867]
[0.19418867]
[0.19409844]
[0.19403586]
[0.19401453]
[0.19399531]
[0.19384526]
[0.19378279]
[0.1937775]
[0.19372949]
[0.19370984]
[0.19370134]
[0.19355176]
[0.19346775]
[0.19341266]
[0.19340333]
[0.1933054]
[0.19326784]
[0.19325393]
[0.19294919]
[0.192929]
[0.19289254]
[0.19288604]
[0.192808]
[0.19279473]
[0.19277869]
[0.19276363]
[0.19271894]
[0.19265573]
[0.19258325]
[0.19258305]
[0.19252764]
[0.19252713]
[0.19250059]
[0.19247149]
[0.1924173]
[0.1924173]
[0.19239649]
[0.19237849]
[0.19234872]
[0.19232257]
[0.19232067]
[0.19228984]
[0.19227813]
[0.19217221]
[0.19216843]
[0.19215405]
[0.19205262]
[0.1920323]
[0.1919289]
[0.1918034]
[0.19177955]
[0.19176847]
[0.19176847]
[0.19174087]
[0.19172727]
[0.19169576]
[0.19161329]
[0.1915522]
[0.19154409]
[0.19149841]
[0.19149841]
[0.19141254]
[0.191323]
[0.1913161]
[0.1912952]
[0.19128707]
[0.19115572]
[0.19113325]
[0.19111502]
[0.19109191]
[0.19106126]
[0.19103968]
[0.19079109]
[0.19075303]
[0.19068342]
[0.19066478]
[0.19065802]
[0.19061719]
[0.19058429]
[0.19054593]
[0.19050068]
[0.19049273]
[0.190489]
[0.19047181]
[0.19034924]
[0.19028333]
[0.19021958]
[0.19017047]
[0.19016813]
[0.19013867]
[0.19013867]
[0.1901229]
[0.19011167]
[0.19003639]
[0.18999968]
[0.1899722]
[0.1899691]
[0.18994898]
[0.18992811]
[0.18975902]
[0.18967293]
[0.18966664]
[0.18956098]
[0.18954372]
[0.18954372]
[0.18953231]
[0.18946548]
[0.18945104]
[0.18944083]
[0.18938918]
[0.1892278]
[0.18919234]
[0.1891595]
[0.18905069]
[0.18900815]
[0.18900782]
[0.18891874]
[0.18890415]
[0.1888988]
[0.18887202]
[0.18879919]
[0.18869708]
[0.18869549]
[0.18867876]
[0.18854274]
[0.18852076]
[0.18851389]
[0.18842441]
[0.18832777]
[0.18829292]
[0.18828501]
[0.18827984]
[0.18821561]
[0.18815771]
[0.18811932]
[0.18805704]
[0.18797113]
[0.18791771]
[0.18782513]
[0.18771411]
[0.18769783]
[0.18768391]
[0.18767263]
[0.18763193]
[0.18762542]
[0.18761155]
[0.18758085]
[0.18734184]
[0.1873208]
[0.18728618]
[0.18722591]
[0.1871815]
[0.18713588]
[0.18708873]
[0.18703537]
[0.1870139]
[0.18698941]
[0.18689986]
[0.18688163]
[0.18686232]
[0.18683104]
[0.18682908]
[0.18680371]
[0.18679552]
[0.18676677]
[0.18672872]
[0.18668799]
[0.18668632]
[0.18665509]
[0.18664701]
[0.1866397]
[0.18660441]
[0.18657337]
[0.18655154]
[0.18651871]
[0.18634234]
[0.18634063]
[0.18633981]
[0.18631704]
[0.18617338]
[0.18615657]
[0.18604594]
[0.1860078]
[0.18600425]
[0.18596752]
[0.18586355]
[0.18584786]
[0.18583743]
[0.18574753]
[0.18574132]
[0.18571085]
[0.18569776]
[0.18564643]
[0.18564339]
[0.18563847]
[0.18563627]
[0.18559054]
[0.18558998]
[0.18552409]
[0.18550748]
[0.18550198]
[0.18545972]
[0.18542212]
[0.1853653]
[0.18536523]
[0.18533127]
[0.18530183]
[0.18530183]
[0.18526591]
[0.18526092]
[0.18525796]
[0.1852563]
[0.1852086]
[0.18519291]
[0.18519291]
[0.18515892]
[0.18514943]
[0.18497787]
[0.18490937]
[0.18485063]
[0.18482408]
[0.184779]
[0.18475232]
[0.18474823]
[0.18473077]
[0.18467598]
[0.1846589]
[0.18465222]
[0.18464807]
[0.18457319]
[0.18451166]
[0.1845057]
[0.1845006]
[0.18448697]
[0.18445446]
[0.18440762]
[0.18439664]
[0.18439598]
[0.18435308]
[0.18430726]
[0.18430443]
[0.18430443]
[0.18427713]
[0.18423814]
[0.18422312]
[0.184174]
[0.1841558]
[0.18412521]
[0.1841148]
[0.18410207]
[0.18407522]
[0.1840479]
[0.1839971]
[0.18395115]
[0.18393743]
[0.18383794]
[0.18377492]
[0.18369445]
[0.18364711]
[0.18361817]
[0.18355027]
[0.1835157]
[0.18348734]
[0.18345472]
[0.18345097]
[0.18343283]
[0.18342675]
[0.18336377]
[0.18335585]
[0.18330473]
[0.18325584]
[0.18325184]
[0.18315072]
[0.18314107]
[0.18313825]
[0.1829721]
[0.18292032]
[0.1828725]
[0.18282886]
[0.18282041]
[0.1827942]
[0.1827785]
[0.18260674]
[0.18260674]
[0.18255347]
[0.18255347]
[0.18255347]
[0.18251213]
[0.18246543]
[0.18244052]
[0.18241209]
[0.18231991]
[0.18229043]
[0.18228556]
[0.18222822]
[0.18221201]
[0.18219298]
[0.18219298]
[0.18218268]
[0.18217102]
[0.1820163]
[0.18200956]
[0.18199556]
[0.18196233]
[0.18196082]
[0.18191817]
[0.18187922]
[0.18187553]
[0.18185185]
[0.18177445]
[0.18177196]
[0.18175209]
[0.18174495]
[0.18173097]
[0.18169098]
[0.18168996]
[0.18160918]
[0.18157943]
[0.18153755]
[0.18146835]
[0.18136825]
[0.18128882]
[0.18128882]
[0.18127073]
[0.18125856]
[0.18123801]
[0.18119697]
[0.18118584]
[0.18118054]
[0.18116802]
[0.18110615]
[0.18110336]
[0.1810424]
[0.18099421]
[0.18098229]
[0.18095696]
[0.18092085]
[0.18079846]
[0.18078655]
[0.18078457]
[0.18062267]
[0.18062024]
[0.18058129]
[0.18052597]
[0.18048507]
[0.18042946]
[0.18042907]
[0.18042555]
[0.18042497]
[0.18041998]
[0.18039888]
[0.1803936]
[0.18039317]
[0.18026702]
[0.18024983]
[0.18024525]
[0.18024144]
[0.18021189]
[0.18020643]
[0.1801183]
[0.18008107]
[0.18006463]
[0.18003204]
[0.18002975]
[0.18002313]
[0.18001102]
[0.17992944]
[0.17990729]
[0.17988978]
[0.17982434]
[0.1798149]
[0.1797691]
[0.1797614]
[0.17969677]
[0.17966342]
[0.17965122]
[0.17962831]
[0.1795732]
[0.17955068]
[0.17950854]
[0.1794757]
[0.17941459]
[0.17936404]
[0.17934643]
[0.17926882]
[0.1792647]
[0.17925023]
[0.17924374]
[0.17918904]
[0.17912744]
[0.17911667]
[0.17911667]
[0.1790822]
[0.17906034]
[0.17904562]
[0.17904562]
[0.17902802]
[0.17902169]
[0.17896257]
[0.17892322]
[0.17892167]
[0.17892057]
[0.17891483]
[0.17879963]
[0.17875245]
[0.17870763]
[0.17869954]
[0.17869954]
[0.17865811]
[0.17865804]
[0.17864057]
[0.17862526]
[0.17861897]
[0.17861414]
[0.17860994]
[0.17857087]
[0.17857087]
[0.17856836]
[0.1785234]
[0.1784888]
[0.17846154]
[0.17843801]
[0.17841998]
[0.17841455]
[0.17840981]
[0.17835635]
[0.17829856]
[0.17826238]
[0.17824872]
[0.17824858]
[0.17821391]
[0.17821391]
[0.17816232]
[0.17815895]
[0.17808019]
[0.17802766]
[0.17795762]
[0.17795582]
[0.17788847]
[0.17778657]
[0.17774339]
[0.17759255]
[0.17752677]
[0.17749983]
[0.17732158]
[0.17702071]
[0.17700015]
[0.17698102]
[0.17695759]
[0.17695078]
[0.17688155]
[0.17681484]
[0.17679285]
[0.17676347]
[0.17672434]
[0.17657417]
[0.17657205]
[0.1765572]
[0.17648728]
[0.17648466]
[0.17645784]
[0.17644522]
[0.17644165]
[0.17643358]
[0.17639962]
[0.17633751]
[0.17628847]
[0.17627753]
[0.17625797]
[0.17622314]
[0.17617926]
[0.17607267]
[0.17591316]
[0.175894]
[0.1758562]
[0.17579208]
[0.17575514]
[0.1756646]
[0.1756556]
[0.17562397]
[0.17562239]
[0.17557812]
[0.17555544]
[0.17546718]
[0.17545123]
[0.17543407]
[0.17542127]
[0.17533834]
[0.1753311]
[0.17531952]
[0.17527395]
[0.1752702]
[0.17518197]
[0.1751635]
[0.17515709]
[0.17511871]
[0.1750975]
[0.17507987]
[0.17507987]
[0.17499153]
[0.17496708]
[0.1749408]
[0.17491974]
[0.17486054]
[0.17478634]
[0.17476918]
[0.17463742]
[0.17463014]
[0.17457533]
[0.17452872]
[0.17442866]
[0.17442232]
[0.17437747]
[0.17437057]
[0.17436329]
[0.17432041]
[0.1742682]
[0.17425011]
[0.17424662]
[0.17424662]
[0.17424662]
[0.17420734]
[0.17417349]
[0.17416595]
[0.174165]
[0.17415346]
[0.17410238]
[0.17409901]
[0.1740877]
[0.17408304]
[0.17406733]
[0.17403385]
[0.17395617]
[0.17395617]
[0.17389072]
[0.1738463]
[0.1738463]
[0.17380823]
[0.17380139]
[0.17378502]
[0.1737505]
[0.17371407]
[0.17369159]
[0.17369159]
[0.1736433]
[0.17364107]
[0.17360722]
[0.17356603]
[0.17352831]
[0.1735055]
[0.17347488]
[0.17343633]
[0.1734195]
[0.17339803]
[0.17337522]
[0.17336771]
[0.17336771]
[0.1733656]
[0.1733656]
[0.1733656]
[0.1733656]
[0.17335473]
[0.17335099]
[0.1733365]
[0.17328534]
[0.17324486]
[0.17323844]
[0.17320642]
[0.17318006]
[0.17317998]
[0.17315401]
[0.17305608]
[0.17299677]
[0.17299402]
[0.17297629]
[0.17297435]
[0.17288761]
[0.17287764]
[0.17283662]
[0.17283662]
[0.1728001]
[0.1727942]
[0.1727299]
[0.17268322]
[0.17265972]
[0.17263731]
[0.1725492]
[0.17254014]
[0.17253587]
[0.17253587]
[0.17249563]
[0.17241369]
[0.17240778]
[0.17236063]
[0.1723444]
[0.17232901]
[0.17232901]
[0.17231947]
[0.17228357]
[0.17227735]
[0.17227538]
[0.17223835]
[0.17220125]
[0.17216583]
[0.17216168]
[0.17214851]
[0.17213179]
[0.17211398]
[0.17208926]
[0.17207865]
[0.1720521]
[0.17200485]
[0.17197087]
[0.17195313]
[0.17195013]
[0.1719113]
[0.1719113]
[0.17190875]
[0.17183508]
[0.17175004]
[0.17162432]
[0.1715792]
[0.1715752]
[0.17156693]
[0.17156094]
[0.17155287]
[0.17154345]
[0.17153019]
[0.17150849]
[0.1714717]
[0.17144257]
[0.1714291]
[0.17141278]
[0.17134191]
[0.17129438]
[0.17128207]
[0.17126542]
[0.17126295]
[0.17119329]
[0.17113988]
[0.17113534]
[0.17113054]
[0.17109567]
[0.17106411]
[0.17105252]
[0.17102803]
[0.17102697]
[0.17101228]
[0.17100437]
[0.17097071]
[0.17093907]
[0.1709201]
[0.17081167]
[0.17077745]
[0.1707438]
[0.17071652]
[0.17070061]
[0.17069817]
[0.17069426]
[0.1706444]
[0.1705682]
[0.17055362]
[0.17054299]
[0.1704962]
[0.17040211]
[0.17034225]
[0.17032214]
[0.17031904]
[0.17031477]
[0.17031032]
[0.17028289]
[0.17027508]
[0.17025992]
[0.17023672]
[0.17021424]
[0.17014752]
[0.17014611]
[0.17011736]
[0.17010875]
[0.17010228]
[0.17009717]
[0.1700864]
[0.17005685]
[0.17003505]
[0.17002301]
[0.1700079]
[0.16990642]
[0.16989446]
[0.16988383]
[0.1698765]
[0.16985774]
[0.16985041]
[0.16982006]
[0.16976517]
[0.16974041]
[0.16970833]
[0.16965814]
[0.1696481]
[0.16961609]
[0.16960166]
[0.16958728]
[0.16949664]
[0.16941686]
[0.16941044]
[0.1693444]
[0.16932851]
[0.16931348]
[0.1692487]
[0.1692118]
[0.16918375]
[0.16913946]
[0.1691012]
[0.16908565]
[0.16905838]
[0.16905034]
[0.16905034]
[0.16896296]
[0.16896057]
[0.16895759]
[0.16881974]
[0.16870065]
[0.1685313]
[0.16846652]
[0.1684109]
[0.16838619]
[0.16838619]
[0.16838619]
[0.16838337]
[0.16831641]
[0.16822898]
[0.16821872]
[0.16821605]
[0.16812934]
[0.16812086]
[0.16811503]
[0.16810542]
[0.16804686]
[0.167904]
[0.16787459]
[0.16785961]
[0.1678357]
[0.16775048]
[0.167726]
[0.16767652]
[0.16765651]
[0.16762681]
[0.16762261]
[0.16760749]
[0.16757998]
[0.16757998]
[0.16757283]
[0.16752811]
[0.16752811]
[0.16752811]
[0.16752312]
[0.16750742]
[0.167507]
[0.16750468]
[0.16747643]
[0.16745692]
[0.16745692]
[0.16745453]
[0.16743483]
[0.16741349]
[0.16737378]
[0.16733408]
[0.16732046]
[0.16729262]
[0.16726035]
[0.16723897]
[0.16715546]
[0.16713193]
[0.16711262]
[0.16709015]
[0.16706431]
[0.16706012]
[0.16704388]
[0.1670304]
[0.16701661]
[0.16700114]
[0.16697927]
[0.16697754]
[0.16697754]
[0.1669723]
[0.16697021]
[0.1669467]
[0.16692515]
[0.16691817]
[0.16691817]
[0.1666686]
[0.16662897]
[0.16652942]
[0.16650768]
[0.16650602]
[0.16649656]
[0.16648293]
[0.16639414]
[0.16636746]
[0.16635047]
[0.16635047]
[0.16631876]
[0.16629602]
[0.16628405]
[0.16627811]
[0.16626316]
[0.16624579]
[0.16623421]
[0.16622351]
[0.16619624]
[0.16618595]
[0.16616537]
[0.16609311]
[0.1660303]
[0.16600733]
[0.16600055]
[0.16590895]
[0.16574803]
[0.16572298]
[0.16570139]
[0.16566834]
[0.16559848]
[0.16558218]
[0.1655167]
[0.1654979]
[0.1654241]
[0.16536751]
[0.16535018]
[0.16532822]
[0.16531128]
[0.16525154]
[0.16525154]
[0.16523148]
[0.16522557]
[0.16517033]
[0.16514792]
[0.1650974]
[0.16509134]
[0.16508658]
[0.1650395]
[0.16503382]
[0.16499086]
[0.16494638]
[0.16487695]
[0.16485885]
[0.16485828]
[0.16484335]
[0.16483514]
[0.16474634]
[0.1646991]
[0.16467385]
[0.164673]
[0.16454183]
[0.1645363]
[0.16452417]
[0.16452417]
[0.16445333]
[0.16444317]
[0.16439357]
[0.16438277]
[0.16435486]
[0.16434394]
[0.16431734]
[0.16427912]
[0.16426678]
[0.16418245]
[0.16409485]
[0.16409016]
[0.1640401]
[0.16402735]
[0.16402614]
[0.16396767]
[0.16392998]
[0.16392511]
[0.16392054]
[0.16390675]
[0.16390368]
[0.16388409]
[0.16387016]
[0.1637968]
[0.16379344]
[0.16359155]
[0.16346726]
[0.163457]
[0.16336386]
[0.16330078]
[0.1632929]
[0.16323093]
[0.16318062]
[0.16315682]
[0.16313314]
[0.16301064]
[0.16299574]
[0.16298315]
[0.16297525]
[0.16291675]
[0.16291603]
[0.1628659]
[0.16282262]
[0.16281812]
[0.1628009]
[0.16279246]
[0.16279155]
[0.16276276]
[0.16272955]
[0.16271506]
[0.16270766]
[0.16269697]
[0.16263735]
[0.16262674]
[0.1625836]
[0.16249195]
[0.16248344]
[0.16245908]
[0.16243008]
[0.1624254]
[0.16240913]
[0.16240238]
[0.16238701]
[0.1623172]
[0.16228975]
[0.16228068]
[0.16226692]
[0.16224858]
[0.16223961]
[0.16218647]
[0.16217025]
[0.1620882]
[0.16205844]
[0.16198613]
[0.16196947]
[0.161965]
[0.16191138]
[0.16190834]
[0.16185232]
[0.16179779]
[0.16179489]
[0.16178176]
[0.16178082]
[0.16175899]
[0.1617545]
[0.16173023]
[0.16172211]
[0.16169596]
[0.16169067]
[0.16157453]
[0.16155821]
[0.1615407]
[0.1615122]
[0.16146961]
[0.16142681]
[0.16141881]
[0.16141881]
[0.16140412]
[0.16139364]
[0.16134419]
[0.16130279]
[0.16126074]
[0.16126074]
[0.16125551]
[0.16123848]
[0.1611906]
[0.16118109]
[0.16116394]
[0.16116302]
[0.1611441]
[0.16114016]
[0.16112031]
[0.16110182]
[0.16101737]
[0.1610162]
[0.16098617]
[0.16096042]
[0.16092706]
[0.16090961]
[0.16090938]
[0.1608757]
[0.16086303]
[0.16084504]
[0.16082573]
[0.16080266]
[0.1608019]
[0.16078192]
[0.16074647]
[0.16073862]
[0.16068357]
[0.1606671]
[0.16062081]
[0.16059895]
[0.16052578]
[0.16048104]
[0.16047294]
[0.160471]
[0.16043344]
[0.16043003]
[0.16042495]
[0.16030855]
[0.16029882]
[0.16028266]
[0.16027935]
[0.1602703]
[0.16025236]
[0.16021538]
[0.16021223]
[0.16020149]
[0.1601867]
[0.16018343]
[0.16017124]
[0.16012603]
[0.16011907]
[0.16009076]
[0.16008909]
[0.16006748]
[0.16004127]
[0.16004127]
[0.16003537]
[0.1600214]
[0.15999284]
[0.15995225]
[0.15993826]
[0.15991667]
[0.15990174]
[0.15986475]
[0.15986373]
[0.1598397]
[0.15979476]
[0.15976653]
[0.15975559]
[0.15973842]
[0.15973459]
[0.15971947]
[0.15965672]
[0.1596301]
[0.15952536]
[0.15950745]
[0.15948166]
[0.15943466]
[0.15941715]
[0.1594092]
[0.15932442]
[0.1593104]
[0.15930581]
[0.15930417]
[0.15928122]
[0.15925702]
[0.15925452]
[0.15924214]
[0.15924138]
[0.15920767]
[0.15913913]
[0.15912178]
[0.15911125]
[0.15908976]
[0.15908286]
[0.15908222]
[0.15906908]
[0.15905894]
[0.15904427]
[0.15902743]
[0.15897919]
[0.1589538]
[0.1589538]
[0.15890644]
[0.15890644]
[0.15887249]
[0.15886673]
[0.15885065]
[0.15878889]
[0.15878169]
[0.15877727]
[0.15876971]
[0.15875705]
[0.15871362]
[0.15869878]
[0.15868407]
[0.1586807]
[0.1586793]
[0.15866947]
[0.15863717]
[0.15855286]
[0.15851161]
[0.15845802]
[0.1584408]
[0.15843838]
[0.15840156]
[0.15838672]
[0.15837611]
[0.15833001]
[0.15829633]
[0.15820925]
[0.15819833]
[0.15818787]
[0.15815778]
[0.15812995]
[0.15812798]
[0.15812798]
[0.1581222]
[0.15811312]
[0.15811224]
[0.15811224]
[0.15810084]
[0.15808444]
[0.15808317]
[0.15806657]
[0.15805168]
[0.15800938]
[0.15799694]
[0.1579606]
[0.1579606]
[0.15788354]
[0.15778714]
[0.15777172]
[0.15775394]
[0.1576987]
[0.15769333]
[0.1576318]
[0.1576001]
[0.15759967]
[0.15758839]
[0.15755594]
[0.15753195]
[0.1575279]
[0.15751198]
[0.15748265]
[0.1573855]
[0.15735945]
[0.15734544]
[0.15731399]
[0.15731114]
[0.15728883]
[0.1572839]
[0.15722883]
[0.15722843]
[0.15722285]
[0.15720889]
[0.15720889]
[0.1571864]
[0.15715943]
[0.15715148]
[0.1571398]
[0.15712109]
[0.15711553]
[0.15708606]
[0.15705863]
[0.15705745]
[0.15704553]
[0.15700041]
[0.15699989]
[0.1569646]
[0.15695584]
[0.15694213]
[0.15693212]
[0.1568564]
[0.15683228]
[0.15675732]
[0.15675423]
[0.1567348]
[0.15673389]
[0.15673389]
[0.15669109]
[0.1566537]
[0.1566192]
[0.15660766]
[0.15660661]
[0.15660006]
[0.15657544]
[0.15651673]
[0.15645379]
[0.15645093]
[0.15630966]
[0.15626405]
[0.15621796]
[0.15619554]
[0.15614165]
[0.1561006]
[0.1560866]
[0.15598677]
[0.15595993]
[0.15592685]
[0.155899]
[0.15589088]
[0.15588632]
[0.1558313]
[0.15572122]
[0.15571721]
[0.15571082]
[0.15560807]
[0.15556587]
[0.15550335]
[0.15549414]
[0.15547891]
[0.15545952]
[0.15540317]
[0.15539867]
[0.1553713]
[0.15534326]
[0.15532048]
[0.15531212]
[0.15529418]
[0.15527807]
[0.15526822]
[0.1552651]
[0.1552485]
[0.15524678]
[0.15516724]
[0.15513994]
[0.15508631]
[0.15508631]
[0.15508515]
[0.15507738]
[0.15506545]
[0.15506002]
[0.15500446]
[0.1549631]
[0.1549631]
[0.15493542]
[0.15489933]
[0.15481237]
[0.15479194]
[0.15476629]
[0.1547475]
[0.15472968]
[0.15471905]
[0.15471865]
[0.15470593]
[0.15467164]
[0.15457438]
[0.15457216]
[0.15446712]
[0.154435]
[0.15439098]
[0.15438662]
[0.15438034]
[0.15437894]
[0.15437168]
[0.1543428]
[0.15433817]
[0.154296]
[0.15426807]
[0.15425572]
[0.15424305]
[0.1542244]
[0.15417564]
[0.15408462]
[0.15398353]
[0.15390682]
[0.15384853]
[0.15382625]
[0.15380348]
[0.15380323]
[0.15375948]
[0.15375905]
[0.1537031]
[0.15369472]
[0.1536918]
[0.15366045]
[0.15365255]
[0.15363419]
[0.15361895]
[0.15359612]
[0.15357892]
[0.1535652]
[0.15356328]
[0.15355915]
[0.1535434]
[0.15354258]
[0.15348308]
[0.15344842]
[0.15338542]
[0.15336801]
[0.15335093]
[0.15333582]
[0.15331161]
[0.15329707]
[0.15328991]
[0.15328565]
[0.15326975]
[0.15325642]
[0.15325354]
[0.15321413]
[0.15319641]
[0.15318577]
[0.15317269]
[0.15315539]
[0.15310122]
[0.15309356]
[0.15304466]
[0.15303786]
[0.15302894]
[0.1530031]
[0.15299113]
[0.15292299]
[0.15289032]
[0.15288366]
[0.15282975]
[0.15275377]
[0.15271348]
[0.15269725]
[0.15266073]
[0.15259111]
[0.15258598]
[0.15258515]
[0.15255429]
[0.15253451]
[0.15253131]
[0.1525297]
[0.15251681]
[0.15247361]
[0.15242876]
[0.15236261]
[0.15232432]
[0.15225771]
[0.15225771]
[0.1522286]
[0.15220109]
[0.1521918]
[0.15218645]
[0.15218435]
[0.15212543]
[0.15204757]
[0.15204592]
[0.15203713]
[0.15200222]
[0.15200222]
[0.15200222]
[0.15199904]
[0.15198646]
[0.15198646]
[0.15188462]
[0.15186754]
[0.15185083]
[0.15181424]
[0.15169607]
[0.15168712]
[0.15168619]
[0.15165283]
[0.15164702]
[0.15156904]
[0.15155886]
[0.15154935]
[0.15154016]
[0.15153024]
[0.15152673]
[0.15152287]
[0.15151858]
[0.15150084]
[0.1514904]
[0.15146606]
[0.15145391]
[0.15145294]
[0.15144481]
[0.15144208]
[0.15143707]
[0.15141727]
[0.15141608]
[0.15139437]
[0.1513712]
[0.15135589]
[0.15133727]
[0.1513354]
[0.15131897]
[0.15131822]
[0.15128891]
[0.15128446]
[0.15121287]
[0.1512092]
[0.1512041]
[0.15119044]
[0.15115254]
[0.1510825]
[0.15105498]
[0.15098663]
[0.1509363]
[0.1509363]
[0.1509059]
[0.1508231]
[0.15081446]
[0.15081269]
[0.15070604]
[0.15069687]
[0.15066847]
[0.150648]
[0.15064573]
[0.15063849]
[0.15061744]
[0.15059844]
[0.15058185]
[0.15057662]
[0.15052105]
[0.15051998]
[0.15051164]
[0.15048999]
[0.15045372]
[0.15044738]
[0.15039071]
[0.15038745]
[0.15038437]
[0.15036379]
[0.1503298]
[0.15032665]
[0.15030761]
[0.15030739]
[0.15028954]
[0.15027249]
[0.15023243]
[0.15021469]
[0.15016404]
[0.15015915]
[0.15014254]
[0.15014078]
[0.1501294]
[0.15012091]
[0.15012042]
[0.15011936]
[0.15007637]
[0.15006979]
[0.15002601]
[0.15001602]
[0.15000664]
[0.14999516]
[0.14995718]
[0.14995216]
[0.14994909]
[0.14994909]
[0.14993773]
[0.14990458]
[0.14989395]
[0.14987782]
[0.14983493]
[0.14983487]
[0.14983426]
[0.1498198]
[0.1497816]
[0.14975786]
[0.14968386]
[0.14964408]
[0.14961724]
[0.1496151]
[0.14957753]
[0.1495097]
[0.14950952]
[0.14950533]
[0.14942442]
[0.14942423]
[0.14942378]
[0.14941387]
[0.14940056]
[0.1493886]
[0.14932935]
[0.1493162]
[0.14929599]
[0.14927372]
[0.14925571]
[0.14925171]
[0.14922313]
[0.14920434]
[0.14920206]
[0.14918967]
[0.14918372]
[0.14913465]
[0.14909524]
[0.14906877]
[0.14905718]
[0.14903907]
[0.14903411]
[0.14902985]
[0.1490077]
[0.14900285]
[0.14895125]
[0.14893666]
[0.14888315]
[0.14887743]
[0.14884242]
[0.14882319]
[0.14880218]
[0.14875259]
[0.1487406]
[0.1487406]
[0.14865969]
[0.14865328]
[0.14860764]
[0.14859715]
[0.14858982]
[0.14854199]
[0.14849688]
[0.14849338]
[0.14847848]
[0.14845537]
[0.14845447]
[0.14842135]
[0.14837618]
[0.14837113]
[0.1483532]
[0.14834374]
[0.14833687]
[0.14833364]
[0.14832272]
[0.1482481]
[0.1482478]
[0.14824058]
[0.14823425]
[0.14821526]
[0.14820886]
[0.14817877]
[0.14815323]
[0.14809513]
[0.1480936]
[0.14809048]
[0.14808187]
[0.14800636]
[0.14798114]
[0.14795169]
[0.14794381]
[0.14787342]
[0.14785665]
[0.14784575]
[0.1478064]
[0.14776547]
[0.1477413]
[0.14773175]
[0.14772359]
[0.14769015]
[0.14768781]
[0.14766705]
[0.14764068]
[0.14762041]
[0.1476038]
[0.14756599]
[0.14751911]
[0.14751877]
[0.14750925]
[0.14750035]
[0.14749867]
[0.14748128]
[0.14747247]
[0.14746037]
[0.14744551]
[0.14743313]
[0.14742546]
[0.14742482]
[0.14742097]
[0.14741583]
[0.14741409]
[0.14737429]
[0.14736675]
[0.14735892]
[0.14723325]
[0.1471969]
[0.14714369]
[0.14713451]
[0.14711937]
[0.14711073]
[0.14697164]
[0.14691138]
[0.14689445]
[0.14688143]
[0.14687699]
[0.1468061]
[0.14680411]
[0.14669397]
[0.14668615]
[0.1466584]
[0.1466384]
[0.14663784]
[0.14662236]
[0.14661545]
[0.1466046]
[0.14658396]
[0.14656429]
[0.14654882]
[0.14654408]
[0.146519]
[0.146519]
[0.14648174]
[0.14641112]
[0.14640634]
[0.14635634]
[0.14629893]
[0.14624695]
[0.14622885]
[0.14622885]
[0.14616683]
[0.14616275]
[0.14615183]
[0.14613496]
[0.14612564]
[0.1460695]
[0.1460341]
[0.14602876]
[0.14599583]
[0.1459948]
[0.145946]
[0.14590725]
[0.14590608]
[0.14587756]
[0.14586157]
[0.14581765]
[0.14575051]
[0.14573935]
[0.14570808]
[0.14569736]
[0.14566521]
[0.145663]
[0.14564411]
[0.14554995]
[0.14554104]
[0.14553827]
[0.14552806]
[0.14548755]
[0.14546375]
[0.14546126]
[0.14546108]
[0.1454532]
[0.14544603]
[0.14542973]
[0.14540574]
[0.14539121]
[0.14539033]
[0.14538023]
[0.14537469]
[0.14535739]
[0.14534009]
[0.14531308]
[0.14530142]
[0.1452998]
[0.14526239]
[0.14525002]
[0.1451222]
[0.1450983]
[0.14509398]
[0.14507328]
[0.14507233]
[0.14505737]
[0.14504933]
[0.14495626]
[0.14494362]
[0.1449371]
[0.14482647]
[0.14477532]
[0.14475787]
[0.14474772]
[0.14473774]
[0.14471166]
[0.14470956]
[0.14466022]
[0.14465603]
[0.14465004]
[0.1446494]
[0.1446141]
[0.14460221]
[0.144545]
[0.14450589]
[0.14440127]
[0.1443827]
[0.14432022]
[0.14428672]
[0.14425404]
[0.14422232]
[0.1442165]
[0.14420536]
[0.14420189]
[0.14419106]
[0.14417183]
[0.14417084]
[0.14415148]
[0.1441234]
[0.14407718]
[0.14406286]
[0.14404096]
[0.14401728]
[0.14401093]
[0.14400622]
[0.1440027]
[0.14398766]
[0.14398259]
[0.14397085]
[0.14395192]
[0.14394134]
[0.14393601]
[0.14392819]
[0.14392267]
[0.14391106]
[0.14385852]
[0.14384672]
[0.14384437]
[0.14382088]
[0.14378494]
[0.14377232]
[0.14374997]
[0.14373992]
[0.14373368]
[0.14371696]
[0.1437087]
[0.14365128]
[0.14362793]
[0.14362001]
[0.1436115]
[0.14359474]
[0.1435107]
[0.14347017]
[0.14343993]
[0.14343514]
[0.14340813]
[0.14339073]
[0.1433768]
[0.14336362]
[0.14333607]
[0.1433293]
[0.14329717]
[0.14329116]
[0.14324774]
[0.14321157]
[0.14317101]
[0.14314888]
[0.14310527]
[0.14307758]
[0.14305937]
[0.1430436]
[0.14303046]
[0.14300969]
[0.14299099]
[0.14296067]
[0.1429448]
[0.14294338]
[0.142937]
[0.14293268]
[0.14290754]
[0.1428866]
[0.1428849]
[0.14287917]
[0.14287609]
[0.14283358]
[0.14279015]
[0.1427843]
[0.14267538]
[0.14267288]
[0.14267084]
[0.14266999]
[0.142655]
[0.14264935]
[0.14261203]
[0.14258075]
[0.14257859]
[0.14254339]
[0.14254047]
[0.14252907]
[0.142529]
[0.14248931]
[0.14244917]
[0.14242762]
[0.14232206]
[0.14226553]
[0.1422641]
[0.14225991]
[0.14218444]
[0.14218237]
[0.14215067]
[0.14213605]
[0.14207748]
[0.14204596]
[0.14204314]
[0.14204314]
[0.14199944]
[0.14195463]
[0.14193578]
[0.14185397]
[0.14181311]
[0.14181143]
[0.14181033]
[0.14180909]
[0.14176342]
[0.14176056]
[0.14176002]
[0.14171055]
[0.14169778]
[0.14167018]
[0.14166635]
[0.14156833]
[0.1415683]
[0.1415683]
[0.14147139]
[0.1414618]
[0.14144231]
[0.14138967]
[0.14137411]
[0.14135985]
[0.14131512]
[0.14130794]
[0.14130406]
[0.14129426]
[0.14129394]
[0.14127262]
[0.14126664]
[0.14126517]
[0.1412063]
[0.14118557]
[0.14117524]
[0.14117491]
[0.14114283]
[0.14114197]
[0.14109759]
[0.14109579]
[0.14108527]
[0.14108236]
[0.14104645]
[0.1410269]
[0.14102079]
[0.14096077]
[0.14093135]
[0.14092997]
[0.14087372]
[0.14086811]
[0.14086099]
[0.14086083]
[0.14082758]
[0.14082274]
[0.14080884]
[0.14076447]
[0.14076191]
[0.1407476]
[0.14072907]
[0.14071113]
[0.14067326]
[0.14067326]
[0.14066836]
[0.14066404]
[0.14063759]
[0.14062503]
[0.14059757]
[0.14059526]
[0.1405536]
[0.14052853]
[0.1405213]
[0.14050898]
[0.14050043]
[0.14047141]
[0.14046173]
[0.14046173]
[0.14044924]
[0.14043993]
[0.14034042]
[0.14033334]
[0.14030544]
[0.14030418]
[0.14029892]
[0.14023599]
[0.14022914]
[0.14020497]
[0.14020123]
[0.14019063]
[0.14019063]
[0.14019063]
[0.14016464]
[0.14016464]
[0.14016017]
[0.14014873]
[0.14014293]
[0.14013882]
[0.14010715]
[0.14009668]
[0.14007801]
[0.14004683]
[0.14004312]
[0.14004074]
[0.14003888]
[0.13998398]
[0.13993616]
[0.13992937]
[0.1399094]
[0.13982129]
[0.13978]
[0.13977711]
[0.13977706]
[0.13976659]
[0.13975185]
[0.13975163]
[0.13973537]
[0.13973445]
[0.13971652]
[0.13970876]
[0.13969706]
[0.13968787]
[0.13963076]
[0.13960455]
[0.13960455]
[0.1395992]
[0.13959138]
[0.13958684]
[0.13957593]
[0.13957419]
[0.13951561]
[0.13948141]
[0.13948141]
[0.1394757]
[0.1394039]
[0.1393963]
[0.13939258]
[0.13939126]
[0.13938199]
[0.13937902]
[0.13931517]
[0.13926741]
[0.13924932]
[0.13921164]
[0.13919121]
[0.1391725]
[0.13915542]
[0.1391531]
[0.13908194]
[0.13907053]
[0.13906118]
[0.13905315]
[0.13903995]
[0.13903826]
[0.1389723]
[0.13896109]
[0.13895988]
[0.13892637]
[0.13888727]
[0.1388858]
[0.13885297]
[0.13883089]
[0.1387886]
[0.1387355]
[0.13869269]
[0.13869028]
[0.13863549]
[0.138605]
[0.13851032]
[0.13849598]
[0.13849014]
[0.13844988]
[0.13842641]
[0.13839148]
[0.13837993]
[0.13836578]
[0.13835303]
[0.13831809]
[0.13830283]
[0.13828915]
[0.13826182]
[0.13822041]
[0.13817087]
[0.13812627]
[0.13812394]
[0.13807787]
[0.13806978]
[0.13805842]
[0.13804314]
[0.13800347]
[0.13799398]
[0.13799086]
[0.13798437]
[0.13798103]
[0.1379783]
[0.13796635]
[0.13794354]
[0.13792714]
[0.13789631]
[0.13789429]
[0.13787399]
[0.13785549]
[0.13785192]
[0.13784218]
[0.13783555]
[0.13780016]
[0.1377854]
[0.13775289]
[0.13773783]
[0.13772571]
[0.13770841]
[0.13770746]
[0.13768227]
[0.13767973]
[0.13766691]
[0.13763179]
[0.1375807]
[0.13755065]
[0.13751245]
[0.13751066]
[0.13750416]
[0.137501]
[0.13749903]
[0.13744788]
[0.13744429]
[0.13741942]
[0.1373807]
[0.13736519]
[0.13735892]
[0.13734789]
[0.13730188]
[0.13728258]
[0.1372727]
[0.13721639]
[0.13719513]
[0.13717452]
[0.137105]
[0.1370742]
[0.13706456]
[0.13705464]
[0.13696617]
[0.13695766]
[0.13695171]
[0.1369396]
[0.13689408]
[0.13689217]
[0.13681881]
[0.1367958]
[0.1367907]
[0.13672718]
[0.13672398]
[0.13671704]
[0.1367114]
[0.13663566]
[0.13663353]
[0.13663076]
[0.1365757]
[0.1365757]
[0.13656332]
[0.13654257]
[0.13652171]
[0.13643591]
[0.13638383]
[0.13637574]
[0.13634536]
[0.13628474]
[0.13628194]
[0.13628186]
[0.13625963]
[0.13623133]
[0.13622256]
[0.1362134]
[0.13617751]
[0.13615766]
[0.13615738]
[0.13615042]
[0.13613735]
[0.13601245]
[0.13598683]
[0.135964]
[0.13592784]
[0.13590656]
[0.13586909]
[0.13582219]
[0.13580225]
[0.13579041]
[0.13574496]
[0.13571781]
[0.1356492]
[0.13563833]
[0.13561611]
[0.13558453]
[0.1355396]
[0.13547668]
[0.1353919]
[0.13537516]
[0.13537261]
[0.13531019]
[0.13526624]
[0.1352354]
[0.13522084]
[0.13521273]
[0.13518405]
[0.13511983]
[0.13508879]
[0.13508257]
[0.13506964]
[0.13505934]
[0.13498642]
[0.13496266]
[0.13495381]
[0.13493653]
[0.13493639]
[0.13492353]
[0.13490795]
[0.13490766]
[0.13487239]
[0.13485454]
[0.13485031]
[0.13484886]
[0.13484536]
[0.13482435]
[0.1348139]
[0.1347923]
[0.13478345]
[0.13478242]
[0.13473661]
[0.1346677]
[0.13463311]
[0.13460077]
[0.13458183]
[0.13457775]
[0.1345438]
[0.134539]
[0.13453346]
[0.13452609]
[0.13452287]
[0.13450865]
[0.13448091]
[0.13445652]
[0.13445488]
[0.13444419]
[0.1344345]
[0.1343918]
[0.13437152]
[0.13429913]
[0.13428205]
[0.13427837]
[0.13427795]
[0.13425002]
[0.13421582]
[0.13419372]
[0.13413212]
[0.13405123]
[0.13405123]
[0.13403235]
[0.13402505]
[0.13398917]
[0.13398649]
[0.13392343]
[0.13389558]
[0.13388996]
[0.13388784]
[0.13383432]
[0.13383347]
[0.13382824]
[0.13377206]
[0.13374572]
[0.13371985]
[0.13369747]
[0.13366921]
[0.13365568]
[0.13364007]
[0.13362588]
[0.13360545]
[0.13359214]
[0.13354348]
[0.13353983]
[0.13352263]
[0.1335155]
[0.1334674]
[0.13344036]
[0.13342716]
[0.133282]
[0.1332625]
[0.13325217]
[0.13323885]
[0.1332079]
[0.133195]
[0.133184]
[0.13317044]
[0.13310204]
[0.13309428]
[0.13307513]
[0.13306132]
[0.13305871]
[0.13301428]
[0.13300765]
[0.13299258]
[0.1329766]
[0.13297658]
[0.13297608]
[0.13295765]
[0.13294914]
[0.13293868]
[0.13293728]
[0.13292651]
[0.13290778]
[0.13287315]
[0.13285755]
[0.13283272]
[0.13283053]
[0.13282618]
[0.13282324]
[0.13276039]
[0.13259897]
[0.13251452]
[0.13249086]
[0.13243976]
[0.13242602]
[0.13241474]
[0.13240352]
[0.13239366]
[0.13236451]
[0.13235772]
[0.13232969]
[0.13232104]
[0.13231176]
[0.13225804]
[0.13218544]
[0.1321775]
[0.13216941]
[0.13213941]
[0.13209116]
[0.13196549]
[0.13194492]
[0.13188443]
[0.13187729]
[0.13187534]
[0.13186596]
[0.13186537]
[0.13186172]
[0.1317974]
[0.13178506]
[0.1317801]
[0.13176253]
[0.13174418]
[0.13169098]
[0.13166805]
[0.13162997]
[0.13157064]
[0.13156295]
[0.13151406]
[0.13146554]
[0.13141407]
[0.13135247]
[0.13129485]
[0.1312948]
[0.13125865]
[0.13120385]
[0.13112728]
[0.13111874]
[0.13106121]
[0.13105358]
[0.13104378]
[0.13102584]
[0.13099544]
[0.13089757]
[0.13089038]
[0.13085198]
[0.13079348]
[0.13078421]
[0.13077575]
[0.13075717]
[0.1307545]
[0.13074754]
[0.13069983]
[0.13069755]
[0.13062887]
[0.13057958]
[0.13057311]
[0.13055065]
[0.13054422]
[0.13053657]
[0.1305235]
[0.13051336]
[0.13048273]
[0.13047446]
[0.13044584]
[0.13042921]
[0.1304252]
[0.13041745]
[0.13040826]
[0.13039808]
[0.13037592]
[0.1303744]
[0.13029079]
[0.13029069]
[0.13027589]
[0.13023917]
[0.13022764]
[0.13022758]
[0.13018534]
[0.13015394]
[0.13013858]
[0.13012703]
[0.13010061]
[0.13009585]
[0.13005885]
[0.13005407]
[0.13004634]
[0.13001257]
[0.12998581]
[0.12998371]
[0.1299781]
[0.1299681]
[0.12994303]
[0.12994057]
[0.12992004]
[0.12985273]
[0.12985168]
[0.1297778]
[0.12976165]
[0.12975681]
[0.12973118]
[0.12968919]
[0.12968427]
[0.12961817]
[0.12960784]
[0.12960584]
[0.12955986]
[0.12952319]
[0.12951814]
[0.12950292]
[0.12948841]
[0.12948422]
[0.12945546]
[0.12945461]
[0.1294275]
[0.12941173]
[0.12939127]
[0.12938477]
[0.12935877]
[0.12934163]
[0.12930945]
[0.1293033]
[0.1292952]
[0.12925078]
[0.12920965]
[0.12917918]
[0.1291773]
[0.12917162]
[0.12911579]
[0.12899825]
[0.12898716]
[0.12895733]
[0.12893634]
[0.12893154]
[0.12891722]
[0.12891228]
[0.1288966]
[0.12888712]
[0.12885955]
[0.12884323]
[0.12882833]
[0.12881128]
[0.12880701]
[0.12880278]
[0.12875831]
[0.1287382]
[0.12873082]
[0.1287191]
[0.12868911]
[0.12863873]
[0.12863041]
[0.12861983]
[0.12857562]
[0.12856416]
[0.12854435]
[0.12853579]
[0.12847897]
[0.1283479]
[0.12832998]
[0.12832342]
[0.1283113]
[0.12829259]
[0.1282855]
[0.12828225]
[0.1282782]
[0.12824284]
[0.12823543]
[0.12822552]
[0.12821737]
[0.12819842]
[0.12817836]
[0.12817691]
[0.12816195]
[0.1281204]
[0.12810774]
[0.1280829]
[0.1280617]
[0.12802872]
[0.12800336]
[0.12795776]
[0.12794483]
[0.1279112]
[0.12789251]
[0.12787366]
[0.12786393]
[0.12785667]
[0.12784128]
[0.12783729]
[0.1278367]
[0.12782323]
[0.12782209]
[0.12777504]
[0.12774959]
[0.12772518]
[0.12771341]
[0.12771182]
[0.12766391]
[0.12764968]
[0.12761745]
[0.12753098]
[0.12751997]
[0.1274996]
[0.127463]
[0.127463]
[0.12745965]
[0.12745304]
[0.12742567]
[0.1273925]
[0.12731983]
[0.12730758]
[0.12729667]
[0.12729667]
[0.12729463]
[0.12725599]
[0.1272247]
[0.12721239]
[0.1271814]
[0.12711105]
[0.12709308]
[0.12702538]
[0.12700017]
[0.1269445]
[0.12694228]
[0.12693663]
[0.12691803]
[0.12691748]
[0.12689021]
[0.12687491]
[0.12686504]
[0.12686235]
[0.12686175]
[0.12683402]
[0.12682004]
[0.12681815]
[0.12678498]
[0.12677227]
[0.12675221]
[0.12672366]
[0.12670496]
[0.12660535]
[0.12656812]
[0.12654325]
[0.12653734]
[0.1265218]
[0.126476]
[0.12645705]
[0.12645705]
[0.12638421]
[0.12632665]
[0.12629284]
[0.12629035]
[0.12615752]
[0.12615553]
[0.12613319]
[0.1261076]
[0.12610686]
[0.1260905]
[0.1260201]
[0.12599519]
[0.12596332]
[0.12593497]
[0.12589826]
[0.12584598]
[0.12581374]
[0.12579912]
[0.12579422]
[0.1257465]
[0.12573615]
[0.12571138]
[0.12569524]
[0.12567022]
[0.12566957]
[0.12554976]
[0.12554157]
[0.12550697]
[0.12546231]
[0.12545407]
[0.12545331]
[0.1254363]
[0.1254302]
[0.12536778]
[0.12536182]
[0.125337]
[0.12532708]
[0.12531665]
[0.12529181]
[0.12520795]
[0.12519644]
[0.12519427]
[0.12517549]
[0.12514584]
[0.12510021]
[0.12509708]
[0.12505798]
[0.12505367]
[0.12502825]
[0.12499228]
[0.12495828]
[0.12495385]
[0.12492054]
[0.12486816]
[0.12483925]
[0.12482135]
[0.12479506]
[0.12477476]
[0.12475263]
[0.12474977]
[0.12474977]
[0.12474133]
[0.12473927]
[0.12472907]
[0.12472653]
[0.12472556]
[0.12464766]
[0.12464591]
[0.12462437]
[0.12462343]
[0.1245873]
[0.12456223]
[0.12446333]
[0.12446103]
[0.12445127]
[0.12443595]
[0.12441085]
[0.12440572]
[0.12437264]
[0.12435099]
[0.12433198]
[0.12432748]
[0.12431544]
[0.1243118]
[0.12430742]
[0.12429325]
[0.12429011]
[0.12427821]
[0.12427624]
[0.12412395]
[0.12411202]
[0.12408512]
[0.12401352]
[0.12400663]
[0.12394357]
[0.12390274]
[0.12389436]
[0.12387481]
[0.12385812]
[0.12384903]
[0.12381676]
[0.12378614]
[0.12376384]
[0.1237414]
[0.12371447]
[0.12369621]
[0.1236825]
[0.12368238]
[0.12364773]
[0.12361906]
[0.12360534]
[0.12360264]
[0.12359045]
[0.12354377]
[0.12354162]
[0.12352625]
[0.12352598]
[0.12352208]
[0.12344943]
[0.12343992]
[0.12340872]
[0.12337726]
[0.12333798]
[0.12329816]
[0.12327446]
[0.12323555]
[0.12323408]
[0.12315675]
[0.12315675]
[0.12312071]
[0.12309808]
[0.12309718]
[0.12309512]
[0.12306957]
[0.123034]
[0.1230308]
[0.12302832]
[0.12300658]
[0.12293941]
[0.12293544]
[0.12290923]
[0.12288342]
[0.12287954]
[0.1228752]
[0.12279449]
[0.12276354]
[0.12275757]
[0.12271875]
[0.12263388]
[0.12262283]
[0.12260995]
[0.12259547]
[0.12257718]
[0.12257415]
[0.12256826]
[0.12252887]
[0.12246888]
[0.12243114]
[0.12240496]
[0.12238419]
[0.12235837]
[0.12234809]
[0.12232544]
[0.1222936]
[0.12229101]
[0.12223618]
[0.12220506]
[0.12219445]
[0.12218212]
[0.12210011]
[0.12208823]
[0.12207597]
[0.1220504]
[0.12202839]
[0.122007]
[0.12196971]
[0.12196779]
[0.12195717]
[0.12193549]
[0.12191321]
[0.12190244]
[0.12190152]
[0.12185733]
[0.12185472]
[0.12184334]
[0.12183347]
[0.12180737]
[0.12180397]
[0.1217953]
[0.12179091]
[0.12177915]
[0.1217312]
[0.12172378]
[0.12168188]
[0.12167834]
[0.12165134]
[0.12165042]
[0.12164662]
[0.12163543]
[0.12161651]
[0.12159819]
[0.12155868]
[0.12155171]
[0.12153789]
[0.12141881]
[0.12140256]
[0.12138455]
[0.12136334]
[0.1213633]
[0.12134204]
[0.12131713]
[0.12130979]
[0.12129156]
[0.12127591]
[0.1212626]
[0.12125299]
[0.12124798]
[0.1212052]
[0.12119161]
[0.12116918]
[0.12114612]
[0.12114497]
[0.12113807]
[0.12112573]
[0.12110437]
[0.12107693]
[0.12107559]
[0.12105712]
[0.12103583]
[0.12103125]
[0.12102927]
[0.12101598]
[0.12097627]
[0.12096423]
[0.12095467]
[0.12089053]
[0.12085331]
[0.12084036]
[0.12078397]
[0.12077594]
[0.12072216]
[0.12071071]
[0.12068581]
[0.12067065]
[0.12066674]
[0.12061494]
[0.12060784]
[0.12059876]
[0.12059279]
[0.12058723]
[0.12055865]
[0.12050733]
[0.12050538]
[0.12048268]
[0.12046995]
[0.12045718]
[0.12045182]
[0.12044904]
[0.12032886]
[0.12029511]
[0.12029164]
[0.12028037]
[0.12026118]
[0.12024132]
[0.12023834]
[0.12015474]
[0.12011155]
[0.12010028]
[0.12008175]
[0.12007305]
[0.12006861]
[0.12003326]
[0.12000911]
[0.11998771]
[0.11994967]
[0.11994094]
[0.11985754]
[0.11984064]
[0.11976583]
[0.11972835]
[0.119682]
[0.11964252]
[0.11963566]
[0.11961604]
[0.11956443]
[0.11955073]
[0.11953975]
[0.11953894]
[0.1195379]
[0.11953112]
[0.11951495]
[0.11948906]
[0.11948873]
[0.11944432]
[0.1194049]
[0.11937297]
[0.11936822]
[0.11936683]
[0.11935482]
[0.11929309]
[0.11924546]
[0.1192416]
[0.11918841]
[0.11918635]
[0.11914426]
[0.11913612]
[0.11912309]
[0.11909745]
[0.11909571]
[0.11906356]
[0.11900863]
[0.11899704]
[0.11898214]
[0.11895185]
[0.11894302]
[0.11882378]
[0.11881509]
[0.1187814]
[0.11877297]
[0.11876506]
[0.11874671]
[0.11868161]
[0.11865155]
[0.11863655]
[0.11863384]
[0.11860006]
[0.11854871]
[0.11853186]
[0.11852887]
[0.11847281]
[0.11845537]
[0.11845171]
[0.11843356]
[0.11842089]
[0.11840225]
[0.11834466]
[0.11832993]
[0.11832865]
[0.11832756]
[0.11832016]
[0.1183058]
[0.11814649]
[0.11814038]
[0.11813179]
[0.1181188]
[0.11811337]
[0.11809961]
[0.11809437]
[0.11805705]
[0.11801513]
[0.11799372]
[0.11797681]
[0.11789247]
[0.11787353]
[0.11786851]
[0.11786083]
[0.11782123]
[0.11778113]
[0.11777245]
[0.11777128]
[0.11776751]
[0.11774527]
[0.11766613]
[0.11765258]
[0.11763134]
[0.11763015]
[0.1176065]
[0.11754584]
[0.11750228]
[0.11749952]
[0.11743013]
[0.11740387]
[0.11739815]
[0.11736485]
[0.11735846]
[0.11733159]
[0.11727595]
[0.11724604]
[0.11722542]
[0.11722432]
[0.1172116]
[0.11719914]
[0.11718537]
[0.11716884]
[0.11715402]
[0.11714678]
[0.11710937]
[0.11710371]
[0.11707953]
[0.1170777]
[0.11707737]
[0.11706573]
[0.1170496]
[0.11703641]
[0.11702399]
[0.11697901]
[0.11697743]
[0.11695276]
[0.11692362]
[0.11692096]
[0.11689624]
[0.11689325]
[0.11687752]
[0.11682461]
[0.11680255]
[0.11680087]
[0.11677953]
[0.11677623]
[0.11676153]
[0.11675902]
[0.11672551]
[0.11671634]
[0.11669534]
[0.11667368]
[0.11662199]
[0.11661423]
[0.11659405]
[0.11657098]
[0.11656364]
[0.11656227]
[0.11653358]
[0.11651234]
[0.11648591]
[0.11647863]
[0.11647583]
[0.11641681]
[0.11640916]
[0.11639263]
[0.11630331]
[0.11628471]
[0.11615109]
[0.11612117]
[0.11610474]
[0.11608959]
[0.11607909]
[0.11604798]
[0.1160415]
[0.11600393]
[0.11599746]
[0.11595849]
[0.11594794]
[0.11594662]
[0.11593374]
[0.11588925]
[0.1158701]
[0.11586114]
[0.11585402]
[0.11582662]
[0.11575785]
[0.11569426]
[0.11568745]
[0.11567743]
[0.11561365]
[0.11561365]
[0.11556095]
[0.11550079]
[0.11544669]
[0.11542418]
[0.11542392]
[0.11541919]
[0.11541867]
[0.11541254]
[0.11540326]
[0.11539384]
[0.11538941]
[0.11538079]
[0.11537208]
[0.11536547]
[0.115357]
[0.11535378]
[0.11534434]
[0.11522621]
[0.11521582]
[0.11517314]
[0.11515283]
[0.11515042]
[0.11511139]
[0.11505403]
[0.11504753]
[0.11499642]
[0.11495101]
[0.11488792]
[0.1148405]
[0.11483213]
[0.11479644]
[0.11477724]
[0.11467841]
[0.11467477]
[0.11458714]
[0.11453445]
[0.11449543]
[0.11444502]
[0.11444094]
[0.11442155]
[0.11441491]
[0.1143993]
[0.11438984]
[0.11438333]
[0.11432231]
[0.11421303]
[0.11419339]
[0.11400358]
[0.11397459]
[0.11387683]
[0.11386173]
[0.11385071]
[0.11381482]
[0.11375708]
[0.11375502]
[0.11375275]
[0.1137013]
[0.11368094]
[0.11364396]
[0.11363507]
[0.11361666]
[0.11360896]
[0.11360528]
[0.11358918]
[0.11358073]
[0.11355751]
[0.11353686]
[0.11353198]
[0.11350011]
[0.1134569]
[0.11343469]
[0.1133602]
[0.11333166]
[0.11332639]
[0.11331199]
[0.11330195]
[0.11328037]
[0.11317898]
[0.11317012]
[0.11313706]
[0.11310329]
[0.1130845]
[0.11306317]
[0.11299449]
[0.11297406]
[0.11296126]
[0.11291778]
[0.11290819]
[0.11290395]
[0.11289787]
[0.11287772]
[0.11287591]
[0.11286292]
[0.11283501]
[0.11281524]
[0.11279797]
[0.1127939]
[0.1127637]
[0.11274143]
[0.1126268]
[0.11261509]
[0.11254393]
[0.11253044]
[0.11250497]
[0.11245679]
[0.11244361]
[0.11244117]
[0.11240321]
[0.11240059]
[0.11238757]
[0.11236168]
[0.1123545]
[0.11225838]
[0.11224389]
[0.11218969]
[0.11215238]
[0.1120861]
[0.11208463]
[0.11207367]
[0.11202959]
[0.11201838]
[0.11200564]
[0.11197051]
[0.11193629]
[0.11189418]
[0.11187033]
[0.11183511]
[0.11180449]
[0.11176958]
[0.11176658]
[0.11173365]
[0.11172971]
[0.1117293]
[0.11172738]
[0.1116833]
[0.11162136]
[0.11160352]
[0.1115702]
[0.11154765]
[0.11152624]
[0.111499]
[0.11149742]
[0.1114757]
[0.11145048]
[0.11143509]
[0.11142205]
[0.11141936]
[0.11140666]
[0.11139642]
[0.11139478]
[0.11136343]
[0.11131198]
[0.11130411]
[0.11128397]
[0.11127574]
[0.11123447]
[0.11121953]
[0.11120215]
[0.11117317]
[0.11114694]
[0.11112256]
[0.11109451]
[0.1110495]
[0.11100974]
[0.11099439]
[0.11095224]
[0.11090061]
[0.11088918]
[0.11088554]
[0.11087798]
[0.11081535]
[0.11078857]
[0.11075377]
[0.1107368]
[0.11072432]
[0.11064005]
[0.11062281]
[0.11061413]
[0.11059678]
[0.11047685]
[0.11047523]
[0.11039998]
[0.11032438]
[0.11021705]
[0.11014066]
[0.11013462]
[0.11013]
[0.11010773]
[0.11004498]
[0.11002322]
[0.11002291]
[0.11000001]
[0.10998746]
[0.10997274]
[0.10990126]
[0.10982541]
[0.10981625]
[0.10978653]
[0.10972694]
[0.10970794]
[0.10966399]
[0.10960617]
[0.10954458]
[0.10953795]
[0.10951899]
[0.10951132]
[0.109385]
[0.10932779]
[0.10923884]
[0.10921022]
[0.10919491]
[0.10917947]
[0.10917483]
[0.10917338]
[0.10912354]
[0.10911294]
[0.10906743]
[0.10900582]
[0.108988]
[0.10895596]
[0.10893202]
[0.10891167]
[0.10890273]
[0.10884476]
[0.10883509]
[0.10882038]
[0.10881974]
[0.10880692]
[0.10880259]
[0.10880248]
[0.10876506]
[0.1087302]
[0.10872472]
[0.10871065]
[0.10868294]
[0.10864718]
[0.10861676]
[0.10859059]
[0.10857999]
[0.10856345]
[0.10854857]
[0.10853498]
[0.10847761]
[0.10847313]
[0.10845342]
[0.10844108]
[0.10842047]
[0.10840969]
[0.10838263]
[0.10834265]
[0.10833804]
[0.10832799]
[0.10831204]
[0.10827334]
[0.10827097]
[0.10826579]
[0.10823279]
[0.10819179]
[0.10815356]
[0.10813063]
[0.10811459]
[0.10807079]
[0.10800122]
[0.10798635]
[0.10796022]
[0.10795645]
[0.10795093]
[0.10785171]
[0.10783624]
[0.10782677]
[0.10781514]
[0.10777969]
[0.10774773]
[0.1077407]
[0.10773229]
[0.10771444]
[0.10769471]
[0.1076734]
[0.10760386]
[0.10758735]
[0.10758053]
[0.10754365]
[0.10753859]
[0.10751571]
[0.10750511]
[0.10750511]
[0.10746366]
[0.10745945]
[0.10741857]
[0.10738593]
[0.10737458]
[0.10736468]
[0.10732649]
[0.10732169]
[0.10731187]
[0.10720447]
[0.10714491]
[0.1071262]
[0.10710268]
[0.10709681]
[0.10709483]
[0.10707028]
[0.10704754]
[0.10699645]
[0.10698804]
[0.10693166]
[0.10677559]
[0.1067278]
[0.10670266]
[0.10667466]
[0.10666531]
[0.10666149]
[0.10663351]
[0.1066093]
[0.10658427]
[0.10648065]
[0.10643122]
[0.1064112]
[0.10639966]
[0.10639565]
[0.10638198]
[0.10630376]
[0.10621513]
[0.10620287]
[0.10617517]
[0.10613893]
[0.10612497]
[0.10602899]
[0.1060107]
[0.10598314]
[0.10594314]
[0.10590057]
[0.10589602]
[0.10584886]
[0.10581271]
[0.10574352]
[0.10571759]
[0.10570546]
[0.10570465]
[0.10570407]
[0.1057014]
[0.10569922]
[0.10566431]
[0.10564093]
[0.10559985]
[0.10559219]
[0.10555741]
[0.10549176]
[0.10547215]
[0.10545067]
[0.10544797]
[0.10542294]
[0.10541606]
[0.10526587]
[0.10523401]
[0.10521554]
[0.1052044]
[0.10518385]
[0.10510477]
[0.10508904]
[0.10506996]
[0.10503504]
[0.10497095]
[0.10496305]
[0.10493588]
[0.10492547]
[0.10492126]
[0.10490297]
[0.10489294]
[0.10488721]
[0.10488481]
[0.10485332]
[0.10483713]
[0.10470704]
[0.10447652]
[0.10441562]
[0.10441299]
[0.10440079]
[0.10436296]
[0.1043258]
[0.10428905]
[0.10428216]
[0.10426762]
[0.10422973]
[0.10417458]
[0.10416438]
[0.10414819]
[0.10412467]
[0.10409117]
[0.10408153]
[0.10407612]
[0.1040745]
[0.10406827]
[0.10406704]
[0.10405425]
[0.10403798]
[0.10401349]
[0.10397639]
[0.10390434]
[0.10387424]
[0.10385387]
[0.1038026]
[0.10380071]
[0.10379757]
[0.10374951]
[0.1037408]
[0.10371086]
[0.10359623]
[0.10359211]
[0.10352028]
[0.10348482]
[0.10347659]
[0.10337278]
[0.10334899]
[0.10334833]
[0.10334542]
[0.10333665]
[0.10332293]
[0.10330013]
[0.10326755]
[0.10326006]
[0.10322186]
[0.1032185]
[0.10316234]
[0.1031593]
[0.10315729]
[0.10314992]
[0.10298462]
[0.10292041]
[0.10291486]
[0.10288279]
[0.10287957]
[0.10282184]
[0.10278524]
[0.10275029]
[0.10270722]
[0.10269997]
[0.10269349]
[0.10269043]
[0.10261624]
[0.10261376]
[0.10258161]
[0.10251925]
[0.1024975]
[0.10247485]
[0.10239482]
[0.10238441]
[0.10238229]
[0.10237405]
[0.10229676]
[0.10224222]
[0.10222847]
[0.10222311]
[0.10217596]
[0.10216894]
[0.10212466]
[0.10212232]
[0.10202061]
[0.10197291]
[0.10193316]
[0.10190551]
[0.1018741]
[0.10187013]
[0.10186066]
[0.10185794]
[0.10185529]
[0.10182434]
[0.1017599]
[0.1016902]
[0.10164088]
[0.10162233]
[0.10160266]
[0.10159896]
[0.10158774]
[0.10157777]
[0.10142421]
[0.10137611]
[0.10135844]
[0.1013395]
[0.1013189]
[0.10129621]
[0.10127025]
[0.10121938]
[0.10115598]
[0.101142]
[0.10106291]
[0.10102358]
[0.10095883]
[0.10095479]
[0.10092593]
[0.10089885]
[0.1008918]
[0.1008911]
[0.10081003]
[0.10077248]
[0.10075977]
[0.10070327]
[0.10067766]
[0.10064685]
[0.10063171]
[0.10060982]
[0.10051959]
[0.10046054]
[0.10042878]
[0.10040673]
[0.10031408]
[0.10028122]
[0.10025354]
[0.10018986]
[0.10018729]
[0.10014348]
[0.10003882]
[0.09996653]
[0.09994233]
[0.09993674]
[0.09990086]
[0.09972503]
[0.09972426]
[0.09969389]
[0.09969375]
[0.09965632]
[0.09960838]
[0.09954689]
[0.09949445]
[0.09949438]
[0.09948359]
[0.09948224]
[0.09943231]
[0.09940804]
[0.09934524]
[0.09927299]
[0.0991552]
[0.09911268]
[0.09906533]
[0.09895307]
[0.09894849]
[0.09884466]
[0.09883346]
[0.09872245]
[0.09871248]
[0.09869725]
[0.0985306]
[0.09851293]
[0.09846102]
[0.09842205]
[0.09839072]
[0.09838478]
[0.09827697]
[0.09826239]
[0.09825175]
[0.09821235]
[0.0981893]
[0.09814209]
[0.09813617]
[0.09811687]
[0.09805687]
[0.09802754]
[0.09801605]
[0.09796257]
[0.09795075]
[0.09794656]
[0.09792151]
[0.09788363]
[0.097817]
[0.09780166]
[0.09777983]
[0.09770562]
[0.09764746]
[0.09750145]
[0.09746943]
[0.09741633]
[0.0973988]
[0.09738271]
[0.09732408]
[0.09725036]
[0.09723682]
[0.09723527]
[0.09722196]
[0.09716385]
[0.09698824]
[0.09696691]
[0.09691257]
[0.09683706]
[0.09675802]
[0.09672577]
[0.09658151]
[0.09657772]
[0.09651304]
[0.09648823]
[0.09634377]
[0.09629925]
[0.09628556]
[0.09627534]
[0.09618092]
[0.09616522]
[0.09615812]
[0.09593391]
[0.09590843]
[0.09579024]
[0.09574241]
[0.09565768]
[0.09550396]
[0.09536983]
[0.0953535]
[0.09527611]
[0.0951423]
[0.09497831]
[0.09497043]
[0.09496122]
[0.09475792]
[0.09475614]
[0.09469955]
[0.09459754]
[0.09458548]
[0.09444177]
[0.09443602]
[0.09442531]
[0.09441237]
[0.09427843]
[0.09415484]
[0.09413674]
[0.09408797]
[0.09408166]
[0.09402759]
[0.09402567]
[0.09400292]
[0.09398409]
[0.09394065]
[0.09376024]
[0.09374274]
[0.09367452]
[0.09358519]
[0.09351528]
[0.09350748]
[0.0934936]
[0.09343475]
[0.09343088]
[0.09327664]
[0.09325783]
[0.09319957]
[0.0931697]
[0.09316406]
[0.09307868]
[0.09307235]
[0.09303634]
[0.09297178]
[0.09296563]
[0.09292342]
[0.09291329]
[0.09290642]
[0.09289645]
[0.09287359]
[0.0927799]
[0.09277228]
[0.09271952]
[0.09270155]
[0.09269387]
[0.09258095]
[0.09257761]
[0.09254428]
[0.09252264]
[0.09242263]
[0.0923934]
[0.09237649]
[0.09232049]
[0.09231244]
[0.09217392]
[0.09217285]
[0.09214674]
[0.09212182]
[0.09211518]
[0.09196565]
[0.09193339]
[0.09192728]
[0.09178399]
[0.09174298]
[0.09153149]
[0.09143178]
[0.09139159]
[0.09134753]
[0.09134179]
[0.09128755]
[0.09107751]
[0.09104913]
[0.09100702]
[0.09095998]
[0.09095468]
[0.09080032]
[0.09073751]
[0.09042175]
[0.09040277]
[0.09039155]
[0.09036437]
[0.09035216]
[0.090327]
[0.09031313]
[0.09028315]
[0.09027863]
[0.09020691]
[0.09018824]
[0.08998331]
[0.08985747]
[0.08982783]
[0.08979657]
[0.089706]
[0.08969268]
[0.08957103]
[0.0893682]
[0.08928909]
[0.08906137]
[0.08899567]
[0.08892047]
[0.08888978]
[0.08888976]
[0.08888038]
[0.08885211]
[0.08879556]
[0.08875045]
[0.08868913]
[0.08866553]
[0.0886488]
[0.08845481]
[0.08838704]
[0.08821053]
[0.08808931]
[0.08804779]
[0.08801255]
[0.0878658]
[0.08771801]
[0.08759076]
[0.08756043]
[0.08746558]
[0.08729952]
[0.08728307]
[0.0872402]
[0.08713686]
[0.0871257]
[0.08693592]
[0.08684324]
[0.08666986]
[0.08645684]
[0.08635295]
[0.08630003]
[0.08620495]
[0.08612329]
[0.08611668]
[0.08607759]
[0.08603497]
[0.08601944]
[0.08600438]
[0.08598983]
[0.08588823]
[0.08573845]
[0.08558419]
[0.08548748]
[0.08548742]
[0.08548281]
[0.08543662]
[0.08527487]
[0.08518148]
[0.08508766]
[0.08483378]
[0.08480465]
[0.08454324]
[0.08452676]
[0.08442415]
[0.08441642]
[0.08418889]
[0.08414391]
[0.08400263]
[0.08392175]
[0.08385617]
[0.08383197]
[0.08380279]
[0.08378758]
[0.08378313]
[0.08377332]
[0.08376724]
[0.08370201]
[0.08361685]
[0.083388]
[0.08314112]
[0.08312367]
[0.08293199]
[0.08292963]
[0.08285543]
[0.08281297]
[0.08265944]
[0.08257283]
[0.0825581]
[0.08255568]
[0.08249394]
[0.08244868]
[0.08240156]
[0.08224968]
[0.08223341]
[0.08212788]
[0.08210379]
[0.08207866]
[0.08180603]
[0.08177695]
[0.08165842]
[0.08153484]
[0.08145207]
[0.08129566]
[0.08117105]
[0.08077744]
[0.08074697]
[0.08065073]
[0.08060312]
[0.08041304]
[0.0804015]
[0.0803296]
[0.08030394]
[0.08022143]
[0.08007959]
[0.08001642]
[0.07999054]
[0.07998282]
[0.07993715]
[0.07982377]
[0.07981826]
[0.07974657]
[0.07946158]
[0.0794216]
[0.07940105]
[0.07938575]
[0.07932237]
[0.07929489]
[0.07926187]
[0.07921436]
[0.07890479]
[0.07886405]
[0.07874651]
[0.07863618]
[0.07835101]
[0.07831481]
[0.07826659]
[0.07819515]
[0.07817019]
[0.078136]
[0.07800373]
[0.07797805]
[0.07791941]
[0.07781003]
[0.07778692]
[0.07776872]
[0.07776424]
[0.07772559]
[0.07744651]
[0.07722963]
[0.07718621]
[0.07691717]
[0.07678061]
[0.07660533]
[0.07659595]
[0.07656737]
[0.07655609]
[0.07648961]
[0.0764743]
[0.07647102]
[0.07637833]
[0.0763737]
[0.07634667]
[0.07634584]
[0.07619341]
[0.07605579]
[0.07597538]
[0.07595053]
[0.07594834]
[0.07593564]
[0.0758922]
[0.07575928]
[0.07567035]
[0.07565707]
[0.07560747]
[0.07556938]
[0.07549886]
[0.07546256]
[0.07537255]
[0.07535748]
[0.07526714]
[0.07526626]
[0.0750436]
[0.07504071]
[0.07503703]
[0.07499075]
[0.07498387]
[0.0748259]
[0.07472249]
[0.07467949]
[0.074615]
[0.07459823]
[0.07458177]
[0.07455375]
[0.07449934]
[0.07443602]
[0.0744143]
[0.07438739]
[0.07436729]
[0.07435128]
[0.07417072]
[0.07396185]
[0.07390867]
[0.07386966]
[0.07381685]
[0.07376021]
[0.07373012]
[0.07366755]
[0.07366623]
[0.07358972]
[0.07352895]
[0.07343351]
[0.07335895]
[0.07331624]
[0.07331051]
[0.07313606]
[0.07306789]
