[0.26547128]
[0.24436866]
[0.2410499]
[0.2380959]
[0.23238377]
[0.23001741]
[0.2293679]
[0.2293679]
[0.22829175]
[0.22805974]
[0.2277697]
[0.22261852]
[0.22220522]
[0.22009946]
[0.21935879]
[0.21895324]
[0.2172048]
[0.21621452]
[0.21554622]
[0.21524563]
[0.21513036]
[0.2148203]
[0.21236378]
[0.21218403]
[0.21184403]
[0.2115612]
[0.21111926]
[0.21091838]
[0.21038866]
[0.20954898]
[0.20907189]
[0.20871097]
[0.20849808]
[0.20830263]
[0.20798919]
[0.20741948]
[0.20711525]
[0.20707037]
[0.20670573]
[0.20670097]
[0.20666432]
[0.20628686]
[0.2057464]
[0.20447047]
[0.20290576]
[0.20242624]
[0.20233522]
[0.20163694]
[0.20152606]
[0.20124565]
[0.20083766]
[0.20081481]
[0.20080212]
[0.20045958]
[0.19987507]
[0.19863296]
[0.1985514]
[0.19848256]
[0.19826627]
[0.19800818]
[0.19799374]
[0.19759695]
[0.19719423]
[0.19664809]
[0.1963194]
[0.19630828]
[0.19625306]
[0.1962094]
[0.19614132]
[0.19549775]
[0.19536902]
[0.19526438]
[0.1951882]
[0.19509876]
[0.19508174]
[0.19506495]
[0.19493799]
[0.19489306]
[0.19474164]
[0.19454439]
[0.1944799]
[0.19427934]
[0.1940882]
[0.1940568]
[0.19388664]
[0.19358853]
[0.19355516]
[0.19345263]
[0.19343726]
[0.19333594]
[0.19317621]
[0.19276215]
[0.19269624]
[0.19254452]
[0.19246237]
[0.19239472]
[0.1923841]
[0.1923013]
[0.19223216]
[0.19222817]
[0.1917648]
[0.19174449]
[0.19168314]
[0.19166674]
[0.19145595]
[0.19142267]
[0.19136359]
[0.19122072]
[0.19113053]
[0.19111289]
[0.19104327]
[0.19093794]
[0.19093251]
[0.19080223]
[0.19074836]
[0.19073576]
[0.19060358]
[0.1905376]
[0.19047946]
[0.19041988]
[0.1903802]
[0.19029166]
[0.19021559]
[0.19003516]
[0.18993242]
[0.18989533]
[0.18984015]
[0.1895273]
[0.18950172]
[0.18941659]
[0.18935266]
[0.18902405]
[0.18879804]
[0.18855913]
[0.18852441]
[0.18850096]
[0.1883202]
[0.18827541]
[0.18822284]
[0.18815286]
[0.18802692]
[0.18793389]
[0.18792263]
[0.18786676]
[0.18778121]
[0.18771783]
[0.18768054]
[0.18766704]
[0.18752113]
[0.18750338]
[0.18745574]
[0.18740948]
[0.18737018]
[0.18736786]
[0.18731768]
[0.1872917]
[0.18723343]
[0.18719168]
[0.18716504]
[0.18714616]
[0.18698958]
[0.18691473]
[0.18690298]
[0.18685931]
[0.18675163]
[0.18668757]
[0.1865482]
[0.18629746]
[0.18611158]
[0.186066]
[0.18598169]
[0.18594432]
[0.18581821]
[0.18581091]
[0.18569826]
[0.18566611]
[0.18563944]
[0.18544745]
[0.18541843]
[0.18539992]
[0.18513821]
[0.1850067]
[0.18488468]
[0.18484555]
[0.18467614]
[0.18463308]
[0.18460095]
[0.18454185]
[0.1845054]
[0.18431479]
[0.1842298]
[0.1841688]
[0.18414035]
[0.18404582]
[0.18383265]
[0.1837181]
[0.18364893]
[0.1836186]
[0.18360654]
[0.18359964]
[0.18359266]
[0.18357949]
[0.1834975]
[0.18349516]
[0.18343559]
[0.18326285]
[0.18319787]
[0.1831972]
[0.18305631]
[0.18298197]
[0.18295932]
[0.18282329]
[0.1827986]
[0.18268503]
[0.18261205]
[0.18240254]
[0.1823808]
[0.18234363]
[0.1823102]
[0.18225385]
[0.18217956]
[0.1821385]
[0.18211174]
[0.18205234]
[0.18203199]
[0.18199547]
[0.181938]
[0.18189617]
[0.18178083]
[0.18175933]
[0.18172629]
[0.18168844]
[0.18168013]
[0.1816742]
[0.18160167]
[0.18155962]
[0.18154429]
[0.18150406]
[0.18147716]
[0.18130426]
[0.18128149]
[0.18124855]
[0.1812446]
[0.18112649]
[0.18104859]
[0.18102375]
[0.181005]
[0.18091702]
[0.18089327]
[0.18078105]
[0.18071091]
[0.18055409]
[0.18052495]
[0.18051799]
[0.18050994]
[0.18042542]
[0.18040061]
[0.18037915]
[0.1803584]
[0.18033297]
[0.18020582]
[0.18020077]
[0.18016152]
[0.18012214]
[0.18007673]
[0.18006319]
[0.18003142]
[0.18001108]
[0.17998664]
[0.1799759]
[0.17995368]
[0.17992915]
[0.17992328]
[0.1799044]
[0.17987977]
[0.17976014]
[0.17972356]
[0.1796698]
[0.17965128]
[0.17958607]
[0.17945641]
[0.17928989]
[0.17923737]
[0.17923132]
[0.17920452]
[0.17916465]
[0.17910868]
[0.17909321]
[0.17909321]
[0.17908089]
[0.1790807]
[0.17899644]
[0.17897709]
[0.17897096]
[0.17878945]
[0.17870417]
[0.17865536]
[0.17863227]
[0.17862311]
[0.178581]
[0.17854267]
[0.17848279]
[0.17847987]
[0.17846991]
[0.1784579]
[0.17832763]
[0.17831741]
[0.17830153]
[0.1782939]
[0.17822567]
[0.17817552]
[0.17814326]
[0.17810112]
[0.17809834]
[0.1780361]
[0.17790209]
[0.1778829]
[0.17778388]
[0.17775857]
[0.17775677]
[0.17770769]
[0.17770761]
[0.17757237]
[0.1775717]
[0.1775024]
[0.17749567]
[0.17745161]
[0.1774508]
[0.17744288]
[0.17743117]
[0.17737773]
[0.17735416]
[0.17735311]
[0.1773458]
[0.17719649]
[0.17719314]
[0.17713904]
[0.17710644]
[0.17709827]
[0.17706755]
[0.1770033]
[0.17699191]
[0.17688021]
[0.17687061]
[0.1768566]
[0.17681755]
[0.17680101]
[0.17677471]
[0.1767478]
[0.17670554]
[0.17669815]
[0.17665309]
[0.17662129]
[0.17658147]
[0.17655456]
[0.17650788]
[0.17644559]
[0.17637378]
[0.17618996]
[0.17616713]
[0.17610258]
[0.17607376]
[0.17602423]
[0.17600842]
[0.17592639]
[0.17588979]
[0.17586929]
[0.17584313]
[0.17578138]
[0.1757]
[0.1756793]
[0.17567134]
[0.17566088]
[0.1756222]
[0.1755876]
[0.17550671]
[0.17550308]
[0.1754822]
[0.17536221]
[0.17536122]
[0.17527454]
[0.17522381]
[0.17517002]
[0.17515391]
[0.17512083]
[0.17509802]
[0.17509535]
[0.17508349]
[0.17507088]
[0.17505375]
[0.17503855]
[0.17503278]
[0.17501396]
[0.17499]
[0.17498007]
[0.17497703]
[0.17495744]
[0.17493327]
[0.17491452]
[0.17490949]
[0.17488636]
[0.17485599]
[0.17485309]
[0.17477992]
[0.17476436]
[0.17472908]
[0.17468779]
[0.17464188]
[0.17460683]
[0.1745866]
[0.17457636]
[0.1745241]
[0.17445658]
[0.17444453]
[0.17443864]
[0.17441632]
[0.17440556]
[0.1743957]
[0.17437093]
[0.17431732]
[0.17428938]
[0.1742876]
[0.17427927]
[0.17427625]
[0.17427093]
[0.17426132]
[0.17424513]
[0.17421313]
[0.17415772]
[0.17415592]
[0.17414467]
[0.17411782]
[0.17401572]
[0.17401081]
[0.17393972]
[0.17385209]
[0.17382394]
[0.17376186]
[0.1737494]
[0.17373838]
[0.17373681]
[0.17372783]
[0.17370121]
[0.17368773]
[0.17367959]
[0.17366971]
[0.17361619]
[0.17357756]
[0.17356008]
[0.17352942]
[0.17352793]
[0.17349991]
[0.17347798]
[0.17341305]
[0.1733657]
[0.17334339]
[0.1733381]
[0.17329632]
[0.17328835]
[0.17327768]
[0.17320801]
[0.17320214]
[0.17318073]
[0.17316753]
[0.17308535]
[0.17303127]
[0.17301062]
[0.17299657]
[0.17299296]
[0.17293258]
[0.1728995]
[0.17288734]
[0.17287411]
[0.17286533]
[0.17285511]
[0.17285234]
[0.17285082]
[0.17284054]
[0.17279273]
[0.1727797]
[0.1727674]
[0.17274238]
[0.1726903]
[0.17265786]
[0.17261381]
[0.17260616]
[0.17259715]
[0.17258304]
[0.17252709]
[0.17252305]
[0.1725216]
[0.17251675]
[0.17249867]
[0.17249309]
[0.17248957]
[0.17248]
[0.17242394]
[0.172288]
[0.172288]
[0.1722853]
[0.17228481]
[0.1721825]
[0.17217526]
[0.17211685]
[0.17206669]
[0.17200387]
[0.17199956]
[0.17198947]
[0.17197686]
[0.17195868]
[0.1719403]
[0.17190482]
[0.17190015]
[0.17182252]
[0.17181833]
[0.17180465]
[0.17179738]
[0.17179045]
[0.17176786]
[0.1717674]
[0.17174365]
[0.17171785]
[0.17170998]
[0.17169653]
[0.17168838]
[0.17168735]
[0.17168665]
[0.17165576]
[0.17164032]
[0.17153405]
[0.17150342]
[0.17149131]
[0.17145611]
[0.17141984]
[0.17135087]
[0.17134863]
[0.17134362]
[0.17132102]
[0.17131707]
[0.1713109]
[0.17127499]
[0.17125006]
[0.17124818]
[0.17123355]
[0.17113827]
[0.17112157]
[0.1711076]
[0.17109472]
[0.17102392]
[0.17098074]
[0.1709559]
[0.1709467]
[0.17094475]
[0.17091489]
[0.1708745]
[0.17078501]
[0.17078207]
[0.17076223]
[0.17069821]
[0.17068721]
[0.17067425]
[0.17065458]
[0.17062661]
[0.17062055]
[0.17061108]
[0.17059031]
[0.17057705]
[0.17057635]
[0.17053172]
[0.170503]
[0.17049548]
[0.17048967]
[0.17048545]
[0.17047295]
[0.17041443]
[0.17038487]
[0.17036307]
[0.17035848]
[0.17033456]
[0.17031267]
[0.1703094]
[0.17030391]
[0.17028867]
[0.17027594]
[0.17027485]
[0.17026907]
[0.17026067]
[0.1702463]
[0.17022759]
[0.17022088]
[0.17017785]
[0.1701725]
[0.17010917]
[0.1700555]
[0.17004071]
[0.17002821]
[0.16995865]
[0.16995355]
[0.1699397]
[0.1699368]
[0.16993512]
[0.16993394]
[0.16993394]
[0.16993274]
[0.16992843]
[0.16991368]
[0.16990699]
[0.16988473]
[0.16988401]
[0.16987094]
[0.16984646]
[0.1698451]
[0.16983807]
[0.16981727]
[0.16981041]
[0.16980913]
[0.1697964]
[0.1697766]
[0.16977276]
[0.16976617]
[0.16973662]
[0.16973153]
[0.16972911]
[0.1697261]
[0.16970202]
[0.16968639]
[0.16967736]
[0.16967137]
[0.16962242]
[0.16961272]
[0.16958848]
[0.16957468]
[0.16957262]
[0.16957128]
[0.16954216]
[0.16953436]
[0.16951568]
[0.16939053]
[0.1693691]
[0.169364]
[0.16936298]
[0.16932198]
[0.16930337]
[0.1692849]
[0.16927142]
[0.16926688]
[0.16922733]
[0.1691928]
[0.16918145]
[0.16917807]
[0.16915514]
[0.16912809]
[0.16910428]
[0.16910006]
[0.16909927]
[0.1690991]
[0.16909732]
[0.16908468]
[0.16893382]
[0.16892655]
[0.16891254]
[0.16889516]
[0.16882642]
[0.16882287]
[0.16881253]
[0.16878775]
[0.16878566]
[0.16870394]
[0.16867797]
[0.16863163]
[0.168597]
[0.16857184]
[0.16851604]
[0.16849978]
[0.16849382]
[0.16848694]
[0.16847232]
[0.16845497]
[0.16842169]
[0.16841438]
[0.16834651]
[0.16833301]
[0.16831167]
[0.16829593]
[0.16828246]
[0.16825646]
[0.1682561]
[0.16820078]
[0.1681876]
[0.16811696]
[0.16808733]
[0.16808207]
[0.16807243]
[0.16806954]
[0.16806227]
[0.16805708]
[0.16803804]
[0.1680299]
[0.1680202]
[0.16800024]
[0.16798848]
[0.16798744]
[0.16796063]
[0.16792466]
[0.1679196]
[0.16788821]
[0.16784316]
[0.16779596]
[0.16777457]
[0.16777234]
[0.16776629]
[0.16775884]
[0.16774753]
[0.1677246]
[0.16768382]
[0.16767795]
[0.16758512]
[0.16757052]
[0.16756253]
[0.16754718]
[0.1675389]
[0.16753706]
[0.16750893]
[0.1674861]
[0.16747153]
[0.16747153]
[0.16746978]
[0.16746356]
[0.16745588]
[0.16745467]
[0.16742562]
[0.1674232]
[0.16741857]
[0.1674127]
[0.16740915]
[0.16739024]
[0.16736579]
[0.16733997]
[0.16733895]
[0.16731593]
[0.16731077]
[0.16731063]
[0.16731057]
[0.16729769]
[0.16729069]
[0.16716413]
[0.16713515]
[0.16713126]
[0.16710709]
[0.16709812]
[0.16707544]
[0.16706581]
[0.16703154]
[0.16700459]
[0.16698477]
[0.16696386]
[0.16689093]
[0.16686422]
[0.16681041]
[0.1667862]
[0.1667836]
[0.16677538]
[0.1667631]
[0.16675445]
[0.16675386]
[0.16673581]
[0.16672195]
[0.16669108]
[0.16668437]
[0.16668049]
[0.1666627]
[0.16664217]
[0.1666418]
[0.16663489]
[0.16662003]
[0.16660348]
[0.1665783]
[0.16653532]
[0.16653402]
[0.16653365]
[0.16652109]
[0.16650599]
[0.16648942]
[0.16648532]
[0.16647545]
[0.16646881]
[0.16646762]
[0.1664497]
[0.16644877]
[0.1664004]
[0.1663939]
[0.16637944]
[0.1663771]
[0.16637033]
[0.16636299]
[0.16628754]
[0.16626951]
[0.1662676]
[0.16625887]
[0.16622941]
[0.16620362]
[0.16616951]
[0.16616109]
[0.16614036]
[0.16613486]
[0.16612537]
[0.16606063]
[0.16605622]
[0.16600443]
[0.16600415]
[0.16600135]
[0.16599788]
[0.16599482]
[0.16594726]
[0.16592777]
[0.16591243]
[0.16590798]
[0.16586193]
[0.16584764]
[0.16582143]
[0.16578817]
[0.16573629]
[0.1657151]
[0.16568737]
[0.16566272]
[0.16565292]
[0.16564146]
[0.16563848]
[0.16560875]
[0.16560552]
[0.16557212]
[0.16557212]
[0.16555305]
[0.16555077]
[0.16554755]
[0.16552788]
[0.1655179]
[0.1654616]
[0.16544317]
[0.16543907]
[0.16541894]
[0.1654008]
[0.16538689]
[0.16538654]
[0.16537502]
[0.1653412]
[0.16533625]
[0.16532096]
[0.16532083]
[0.16531222]
[0.16530742]
[0.16530095]
[0.16529913]
[0.16529015]
[0.16528456]
[0.1652842]
[0.16525848]
[0.16525848]
[0.16524254]
[0.1652372]
[0.16519204]
[0.16517425]
[0.16517425]
[0.1651704]
[0.16517015]
[0.1651498]
[0.16514553]
[0.16513748]
[0.16512795]
[0.16512555]
[0.16511025]
[0.16508126]
[0.16508071]
[0.1650794]
[0.16500984]
[0.16500966]
[0.16500738]
[0.1649736]
[0.16496198]
[0.16494568]
[0.16492544]
[0.16490346]
[0.16488032]
[0.16482988]
[0.16482328]
[0.16479313]
[0.16477029]
[0.16476622]
[0.16473544]
[0.16469662]
[0.16469526]
[0.16466925]
[0.16465926]
[0.1646165]
[0.16460268]
[0.16459006]
[0.16458783]
[0.16458036]
[0.16457427]
[0.16456118]
[0.16454752]
[0.16453372]
[0.16452836]
[0.16452788]
[0.16452692]
[0.16452459]
[0.16451928]
[0.16451146]
[0.16450557]
[0.16450372]
[0.16447689]
[0.16443487]
[0.1644048]
[0.16440414]
[0.16440086]
[0.1643817]
[0.16437301]
[0.16436307]
[0.16434254]
[0.16432473]
[0.1643185]
[0.16428846]
[0.1642839]
[0.16428165]
[0.16426887]
[0.16425039]
[0.16424826]
[0.16424826]
[0.16422962]
[0.16422658]
[0.16421476]
[0.16421436]
[0.16421351]
[0.16420905]
[0.16420785]
[0.16420646]
[0.16419163]
[0.1641838]
[0.16417512]
[0.1641556]
[0.16412562]
[0.16412026]
[0.16411038]
[0.16405454]
[0.16403104]
[0.16402686]
[0.16401972]
[0.164009]
[0.16398455]
[0.16398187]
[0.16396928]
[0.16395925]
[0.16392422]
[0.163911]
[0.16389969]
[0.16387662]
[0.16386718]
[0.163866]
[0.16385461]
[0.16384281]
[0.16377153]
[0.16377153]
[0.16372842]
[0.16369303]
[0.16366199]
[0.16363113]
[0.16360882]
[0.16360179]
[0.16359456]
[0.16359012]
[0.16356945]
[0.16352259]
[0.16350283]
[0.16349955]
[0.16349949]
[0.1634971]
[0.16347177]
[0.16346897]
[0.16346702]
[0.16345735]
[0.16343614]
[0.1634316]
[0.16342561]
[0.16339752]
[0.16339676]
[0.1633896]
[0.16338496]
[0.16338274]
[0.16338181]
[0.16337773]
[0.16337222]
[0.16337056]
[0.16336513]
[0.16335954]
[0.16335379]
[0.16334042]
[0.16333641]
[0.1632794]
[0.1632768]
[0.16324954]
[0.16324718]
[0.1632452]
[0.1632391]
[0.16321525]
[0.16319205]
[0.16319065]
[0.16316488]
[0.16315074]
[0.16314793]
[0.16313018]
[0.16312811]
[0.16310754]
[0.16308202]
[0.16304761]
[0.1630419]
[0.16302016]
[0.1630158]
[0.16301271]
[0.16299987]
[0.16298771]
[0.1629645]
[0.16296192]
[0.16296116]
[0.16295171]
[0.16293299]
[0.1629303]
[0.1629111]
[0.1628957]
[0.16285728]
[0.16285017]
[0.16283709]
[0.16283709]
[0.16281845]
[0.16280492]
[0.16280489]
[0.16278349]
[0.16277461]
[0.16277277]
[0.16275921]
[0.16272837]
[0.1627219]
[0.1627209]
[0.1627209]
[0.16270703]
[0.16270027]
[0.16269673]
[0.16268894]
[0.16268821]
[0.16268776]
[0.16266549]
[0.16266404]
[0.16264576]
[0.16262479]
[0.16262446]
[0.1626063]
[0.16260472]
[0.16256954]
[0.16255938]
[0.1625465]
[0.16250023]
[0.1624972]
[0.16247554]
[0.16245449]
[0.16244984]
[0.16244198]
[0.16243416]
[0.16242579]
[0.16241932]
[0.16241498]
[0.16241126]
[0.16239506]
[0.16239059]
[0.16236481]
[0.16232036]
[0.16231835]
[0.1623095]
[0.16230355]
[0.16229916]
[0.16228385]
[0.16228111]
[0.16227423]
[0.1622542]
[0.1622542]
[0.16224153]
[0.16222964]
[0.16222478]
[0.16222478]
[0.16222094]
[0.1622052]
[0.16220197]
[0.16219905]
[0.16218692]
[0.16218086]
[0.16216852]
[0.16212335]
[0.16212203]
[0.16211173]
[0.16210835]
[0.16209172]
[0.16209055]
[0.1620823]
[0.162075]
[0.162075]
[0.16204722]
[0.1620428]
[0.16204076]
[0.16203932]
[0.16203932]
[0.16203105]
[0.16200994]
[0.16197424]
[0.16197096]
[0.16195074]
[0.16192569]
[0.16192244]
[0.1619043]
[0.16190359]
[0.16189538]
[0.16188946]
[0.16188142]
[0.16188109]
[0.1618763]
[0.16184331]
[0.16184185]
[0.16183399]
[0.16180828]
[0.16178247]
[0.16177602]
[0.16175899]
[0.1617324]
[0.16173008]
[0.16166621]
[0.16165228]
[0.16165228]
[0.16163465]
[0.1616312]
[0.1616197]
[0.16161187]
[0.16160938]
[0.16158971]
[0.16156471]
[0.16155759]
[0.16155703]
[0.161556]
[0.1615499]
[0.16154446]
[0.161512]
[0.1615105]
[0.16150573]
[0.1614732]
[0.16146842]
[0.16145198]
[0.16139032]
[0.16138686]
[0.16136603]
[0.16134979]
[0.16133793]
[0.16132425]
[0.16131438]
[0.1613125]
[0.16130361]
[0.16127466]
[0.16125478]
[0.16122755]
[0.16120936]
[0.16120876]
[0.16120806]
[0.1612049]
[0.16119507]
[0.16119395]
[0.1611802]
[0.16116601]
[0.16116299]
[0.16114944]
[0.16113645]
[0.1611308]
[0.16112901]
[0.16112]
[0.1611197]
[0.16111423]
[0.16110119]
[0.16109215]
[0.16108914]
[0.16107313]
[0.16106649]
[0.16106409]
[0.16105993]
[0.16105826]
[0.16103737]
[0.16103245]
[0.16101387]
[0.16101229]
[0.16100562]
[0.16099735]
[0.16098706]
[0.16097479]
[0.16095805]
[0.16094702]
[0.16091453]
[0.16090682]
[0.16089855]
[0.16089728]
[0.16089286]
[0.16089216]
[0.16089153]
[0.16086598]
[0.16085884]
[0.16085872]
[0.160854]
[0.16085243]
[0.16084497]
[0.16081707]
[0.1608092]
[0.16080143]
[0.16078798]
[0.16077419]
[0.160773]
[0.16075489]
[0.16074531]
[0.16074531]
[0.16073869]
[0.16073318]
[0.16071701]
[0.16070342]
[0.16069517]
[0.1606949]
[0.1606818]
[0.16066946]
[0.16066647]
[0.16065343]
[0.16063362]
[0.16063291]
[0.16063291]
[0.1605981]
[0.16059174]
[0.16056938]
[0.16056496]
[0.16055161]
[0.1605482]
[0.16054527]
[0.16054277]
[0.16054277]
[0.1605385]
[0.16052657]
[0.16051799]
[0.16050906]
[0.16049656]
[0.1604787]
[0.16045788]
[0.16045624]
[0.16045554]
[0.1604527]
[0.1604527]
[0.16044213]
[0.1604167]
[0.16041367]
[0.16040953]
[0.1604067]
[0.16039923]
[0.16038807]
[0.16038758]
[0.16038185]
[0.16037229]
[0.16036716]
[0.16035937]
[0.16034147]
[0.16031842]
[0.16031174]
[0.16027506]
[0.16027506]
[0.16027483]
[0.16027297]
[0.16027115]
[0.1602558]
[0.1602452]
[0.16024023]
[0.16023892]
[0.16023225]
[0.16022465]
[0.16022323]
[0.16020781]
[0.16020635]
[0.16018116]
[0.16017693]
[0.16017506]
[0.16017416]
[0.16016081]
[0.16015305]
[0.16012785]
[0.16012523]
[0.16011508]
[0.1601075]
[0.16010398]
[0.16010384]
[0.16010074]
[0.16010074]
[0.16009866]
[0.1600917]
[0.1600218]
[0.1600164]
[0.15998106]
[0.15996931]
[0.15996806]
[0.15996473]
[0.15995899]
[0.1599511]
[0.15993538]
[0.1599294]
[0.15992786]
[0.1599125]
[0.15990657]
[0.15989913]
[0.15989414]
[0.15989298]
[0.15987398]
[0.15985326]
[0.1598385]
[0.15983117]
[0.15982956]
[0.15982214]
[0.1598035]
[0.1598015]
[0.15979896]
[0.15978566]
[0.15977785]
[0.15976587]
[0.15975565]
[0.15972827]
[0.15972279]
[0.15972212]
[0.15971375]
[0.1597129]
[0.1597037]
[0.159701]
[0.1596969]
[0.15969123]
[0.15967782]
[0.15966877]
[0.15964188]
[0.159637]
[0.15963064]
[0.15962526]
[0.15962003]
[0.15961196]
[0.1596052]
[0.15959464]
[0.15959436]
[0.15959181]
[0.15959123]
[0.15957671]
[0.15957502]
[0.15956983]
[0.15956983]
[0.15956765]
[0.15955392]
[0.15954933]
[0.15953757]
[0.15952833]
[0.15951999]
[0.15948087]
[0.15946835]
[0.15946835]
[0.15946712]
[0.15946558]
[0.15945986]
[0.15945508]
[0.15943962]
[0.15943046]
[0.15942718]
[0.15941921]
[0.15940133]
[0.15939608]
[0.159383]
[0.15937886]
[0.15936528]
[0.15934803]
[0.15934505]
[0.15933684]
[0.15932094]
[0.15931007]
[0.15930675]
[0.15930256]
[0.15930197]
[0.15929453]
[0.15929453]
[0.15929186]
[0.15928693]
[0.1592858]
[0.15928347]
[0.15927967]
[0.15927096]
[0.15926845]
[0.15925379]
[0.15923859]
[0.15923008]
[0.15922856]
[0.15921052]
[0.15920389]
[0.15920284]
[0.15919738]
[0.15917899]
[0.15917757]
[0.1591711]
[0.15917082]
[0.15916623]
[0.15916586]
[0.15916005]
[0.15915757]
[0.15914193]
[0.15914164]
[0.15913527]
[0.15912555]
[0.15910748]
[0.15910718]
[0.15910688]
[0.15910424]
[0.1590956]
[0.15909293]
[0.15908633]
[0.15908206]
[0.15907675]
[0.1590757]
[0.15907417]
[0.15907387]
[0.1590581]
[0.15904617]
[0.15903297]
[0.15903217]
[0.15902402]
[0.15902399]
[0.15899347]
[0.15895352]
[0.15894356]
[0.15894155]
[0.1589368]
[0.15892255]
[0.1588997]
[0.15888242]
[0.1588729]
[0.1588668]
[0.15886526]
[0.15886413]
[0.15886413]
[0.15885735]
[0.15885672]
[0.15883626]
[0.15883453]
[0.15882571]
[0.15882075]
[0.15881476]
[0.1588135]
[0.1588046]
[0.15879902]
[0.15875435]
[0.15874782]
[0.15874584]
[0.15870734]
[0.15870488]
[0.15870443]
[0.15869628]
[0.15868716]
[0.15866672]
[0.1586413]
[0.15863729]
[0.15863578]
[0.15863098]
[0.15862386]
[0.15860748]
[0.15860145]
[0.1585934]
[0.15856166]
[0.15855302]
[0.15854801]
[0.15854712]
[0.15854229]
[0.15852441]
[0.15849315]
[0.15847926]
[0.15847792]
[0.15844154]
[0.15843159]
[0.15842418]
[0.15842283]
[0.15842168]
[0.15841915]
[0.15841743]
[0.15839553]
[0.15838167]
[0.1583513]
[0.15834314]
[0.15833484]
[0.15833434]
[0.15832831]
[0.15832257]
[0.15831128]
[0.15828826]
[0.15826772]
[0.1582513]
[0.15822703]
[0.15821911]
[0.15821238]
[0.15821147]
[0.15820983]
[0.1581916]
[0.1581916]
[0.15818536]
[0.15817478]
[0.15816799]
[0.15815812]
[0.15814422]
[0.1581362]
[0.15812512]
[0.15810318]
[0.15809892]
[0.15808658]
[0.15808271]
[0.15808052]
[0.15807389]
[0.15806766]
[0.15805483]
[0.1580442]
[0.15803826]
[0.15803549]
[0.15802164]
[0.15801664]
[0.15801631]
[0.15801527]
[0.15800244]
[0.15798517]
[0.15798017]
[0.15797958]
[0.15796116]
[0.15795738]
[0.1579524]
[0.1579495]
[0.15791696]
[0.15790646]
[0.15788287]
[0.15787654]
[0.15787351]
[0.15787074]
[0.15786093]
[0.15786059]
[0.15786059]
[0.15784505]
[0.157842]
[0.1578233]
[0.15781021]
[0.15778936]
[0.15778936]
[0.15778528]
[0.1577837]
[0.1577837]
[0.15777068]
[0.15776628]
[0.15776315]
[0.1577568]
[0.15775071]
[0.15774797]
[0.15774465]
[0.15774399]
[0.15773632]
[0.15773518]
[0.15773065]
[0.1577255]
[0.15772414]
[0.1577214]
[0.15772066]
[0.15771829]
[0.157699]
[0.15767142]
[0.15767029]
[0.15765081]
[0.15764867]
[0.15764673]
[0.15763393]
[0.15758316]
[0.157564]
[0.15756397]
[0.15756144]
[0.1575518]
[0.15754777]
[0.15754154]
[0.1575132]
[0.15751298]
[0.15750635]
[0.1575007]
[0.15749839]
[0.15748811]
[0.15748751]
[0.15747993]
[0.15746652]
[0.15746611]
[0.15745921]
[0.15744953]
[0.1574293]
[0.1574293]
[0.1574259]
[0.15742278]
[0.15741922]
[0.15741113]
[0.15741049]
[0.15739915]
[0.15739915]
[0.15738718]
[0.15738322]
[0.15737663]
[0.15737163]
[0.15736932]
[0.15731475]
[0.15730897]
[0.15730137]
[0.1572983]
[0.15729594]
[0.15728627]
[0.15727963]
[0.15727772]
[0.15727688]
[0.15727004]
[0.15724663]
[0.1572395]
[0.15723091]
[0.15722696]
[0.15721536]
[0.15721273]
[0.15719974]
[0.1571788]
[0.15717822]
[0.1571757]
[0.15716557]
[0.15713096]
[0.1571172]
[0.15711138]
[0.15711138]
[0.15710564]
[0.15710115]
[0.15709144]
[0.15708576]
[0.15708509]
[0.15707992]
[0.1570678]
[0.15706736]
[0.15706414]
[0.15705514]
[0.1570222]
[0.1570184]
[0.15701833]
[0.15699935]
[0.15699497]
[0.15699333]
[0.15699095]
[0.15697917]
[0.15696274]
[0.15695916]
[0.15695444]
[0.15694991]
[0.15694714]
[0.15692894]
[0.15692826]
[0.15690905]
[0.15690713]
[0.15689152]
[0.15688208]
[0.15688138]
[0.15687081]
[0.15687057]
[0.15685883]
[0.15685883]
[0.15685731]
[0.15685338]
[0.15684111]
[0.1568295]
[0.15682101]
[0.15682028]
[0.15681697]
[0.15681162]
[0.15680856]
[0.156802]
[0.15679035]
[0.15678963]
[0.15678693]
[0.15678233]
[0.15677738]
[0.15676929]
[0.15676026]
[0.15675522]
[0.15675285]
[0.15675116]
[0.15674846]
[0.15674785]
[0.15674447]
[0.15674002]
[0.15673876]
[0.15673235]
[0.15672998]
[0.15672505]
[0.15672469]
[0.156717]
[0.15671551]
[0.15671383]
[0.15671283]
[0.15671015]
[0.15670943]
[0.1567047]
[0.15668562]
[0.15666527]
[0.15665455]
[0.15665026]
[0.1566415]
[0.15661456]
[0.15660858]
[0.15660726]
[0.15660721]
[0.15659407]
[0.15657638]
[0.15654743]
[0.15653387]
[0.15652226]
[0.15650372]
[0.15649305]
[0.15649147]
[0.15648298]
[0.15647899]
[0.15646888]
[0.15646887]
[0.15646887]
[0.15646467]
[0.15646063]
[0.15645851]
[0.156455]
[0.15645364]
[0.15644452]
[0.15644042]
[0.15643603]
[0.15643449]
[0.15643243]
[0.15641907]
[0.15638603]
[0.15634912]
[0.15633357]
[0.15632126]
[0.1563203]
[0.15631625]
[0.15628895]
[0.15628229]
[0.1562799]
[0.15626928]
[0.15626645]
[0.15626396]
[0.1562552]
[0.15625438]
[0.15625256]
[0.15625247]
[0.15624891]
[0.15624844]
[0.15624571]
[0.15624319]
[0.15623523]
[0.15622126]
[0.1562045]
[0.1561965]
[0.15619317]
[0.15616566]
[0.1561624]
[0.15616064]
[0.15615666]
[0.15614572]
[0.15613817]
[0.15613773]
[0.15613626]
[0.1561311]
[0.15611963]
[0.15610646]
[0.15609933]
[0.1560977]
[0.15609728]
[0.15608929]
[0.15608029]
[0.15603925]
[0.15602474]
[0.15602133]
[0.1560202]
[0.15601413]
[0.1560125]
[0.15600258]
[0.1559988]
[0.15599467]
[0.15598984]
[0.15598409]
[0.15598209]
[0.15598068]
[0.15597609]
[0.15597515]
[0.15596819]
[0.15596609]
[0.15595858]
[0.15594834]
[0.15592897]
[0.15591516]
[0.15591393]
[0.1559129]
[0.15591286]
[0.15591282]
[0.15591165]
[0.15589541]
[0.15588367]
[0.15587957]
[0.15585594]
[0.15585406]
[0.1558451]
[0.15584502]
[0.1558278]
[0.15582585]
[0.15582585]
[0.15581657]
[0.15580843]
[0.1557789]
[0.155777]
[0.1557393]
[0.15573646]
[0.15573426]
[0.15572831]
[0.15572569]
[0.15572491]
[0.15571494]
[0.15569684]
[0.15568572]
[0.15568434]
[0.15568425]
[0.15568288]
[0.15568262]
[0.15567085]
[0.15565754]
[0.1556573]
[0.15565243]
[0.15565133]
[0.15564881]
[0.15564544]
[0.155639]
[0.15563536]
[0.15562336]
[0.15562084]
[0.15561946]
[0.15561368]
[0.15560788]
[0.1556007]
[0.15557817]
[0.15556471]
[0.15555756]
[0.15555471]
[0.15555206]
[0.15554978]
[0.15552036]
[0.15550652]
[0.15549178]
[0.15545805]
[0.1554568]
[0.15543835]
[0.15542051]
[0.15541483]
[0.15541372]
[0.15540338]
[0.15538397]
[0.15536255]
[0.15535942]
[0.15535448]
[0.15534826]
[0.15534273]
[0.15533443]
[0.15531406]
[0.15530533]
[0.15529096]
[0.15529013]
[0.15528981]
[0.15528734]
[0.15527903]
[0.1552723]
[0.15527123]
[0.15527071]
[0.15526895]
[0.15526302]
[0.15525827]
[0.15524825]
[0.15524639]
[0.15524265]
[0.15524036]
[0.15523618]
[0.15523595]
[0.15522915]
[0.15522783]
[0.15520777]
[0.15520538]
[0.1552039]
[0.1551935]
[0.15518294]
[0.15518224]
[0.15518185]
[0.15517965]
[0.15517241]
[0.15517202]
[0.15516703]
[0.15514754]
[0.155143]
[0.15513511]
[0.15512152]
[0.15512149]
[0.15510811]
[0.15509614]
[0.1550759]
[0.15507479]
[0.15506484]
[0.15505983]
[0.15504733]
[0.15504603]
[0.15504023]
[0.15503241]
[0.15502249]
[0.1550214]
[0.15501961]
[0.15501665]
[0.15501665]
[0.15499328]
[0.15499209]
[0.15498714]
[0.15497307]
[0.1549718]
[0.15495053]
[0.15494935]
[0.15494211]
[0.15493958]
[0.15493785]
[0.15493377]
[0.15493278]
[0.15492666]
[0.15491104]
[0.15490687]
[0.15490095]
[0.15488885]
[0.15488844]
[0.15488017]
[0.15487835]
[0.15487729]
[0.15487114]
[0.15486431]
[0.15486275]
[0.15485862]
[0.15485802]
[0.15485263]
[0.15484603]
[0.15483841]
[0.15483585]
[0.15483151]
[0.15482739]
[0.15481563]
[0.15481335]
[0.15481241]
[0.15480378]
[0.15480156]
[0.15478899]
[0.15478387]
[0.15477842]
[0.15476428]
[0.15476419]
[0.154738]
[0.1547366]
[0.1547298]
[0.15471521]
[0.15471046]
[0.15471046]
[0.15468793]
[0.154684]
[0.15467873]
[0.15466763]
[0.15466206]
[0.15465896]
[0.15465018]
[0.1546493]
[0.1546493]
[0.15462449]
[0.15462145]
[0.15462048]
[0.15461975]
[0.1546123]
[0.15460932]
[0.1546055]
[0.15459844]
[0.15459807]
[0.1545762]
[0.15457152]
[0.15457109]
[0.15455921]
[0.15455613]
[0.15455295]
[0.15454666]
[0.15454638]
[0.1545436]
[0.15453857]
[0.154537]
[0.15452342]
[0.15451264]
[0.1545093]
[0.15450318]
[0.15449938]
[0.1544979]
[0.15448691]
[0.15448344]
[0.15448156]
[0.1544653]
[0.15446132]
[0.15445347]
[0.15445347]
[0.15444298]
[0.15443212]
[0.15443094]
[0.15441208]
[0.15440613]
[0.15440094]
[0.15439999]
[0.15439945]
[0.15439662]
[0.15439622]
[0.15439087]
[0.15439087]
[0.15439084]
[0.15438399]
[0.1543813]
[0.15437247]
[0.15435623]
[0.15435492]
[0.15434882]
[0.15433665]
[0.15432292]
[0.15431629]
[0.15430704]
[0.15429232]
[0.15429041]
[0.15428635]
[0.15427907]
[0.15427864]
[0.15426655]
[0.15425922]
[0.15424642]
[0.15424372]
[0.15422998]
[0.15421127]
[0.15419024]
[0.1541844]
[0.1541816]
[0.15417853]
[0.15417239]
[0.15414597]
[0.15414517]
[0.15411267]
[0.15410656]
[0.15410365]
[0.15409319]
[0.15409078]
[0.1540897]
[0.15408686]
[0.15408498]
[0.15407653]
[0.15406963]
[0.15405597]
[0.15404464]
[0.15403341]
[0.15401904]
[0.15400767]
[0.15399918]
[0.15399253]
[0.15398414]
[0.15397656]
[0.15397379]
[0.15396704]
[0.15395038]
[0.15394445]
[0.15394032]
[0.1539351]
[0.15392628]
[0.15392628]
[0.15392321]
[0.15392023]
[0.15391278]
[0.15390018]
[0.15389521]
[0.15388127]
[0.15387759]
[0.15385945]
[0.15384607]
[0.15383627]
[0.15383627]
[0.15382741]
[0.15382223]
[0.1538105]
[0.15379849]
[0.15379353]
[0.15379024]
[0.15378298]
[0.15377443]
[0.15376852]
[0.15375936]
[0.1537527]
[0.15374845]
[0.15373993]
[0.15373962]
[0.15373701]
[0.15373434]
[0.15373434]
[0.15372442]
[0.15371148]
[0.15370506]
[0.15370122]
[0.15368304]
[0.15367721]
[0.15367064]
[0.15364634]
[0.1536387]
[0.15363729]
[0.15363213]
[0.15361996]
[0.15361954]
[0.15361229]
[0.15360323]
[0.1535989]
[0.1535977]
[0.15358528]
[0.15356964]
[0.15356918]
[0.1535296]
[0.15352431]
[0.15352291]
[0.15352291]
[0.15351696]
[0.1535059]
[0.15350553]
[0.15350537]
[0.15350398]
[0.15350261]
[0.15350135]
[0.15349537]
[0.15349528]
[0.15349261]
[0.1534894]
[0.15348788]
[0.1534871]
[0.15348645]
[0.15348303]
[0.15347266]
[0.15347044]
[0.15346938]
[0.15346783]
[0.15346152]
[0.15344535]
[0.15344466]
[0.15344268]
[0.15343927]
[0.15343516]
[0.15343308]
[0.15342996]
[0.15342714]
[0.1534207]
[0.15341598]
[0.15341598]
[0.15339363]
[0.1533928]
[0.1533844]
[0.15337959]
[0.15337822]
[0.15337773]
[0.15337569]
[0.15336403]
[0.15336156]
[0.15334943]
[0.1533493]
[0.15334763]
[0.15333562]
[0.15333228]
[0.1533196]
[0.15331866]
[0.15331587]
[0.15331575]
[0.15331414]
[0.15330303]
[0.15330265]
[0.15330066]
[0.15329]
[0.15329]
[0.1532817]
[0.15327477]
[0.15326896]
[0.15325844]
[0.15325016]
[0.15324996]
[0.15323994]
[0.15323678]
[0.15322411]
[0.15321322]
[0.15321271]
[0.15320987]
[0.15319781]
[0.15319175]
[0.15318686]
[0.15318012]
[0.15317303]
[0.15317193]
[0.15317068]
[0.15316728]
[0.15316601]
[0.15316471]
[0.15316126]
[0.15315272]
[0.15314135]
[0.15311432]
[0.15310492]
[0.15310448]
[0.15310189]
[0.15309963]
[0.15309632]
[0.15309323]
[0.15308966]
[0.15308349]
[0.15307853]
[0.15307617]
[0.15307234]
[0.15307061]
[0.15306962]
[0.15306613]
[0.15306433]
[0.15306029]
[0.15305324]
[0.15304519]
[0.15303802]
[0.15303788]
[0.15301952]
[0.15301585]
[0.15301457]
[0.15300496]
[0.15299736]
[0.15299533]
[0.15299495]
[0.15298915]
[0.15298618]
[0.1529848]
[0.15297242]
[0.15296234]
[0.15294634]
[0.15294565]
[0.15293027]
[0.15290964]
[0.15289687]
[0.15289445]
[0.15287963]
[0.15287475]
[0.15286759]
[0.15286505]
[0.15284203]
[0.15283573]
[0.1528314]
[0.15282911]
[0.15282162]
[0.15281826]
[0.15279856]
[0.15279748]
[0.152794]
[0.15279001]
[0.15278718]
[0.15278666]
[0.15276884]
[0.15276338]
[0.15275376]
[0.15274987]
[0.15274839]
[0.15272686]
[0.15271503]
[0.15271476]
[0.15270877]
[0.15269928]
[0.15269928]
[0.15269773]
[0.15269566]
[0.15269174]
[0.15267669]
[0.15267663]
[0.15267281]
[0.15266772]
[0.15266383]
[0.15265547]
[0.15264261]
[0.15264039]
[0.15263817]
[0.15263458]
[0.15263288]
[0.15262882]
[0.1526227]
[0.15262152]
[0.15262127]
[0.15261884]
[0.15261264]
[0.15259448]
[0.1525782]
[0.15257691]
[0.15257475]
[0.15256952]
[0.15256669]
[0.15255712]
[0.15255545]
[0.15254106]
[0.15251538]
[0.15250652]
[0.15250383]
[0.15249808]
[0.15249634]
[0.15249634]
[0.15249394]
[0.1524931]
[0.15248328]
[0.15247633]
[0.15246966]
[0.15246843]
[0.15245882]
[0.15244989]
[0.15243898]
[0.15242857]
[0.15242802]
[0.15242246]
[0.15241815]
[0.15240793]
[0.15240242]
[0.15240161]
[0.15237759]
[0.15237713]
[0.15235682]
[0.15235053]
[0.15234564]
[0.1523427]
[0.15233873]
[0.15232688]
[0.15231322]
[0.15231082]
[0.15230949]
[0.15230277]
[0.15230066]
[0.15229696]
[0.15229407]
[0.15228893]
[0.15228866]
[0.15228774]
[0.15228587]
[0.15228437]
[0.15228245]
[0.15227024]
[0.1522676]
[0.1522649]
[0.15226446]
[0.15225658]
[0.15224089]
[0.15222736]
[0.15222274]
[0.15220863]
[0.15220863]
[0.15219708]
[0.15218604]
[0.15218152]
[0.15216254]
[0.15216228]
[0.15215494]
[0.1521542]
[0.15215063]
[0.15214884]
[0.15213993]
[0.15213747]
[0.15213683]
[0.1521347]
[0.15212777]
[0.1521208]
[0.15211652]
[0.1521042]
[0.15210229]
[0.15209666]
[0.15209386]
[0.15209049]
[0.1520869]
[0.15208414]
[0.15208347]
[0.15207861]
[0.15203454]
[0.15202802]
[0.15202752]
[0.1520234]
[0.15202159]
[0.15201616]
[0.15201277]
[0.15200663]
[0.15199758]
[0.15198472]
[0.15198207]
[0.15197454]
[0.1519738]
[0.15196902]
[0.15196824]
[0.15196419]
[0.15196419]
[0.15195556]
[0.15195307]
[0.1519456]
[0.15193644]
[0.15192929]
[0.15192324]
[0.15190704]
[0.15190704]
[0.1519039]
[0.15189719]
[0.15189578]
[0.15189178]
[0.15189104]
[0.15188533]
[0.15187995]
[0.15187907]
[0.15187716]
[0.15187716]
[0.15187527]
[0.15187047]
[0.15186739]
[0.1518609]
[0.15185435]
[0.1518479]
[0.15184098]
[0.15183707]
[0.15183571]
[0.15182291]
[0.15182187]
[0.1518184]
[0.15181136]
[0.15180488]
[0.15179205]
[0.1517586]
[0.15174967]
[0.15173797]
[0.15173773]
[0.15173453]
[0.15173444]
[0.15173128]
[0.15172957]
[0.15172864]
[0.15172598]
[0.1517252]
[0.15169919]
[0.15169571]
[0.15169562]
[0.15169407]
[0.15169342]
[0.15168846]
[0.1516705]
[0.1516682]
[0.15166447]
[0.15165697]
[0.15165673]
[0.15165038]
[0.15164164]
[0.15163381]
[0.15163127]
[0.15162508]
[0.15162471]
[0.15161176]
[0.15161158]
[0.15160172]
[0.15159117]
[0.15158251]
[0.15157723]
[0.15157259]
[0.15157233]
[0.15156882]
[0.15156399]
[0.15156357]
[0.15155973]
[0.15155081]
[0.15154769]
[0.15154082]
[0.15153646]
[0.15153031]
[0.15151761]
[0.1515133]
[0.15150805]
[0.15148838]
[0.15148519]
[0.15145785]
[0.15145586]
[0.15145282]
[0.15144771]
[0.15144189]
[0.15144056]
[0.15143555]
[0.15143535]
[0.15143111]
[0.1514245]
[0.15142198]
[0.15141572]
[0.15141487]
[0.15140663]
[0.15140109]
[0.15139152]
[0.15138666]
[0.15137947]
[0.15137947]
[0.15137866]
[0.15137549]
[0.15137438]
[0.15137294]
[0.1513723]
[0.15136084]
[0.15135883]
[0.15135834]
[0.15135196]
[0.15134782]
[0.1513473]
[0.15134424]
[0.15134217]
[0.15133855]
[0.15133303]
[0.15132374]
[0.1513183]
[0.15129843]
[0.15129642]
[0.15128766]
[0.15128145]
[0.15128067]
[0.15125233]
[0.151241]
[0.1512401]
[0.1512399]
[0.15123661]
[0.15123019]
[0.1512274]
[0.15121794]
[0.15121225]
[0.1512053]
[0.15117538]
[0.15116888]
[0.15116647]
[0.15116063]
[0.1511601]
[0.15115078]
[0.15114017]
[0.15113842]
[0.15113722]
[0.15113695]
[0.1511342]
[0.15113229]
[0.15113184]
[0.15113081]
[0.15113044]
[0.15111876]
[0.15111484]
[0.15111324]
[0.15111318]
[0.15111245]
[0.15111035]
[0.15111035]
[0.15110603]
[0.15110376]
[0.15109803]
[0.1510891]
[0.15108646]
[0.15107867]
[0.15106744]
[0.15106034]
[0.1510456]
[0.1510442]
[0.15104343]
[0.15104078]
[0.1510338]
[0.15102787]
[0.15101786]
[0.15101045]
[0.15100287]
[0.15100127]
[0.15099914]
[0.15099187]
[0.15098545]
[0.15098476]
[0.15097114]
[0.15095013]
[0.15094762]
[0.15094368]
[0.15093632]
[0.1509262]
[0.15092477]
[0.15092443]
[0.15091555]
[0.15090913]
[0.15090866]
[0.15090576]
[0.1508998]
[0.15088883]
[0.15087998]
[0.15086357]
[0.15086111]
[0.15085897]
[0.15085103]
[0.15084963]
[0.15084927]
[0.15084846]
[0.15084846]
[0.1508354]
[0.15083466]
[0.15083031]
[0.1508237]
[0.15082088]
[0.15081747]
[0.15081505]
[0.15081365]
[0.15080912]
[0.15080562]
[0.15080135]
[0.15077224]
[0.15075995]
[0.15074837]
[0.1507444]
[0.15073687]
[0.1507091]
[0.1506993]
[0.15068646]
[0.15068606]
[0.15068588]
[0.15066469]
[0.15066469]
[0.1506623]
[0.15065299]
[0.15064494]
[0.15064268]
[0.15064195]
[0.15064175]
[0.15062468]
[0.1506122]
[0.15061209]
[0.15061083]
[0.15058692]
[0.15058255]
[0.15057497]
[0.15056996]
[0.15056932]
[0.15056887]
[0.15056856]
[0.15056491]
[0.15056366]
[0.1505632]
[0.15056095]
[0.15055884]
[0.15055439]
[0.15054664]
[0.15054634]
[0.15054098]
[0.15053003]
[0.1505277]
[0.1505274]
[0.1505266]
[0.15051003]
[0.15050448]
[0.15050393]
[0.15049592]
[0.15049449]
[0.15047924]
[0.15047385]
[0.15046598]
[0.15046144]
[0.15046044]
[0.15044737]
[0.15043335]
[0.15043335]
[0.15043186]
[0.15043086]
[0.15042345]
[0.15041786]
[0.1504078]
[0.15039745]
[0.15037417]
[0.15035824]
[0.15034781]
[0.15034163]
[0.15033458]
[0.1503295]
[0.15031259]
[0.15030101]
[0.15029518]
[0.15029518]
[0.15027936]
[0.15027563]
[0.15027186]
[0.15026641]
[0.15025651]
[0.15025479]
[0.15024361]
[0.15023457]
[0.15023272]
[0.15023103]
[0.15022846]
[0.150226]
[0.15022522]
[0.15022074]
[0.15020621]
[0.15018654]
[0.15018192]
[0.15017976]
[0.15017867]
[0.15017818]
[0.1501684]
[0.15016717]
[0.150142]
[0.150141]
[0.1501313]
[0.15012616]
[0.15012008]
[0.15012008]
[0.1501183]
[0.1501171]
[0.15010354]
[0.15009756]
[0.15009353]
[0.15008777]
[0.15008521]
[0.15008047]
[0.15007633]
[0.15007621]
[0.1500751]
[0.1500708]
[0.15006918]
[0.1500621]
[0.15005888]
[0.15005565]
[0.15005517]
[0.15005365]
[0.15004526]
[0.150041]
[0.15003906]
[0.15003906]
[0.15002644]
[0.15002173]
[0.15001689]
[0.15001358]
[0.15000549]
[0.15000549]
[0.15000197]
[0.14998804]
[0.14998256]
[0.14997229]
[0.14996696]
[0.14996085]
[0.14995576]
[0.14995319]
[0.14995304]
[0.14995304]
[0.1499509]
[0.1499461]
[0.14993984]
[0.14993395]
[0.14993273]
[0.14993091]
[0.14992952]
[0.14992915]
[0.14992347]
[0.14991839]
[0.14991091]
[0.14990982]
[0.14990982]
[0.14990284]
[0.14990082]
[0.14989991]
[0.14989948]
[0.1498933]
[0.14988938]
[0.1498795]
[0.14987658]
[0.14987634]
[0.14985663]
[0.14985538]
[0.14984791]
[0.14984338]
[0.14983504]
[0.14983083]
[0.14982708]
[0.14980645]
[0.14980587]
[0.14980265]
[0.14980066]
[0.1497989]
[0.1497964]
[0.14978364]
[0.1497795]
[0.14977922]
[0.14977561]
[0.1497709]
[0.14976689]
[0.14976487]
[0.14973368]
[0.14973165]
[0.14972758]
[0.1497224]
[0.14970566]
[0.14970021]
[0.14969866]
[0.14969514]
[0.14969356]
[0.14969075]
[0.1496885]
[0.14968172]
[0.1496813]
[0.149675]
[0.14966999]
[0.14966886]
[0.1496472]
[0.14963773]
[0.14963567]
[0.14963266]
[0.1496279]
[0.1496279]
[0.14962675]
[0.14961971]
[0.14961845]
[0.14961398]
[0.1496006]
[0.14959966]
[0.14958532]
[0.1495814]
[0.14958024]
[0.14957713]
[0.14957501]
[0.14957291]
[0.14956729]
[0.14956418]
[0.14956418]
[0.14956063]
[0.1495548]
[0.14955194]
[0.14954203]
[0.14954092]
[0.14953977]
[0.14952551]
[0.14951707]
[0.149517]
[0.14951672]
[0.14951384]
[0.14951369]
[0.1495103]
[0.14950992]
[0.14950992]
[0.14950842]
[0.14950429]
[0.14950244]
[0.14950001]
[0.14949635]
[0.14949383]
[0.14949125]
[0.14948907]
[0.14948475]
[0.1494801]
[0.14945392]
[0.14945216]
[0.14944668]
[0.1494326]
[0.14943203]
[0.14942922]
[0.14942585]
[0.14942324]
[0.14941978]
[0.14941107]
[0.14940713]
[0.1494053]
[0.1494053]
[0.14939895]
[0.14939426]
[0.1493919]
[0.14938708]
[0.14937882]
[0.14937867]
[0.14937544]
[0.14936993]
[0.14936705]
[0.1493535]
[0.1493478]
[0.1493478]
[0.149345]
[0.14934193]
[0.14933632]
[0.14932713]
[0.14932244]
[0.1493194]
[0.14931758]
[0.14931667]
[0.14930893]
[0.14930834]
[0.14930604]
[0.14929959]
[0.14928985]
[0.14928973]
[0.14928506]
[0.1492704]
[0.14926684]
[0.14926523]
[0.14925984]
[0.14925924]
[0.1492536]
[0.14925352]
[0.14924952]
[0.14924806]
[0.14921105]
[0.14921105]
[0.14920895]
[0.14920548]
[0.14920321]
[0.14919521]
[0.14919116]
[0.14919062]
[0.1491876]
[0.1491845]
[0.14917842]
[0.14917745]
[0.14917406]
[0.14916876]
[0.14916761]
[0.14916132]
[0.14915769]
[0.14914967]
[0.14913014]
[0.14911461]
[0.14911282]
[0.1491111]
[0.14910941]
[0.14910941]
[0.14910907]
[0.14910525]
[0.14908667]
[0.14908653]
[0.14908215]
[0.14907856]
[0.1490762]
[0.14907184]
[0.14907154]
[0.14906436]
[0.14905721]
[0.14904672]
[0.14904106]
[0.14903045]
[0.14902687]
[0.14900321]
[0.14900254]
[0.1489983]
[0.14898473]
[0.14894979]
[0.14894861]
[0.1489464]
[0.14893238]
[0.14893118]
[0.1489271]
[0.14892274]
[0.14891845]
[0.14891553]
[0.14891501]
[0.14891247]
[0.1489038]
[0.14890254]
[0.14890221]
[0.1488994]
[0.14889833]
[0.14889681]
[0.14889482]
[0.14889047]
[0.14887993]
[0.1488464]
[0.14884597]
[0.14884081]
[0.14883758]
[0.14883305]
[0.14883305]
[0.14883062]
[0.14882812]
[0.14882188]
[0.14882159]
[0.14881949]
[0.14881894]
[0.14881611]
[0.1488079]
[0.14879784]
[0.14879496]
[0.14878596]
[0.14878137]
[0.14877947]
[0.14877558]
[0.14876534]
[0.14876084]
[0.14874871]
[0.1487487]
[0.14874215]
[0.14874086]
[0.148739]
[0.14873587]
[0.14873566]
[0.14872202]
[0.14872059]
[0.1487184]
[0.14871478]
[0.14871429]
[0.14870231]
[0.14869118]
[0.1486885]
[0.14868833]
[0.14868478]
[0.14868231]
[0.14868164]
[0.1486712]
[0.1486706]
[0.14867029]
[0.148669]
[0.1486628]
[0.1486628]
[0.14864525]
[0.14864151]
[0.14863387]
[0.1486293]
[0.14862053]
[0.1486169]
[0.14861447]
[0.14861389]
[0.1485996]
[0.1485987]
[0.1485939]
[0.14859228]
[0.14859034]
[0.14859034]
[0.1485901]
[0.1485861]
[0.14858504]
[0.14857672]
[0.14857303]
[0.14855973]
[0.14854933]
[0.14854595]
[0.14853995]
[0.14853491]
[0.14852406]
[0.14851773]
[0.14850214]
[0.14850067]
[0.14849825]
[0.14848961]
[0.1484842]
[0.14847666]
[0.14847666]
[0.14847022]
[0.14846864]
[0.1484666]
[0.14846586]
[0.14846398]
[0.14846121]
[0.14845826]
[0.14845322]
[0.14844924]
[0.14844765]
[0.14844225]
[0.14843716]
[0.1484367]
[0.14843622]
[0.14843285]
[0.14843062]
[0.14841506]
[0.14841145]
[0.14840654]
[0.14840385]
[0.1484027]
[0.1483984]
[0.14839675]
[0.14839557]
[0.14838858]
[0.1483853]
[0.1483841]
[0.14837475]
[0.14837253]
[0.14837098]
[0.14834724]
[0.14834571]
[0.14834005]
[0.14833969]
[0.148332]
[0.14833096]
[0.14833033]
[0.14832716]
[0.14832607]
[0.14831728]
[0.14831331]
[0.14831053]
[0.14830807]
[0.14830548]
[0.14829896]
[0.14829049]
[0.14828631]
[0.14828026]
[0.14827651]
[0.14827566]
[0.1482578]
[0.14825775]
[0.14824258]
[0.14824164]
[0.14823653]
[0.14823376]
[0.14823376]
[0.1482157]
[0.1482152]
[0.14821063]
[0.14820477]
[0.14820234]
[0.14818849]
[0.14818749]
[0.14818595]
[0.14818306]
[0.14818053]
[0.14817709]
[0.14817344]
[0.14816673]
[0.14816652]
[0.14816537]
[0.14816435]
[0.14816427]
[0.14816427]
[0.14814436]
[0.14814097]
[0.14814055]
[0.14813958]
[0.148133]
[0.14812446]
[0.14811952]
[0.14811254]
[0.14811254]
[0.14811185]
[0.1481055]
[0.1481055]
[0.14810117]
[0.14809263]
[0.14808944]
[0.14808881]
[0.14808697]
[0.14807777]
[0.14807098]
[0.14806207]
[0.14806138]
[0.14806123]
[0.14806034]
[0.14805911]
[0.14805418]
[0.14805034]
[0.14804739]
[0.14804582]
[0.14804307]
[0.14803366]
[0.14803265]
[0.14803131]
[0.14802638]
[0.14802384]
[0.14802289]
[0.14799684]
[0.14798594]
[0.14798588]
[0.14798525]
[0.14798489]
[0.14797851]
[0.14797837]
[0.14797837]
[0.14797172]
[0.1479513]
[0.14794542]
[0.1479407]
[0.1479407]
[0.14792979]
[0.14792836]
[0.14792375]
[0.14791477]
[0.14791255]
[0.14790389]
[0.14789945]
[0.14789644]
[0.147887]
[0.14788245]
[0.14788024]
[0.14787379]
[0.14787072]
[0.14785483]
[0.14785469]
[0.14785041]
[0.14784473]
[0.14783326]
[0.1478305]
[0.14781684]
[0.14780182]
[0.14780073]
[0.14780034]
[0.14779636]
[0.14778519]
[0.1477799]
[0.14776555]
[0.14776555]
[0.14776555]
[0.14775153]
[0.14773025]
[0.14772508]
[0.14772016]
[0.14771688]
[0.14771235]
[0.14771166]
[0.14771049]
[0.14770927]
[0.14770797]
[0.14770758]
[0.14770709]
[0.14770317]
[0.14769572]
[0.14769356]
[0.14768708]
[0.14767975]
[0.14766139]
[0.14765218]
[0.14763862]
[0.14763421]
[0.14761777]
[0.14760958]
[0.14760931]
[0.14760596]
[0.14760558]
[0.14759995]
[0.14759845]
[0.14759533]
[0.14759512]
[0.14758453]
[0.14758141]
[0.14757437]
[0.1475736]
[0.14755201]
[0.14754747]
[0.14754555]
[0.14754555]
[0.14753714]
[0.14753358]
[0.14752811]
[0.1475128]
[0.14750856]
[0.14750512]
[0.14750423]
[0.14750333]
[0.14749607]
[0.14749286]
[0.14747623]
[0.14747173]
[0.14746982]
[0.14746194]
[0.1474594]
[0.14744817]
[0.14744781]
[0.14744781]
[0.14744514]
[0.14744325]
[0.1474333]
[0.14742342]
[0.14742081]
[0.14740516]
[0.14740498]
[0.14740445]
[0.14740308]
[0.14740214]
[0.14740214]
[0.14739656]
[0.14739585]
[0.14739549]
[0.14737715]
[0.14737664]
[0.14737658]
[0.14737223]
[0.14735591]
[0.14735103]
[0.1473412]
[0.14733937]
[0.14733697]
[0.14733467]
[0.14733033]
[0.14731051]
[0.14730565]
[0.14730547]
[0.14730479]
[0.14729281]
[0.14728194]
[0.14728089]
[0.14727442]
[0.14727257]
[0.14725795]
[0.14725763]
[0.14725691]
[0.14725086]
[0.14724374]
[0.14723496]
[0.14723125]
[0.14723036]
[0.14722493]
[0.14722346]
[0.14722317]
[0.14721873]
[0.14721873]
[0.1472174]
[0.14721149]
[0.14721063]
[0.14720802]
[0.14720437]
[0.1472038]
[0.14720294]
[0.1471986]
[0.1471983]
[0.14719221]
[0.14719167]
[0.14718564]
[0.14718391]
[0.14717965]
[0.14717965]
[0.14717433]
[0.14715758]
[0.14715584]
[0.147141]
[0.14713506]
[0.14713486]
[0.14713173]
[0.14712061]
[0.14711921]
[0.14710887]
[0.14710577]
[0.14710447]
[0.14709887]
[0.1470777]
[0.14707573]
[0.14707159]
[0.14706738]
[0.14706622]
[0.14706478]
[0.14706014]
[0.14705637]
[0.14705071]
[0.14704333]
[0.14703484]
[0.14702937]
[0.14701998]
[0.14701939]
[0.14701125]
[0.14701077]
[0.14700887]
[0.1470086]
[0.14700688]
[0.14700463]
[0.14700377]
[0.1469963]
[0.14699484]
[0.14699122]
[0.14698139]
[0.14697735]
[0.14697155]
[0.14697152]
[0.14697148]
[0.14696707]
[0.14696544]
[0.14695989]
[0.14695989]
[0.14694262]
[0.14694035]
[0.14693362]
[0.14693253]
[0.14692448]
[0.14692333]
[0.1469199]
[0.14690968]
[0.14690742]
[0.14690427]
[0.14690174]
[0.14690144]
[0.14689583]
[0.14689547]
[0.14689547]
[0.14689302]
[0.14687973]
[0.14687921]
[0.14687826]
[0.14686613]
[0.14686583]
[0.14685747]
[0.14685035]
[0.14684442]
[0.14684303]
[0.14684296]
[0.1468382]
[0.14683805]
[0.14683795]
[0.14683351]
[0.14682491]
[0.14682071]
[0.14682071]
[0.14681697]
[0.14681385]
[0.1468079]
[0.14680609]
[0.14679892]
[0.14679553]
[0.14679125]
[0.14678486]
[0.14677575]
[0.14676292]
[0.14676131]
[0.14676028]
[0.1467601]
[0.14675622]
[0.14674819]
[0.14674811]
[0.14674476]
[0.14673226]
[0.14672856]
[0.14672318]
[0.14672317]
[0.14672232]
[0.14671987]
[0.14671654]
[0.14671229]
[0.14671008]
[0.14670776]
[0.14669839]
[0.14669682]
[0.14669038]
[0.14668591]
[0.14668216]
[0.14667863]
[0.14666793]
[0.14666562]
[0.14666149]
[0.1466563]
[0.14665577]
[0.14664747]
[0.14664704]
[0.1466358]
[0.14662856]
[0.14662823]
[0.1466282]
[0.14662689]
[0.14662291]
[0.14662218]
[0.14661144]
[0.14660417]
[0.14660242]
[0.14659539]
[0.14659268]
[0.14659217]
[0.14659125]
[0.14658917]
[0.14658737]
[0.14658694]
[0.14657986]
[0.14657946]
[0.14656895]
[0.1465612]
[0.14655232]
[0.14655057]
[0.14654385]
[0.1465419]
[0.14653826]
[0.14653002]
[0.14652614]
[0.14652167]
[0.14652117]
[0.14651611]
[0.14649415]
[0.14649415]
[0.14647833]
[0.14647496]
[0.1464648]
[0.14646262]
[0.14645559]
[0.14644545]
[0.14644071]
[0.1464375]
[0.14643359]
[0.14643314]
[0.14642748]
[0.14642558]
[0.14642534]
[0.14642343]
[0.14641526]
[0.14641526]
[0.1464133]
[0.14639762]
[0.14638887]
[0.14638731]
[0.14638273]
[0.14637773]
[0.14637612]
[0.14636801]
[0.14636452]
[0.14634882]
[0.1463481]
[0.1463458]
[0.14633703]
[0.14633161]
[0.14632887]
[0.14632143]
[0.14631982]
[0.1463169]
[0.14631651]
[0.14630076]
[0.14629568]
[0.14628428]
[0.14628334]
[0.14627631]
[0.14627263]
[0.14627059]
[0.14626819]
[0.14626622]
[0.146263]
[0.14626157]
[0.14625885]
[0.14625315]
[0.14625095]
[0.14624952]
[0.14624262]
[0.14623193]
[0.14623131]
[0.14622925]
[0.14622912]
[0.1462227]
[0.1462227]
[0.1462227]
[0.14621915]
[0.14620623]
[0.14620481]
[0.14619876]
[0.1461936]
[0.14619346]
[0.14619346]
[0.14619346]
[0.1461921]
[0.14618672]
[0.14618318]
[0.14617859]
[0.14617738]
[0.14617515]
[0.14616473]
[0.14616473]
[0.1461525]
[0.14615163]
[0.14614715]
[0.14614378]
[0.146137]
[0.14613652]
[0.14612935]
[0.1461141]
[0.14610054]
[0.14609824]
[0.14609356]
[0.14609058]
[0.14608298]
[0.14607784]
[0.14607091]
[0.14607091]
[0.14606905]
[0.14606401]
[0.14606267]
[0.14605288]
[0.14604498]
[0.14603683]
[0.14603652]
[0.14603534]
[0.14603198]
[0.14602713]
[0.14602551]
[0.14602542]
[0.14601265]
[0.14601251]
[0.14600568]
[0.14600538]
[0.14599349]
[0.14599137]
[0.14598465]
[0.14597377]
[0.14596702]
[0.14596237]
[0.1459577]
[0.14595357]
[0.1459532]
[0.14595114]
[0.14593291]
[0.14593138]
[0.14593077]
[0.14592732]
[0.14591378]
[0.14591098]
[0.14590783]
[0.14590538]
[0.14590475]
[0.14590323]
[0.14590248]
[0.14590228]
[0.14589737]
[0.14589612]
[0.1458887]
[0.14588544]
[0.14587991]
[0.14587474]
[0.14587273]
[0.1458726]
[0.14586066]
[0.14585865]
[0.14585435]
[0.14584967]
[0.14583577]
[0.1458318]
[0.1458244]
[0.14582229]
[0.14581406]
[0.1458069]
[0.14580613]
[0.14580464]
[0.14576346]
[0.14576147]
[0.14575613]
[0.14575157]
[0.14574835]
[0.1457445]
[0.14574236]
[0.145741]
[0.14573933]
[0.14572613]
[0.14572105]
[0.14571998]
[0.1457141]
[0.14570586]
[0.14569731]
[0.14569438]
[0.14568318]
[0.14568289]
[0.1456754]
[0.14567442]
[0.14567052]
[0.14566936]
[0.14566681]
[0.14566526]
[0.14565405]
[0.1456503]
[0.14563939]
[0.14563455]
[0.14562915]
[0.14561832]
[0.1456179]
[0.14561562]
[0.14560181]
[0.14559394]
[0.14559013]
[0.14558582]
[0.14558232]
[0.14556803]
[0.14556749]
[0.14556728]
[0.1455669]
[0.1455631]
[0.1455491]
[0.14554235]
[0.14553665]
[0.14553452]
[0.14553404]
[0.14552397]
[0.14551999]
[0.14551459]
[0.14551291]
[0.14551237]
[0.14550541]
[0.14550135]
[0.1455011]
[0.1454974]
[0.14549725]
[0.14549524]
[0.14549236]
[0.145492]
[0.1454887]
[0.14548261]
[0.14547986]
[0.1454739]
[0.14547156]
[0.14546824]
[0.14546047]
[0.14545396]
[0.14544737]
[0.14544542]
[0.14544417]
[0.1454388]
[0.14543869]
[0.14543499]
[0.14543419]
[0.14541742]
[0.1454076]
[0.14539492]
[0.14539209]
[0.14539179]
[0.14538868]
[0.14538208]
[0.14538187]
[0.14538074]
[0.14538]
[0.1453664]
[0.1453662]
[0.14536469]
[0.14536282]
[0.1453582]
[0.14535701]
[0.14535488]
[0.14535184]
[0.14534895]
[0.1453452]
[0.14533284]
[0.14532033]
[0.14531204]
[0.14530405]
[0.14530164]
[0.1452975]
[0.1452956]
[0.14528593]
[0.14528593]
[0.14528148]
[0.14527825]
[0.14527428]
[0.14527103]
[0.14527056]
[0.14526072]
[0.14525051]
[0.14524238]
[0.14523533]
[0.14522633]
[0.14522152]
[0.14521243]
[0.14521135]
[0.14520998]
[0.1452073]
[0.14520408]
[0.14520223]
[0.14519404]
[0.14519265]
[0.14518958]
[0.1451878]
[0.1451878]
[0.14518721]
[0.14518496]
[0.14518458]
[0.14516892]
[0.14516123]
[0.14515242]
[0.14515017]
[0.14514597]
[0.14514537]
[0.14513496]
[0.14513431]
[0.14513204]
[0.14512916]
[0.14512101]
[0.14511982]
[0.14511786]
[0.14511786]
[0.14509337]
[0.14509158]
[0.14507876]
[0.14507617]
[0.14507267]
[0.14506729]
[0.14506413]
[0.14506298]
[0.14506152]
[0.14506029]
[0.14505668]
[0.14505307]
[0.14505143]
[0.14504963]
[0.14504836]
[0.1450431]
[0.14503352]
[0.14503054]
[0.14501101]
[0.145004]
[0.14500242]
[0.14499903]
[0.14499794]
[0.14499755]
[0.14499173]
[0.14499173]
[0.14497961]
[0.1449698]
[0.1449687]
[0.14496386]
[0.1449625]
[0.14495018]
[0.14494592]
[0.14494446]
[0.14493917]
[0.14493027]
[0.14492743]
[0.14492267]
[0.14492214]
[0.14491516]
[0.14490956]
[0.14490801]
[0.14490084]
[0.14489622]
[0.14489602]
[0.14489523]
[0.14489369]
[0.14488521]
[0.14488465]
[0.14488447]
[0.14487436]
[0.14486705]
[0.14486627]
[0.14486516]
[0.144855]
[0.14485475]
[0.14485432]
[0.14485283]
[0.14485283]
[0.14484543]
[0.1448453]
[0.14484206]
[0.14483835]
[0.14483158]
[0.14482939]
[0.14482166]
[0.14481297]
[0.14480875]
[0.14478827]
[0.14478597]
[0.14478552]
[0.14478219]
[0.14477846]
[0.14477143]
[0.14476386]
[0.14475662]
[0.14475161]
[0.14473909]
[0.14473343]
[0.14473343]
[0.14470951]
[0.14470279]
[0.14470279]
[0.14470279]
[0.1447026]
[0.14470102]
[0.14470036]
[0.14469123]
[0.14468847]
[0.14467844]
[0.14467609]
[0.14467609]
[0.1446666]
[0.14466387]
[0.14465772]
[0.14465581]
[0.14465198]
[0.14465077]
[0.14464428]
[0.1446406]
[0.14463791]
[0.14463682]
[0.14463657]
[0.14463583]
[0.14463517]
[0.14463364]
[0.14462738]
[0.1446239]
[0.14459972]
[0.14459252]
[0.14458232]
[0.14458138]
[0.14457083]
[0.14456923]
[0.14455825]
[0.14455043]
[0.14454237]
[0.14453945]
[0.14453922]
[0.14451075]
[0.1445016]
[0.14450108]
[0.14449824]
[0.14449348]
[0.14448842]
[0.14448808]
[0.14448728]
[0.14448649]
[0.14448458]
[0.14447889]
[0.14446399]
[0.14445484]
[0.14445218]
[0.14445204]
[0.14443874]
[0.14443795]
[0.144432]
[0.14442953]
[0.14442725]
[0.1444217]
[0.1444084]
[0.14440283]
[0.14440161]
[0.14440069]
[0.14439909]
[0.14438231]
[0.14437176]
[0.14436354]
[0.14435777]
[0.14434151]
[0.14433742]
[0.14433655]
[0.14433616]
[0.14433551]
[0.14433357]
[0.14433174]
[0.14432974]
[0.14432839]
[0.14432785]
[0.14432576]
[0.14432108]
[0.14431903]
[0.14431153]
[0.14428774]
[0.14428352]
[0.14427589]
[0.14427277]
[0.14426456]
[0.14426306]
[0.14425325]
[0.14425287]
[0.14425005]
[0.14424354]
[0.14424336]
[0.14422603]
[0.144226]
[0.14422484]
[0.14422119]
[0.14421931]
[0.14421]
[0.14420429]
[0.14419685]
[0.14417052]
[0.14416346]
[0.14415734]
[0.14415349]
[0.14414972]
[0.14414278]
[0.14413281]
[0.14413117]
[0.14412293]
[0.14409271]
[0.14408076]
[0.14407147]
[0.14406694]
[0.14406647]
[0.14405891]
[0.14405447]
[0.1440468]
[0.14403972]
[0.14403595]
[0.14401697]
[0.14401685]
[0.14401503]
[0.14400472]
[0.14399546]
[0.1439914]
[0.14398928]
[0.14397794]
[0.14396349]
[0.14395817]
[0.14395785]
[0.14395484]
[0.1439468]
[0.1439408]
[0.14392817]
[0.14392817]
[0.14390726]
[0.14390726]
[0.14390703]
[0.14389986]
[0.14389545]
[0.14388216]
[0.14387512]
[0.14387366]
[0.14387195]
[0.14387119]
[0.14386798]
[0.14386772]
[0.14386192]
[0.14386192]
[0.14385809]
[0.14385745]
[0.14385474]
[0.1438524]
[0.14385223]
[0.14385034]
[0.14384846]
[0.14384617]
[0.14384317]
[0.14383364]
[0.14383364]
[0.14382792]
[0.14382607]
[0.14381748]
[0.14381406]
[0.14380841]
[0.1438075]
[0.14380383]
[0.14379565]
[0.14378798]
[0.14378683]
[0.14378041]
[0.14377661]
[0.14376292]
[0.1437567]
[0.14375168]
[0.14374608]
[0.14374208]
[0.14373899]
[0.14371632]
[0.14369962]
[0.14369784]
[0.14369398]
[0.1436884]
[0.1436854]
[0.14367919]
[0.1436752]
[0.14365771]
[0.14365683]
[0.1436549]
[0.14363472]
[0.14363384]
[0.14362597]
[0.14362058]
[0.1436177]
[0.14361061]
[0.14360788]
[0.14360431]
[0.14359912]
[0.14359267]
[0.1435651]
[0.14356165]
[0.14355704]
[0.14355704]
[0.14355585]
[0.14355198]
[0.14355151]
[0.14354798]
[0.14352742]
[0.14352742]
[0.14352334]
[0.14351907]
[0.14350766]
[0.14350626]
[0.14350063]
[0.14347877]
[0.14347692]
[0.1434762]
[0.14345393]
[0.14345334]
[0.14345334]
[0.14345211]
[0.14345083]
[0.14344956]
[0.14344865]
[0.1434418]
[0.1434404]
[0.14343582]
[0.14343043]
[0.1434296]
[0.14342906]
[0.1434271]
[0.14342684]
[0.1434237]
[0.14340056]
[0.14339632]
[0.14339359]
[0.14339253]
[0.14338574]
[0.1433827]
[0.1433793]
[0.1433756]
[0.14336905]
[0.14336509]
[0.1433646]
[0.1433615]
[0.14336094]
[0.14334229]
[0.14331172]
[0.14330623]
[0.14330204]
[0.14329545]
[0.14329314]
[0.1432817]
[0.1432718]
[0.14324225]
[0.1432382]
[0.14323802]
[0.14323543]
[0.14322814]
[0.14322808]
[0.14322373]
[0.14322048]
[0.14321423]
[0.14319138]
[0.14318396]
[0.14318195]
[0.14317146]
[0.1431635]
[0.14315513]
[0.14315215]
[0.14314382]
[0.14314279]
[0.1431387]
[0.14312787]
[0.14312701]
[0.14312513]
[0.14310619]
[0.14309315]
[0.14308596]
[0.14307806]
[0.14307526]
[0.14306258]
[0.14305592]
[0.14304252]
[0.14304164]
[0.14303304]
[0.143032]
[0.14303163]
[0.14302972]
[0.14302194]
[0.14302178]
[0.14301719]
[0.14301254]
[0.14300622]
[0.1430043]
[0.1429974]
[0.14299262]
[0.14299244]
[0.14297633]
[0.14297386]
[0.14296196]
[0.14295691]
[0.14293657]
[0.14293027]
[0.14292793]
[0.14292674]
[0.14291576]
[0.14291179]
[0.14290825]
[0.14290702]
[0.14290702]
[0.1429052]
[0.1428922]
[0.14287975]
[0.14287911]
[0.14287205]
[0.1428709]
[0.14285786]
[0.1428555]
[0.14285481]
[0.14285167]
[0.14284354]
[0.14284244]
[0.14282604]
[0.14281413]
[0.1428136]
[0.14281353]
[0.14281173]
[0.14281003]
[0.14278728]
[0.14278628]
[0.14278628]
[0.14278552]
[0.14278167]
[0.14277759]
[0.14277397]
[0.14277202]
[0.14277041]
[0.14276592]
[0.1427504]
[0.14274397]
[0.14274092]
[0.14273535]
[0.14273484]
[0.14273027]
[0.14272518]
[0.14271875]
[0.14271107]
[0.14270169]
[0.14269444]
[0.14268981]
[0.14267713]
[0.14267299]
[0.14266278]
[0.14264108]
[0.14264096]
[0.14263734]
[0.14263679]
[0.14261642]
[0.14260179]
[0.14259903]
[0.14259899]
[0.14259893]
[0.14259301]
[0.14258762]
[0.14258638]
[0.1425724]
[0.14256611]
[0.14256074]
[0.1425524]
[0.14253731]
[0.14253478]
[0.1425309]
[0.142527]
[0.14249997]
[0.14249645]
[0.14249468]
[0.14249043]
[0.14248219]
[0.14248106]
[0.14247333]
[0.14246649]
[0.14245708]
[0.14245088]
[0.14244796]
[0.1424388]
[0.14242615]
[0.14241403]
[0.14238839]
[0.1423872]
[0.14237668]
[0.14237107]
[0.14235716]
[0.1423472]
[0.14234214]
[0.14234096]
[0.14233637]
[0.142335]
[0.142335]
[0.1423249]
[0.142323]
[0.14231329]
[0.14230028]
[0.1422883]
[0.1422866]
[0.14227805]
[0.14227805]
[0.14227392]
[0.14226665]
[0.14226612]
[0.14226525]
[0.14224422]
[0.14223924]
[0.14222866]
[0.14222811]
[0.14222422]
[0.14220312]
[0.14216939]
[0.14216708]
[0.14216526]
[0.14216526]
[0.14215066]
[0.14215042]
[0.1421449]
[0.14213619]
[0.14213218]
[0.14211394]
[0.14210555]
[0.14210226]
[0.14209627]
[0.14209604]
[0.14208424]
[0.1420827]
[0.14207685]
[0.14207534]
[0.14207438]
[0.14206927]
[0.14206718]
[0.14206696]
[0.14205155]
[0.14204638]
[0.14204596]
[0.14204036]
[0.14203744]
[0.14203607]
[0.1420322]
[0.1420322]
[0.14203098]
[0.1420268]
[0.14202616]
[0.14202233]
[0.14201169]
[0.14200315]
[0.14200245]
[0.14200221]
[0.14198905]
[0.1419684]
[0.14196114]
[0.14195848]
[0.14195801]
[0.14194877]
[0.14194663]
[0.1419306]
[0.1419117]
[0.14191167]
[0.14191137]
[0.14190483]
[0.14189175]
[0.14188926]
[0.1418835]
[0.14187318]
[0.14185506]
[0.1418478]
[0.1418369]
[0.14181454]
[0.1418096]
[0.14180468]
[0.14180039]
[0.141798]
[0.14179337]
[0.14179169]
[0.14178249]
[0.14177881]
[0.14177011]
[0.14176849]
[0.14176087]
[0.14175424]
[0.14175345]
[0.14175287]
[0.14174983]
[0.14174828]
[0.1417462]
[0.14173976]
[0.14173402]
[0.14172739]
[0.14172544]
[0.14172532]
[0.1416884]
[0.14168687]
[0.14166588]
[0.14165962]
[0.1416522]
[0.14164379]
[0.14164211]
[0.14162947]
[0.14162785]
[0.14160691]
[0.14159445]
[0.14158577]
[0.14157191]
[0.1415678]
[0.14156163]
[0.14154956]
[0.1415452]
[0.14154388]
[0.14154254]
[0.14153548]
[0.14153054]
[0.14152156]
[0.14151421]
[0.14149863]
[0.14147379]
[0.14143267]
[0.14143097]
[0.14143015]
[0.14141472]
[0.14141211]
[0.14140308]
[0.14139242]
[0.141392]
[0.14138994]
[0.14138779]
[0.14138041]
[0.14137986]
[0.14136717]
[0.1413253]
[0.141316]
[0.14131019]
[0.14128819]
[0.14127405]
[0.14127116]
[0.14126298]
[0.1412429]
[0.14123839]
[0.14122452]
[0.14122365]
[0.14121012]
[0.14120902]
[0.14120565]
[0.14119859]
[0.14119352]
[0.1411696]
[0.14116502]
[0.14116001]
[0.14115994]
[0.14115618]
[0.14115147]
[0.14115062]
[0.14114322]
[0.14113936]
[0.14113404]
[0.14112324]
[0.14111808]
[0.14110906]
[0.1411082]
[0.14107959]
[0.14106524]
[0.14106278]
[0.14103101]
[0.14101784]
[0.141017]
[0.14100663]
[0.1410055]
[0.14099713]
[0.14098296]
[0.14097853]
[0.14096388]
[0.14094254]
[0.14093368]
[0.1409188]
[0.14091831]
[0.14091246]
[0.14090547]
[0.14090374]
[0.14089496]
[0.14089496]
[0.14089029]
[0.14087234]
[0.1408638]
[0.14086257]
[0.14086083]
[0.14085706]
[0.14084953]
[0.14084862]
[0.14083761]
[0.14082907]
[0.14080556]
[0.14079468]
[0.14078811]
[0.14078511]
[0.14077969]
[0.14077245]
[0.1407647]
[0.14076172]
[0.14074138]
[0.14073871]
[0.14073442]
[0.14071903]
[0.14071208]
[0.14071147]
[0.14070152]
[0.14069673]
[0.14069673]
[0.14069574]
[0.14069389]
[0.14068466]
[0.14064628]
[0.14063512]
[0.14062406]
[0.14061677]
[0.14061274]
[0.1406116]
[0.14060733]
[0.14060251]
[0.14054671]
[0.14054027]
[0.14053859]
[0.1405299]
[0.14051326]
[0.14047962]
[0.14047728]
[0.1404724]
[0.14046511]
[0.14046313]
[0.14045885]
[0.14045154]
[0.14045154]
[0.14045043]
[0.1404372]
[0.14043155]
[0.1404305]
[0.1403986]
[0.1403946]
[0.14039172]
[0.14037435]
[0.14035226]
[0.14032602]
[0.14032054]
[0.14031464]
[0.1403113]
[0.14030209]
[0.14029664]
[0.1402951]
[0.1402916]
[0.14028926]
[0.1402872]
[0.14028691]
[0.14027527]
[0.14024839]
[0.14023963]
[0.14018555]
[0.14018543]
[0.1401815]
[0.14016548]
[0.14014298]
[0.14011614]
[0.14011344]
[0.14010292]
[0.14009787]
[0.14009747]
[0.14009617]
[0.14009307]
[0.14009307]
[0.14008427]
[0.14006953]
[0.14005727]
[0.14004692]
[0.14001496]
[0.14000708]
[0.13998806]
[0.13998307]
[0.13997705]
[0.13997631]
[0.13997255]
[0.13997188]
[0.13995536]
[0.1399483]
[0.13994266]
[0.13993768]
[0.13993579]
[0.13992098]
[0.13990337]
[0.13989122]
[0.13988045]
[0.13985528]
[0.13984479]
[0.13982007]
[0.13978022]
[0.1397699]
[0.13974793]
[0.13974157]
[0.13973825]
[0.13972372]
[0.13970046]
[0.13969412]
[0.1396851]
[0.13965578]
[0.13965426]
[0.1396413]
[0.13962711]
[0.13962525]
[0.13956843]
[0.13956796]
[0.13955432]
[0.13954994]
[0.13953586]
[0.13949355]
[0.13949303]
[0.13949126]
[0.13949126]
[0.1394854]
[0.13945453]
[0.13943058]
[0.13942514]
[0.13937752]
[0.1393758]
[0.13937089]
[0.1393544]
[0.13934943]
[0.13933788]
[0.13933785]
[0.13932627]
[0.13932492]
[0.13931867]
[0.13931364]
[0.1393133]
[0.13930346]
[0.13930055]
[0.1392924]
[0.13929026]
[0.1392846]
[0.13927071]
[0.13924854]
[0.13924415]
[0.13922921]
[0.13921896]
[0.13919276]
[0.13919173]
[0.13919036]
[0.13918602]
[0.13917637]
[0.13916922]
[0.13915992]
[0.13912578]
[0.1391157]
[0.13910589]
[0.1391024]
[0.13909778]
[0.13907123]
[0.13905159]
[0.13904454]
[0.13903849]
[0.1390378]
[0.13903178]
[0.1390284]
[0.13898082]
[0.13896635]
[0.1389224]
[0.13891603]
[0.13891265]
[0.13890523]
[0.13890488]
[0.13890417]
[0.13889183]
[0.13887312]
[0.13886559]
[0.13883626]
[0.13880403]
[0.13880348]
[0.13879576]
[0.13878943]
[0.13877125]
[0.13875192]
[0.13874976]
[0.13874862]
[0.13871987]
[0.1387183]
[0.1386994]
[0.13869011]
[0.1386842]
[0.13868158]
[0.13867767]
[0.1386761]
[0.13865648]
[0.13864559]
[0.13863704]
[0.13862553]
[0.138617]
[0.13859752]
[0.13857777]
[0.1385743]
[0.13855945]
[0.13855569]
[0.13853127]
[0.13852012]
[0.13848695]
[0.13845675]
[0.13845529]
[0.13844344]
[0.13843751]
[0.13837337]
[0.13836342]
[0.138347]
[0.13833556]
[0.13833387]
[0.13832416]
[0.13828377]
[0.13826062]
[0.13825858]
[0.13818428]
[0.13817804]
[0.13812603]
[0.13811342]
[0.13808903]
[0.13805887]
[0.13805301]
[0.13802984]
[0.13802482]
[0.13802332]
[0.138003]
[0.13799651]
[0.13796149]
[0.13795637]
[0.13793887]
[0.13793667]
[0.13793099]
[0.1378917]
[0.13787436]
[0.13787206]
[0.13785666]
[0.13783035]
[0.13781479]
[0.13776937]
[0.13776664]
[0.13775826]
[0.13775627]
[0.13775617]
[0.13769874]
[0.13767369]
[0.13767222]
[0.13767155]
[0.13766973]
[0.13765739]
[0.13764474]
[0.13763656]
[0.13761398]
[0.13761197]
[0.1375763]
[0.13752292]
[0.13751724]
[0.13749374]
[0.13747558]
[0.13746561]
[0.13746108]
[0.13742965]
[0.1374224]
[0.13740368]
[0.13736928]
[0.13736928]
[0.13736616]
[0.13734774]
[0.13728222]
[0.13727641]
[0.13725726]
[0.13725652]
[0.13723668]
[0.13721822]
[0.13721582]
[0.13720961]
[0.13720603]
[0.13719316]
[0.13717677]
[0.13716389]
[0.13715234]
[0.13714306]
[0.13712218]
[0.13711405]
[0.13710983]
[0.13708612]
[0.13706888]
[0.13706669]
[0.13704221]
[0.13702981]
[0.13702086]
[0.13701867]
[0.13696481]
[0.13694671]
[0.13694383]
[0.13694224]
[0.13691188]
[0.13688591]
[0.1368537]
[0.13682218]
[0.13682199]
[0.13677302]
[0.13675469]
[0.13675265]
[0.13674845]
[0.13674654]
[0.13672441]
[0.13671564]
[0.13670877]
[0.13668111]
[0.13668041]
[0.13667001]
[0.1366583]
[0.13664891]
[0.13664407]
[0.13661742]
[0.13661665]
[0.13661]
[0.13660812]
[0.13657616]
[0.13656645]
[0.13656105]
[0.13655931]
[0.13655156]
[0.13653688]
[0.13648705]
[0.13648422]
[0.13648404]
[0.13646697]
[0.13646331]
[0.13643691]
[0.13641432]
[0.13640134]
[0.13630953]
[0.13627869]
[0.13625102]
[0.13624392]
[0.13623907]
[0.13622756]
[0.13622075]
[0.13620302]
[0.13616328]
[0.13615192]
[0.1360755]
[0.13601322]
[0.13600488]
[0.1359753]
[0.13596982]
[0.13586858]
[0.13585104]
[0.13580875]
[0.13575676]
[0.13566734]
[0.13561665]
[0.13561258]
[0.13561168]
[0.13560055]
[0.1355767]
[0.13550563]
[0.13549858]
[0.13548574]
[0.13547172]
[0.13547139]
[0.13537653]
[0.13536526]
[0.13533543]
[0.13520277]
[0.13519992]
[0.13519588]
[0.13509244]
[0.13502596]
[0.135001]
[0.13496627]
[0.13496009]
[0.13493398]
[0.13488212]
[0.13486348]
[0.13484865]
[0.13484173]
[0.13479456]
[0.13477331]
[0.13476498]
[0.13472128]
[0.13472128]
[0.13464707]
[0.13463445]
[0.13461599]
[0.1346109]
[0.13459057]
[0.13454175]
[0.13449882]
[0.1344827]
[0.13437301]
[0.13436426]
[0.13432506]
[0.13431635]
[0.13430837]
[0.1343026]
[0.13427927]
[0.13427907]
[0.13427778]
[0.13411771]
[0.13407275]
[0.13407084]
[0.1340127]
[0.13400522]
[0.13382421]
[0.13378769]
[0.13378608]
[0.13378353]
[0.13376735]
[0.13376711]
[0.13373163]
[0.13346066]
[0.13337725]
[0.133367]
[0.13335675]
[0.13327947]
[0.13321145]
[0.13316168]
[0.13313828]
[0.13311538]
[0.13311201]
[0.13309701]
[0.13300404]
[0.13293363]
[0.13277386]
[0.13275886]
[0.1327051]
[0.13270426]
[0.13258897]
[0.13230102]
[0.13218579]
[0.13215381]
[0.13213919]
[0.13213396]
[0.13213108]
[0.1321279]
[0.1320811]
[0.13202895]
[0.13191251]
[0.13187286]
[0.13186882]
[0.13185577]
[0.13180731]
[0.13179585]
[0.13167728]
[0.1316498]
[0.13161367]
[0.13156101]
[0.13152753]
[0.1314644]
[0.13139136]
[0.13126408]
[0.13125719]
[0.13111377]
[0.13090852]
[0.13086167]
[0.13084845]
[0.1307978]
[0.13078023]
[0.13075295]
[0.1304805]
[0.13046125]
[0.13029695]
[0.13021116]
[0.1301955]
[0.13014583]
[0.13012046]
[0.13008088]
[0.12956305]
[0.12948678]
[0.12944637]
[0.12933953]
[0.12931445]
[0.12922236]
[0.12915407]
[0.12905641]
[0.12905328]
[0.1289508]
[0.12892154]
[0.12891936]
[0.12876381]
[0.12873332]
[0.12869498]
[0.12863389]
[0.12838301]
[0.128359]
[0.12831838]
[0.1283182]
[0.12828527]
[0.12821692]
[0.12820025]
[0.12819433]
[0.128178]
[0.12816986]
[0.12816747]
[0.12803777]
[0.12803496]
[0.1280063]
[0.12799606]
[0.1278199]
[0.12776145]
[0.12761475]
[0.12746292]
[0.12740858]
[0.12732574]
[0.1272205]
[0.12697402]
[0.12686935]
[0.12681523]
[0.12662062]
[0.12659849]
[0.12658809]
[0.12658137]
[0.1265581]
[0.12654161]
[0.12641184]
[0.1263513]
[0.12634373]
[0.12630525]
[0.12624459]
[0.12619206]
[0.12610874]
[0.12580347]
[0.1256811]
[0.12561044]
[0.12559089]
[0.1255703]
[0.12522008]
[0.12512489]
[0.12508225]
[0.12493783]
[0.1248832]
[0.12486763]
[0.12485108]
[0.124467]
[0.12442367]
[0.12410564]
[0.12406329]
[0.12399594]
[0.1238033]
[0.12369773]
[0.12351932]
[0.12335918]
[0.1229831]
[0.12297949]
[0.1227524]
[0.12265935]
[0.12248664]
[0.12245619]
[0.12243266]
[0.12179853]
[0.12157318]
[0.12129293]
[0.11978451]
