[0.7331806]
[0.7237864]
[0.71975726]
[0.7151496]
[0.6885472]
[0.6839155]
[0.6637848]
[0.65533686]
[0.6129287]
[0.6041013]
[0.5882154]
[0.56314045]
[0.5484352]
[0.54642034]
[0.5432102]
[0.54060984]
[0.5384931]
[0.52329737]
[0.51317006]
[0.5094015]
[0.49318236]
[0.4804548]
[0.48011425]
[0.47806507]
[0.4740028]
[0.46754706]
[0.46186733]
[0.4591603]
[0.4591314]
[0.4584372]
[0.45102113]
[0.44979653]
[0.44790775]
[0.4435193]
[0.4407555]
[0.43741462]
[0.43521467]
[0.4260039]
[0.4198265]
[0.41869223]
[0.41579723]
[0.41492325]
[0.41093922]
[0.4101696]
[0.4095712]
[0.40444353]
[0.39470777]
[0.39425743]
[0.39033127]
[0.38792935]
[0.38778913]
[0.38753703]
[0.38709298]
[0.38465875]
[0.38266715]
[0.380837]
[0.3794095]
[0.3794095]
[0.37752634]
[0.37701046]
[0.37332526]
[0.37296268]
[0.37163338]
[0.37132886]
[0.37121907]
[0.37028578]
[0.3687548]
[0.36585173]
[0.36460462]
[0.36453894]
[0.36408055]
[0.3625601]
[0.36224228]
[0.3589045]
[0.35856155]
[0.3567456]
[0.35388073]
[0.3527787]
[0.3521238]
[0.35087568]
[0.34706894]
[0.34706894]
[0.34702343]
[0.34667876]
[0.34651333]
[0.34448943]
[0.3439783]
[0.34362727]
[0.34342545]
[0.34275886]
[0.34244838]
[0.34242287]
[0.34237516]
[0.34180316]
[0.34094346]
[0.3407364]
[0.3407364]
[0.3406539]
[0.33769056]
[0.33748674]
[0.33687532]
[0.33678886]
[0.33668047]
[0.33600602]
[0.33584082]
[0.33508864]
[0.33382946]
[0.33352762]
[0.3335147]
[0.33303583]
[0.33132833]
[0.3307228]
[0.33012465]
[0.33012465]
[0.32961828]
[0.32946178]
[0.32867822]
[0.32704896]
[0.32634953]
[0.32540947]
[0.32539767]
[0.32536092]
[0.32500553]
[0.32494748]
[0.32344696]
[0.3223652]
[0.3217708]
[0.32136565]
[0.32059485]
[0.3204823]
[0.31966004]
[0.3192499]
[0.31878135]
[0.3183272]
[0.31813982]
[0.31774992]
[0.3176512]
[0.31743047]
[0.31667492]
[0.315979]
[0.3157701]
[0.3146993]
[0.3141464]
[0.31344056]
[0.3133663]
[0.31327495]
[0.3129388]
[0.3127213]
[0.3126911]
[0.31232914]
[0.3122888]
[0.31121632]
[0.31110334]
[0.31074303]
[0.31064045]
[0.31028622]
[0.3101728]
[0.30962613]
[0.30947807]
[0.3088312]
[0.30863282]
[0.30819803]
[0.30804777]
[0.30800465]
[0.30742988]
[0.30728948]
[0.30716544]
[0.30685294]
[0.30636844]
[0.30499807]
[0.30499467]
[0.30491477]
[0.30463746]
[0.30434617]
[0.30421242]
[0.30328622]
[0.30328622]
[0.3024702]
[0.30235514]
[0.3017654]
[0.3015628]
[0.30149055]
[0.30093086]
[0.30092052]
[0.3006439]
[0.30062371]
[0.3005558]
[0.3001257]
[0.2989439]
[0.29889992]
[0.29842848]
[0.29826182]
[0.29764238]
[0.29739243]
[0.2964739]
[0.2964316]
[0.2959954]
[0.2957386]
[0.29536378]
[0.29524422]
[0.2945384]
[0.29449552]
[0.29430392]
[0.2942068]
[0.2937975]
[0.29375488]
[0.29339683]
[0.2924478]
[0.2924305]
[0.29238716]
[0.29219097]
[0.292082]
[0.29172948]
[0.29159808]
[0.2912344]
[0.29098788]
[0.29088852]
[0.29079518]
[0.2906672]
[0.29054365]
[0.29029903]
[0.29005623]
[0.28960717]
[0.28946275]
[0.2893109]
[0.28887773]
[0.28868425]
[0.28844348]
[0.2881874]
[0.2881401]
[0.28761032]
[0.2874939]
[0.28697622]
[0.2869534]
[0.28637004]
[0.286352]
[0.2860219]
[0.28577417]
[0.2855609]
[0.28429335]
[0.28412467]
[0.2840289]
[0.28359318]
[0.2835707]
[0.28336564]
[0.28336564]
[0.28336403]
[0.28331855]
[0.28330114]
[0.28310886]
[0.28267816]
[0.28241715]
[0.28210244]
[0.28210244]
[0.28205815]
[0.28200796]
[0.2818921]
[0.28119195]
[0.28058374]
[0.28042093]
[0.27966014]
[0.2789071]
[0.27839333]
[0.27836227]
[0.27779034]
[0.27739897]
[0.2772996]
[0.2770218]
[0.27695686]
[0.2768892]
[0.2766867]
[0.27662283]
[0.27656302]
[0.27633917]
[0.27591684]
[0.2757939]
[0.2756786]
[0.2755983]
[0.2755376]
[0.27553082]
[0.27523148]
[0.27514133]
[0.2749296]
[0.27464393]
[0.2745939]
[0.2743654]
[0.27426252]
[0.27414826]
[0.27361283]
[0.273388]
[0.2731818]
[0.27316007]
[0.27301788]
[0.27280122]
[0.2726444]
[0.27165514]
[0.27103576]
[0.27087787]
[0.27078655]
[0.27072227]
[0.2701569]
[0.27005142]
[0.2697402]
[0.2695435]
[0.2695382]
[0.26949275]
[0.2694727]
[0.26941186]
[0.26935783]
[0.26927748]
[0.26895127]
[0.26877603]
[0.2686137]
[0.26855496]
[0.26855305]
[0.2682895]
[0.26810232]
[0.26807156]
[0.26806545]
[0.26793432]
[0.2679012]
[0.26787966]
[0.26779208]
[0.26767802]
[0.267343]
[0.26713073]
[0.26707202]
[0.2670606]
[0.26692414]
[0.26691118]
[0.26685655]
[0.26677698]
[0.26667517]
[0.26652375]
[0.26628157]
[0.2661]
[0.26588383]
[0.2657856]
[0.2657769]
[0.26550895]
[0.26520792]
[0.26505792]
[0.26495603]
[0.26477692]
[0.2646792]
[0.26446533]
[0.26406094]
[0.26393017]
[0.26387385]
[0.2638047]
[0.26378497]
[0.2637618]
[0.26321924]
[0.26304838]
[0.26278326]
[0.26277494]
[0.26245084]
[0.26233143]
[0.26227015]
[0.26221514]
[0.26221278]
[0.26212838]
[0.26185155]
[0.26160923]
[0.26155585]
[0.26152322]
[0.2611126]
[0.26099712]
[0.2609485]
[0.2609485]
[0.2609485]
[0.26064143]
[0.26064143]
[0.2605793]
[0.26056328]
[0.26043367]
[0.26038975]
[0.26036653]
[0.25998896]
[0.25998896]
[0.25998896]
[0.25992814]
[0.25990245]
[0.25973746]
[0.2594265]
[0.25939414]
[0.25881004]
[0.25879377]
[0.25874996]
[0.2587192]
[0.25870445]
[0.25866312]
[0.2583186]
[0.25826734]
[0.25787812]
[0.2572855]
[0.25725922]
[0.2564328]
[0.25611344]
[0.25604856]
[0.25562528]
[0.25550097]
[0.2554604]
[0.2554547]
[0.25544772]
[0.25521815]
[0.25477087]
[0.25452036]
[0.2542152]
[0.2542152]
[0.2542152]
[0.2540876]
[0.25399435]
[0.25399435]
[0.25383356]
[0.25383356]
[0.25378475]
[0.25360125]
[0.2535553]
[0.252913]
[0.25278586]
[0.25274068]
[0.25245556]
[0.25238484]
[0.252181]
[0.2521461]
[0.2520512]
[0.2520324]
[0.25198078]
[0.25178307]
[0.25169992]
[0.251606]
[0.25139767]
[0.2513651]
[0.25098467]
[0.25070256]
[0.2506626]
[0.25061518]
[0.25059265]
[0.25058588]
[0.2504875]
[0.25041285]
[0.25032052]
[0.25023347]
[0.25021592]
[0.25021327]
[0.25013942]
[0.2499195]
[0.24983422]
[0.24964176]
[0.2496328]
[0.2495081]
[0.2494882]
[0.24946934]
[0.24944696]
[0.24939626]
[0.24935342]
[0.2493354]
[0.24930379]
[0.24921533]
[0.249206]
[0.24918015]
[0.2490997]
[0.24891475]
[0.24886647]
[0.2485441]
[0.2485441]
[0.24850129]
[0.24841297]
[0.24839114]
[0.24830121]
[0.24826764]
[0.24818672]
[0.24815504]
[0.2481355]
[0.24797554]
[0.24789177]
[0.24770439]
[0.24770439]
[0.247651]
[0.24749494]
[0.24730417]
[0.24729516]
[0.24706061]
[0.24703918]
[0.24703918]
[0.24696103]
[0.24689665]
[0.24683115]
[0.24680024]
[0.2465197]
[0.2461652]
[0.24614382]
[0.24614324]
[0.24599487]
[0.24598096]
[0.2459753]
[0.24579564]
[0.24575359]
[0.2455877]
[0.24555878]
[0.24539548]
[0.24505837]
[0.24499227]
[0.24493235]
[0.2448085]
[0.24465467]
[0.24464051]
[0.24460346]
[0.2445672]
[0.24452788]
[0.24436685]
[0.24436037]
[0.24418238]
[0.24393895]
[0.2438918]
[0.2438822]
[0.2438822]
[0.24387908]
[0.24382566]
[0.2435827]
[0.24350147]
[0.2434353]
[0.2434241]
[0.24320629]
[0.2431091]
[0.24290183]
[0.24275686]
[0.2427566]
[0.24264504]
[0.24256927]
[0.24255548]
[0.24254738]
[0.24251468]
[0.24218409]
[0.24198557]
[0.2418186]
[0.24181582]
[0.24179733]
[0.24165513]
[0.24149458]
[0.24136992]
[0.24111886]
[0.24107327]
[0.24098326]
[0.24094862]
[0.24094535]
[0.24093702]
[0.24090451]
[0.24083236]
[0.24081928]
[0.24055757]
[0.24048977]
[0.24048841]
[0.24047823]
[0.24021484]
[0.23998086]
[0.23995912]
[0.2398667]
[0.23986493]
[0.2398641]
[0.2398641]
[0.2398424]
[0.23982674]
[0.23968974]
[0.23968093]
[0.2395734]
[0.23955388]
[0.2394872]
[0.23948272]
[0.23942032]
[0.23928225]
[0.23927346]
[0.23913729]
[0.23905696]
[0.2388748]
[0.23878205]
[0.2386154]
[0.23851693]
[0.23847416]
[0.2384295]
[0.23842302]
[0.2381343]
[0.23802567]
[0.23776406]
[0.23761097]
[0.23749295]
[0.23746255]
[0.23728938]
[0.23708643]
[0.23703991]
[0.23700207]
[0.23692138]
[0.23690347]
[0.23687345]
[0.23684411]
[0.23684411]
[0.23683819]
[0.23673308]
[0.23665255]
[0.23657282]
[0.23645553]
[0.23600532]
[0.23594777]
[0.23584217]
[0.235826]
[0.23557618]
[0.2355181]
[0.23549363]
[0.23546925]
[0.23540066]
[0.23537673]
[0.23501626]
[0.23501009]
[0.23495616]
[0.23488754]
[0.23486954]
[0.23479296]
[0.23472123]
[0.23470663]
[0.23466155]
[0.23463981]
[0.23463981]
[0.23455022]
[0.23454732]
[0.23441614]
[0.23441614]
[0.23432076]
[0.23432076]
[0.23400524]
[0.23395285]
[0.23390774]
[0.23390557]
[0.23387231]
[0.23383485]
[0.23383422]
[0.23377985]
[0.23373292]
[0.2337227]
[0.2335631]
[0.23354723]
[0.23352797]
[0.23341957]
[0.23323986]
[0.23323986]
[0.23315759]
[0.23315507]
[0.23300458]
[0.23300084]
[0.23282468]
[0.23258676]
[0.23252708]
[0.23252708]
[0.23250486]
[0.2323173]
[0.23222703]
[0.23217955]
[0.23214424]
[0.23209336]
[0.23206994]
[0.23196526]
[0.23196341]
[0.23191434]
[0.23184201]
[0.2318118]
[0.23180583]
[0.23177668]
[0.23164038]
[0.23153296]
[0.23148309]
[0.23138057]
[0.23127548]
[0.231263]
[0.23123066]
[0.23121683]
[0.23120935]
[0.23119235]
[0.23101471]
[0.23082802]
[0.23076218]
[0.23068129]
[0.2306595]
[0.23056813]
[0.23022257]
[0.23019528]
[0.23016353]
[0.23014155]
[0.23012337]
[0.23007558]
[0.22997542]
[0.22986493]
[0.22983679]
[0.2297655]
[0.2296366]
[0.22951636]
[0.22948533]
[0.22943896]
[0.2294217]
[0.2293628]
[0.22936162]
[0.2293347]
[0.22928798]
[0.22909825]
[0.22892179]
[0.22883137]
[0.22877474]
[0.22877474]
[0.2287704]
[0.2286264]
[0.22861189]
[0.22848243]
[0.22810449]
[0.22783367]
[0.22778986]
[0.22771537]
[0.22767712]
[0.22761844]
[0.22755402]
[0.22743966]
[0.22740516]
[0.22733417]
[0.22731967]
[0.22731967]
[0.22727294]
[0.22723562]
[0.22717431]
[0.22708212]
[0.22705835]
[0.22704798]
[0.22704798]
[0.22704798]
[0.22704048]
[0.2270282]
[0.22700258]
[0.2269334]
[0.22691138]
[0.2268888]
[0.22686598]
[0.22676592]
[0.22672519]
[0.22662216]
[0.2265999]
[0.2265999]
[0.22654295]
[0.22642784]
[0.22634953]
[0.22634788]
[0.2261511]
[0.22600642]
[0.22600642]
[0.22571231]
[0.22571085]
[0.22569178]
[0.22569178]
[0.22527997]
[0.22502165]
[0.22486575]
[0.22486575]
[0.22485799]
[0.22483172]
[0.22483172]
[0.22481965]
[0.2247945]
[0.22476304]
[0.22472215]
[0.22470987]
[0.22470987]
[0.22443019]
[0.22442496]
[0.2244228]
[0.22438043]
[0.22430854]
[0.22403087]
[0.22399741]
[0.2238399]
[0.22377159]
[0.22375934]
[0.22375596]
[0.22351177]
[0.22349955]
[0.22344024]
[0.22339487]
[0.22328843]
[0.22326122]
[0.22322732]
[0.22320017]
[0.22319178]
[0.22307447]
[0.22307175]
[0.2230516]
[0.22298783]
[0.22293559]
[0.22286296]
[0.2228251]
[0.22282389]
[0.22265118]
[0.2226488]
[0.22254542]
[0.22246519]
[0.22241475]
[0.22241406]
[0.22237237]
[0.22237138]
[0.22234075]
[0.22231561]
[0.22231516]
[0.22220193]
[0.22206368]
[0.22198676]
[0.2219073]
[0.22186169]
[0.22164807]
[0.22146186]
[0.221404]
[0.22137722]
[0.22136311]
[0.22132932]
[0.22128975]
[0.22124633]
[0.22117046]
[0.2211581]
[0.22107454]
[0.22105469]
[0.22098318]
[0.2208997]
[0.22086678]
[0.22086559]
[0.22083934]
[0.22075884]
[0.2207117]
[0.2207117]
[0.22070478]
[0.22069044]
[0.22062314]
[0.22055775]
[0.22055215]
[0.22047152]
[0.2204508]
[0.22029833]
[0.22029571]
[0.22029482]
[0.22024785]
[0.22007442]
[0.22006947]
[0.22006708]
[0.22004157]
[0.22002248]
[0.2199703]
[0.21987036]
[0.21986939]
[0.2198348]
[0.21982269]
[0.21965945]
[0.21964389]
[0.21953937]
[0.21953243]
[0.21951106]
[0.21949677]
[0.219408]
[0.21936]
[0.21932554]
[0.21931984]
[0.21931984]
[0.2191753]
[0.21916728]
[0.21915513]
[0.21911639]
[0.21908814]
[0.21908814]
[0.21901946]
[0.21895865]
[0.21879496]
[0.21874595]
[0.21870731]
[0.21854858]
[0.2185443]
[0.21847117]
[0.21839878]
[0.21832696]
[0.21824318]
[0.21824273]
[0.21817797]
[0.21813554]
[0.21809097]
[0.2180479]
[0.21798652]
[0.2178521]
[0.21784525]
[0.21784148]
[0.21783645]
[0.21774077]
[0.21767826]
[0.21765414]
[0.21765414]
[0.21761376]
[0.21742979]
[0.21740182]
[0.21739969]
[0.21735668]
[0.21732451]
[0.21732058]
[0.21720916]
[0.21712309]
[0.21711765]
[0.21711208]
[0.2170786]
[0.2170645]
[0.21696271]
[0.21694404]
[0.21694404]
[0.21690297]
[0.21670832]
[0.2165618]
[0.21655105]
[0.21651454]
[0.21651146]
[0.21641064]
[0.21636043]
[0.21631116]
[0.21630761]
[0.21625982]
[0.2162518]
[0.2162518]
[0.21622993]
[0.21617891]
[0.2161709]
[0.21615368]
[0.21609212]
[0.21608126]
[0.21599473]
[0.21597488]
[0.21595803]
[0.21592595]
[0.21585411]
[0.21579447]
[0.21575215]
[0.21573019]
[0.21570836]
[0.21564293]
[0.21557522]
[0.21554136]
[0.21552108]
[0.21547772]
[0.21547763]
[0.21538265]
[0.21537182]
[0.21536128]
[0.21533126]
[0.21531582]
[0.21531582]
[0.21528919]
[0.21524546]
[0.21521118]
[0.21520804]
[0.2151671]
[0.21515739]
[0.21512257]
[0.21506211]
[0.21500064]
[0.2147896]
[0.21475106]
[0.21475106]
[0.21475106]
[0.21469194]
[0.2146108]
[0.21459419]
[0.21458706]
[0.21454017]
[0.21453108]
[0.21452504]
[0.21449913]
[0.21447907]
[0.21447036]
[0.21446575]
[0.21428189]
[0.21428189]
[0.2142747]
[0.21419775]
[0.21409993]
[0.21409726]
[0.21390806]
[0.213888]
[0.21381257]
[0.21380673]
[0.21361013]
[0.21353048]
[0.21352732]
[0.213523]
[0.2135015]
[0.21350008]
[0.21345042]
[0.21336298]
[0.21329887]
[0.21322447]
[0.2131928]
[0.21317427]
[0.21311454]
[0.21311164]
[0.21309415]
[0.21307285]
[0.2130373]
[0.21286596]
[0.2128234]
[0.21270968]
[0.21270968]
[0.2126164]
[0.2125667]
[0.21251374]
[0.21248145]
[0.21245036]
[0.2124087]
[0.21237515]
[0.21215829]
[0.21214154]
[0.21199037]
[0.21195409]
[0.21193641]
[0.21189702]
[0.21188337]
[0.21185257]
[0.21185093]
[0.21181013]
[0.21177545]
[0.21175262]
[0.2116071]
[0.21155964]
[0.21148452]
[0.21142314]
[0.21137458]
[0.21123202]
[0.21123175]
[0.21110155]
[0.21105048]
[0.21098833]
[0.21094015]
[0.21093261]
[0.21092455]
[0.21085167]
[0.21084821]
[0.21063115]
[0.2105938]
[0.21046667]
[0.2104123]
[0.21037404]
[0.21033582]
[0.21021162]
[0.21013333]
[0.20998108]
[0.20995055]
[0.20994602]
[0.20994219]
[0.20988731]
[0.20977154]
[0.20976546]
[0.20975958]
[0.20966111]
[0.20963004]
[0.2096113]
[0.20959653]
[0.20958681]
[0.20956515]
[0.2094779]
[0.20942532]
[0.2093842]
[0.20937802]
[0.20932518]
[0.20932123]
[0.20927559]
[0.2092555]
[0.2090796]
[0.20902371]
[0.20901372]
[0.20896813]
[0.20887332]
[0.20885776]
[0.2088084]
[0.20876603]
[0.20869645]
[0.20869105]
[0.2085349]
[0.2085251]
[0.2085072]
[0.20849405]
[0.20849405]
[0.20844658]
[0.2084312]
[0.20842302]
[0.20842302]
[0.2084004]
[0.20838255]
[0.20836484]
[0.20825946]
[0.20823883]
[0.20821103]
[0.20821103]
[0.20820554]
[0.20817913]
[0.20812863]
[0.20805453]
[0.20794538]
[0.20793284]
[0.20789656]
[0.20784993]
[0.2078326]
[0.207827]
[0.20774552]
[0.20761998]
[0.20754573]
[0.20754573]
[0.20747042]
[0.20740807]
[0.20740512]
[0.20733914]
[0.20730865]
[0.20728202]
[0.20723978]
[0.2071813]
[0.20713964]
[0.20711082]
[0.20707986]
[0.20705508]
[0.2070263]
[0.20699863]
[0.20695765]
[0.20688623]
[0.20681499]
[0.20681337]
[0.20672488]
[0.20650077]
[0.20632288]
[0.20630467]
[0.20630167]
[0.20628782]
[0.20613186]
[0.20599917]
[0.20595658]
[0.205955]
[0.2058481]
[0.20580022]
[0.20576598]
[0.2057061]
[0.20567277]
[0.20566474]
[0.20561725]
[0.20559947]
[0.20553666]
[0.20553662]
[0.20551094]
[0.2054421]
[0.20540865]
[0.20537417]
[0.20524845]
[0.20522565]
[0.20517993]
[0.20508888]
[0.20507778]
[0.20498596]
[0.2049805]
[0.20486718]
[0.20473781]
[0.20468746]
[0.2046149]
[0.20459612]
[0.20459612]
[0.20459612]
[0.20457329]
[0.2045069]
[0.20433605]
[0.20432968]
[0.20431256]
[0.20427276]
[0.20426136]
[0.20419118]
[0.2040787]
[0.20392968]
[0.20392968]
[0.2039114]
[0.20391051]
[0.20382646]
[0.20381023]
[0.20378992]
[0.20375456]
[0.2037088]
[0.2037088]
[0.20366858]
[0.20366858]
[0.20365986]
[0.20358175]
[0.20358013]
[0.20352997]
[0.2034611]
[0.20334888]
[0.2033106]
[0.20326214]
[0.20324214]
[0.20323154]
[0.20314474]
[0.20314422]
[0.20311317]
[0.20299126]
[0.2029007]
[0.2028064]
[0.20270321]
[0.20269251]
[0.2026122]
[0.20259406]
[0.20258462]
[0.20255019]
[0.20254937]
[0.20252573]
[0.20252503]
[0.20250775]
[0.20249593]
[0.20246302]
[0.20241606]
[0.20241205]
[0.20228659]
[0.20227149]
[0.20215052]
[0.20213366]
[0.20211004]
[0.20205414]
[0.20202008]
[0.20202008]
[0.20202008]
[0.20193438]
[0.20190826]
[0.20190826]
[0.201905]
[0.20187202]
[0.20186408]
[0.20183977]
[0.20182793]
[0.201812]
[0.20180635]
[0.20162643]
[0.20161279]
[0.20160349]
[0.20153734]
[0.20150024]
[0.20148987]
[0.20146799]
[0.20144267]
[0.20135966]
[0.20133814]
[0.20133117]
[0.20133117]
[0.20126206]
[0.20116277]
[0.20116277]
[0.20116277]
[0.20112607]
[0.20111151]
[0.20110537]
[0.201078]
[0.20104393]
[0.20104355]
[0.20079784]
[0.20077482]
[0.20073992]
[0.20073992]
[0.20067842]
[0.20064624]
[0.20064148]
[0.20063105]
[0.20050442]
[0.20049992]
[0.20049992]
[0.20048209]
[0.20043004]
[0.2003945]
[0.20036286]
[0.20028026]
[0.20023037]
[0.20021302]
[0.20001705]
[0.19987743]
[0.19984555]
[0.19980213]
[0.19979504]
[0.19973378]
[0.19971551]
[0.19968502]
[0.19965626]
[0.19963221]
[0.19963221]
[0.19950676]
[0.19949895]
[0.19948444]
[0.19947694]
[0.19947498]
[0.1994369]
[0.19940831]
[0.19940831]
[0.19936876]
[0.19933224]
[0.199326]
[0.19929245]
[0.19924504]
[0.19922623]
[0.19917703]
[0.19914044]
[0.19912559]
[0.19902325]
[0.19901568]
[0.19901402]
[0.19900258]
[0.19898452]
[0.19896157]
[0.19889371]
[0.19889094]
[0.19882919]
[0.19879068]
[0.19871898]
[0.19871113]
[0.19871113]
[0.19871072]
[0.19864236]
[0.19861957]
[0.19858766]
[0.19853109]
[0.19844934]
[0.19844718]
[0.1984117]
[0.19828671]
[0.19823338]
[0.19819629]
[0.19818784]
[0.1981103]
[0.19808592]
[0.19805986]
[0.19804865]
[0.19795385]
[0.1979333]
[0.19787338]
[0.19781557]
[0.19772084]
[0.19755049]
[0.19751565]
[0.19745833]
[0.1973362]
[0.19724645]
[0.19721992]
[0.1972143]
[0.19719964]
[0.19713628]
[0.1970876]
[0.19700767]
[0.19698723]
[0.19698723]
[0.1969655]
[0.1969618]
[0.19695435]
[0.19690107]
[0.19679561]
[0.19677211]
[0.19676082]
[0.19674635]
[0.1967249]
[0.19672269]
[0.1966681]
[0.19664054]
[0.19662994]
[0.19658154]
[0.19653249]
[0.19648771]
[0.19636227]
[0.19634056]
[0.19627057]
[0.19621359]
[0.19618745]
[0.19616173]
[0.19615872]
[0.1961488]
[0.19614607]
[0.19614145]
[0.19601375]
[0.19600713]
[0.19598393]
[0.19596824]
[0.19596602]
[0.19593811]
[0.19592385]
[0.19591446]
[0.19582774]
[0.19578615]
[0.19574179]
[0.19574107]
[0.19570132]
[0.19566391]
[0.19562799]
[0.19560184]
[0.19553095]
[0.19553031]
[0.19552124]
[0.1955124]
[0.19550891]
[0.19547659]
[0.19545558]
[0.19543017]
[0.19543017]
[0.19538479]
[0.19536646]
[0.19532688]
[0.19531907]
[0.19531506]
[0.19520186]
[0.19516733]
[0.19515453]
[0.19514635]
[0.19512591]
[0.19510403]
[0.19502604]
[0.19502345]
[0.19491272]
[0.19487275]
[0.19485605]
[0.19485605]
[0.19485253]
[0.1948404]
[0.19480158]
[0.19476046]
[0.19474725]
[0.19473332]
[0.19472313]
[0.19465952]
[0.19458239]
[0.19456752]
[0.1945528]
[0.19451958]
[0.1944299]
[0.19440247]
[0.1942443]
[0.19417833]
[0.1941403]
[0.19413638]
[0.1941318]
[0.19404739]
[0.1940333]
[0.19399951]
[0.1939912]
[0.19398516]
[0.19389448]
[0.19381635]
[0.19376071]
[0.19373915]
[0.19372171]
[0.19368848]
[0.19366239]
[0.19359565]
[0.19354928]
[0.1935166]
[0.1934939]
[0.19349141]
[0.19349082]
[0.19344613]
[0.19337654]
[0.19326936]
[0.19322133]
[0.19321887]
[0.1932124]
[0.1932078]
[0.1931564]
[0.1931422]
[0.19313371]
[0.19302592]
[0.19297054]
[0.19297038]
[0.19293357]
[0.19287235]
[0.1928617]
[0.1928476]
[0.19274405]
[0.19272883]
[0.1926818]
[0.19259377]
[0.19256312]
[0.19255623]
[0.1925283]
[0.19250494]
[0.19244033]
[0.19241834]
[0.19238105]
[0.1921778]
[0.19217692]
[0.19212165]
[0.19210534]
[0.19200727]
[0.19188583]
[0.19186164]
[0.19182673]
[0.19182579]
[0.19179441]
[0.19179364]
[0.19176593]
[0.19174232]
[0.1917355]
[0.19173287]
[0.19169296]
[0.19166315]
[0.19165857]
[0.19163233]
[0.19162141]
[0.19159961]
[0.19159625]
[0.19159356]
[0.19158256]
[0.19154564]
[0.19150949]
[0.19148749]
[0.19135498]
[0.19135498]
[0.19127014]
[0.19116652]
[0.19116572]
[0.19100924]
[0.19096164]
[0.19095081]
[0.19091995]
[0.1908807]
[0.19082516]
[0.19078486]
[0.19078314]
[0.19077577]
[0.19068952]
[0.19062741]
[0.19059357]
[0.19053972]
[0.19050701]
[0.19035362]
[0.1903488]
[0.19034307]
[0.19031551]
[0.19029017]
[0.19027723]
[0.19027242]
[0.19027033]
[0.19021685]
[0.19018844]
[0.19007455]
[0.19007]
[0.19000196]
[0.1899732]
[0.18996714]
[0.18996513]
[0.1899363]
[0.18990722]
[0.18989411]
[0.18983555]
[0.18983309]
[0.18975869]
[0.18973754]
[0.18973348]
[0.18971863]
[0.18971863]
[0.18969093]
[0.18968551]
[0.18968213]
[0.1896767]
[0.18960679]
[0.18958339]
[0.18956518]
[0.18955661]
[0.18953736]
[0.18953687]
[0.18952043]
[0.18948059]
[0.18948059]
[0.18941201]
[0.18933447]
[0.1892896]
[0.18925595]
[0.18915617]
[0.18915617]
[0.18914746]
[0.18913598]
[0.18913598]
[0.18909131]
[0.1890496]
[0.18901181]
[0.18895301]
[0.18895301]
[0.188932]
[0.18891695]
[0.18889418]
[0.18887947]
[0.18879226]
[0.18878645]
[0.18874389]
[0.18874027]
[0.18873286]
[0.18864627]
[0.18864107]
[0.18859647]
[0.18847272]
[0.18847272]
[0.18844453]
[0.18839137]
[0.18838464]
[0.18836641]
[0.1883512]
[0.18831097]
[0.1882968]
[0.18824267]
[0.18823177]
[0.18821432]
[0.1881733]
[0.18812558]
[0.18810286]
[0.18807413]
[0.18807308]
[0.1880582]
[0.18802463]
[0.18802026]
[0.18799932]
[0.18796995]
[0.18796995]
[0.18796104]
[0.1879362]
[0.18793598]
[0.18791068]
[0.18790297]
[0.18790297]
[0.18786626]
[0.18783854]
[0.18783325]
[0.18779102]
[0.18770964]
[0.18770255]
[0.18759894]
[0.18753208]
[0.18753208]
[0.18753208]
[0.1875248]
[0.18749835]
[0.18747404]
[0.18746549]
[0.18746549]
[0.18734166]
[0.18733129]
[0.18733129]
[0.18733129]
[0.18731637]
[0.18728788]
[0.18728702]
[0.18727224]
[0.18714984]
[0.18714754]
[0.18712333]
[0.18712166]
[0.18708263]
[0.18703036]
[0.18701354]
[0.18697856]
[0.18688634]
[0.18683729]
[0.18676943]
[0.18671604]
[0.18670076]
[0.18664365]
[0.18664365]
[0.1866095]
[0.186565]
[0.18650615]
[0.1864708]
[0.18645103]
[0.18645103]
[0.18633008]
[0.18631576]
[0.18626341]
[0.18624002]
[0.18622868]
[0.18619728]
[0.18617648]
[0.18617511]
[0.18613945]
[0.18611902]
[0.18602127]
[0.18601528]
[0.18598332]
[0.1859014]
[0.18585634]
[0.18585604]
[0.18584706]
[0.18584706]
[0.1858225]
[0.18579254]
[0.18578593]
[0.1857113]
[0.18569484]
[0.18569125]
[0.18565065]
[0.18562618]
[0.18561544]
[0.18555525]
[0.1855393]
[0.18546458]
[0.18544388]
[0.18540049]
[0.18538788]
[0.18538788]
[0.18536466]
[0.18536466]
[0.18529943]
[0.18529464]
[0.18527715]
[0.18525192]
[0.18522057]
[0.18519655]
[0.18518677]
[0.1851642]
[0.18513072]
[0.1850411]
[0.1850021]
[0.1849849]
[0.18496008]
[0.18489446]
[0.1848925]
[0.18487702]
[0.18473068]
[0.18469706]
[0.18469016]
[0.1846646]
[0.18462376]
[0.18457589]
[0.18447794]
[0.18443649]
[0.18443555]
[0.18440814]
[0.18440679]
[0.1843938]
[0.1843938]
[0.18438226]
[0.18437018]
[0.18426706]
[0.1842464]
[0.18415853]
[0.18411952]
[0.1841097]
[0.18404587]
[0.18403645]
[0.18400766]
[0.18399201]
[0.18395744]
[0.18395744]
[0.1838829]
[0.18387707]
[0.18381861]
[0.18376328]
[0.18373837]
[0.18359563]
[0.1835156]
[0.18349469]
[0.18348154]
[0.1834763]
[0.18346344]
[0.1834585]
[0.18341087]
[0.18340488]
[0.18335111]
[0.18334788]
[0.18331784]
[0.1831808]
[0.18317239]
[0.1831049]
[0.18309164]
[0.18306011]
[0.18301556]
[0.1830068]
[0.18299282]
[0.18296815]
[0.1829003]
[0.18289658]
[0.18289123]
[0.18278125]
[0.1827498]
[0.1827497]
[0.18271886]
[0.18267849]
[0.18265514]
[0.18265137]
[0.18262723]
[0.18248165]
[0.18243177]
[0.18241784]
[0.18240234]
[0.18239608]
[0.18239252]
[0.18237618]
[0.18237503]
[0.18237291]
[0.18235911]
[0.18234375]
[0.18234375]
[0.18234375]
[0.18226326]
[0.18223444]
[0.18221098]
[0.18221064]
[0.18219613]
[0.18212947]
[0.18208814]
[0.18206452]
[0.18206452]
[0.18203583]
[0.18200509]
[0.18198536]
[0.18197744]
[0.18197475]
[0.18197475]
[0.18194242]
[0.18190189]
[0.18187286]
[0.18182328]
[0.18172343]
[0.18154581]
[0.18154404]
[0.18152542]
[0.18149126]
[0.1814573]
[0.18144156]
[0.18142751]
[0.18132769]
[0.18132138]
[0.1813017]
[0.18127827]
[0.18127291]
[0.18125677]
[0.18119967]
[0.1811283]
[0.18112183]
[0.18109715]
[0.18098928]
[0.18093805]
[0.18092915]
[0.18090883]
[0.18088032]
[0.18087463]
[0.18086334]
[0.18084902]
[0.18081942]
[0.18080136]
[0.18074426]
[0.18073003]
[0.18069494]
[0.18069156]
[0.18066058]
[0.18063967]
[0.18061878]
[0.18058531]
[0.18058039]
[0.18055095]
[0.1805429]
[0.18050717]
[0.18050317]
[0.18050228]
[0.18048482]
[0.1804442]
[0.1804346]
[0.18042378]
[0.18041097]
[0.18033351]
[0.18032731]
[0.18032731]
[0.1803153]
[0.180307]
[0.18030567]
[0.18030493]
[0.18028954]
[0.18022053]
[0.18019903]
[0.18016414]
[0.18016414]
[0.18011537]
[0.18010709]
[0.18005563]
[0.1799952]
[0.17993443]
[0.179874]
[0.17986028]
[0.1798291]
[0.17978221]
[0.1797595]
[0.17973876]
[0.17969406]
[0.17969115]
[0.1796576]
[0.17965576]
[0.17965576]
[0.17961447]
[0.17960733]
[0.1795524]
[0.17951848]
[0.17948069]
[0.17946342]
[0.1794499]
[0.17941722]
[0.17935994]
[0.17929082]
[0.1792488]
[0.17922781]
[0.17921737]
[0.17921586]
[0.1791178]
[0.17910923]
[0.17910825]
[0.17903683]
[0.17901471]
[0.17900011]
[0.17898801]
[0.17895134]
[0.17892149]
[0.1788997]
[0.17883857]
[0.17883857]
[0.17882946]
[0.17874146]
[0.17863247]
[0.17862335]
[0.17861001]
[0.17859644]
[0.17856528]
[0.17855798]
[0.17851254]
[0.17850366]
[0.17848013]
[0.17848013]
[0.17848013]
[0.1784528]
[0.17844287]
[0.17838089]
[0.17836644]
[0.17834933]
[0.17833826]
[0.1783218]
[0.1782321]
[0.17822756]
[0.17815962]
[0.17815337]
[0.17811574]
[0.17809072]
[0.17808701]
[0.17806347]
[0.17802516]
[0.17801438]
[0.17796002]
[0.17795941]
[0.17791386]
[0.17791386]
[0.17788073]
[0.1778793]
[0.1778793]
[0.17780459]
[0.17780255]
[0.17777817]
[0.17776574]
[0.17768222]
[0.17764314]
[0.17763394]
[0.17762873]
[0.17762837]
[0.17758644]
[0.17753261]
[0.17752086]
[0.17749965]
[0.17749965]
[0.17749965]
[0.17746648]
[0.177444]
[0.17742917]
[0.1773921]
[0.17727709]
[0.17722744]
[0.17722397]
[0.17721826]
[0.17721575]
[0.17714715]
[0.17714024]
[0.17713822]
[0.17712067]
[0.17711484]
[0.1770614]
[0.17705508]
[0.17704688]
[0.17700839]
[0.17693664]
[0.17691828]
[0.17686595]
[0.17682236]
[0.17678961]
[0.1766786]
[0.17666154]
[0.17665304]
[0.17661165]
[0.17661117]
[0.17659768]
[0.17656128]
[0.1765174]
[0.17650479]
[0.17644359]
[0.1764065]
[0.17640348]
[0.17640287]
[0.17634626]
[0.17631967]
[0.17629334]
[0.17621249]
[0.17621228]
[0.17618768]
[0.17618242]
[0.17598341]
[0.17593317]
[0.17592487]
[0.17588809]
[0.17578858]
[0.17577332]
[0.17573999]
[0.17569499]
[0.1756628]
[0.17557259]
[0.17556258]
[0.17555754]
[0.17555754]
[0.17555492]
[0.17553787]
[0.17547977]
[0.1754667]
[0.1754316]
[0.1754263]
[0.17541733]
[0.17534724]
[0.17529488]
[0.17527862]
[0.17527227]
[0.17527083]
[0.17524032]
[0.17513366]
[0.17507188]
[0.17505065]
[0.1750357]
[0.17500317]
[0.17499162]
[0.17497621]
[0.17497271]
[0.1749258]
[0.17486417]
[0.17478095]
[0.17476141]
[0.17474091]
[0.17474091]
[0.17472126]
[0.17470716]
[0.17468949]
[0.17465891]
[0.17463619]
[0.17459925]
[0.17456634]
[0.17455108]
[0.17449851]
[0.17449467]
[0.17448516]
[0.17447865]
[0.17444928]
[0.17443953]
[0.17442405]
[0.17440903]
[0.17438954]
[0.17435612]
[0.17430614]
[0.17427495]
[0.17420731]
[0.17419264]
[0.17414686]
[0.17412853]
[0.17410608]
[0.17407396]
[0.17403331]
[0.17403033]
[0.17398345]
[0.17396526]
[0.17396347]
[0.17392626]
[0.17385256]
[0.17383072]
[0.17382613]
[0.1738237]
[0.17380203]
[0.17380169]
[0.17374164]
[0.17373829]
[0.17371899]
[0.17370938]
[0.17369938]
[0.17368673]
[0.17361642]
[0.17355739]
[0.17355]
[0.17354193]
[0.17352284]
[0.17352182]
[0.17347088]
[0.17345813]
[0.17343625]
[0.17341107]
[0.17338523]
[0.17336904]
[0.1733689]
[0.17335011]
[0.17334737]
[0.17332427]
[0.17332134]
[0.17322157]
[0.1732166]
[0.17321512]
[0.17319539]
[0.1731631]
[0.17315708]
[0.17310637]
[0.17304805]
[0.17303656]
[0.17302592]
[0.1729945]
[0.17293096]
[0.17291118]
[0.17288342]
[0.17288281]
[0.17288281]
[0.17285234]
[0.17281266]
[0.17279701]
[0.17276464]
[0.17276464]
[0.17274995]
[0.17273252]
[0.17269099]
[0.1726379]
[0.1726304]
[0.1726303]
[0.17260669]
[0.17258899]
[0.1725863]
[0.1725835]
[0.17257014]
[0.17255864]
[0.17255366]
[0.17252976]
[0.17252703]
[0.17252214]
[0.17250305]
[0.17246588]
[0.17244679]
[0.17240699]
[0.17239372]
[0.17238832]
[0.1723078]
[0.17229952]
[0.17227437]
[0.17227137]
[0.17227022]
[0.17226443]
[0.17225212]
[0.17224063]
[0.17221324]
[0.1722126]
[0.17217137]
[0.17214864]
[0.17213354]
[0.1720903]
[0.17206012]
[0.17205396]
[0.17198946]
[0.17196642]
[0.1719637]
[0.17192881]
[0.17187393]
[0.17184815]
[0.17181641]
[0.17181641]
[0.17180218]
[0.17179698]
[0.17175825]
[0.17175725]
[0.17175579]
[0.17171676]
[0.17168592]
[0.17166801]
[0.17166553]
[0.17166062]
[0.17166035]
[0.17165567]
[0.17159778]
[0.17155857]
[0.17151985]
[0.17150809]
[0.17149985]
[0.17141065]
[0.17139275]
[0.17138599]
[0.17135607]
[0.17135234]
[0.17130874]
[0.17130204]
[0.17125635]
[0.17122631]
[0.17121994]
[0.17121148]
[0.17119572]
[0.17118543]
[0.17117552]
[0.17117515]
[0.17113143]
[0.17110261]
[0.17109372]
[0.17106886]
[0.17106475]
[0.17102952]
[0.17102356]
[0.17102356]
[0.17101349]
[0.17097676]
[0.17091899]
[0.1709154]
[0.17089854]
[0.17083143]
[0.17080854]
[0.17080604]
[0.17080025]
[0.17072615]
[0.17065547]
[0.1706382]
[0.17062825]
[0.17055677]
[0.17055552]
[0.17053464]
[0.1705335]
[0.17050947]
[0.17049384]
[0.17046978]
[0.17046188]
[0.17045702]
[0.17044307]
[0.17043515]
[0.17043073]
[0.17041276]
[0.17036623]
[0.17036083]
[0.17036083]
[0.17033657]
[0.17029037]
[0.17026831]
[0.17026561]
[0.17024904]
[0.17022473]
[0.1701683]
[0.17012265]
[0.1700561]
[0.1700561]
[0.1700561]
[0.17002623]
[0.17002453]
[0.17001806]
[0.17000212]
[0.16997992]
[0.16997802]
[0.16996445]
[0.16992557]
[0.16991095]
[0.16990505]
[0.16990373]
[0.16988541]
[0.16988204]
[0.16987966]
[0.16985744]
[0.16983849]
[0.1698339]
[0.16979814]
[0.16977859]
[0.1697339]
[0.16969724]
[0.16969518]
[0.16969202]
[0.16964138]
[0.1695831]
[0.16956866]
[0.16954947]
[0.1695335]
[0.16945507]
[0.16944306]
[0.16944051]
[0.16934697]
[0.16931754]
[0.1693175]
[0.16922152]
[0.16919538]
[0.16919164]
[0.1691804]
[0.16910933]
[0.16905105]
[0.16903272]
[0.16901599]
[0.16897792]
[0.16894889]
[0.16893788]
[0.16891019]
[0.16890073]
[0.16886231]
[0.1687844]
[0.16877986]
[0.16877168]
[0.16876498]
[0.168755]
[0.168755]
[0.16871673]
[0.16867952]
[0.16866237]
[0.16862293]
[0.16856317]
[0.16853899]
[0.16852307]
[0.16852264]
[0.16846448]
[0.16844599]
[0.16844125]
[0.16841125]
[0.16839524]
[0.16835743]
[0.16833813]
[0.16833618]
[0.16830677]
[0.1683025]
[0.16828229]
[0.16826233]
[0.16824263]
[0.16822715]
[0.16821836]
[0.16821234]
[0.16820054]
[0.16817126]
[0.16815071]
[0.16813707]
[0.16811149]
[0.16810796]
[0.16810323]
[0.16808632]
[0.16807963]
[0.16804975]
[0.16803001]
[0.1679743]
[0.1679634]
[0.16792798]
[0.16792065]
[0.1679082]
[0.16789562]
[0.16776837]
[0.16771868]
[0.16769828]
[0.16769299]
[0.16764621]
[0.16757202]
[0.16756532]
[0.1675431]
[0.16754231]
[0.16753496]
[0.16750646]
[0.16745934]
[0.16745433]
[0.16741481]
[0.16740857]
[0.16739461]
[0.167378]
[0.1673682]
[0.16736677]
[0.16733305]
[0.16726665]
[0.16717784]
[0.16715148]
[0.16712347]
[0.16704437]
[0.16702102]
[0.1670095]
[0.16697246]
[0.16694443]
[0.16694394]
[0.16691132]
[0.16690011]
[0.16673285]
[0.16673034]
[0.16672847]
[0.16672733]
[0.16671807]
[0.1667119]
[0.16669422]
[0.166668]
[0.16664685]
[0.16655818]
[0.16655818]
[0.1665392]
[0.16644181]
[0.166387]
[0.16636263]
[0.16634835]
[0.16633815]
[0.1662867]
[0.16616486]
[0.16612355]
[0.16611102]
[0.16608797]
[0.166052]
[0.16602178]
[0.16599296]
[0.16596603]
[0.1659524]
[0.16594349]
[0.16592321]
[0.1659024]
[0.16586429]
[0.16581936]
[0.16579776]
[0.16579409]
[0.16577938]
[0.16566718]
[0.16565305]
[0.16554299]
[0.1655191]
[0.16549751]
[0.16548713]
[0.16548713]
[0.16547765]
[0.16546611]
[0.16540319]
[0.16535778]
[0.16530381]
[0.1652769]
[0.16526549]
[0.16523848]
[0.16523619]
[0.16522501]
[0.16520594]
[0.16518098]
[0.16511679]
[0.16509391]
[0.16506237]
[0.1650069]
[0.16499297]
[0.16494891]
[0.1648901]
[0.16485636]
[0.16480012]
[0.16469555]
[0.16468616]
[0.16463886]
[0.1646196]
[0.16461001]
[0.16456628]
[0.16453548]
[0.16452767]
[0.16450387]
[0.16449808]
[0.16449808]
[0.16446464]
[0.1644512]
[0.16442905]
[0.16442078]
[0.16436073]
[0.16430593]
[0.1642888]
[0.16428569]
[0.16427302]
[0.16427296]
[0.16422328]
[0.1642055]
[0.16418862]
[0.16411509]
[0.1639958]
[0.1639958]
[0.16397518]
[0.16394952]
[0.16394469]
[0.16392711]
[0.16384031]
[0.16382545]
[0.16373852]
[0.16373852]
[0.16372468]
[0.1636938]
[0.16360433]
[0.1635762]
[0.1634369]
[0.16342804]
[0.16340452]
[0.16338456]
[0.16337523]
[0.16335927]
[0.16333549]
[0.16333112]
[0.16332547]
[0.16331333]
[0.16331111]
[0.16331059]
[0.16329262]
[0.16323015]
[0.16320702]
[0.16320647]
[0.1631956]
[0.16318716]
[0.16317667]
[0.16314743]
[0.1631434]
[0.16308668]
[0.16308466]
[0.16307442]
[0.16306347]
[0.16305216]
[0.16304122]
[0.16303575]
[0.16295412]
[0.16292758]
[0.16284767]
[0.16283324]
[0.16283324]
[0.16283242]
[0.16279425]
[0.16278459]
[0.16274948]
[0.16274948]
[0.16273673]
[0.16272646]
[0.1626962]
[0.1626812]
[0.16267343]
[0.16266902]
[0.16259417]
[0.16259125]
[0.16258508]
[0.16256899]
[0.16255395]
[0.16254672]
[0.16251537]
[0.16251537]
[0.16250883]
[0.16246404]
[0.16236937]
[0.16236937]
[0.16232716]
[0.16229525]
[0.16228272]
[0.16227993]
[0.1622308]
[0.16222182]
[0.16222182]
[0.16219886]
[0.16218057]
[0.16217701]
[0.16210622]
[0.1621015]
[0.16206777]
[0.16206054]
[0.161976]
[0.16194895]
[0.16193448]
[0.16193423]
[0.16191219]
[0.16187641]
[0.16187401]
[0.16185845]
[0.16182803]
[0.16181457]
[0.16180325]
[0.1617428]
[0.16170913]
[0.16168301]
[0.16165102]
[0.16164653]
[0.16161636]
[0.16157149]
[0.16155389]
[0.16150703]
[0.16146025]
[0.16140224]
[0.1613506]
[0.16125183]
[0.16124924]
[0.16120115]
[0.1611549]
[0.16108522]
[0.1610831]
[0.16105522]
[0.1610475]
[0.1610244]
[0.16100325]
[0.16098486]
[0.16098358]
[0.16093229]
[0.16091144]
[0.16089709]
[0.16087529]
[0.1608475]
[0.16079295]
[0.16073287]
[0.16068785]
[0.16063936]
[0.16061547]
[0.16058908]
[0.16054076]
[0.16051292]
[0.1604862]
[0.16043961]
[0.16043626]
[0.16032349]
[0.16031905]
[0.16031659]
[0.16031659]
[0.16029927]
[0.16027966]
[0.16027798]
[0.16027059]
[0.16025428]
[0.16024663]
[0.16021092]
[0.16021085]
[0.16021085]
[0.16018015]
[0.16016746]
[0.16013023]
[0.16010256]
[0.16008666]
[0.16003726]
[0.16003153]
[0.15998538]
[0.15998355]
[0.15998355]
[0.15994364]
[0.1599417]
[0.1599043]
[0.15988803]
[0.1598548]
[0.15983023]
[0.15982565]
[0.1598019]
[0.15977697]
[0.15976605]
[0.15974243]
[0.15969475]
[0.15968788]
[0.1596508]
[0.15963826]
[0.15961392]
[0.1596103]
[0.15957405]
[0.1595642]
[0.15951376]
[0.15951239]
[0.159508]
[0.15946466]
[0.1594353]
[0.15942453]
[0.15940702]
[0.15939961]
[0.15939717]
[0.15936479]
[0.15927659]
[0.15924394]
[0.15924394]
[0.15918338]
[0.15915388]
[0.1591]
[0.15908425]
[0.15906656]
[0.15905222]
[0.1590491]
[0.15902574]
[0.15894185]
[0.15889949]
[0.15889949]
[0.1588964]
[0.15883358]
[0.15883099]
[0.1587688]
[0.15874887]
[0.15872408]
[0.15864235]
[0.158633]
[0.15860933]
[0.15851666]
[0.15851153]
[0.15848629]
[0.15847471]
[0.15844598]
[0.15844089]
[0.15842524]
[0.15842038]
[0.15839869]
[0.15838875]
[0.15833631]
[0.1583065]
[0.15825704]
[0.15822725]
[0.15819156]
[0.15818098]
[0.15806171]
[0.15798266]
[0.15791199]
[0.15783255]
[0.15780593]
[0.15769862]
[0.15769139]
[0.15769066]
[0.15758368]
[0.1575545]
[0.1575545]
[0.1575545]
[0.1575545]
[0.15749672]
[0.15749672]
[0.15749635]
[0.15747677]
[0.1574098]
[0.15735906]
[0.15735227]
[0.15734291]
[0.15733513]
[0.15732452]
[0.15730347]
[0.15728825]
[0.15728308]
[0.15726049]
[0.15723653]
[0.15722302]
[0.15720344]
[0.15719976]
[0.15715751]
[0.15715271]
[0.15711538]
[0.1571001]
[0.15707573]
[0.1570725]
[0.15706989]
[0.15706266]
[0.1570547]
[0.15699317]
[0.15696044]
[0.15691768]
[0.15685141]
[0.15684392]
[0.1568256]
[0.15681125]
[0.15676221]
[0.15675792]
[0.15671015]
[0.1566683]
[0.15657926]
[0.15657815]
[0.15657412]
[0.15655985]
[0.15655892]
[0.15654808]
[0.15643044]
[0.15640835]
[0.15638718]
[0.1563547]
[0.15627728]
[0.15619953]
[0.15619639]
[0.15619126]
[0.15618809]
[0.15617293]
[0.1561697]
[0.15615654]
[0.15608907]
[0.1560848]
[0.15607688]
[0.15606482]
[0.15606482]
[0.15605626]
[0.15601178]
[0.15599327]
[0.15585004]
[0.15576859]
[0.15571366]
[0.15568894]
[0.15567614]
[0.15566161]
[0.15564422]
[0.1556367]
[0.1556367]
[0.15559329]
[0.15557383]
[0.15557383]
[0.15556331]
[0.15556067]
[0.15554824]
[0.15549041]
[0.15548302]
[0.15544656]
[0.15539807]
[0.15537417]
[0.15536854]
[0.15535639]
[0.15531448]
[0.15530059]
[0.15528686]
[0.15528077]
[0.1552263]
[0.15522474]
[0.15512724]
[0.1550885]
[0.15504257]
[0.15500343]
[0.15498121]
[0.15497823]
[0.15490663]
[0.15489873]
[0.15488498]
[0.15482292]
[0.1548037]
[0.15478617]
[0.15471728]
[0.15471186]
[0.15468763]
[0.15464605]
[0.1546136]
[0.15458864]
[0.15458658]
[0.15458436]
[0.1545758]
[0.15449609]
[0.15444313]
[0.15443711]
[0.15440635]
[0.15440407]
[0.15437077]
[0.15437044]
[0.15436834]
[0.15435652]
[0.1543554]
[0.15430854]
[0.1542849]
[0.15428254]
[0.15427096]
[0.15425803]
[0.15425423]
[0.15424906]
[0.1542141]
[0.15409131]
[0.15407872]
[0.15405269]
[0.15403494]
[0.15401879]
[0.15400791]
[0.15400301]
[0.15397151]
[0.15396222]
[0.1539283]
[0.15391748]
[0.15387042]
[0.1538648]
[0.15383877]
[0.15382268]
[0.15381399]
[0.15379624]
[0.15376906]
[0.15376043]
[0.15375581]
[0.15374382]
[0.15373729]
[0.15372191]
[0.1536879]
[0.15365128]
[0.15364142]
[0.15364142]
[0.15360515]
[0.15359421]
[0.15355617]
[0.15355392]
[0.15354757]
[0.15350842]
[0.15350842]
[0.15350842]
[0.15350288]
[0.15347451]
[0.15340294]
[0.15339705]
[0.15339498]
[0.1533535]
[0.15333953]
[0.1533393]
[0.15330811]
[0.1531998]
[0.15306914]
[0.1530654]
[0.1530654]
[0.15306088]
[0.1530267]
[0.15300411]
[0.15297993]
[0.15295188]
[0.1529205]
[0.15289211]
[0.15288833]
[0.15288736]
[0.1528769]
[0.15286924]
[0.15286313]
[0.15284984]
[0.15283453]
[0.15283453]
[0.15278833]
[0.1527546]
[0.15275323]
[0.15270832]
[0.15269592]
[0.15266293]
[0.15262783]
[0.15262477]
[0.15258737]
[0.15256548]
[0.1525588]
[0.15254058]
[0.15253763]
[0.1525346]
[0.15250844]
[0.15249725]
[0.15248105]
[0.15247224]
[0.15245187]
[0.15241762]
[0.15239471]
[0.15235664]
[0.15235525]
[0.15235022]
[0.1523353]
[0.1523212]
[0.15214354]
[0.15213032]
[0.15208696]
[0.1520288]
[0.1520288]
[0.15200803]
[0.15191318]
[0.15189502]
[0.1518758]
[0.15184589]
[0.15184534]
[0.15181696]
[0.1517866]
[0.15175644]
[0.15172814]
[0.15165025]
[0.15159722]
[0.15159316]
[0.15157747]
[0.15156643]
[0.15155931]
[0.1515511]
[0.1515082]
[0.15150212]
[0.15147233]
[0.15145104]
[0.15139246]
[0.15139017]
[0.15138625]
[0.15134612]
[0.15134062]
[0.15133227]
[0.15131287]
[0.15131207]
[0.15130863]
[0.15130863]
[0.15130576]
[0.15128231]
[0.15127577]
[0.15126497]
[0.15125042]
[0.1511802]
[0.15113844]
[0.1511048]
[0.15109973]
[0.15109843]
[0.15108688]
[0.15105681]
[0.15103747]
[0.1510275]
[0.15100971]
[0.1509371]
[0.15092206]
[0.15090679]
[0.15090144]
[0.15089563]
[0.15082046]
[0.15080841]
[0.15080014]
[0.15078963]
[0.1507818]
[0.1507353]
[0.1506927]
[0.15068513]
[0.15065889]
[0.15059312]
[0.15058227]
[0.15051319]
[0.15051319]
[0.15051319]
[0.15049258]
[0.1504752]
[0.15045296]
[0.15041193]
[0.150311]
[0.15025909]
[0.15021805]
[0.15020135]
[0.1501967]
[0.15018138]
[0.15012065]
[0.15009664]
[0.15009335]
[0.15002121]
[0.14999734]
[0.14994475]
[0.14993551]
[0.149928]
[0.14990789]
[0.14986241]
[0.14982238]
[0.14974825]
[0.14972681]
[0.14968899]
[0.14963406]
[0.14962886]
[0.14961687]
[0.14957096]
[0.1495327]
[0.14949031]
[0.1494756]
[0.14947478]
[0.14945571]
[0.14945571]
[0.14935979]
[0.1493556]
[0.14933883]
[0.14930113]
[0.14926688]
[0.14926451]
[0.14924377]
[0.1491689]
[0.14916289]
[0.14915217]
[0.14913312]
[0.14909492]
[0.14907444]
[0.14905733]
[0.14903605]
[0.14901498]
[0.14897229]
[0.14896138]
[0.14892963]
[0.14892496]
[0.14890955]
[0.14887632]
[0.14884542]
[0.148774]
[0.14875926]
[0.14875926]
[0.14875926]
[0.14875153]
[0.14873958]
[0.1486992]
[0.14867224]
[0.14864409]
[0.14863703]
[0.14851807]
[0.14846656]
[0.14846104]
[0.14842486]
[0.14841668]
[0.14840396]
[0.1483716]
[0.14833829]
[0.1483331]
[0.14831284]
[0.14830272]
[0.14829473]
[0.14829463]
[0.1482595]
[0.14825]
[0.14824969]
[0.14824003]
[0.14822312]
[0.1481575]
[0.14813533]
[0.14810756]
[0.14805195]
[0.14798099]
[0.14795911]
[0.14794499]
[0.14782073]
[0.14777616]
[0.14776535]
[0.14774989]
[0.1477489]
[0.14774325]
[0.14763704]
[0.14759897]
[0.14756154]
[0.14756148]
[0.14755668]
[0.14755008]
[0.14754723]
[0.14754085]
[0.14751986]
[0.14750624]
[0.14746495]
[0.1474469]
[0.14744058]
[0.14731838]
[0.14730015]
[0.14729027]
[0.147218]
[0.14719729]
[0.14707492]
[0.14707074]
[0.14704418]
[0.14703743]
[0.14700328]
[0.14700328]
[0.14700305]
[0.14695121]
[0.14693445]
[0.14692727]
[0.14692277]
[0.14691876]
[0.1468729]
[0.14687158]
[0.14685927]
[0.14685276]
[0.14684252]
[0.14681704]
[0.14674301]
[0.1467395]
[0.14668141]
[0.14667025]
[0.14667001]
[0.14666763]
[0.14665876]
[0.14664245]
[0.14663075]
[0.14654288]
[0.14652196]
[0.14648415]
[0.14647399]
[0.14646317]
[0.1464416]
[0.14642723]
[0.14642723]
[0.14639196]
[0.14638998]
[0.14635852]
[0.14631343]
[0.14629973]
[0.14629771]
[0.1462893]
[0.14626227]
[0.14624786]
[0.14619105]
[0.14616251]
[0.14610925]
[0.14610042]
[0.14609754]
[0.14606513]
[0.1460603]
[0.14602783]
[0.14600405]
[0.14600188]
[0.14596434]
[0.14596255]
[0.14591382]
[0.14591192]
[0.145807]
[0.14580475]
[0.14580344]
[0.14579427]
[0.14578263]
[0.14578088]
[0.14574629]
[0.14571224]
[0.14569718]
[0.14568469]
[0.1456665]
[0.14562899]
[0.1455681]
[0.1455651]
[0.14555474]
[0.14554879]
[0.1454968]
[0.14549193]
[0.14548442]
[0.14545743]
[0.14541358]
[0.14538732]
[0.14532228]
[0.14531986]
[0.14523607]
[0.14522158]
[0.14512178]
[0.14508574]
[0.14504226]
[0.14501446]
[0.14496686]
[0.14494355]
[0.1449312]
[0.14492399]
[0.144918]
[0.14490591]
[0.14485228]
[0.14480926]
[0.14479235]
[0.14476156]
[0.14468394]
[0.14468394]
[0.14465934]
[0.14436089]
[0.14433223]
[0.14428733]
[0.14427255]
[0.14426887]
[0.144232]
[0.1441552]
[0.14412738]
[0.14407162]
[0.14407027]
[0.14405918]
[0.14399138]
[0.14397578]
[0.14396518]
[0.14396341]
[0.14394508]
[0.14390266]
[0.14383985]
[0.14380543]
[0.14378871]
[0.1437654]
[0.1437635]
[0.14372532]
[0.14371467]
[0.1436866]
[0.1436727]
[0.14366557]
[0.14360808]
[0.1436059]
[0.14354862]
[0.1435411]
[0.14351034]
[0.14350718]
[0.14347659]
[0.14345637]
[0.14344752]
[0.14343728]
[0.1434119]
[0.14339767]
[0.14337929]
[0.14337401]
[0.14335872]
[0.14331838]
[0.14331435]
[0.1432928]
[0.14327471]
[0.14325856]
[0.14324974]
[0.14322108]
[0.14319587]
[0.14315732]
[0.14312088]
[0.143097]
[0.14304759]
[0.14304759]
[0.14302565]
[0.14301331]
[0.14300784]
[0.14298388]
[0.14294265]
[0.14291233]
[0.14286824]
[0.14285621]
[0.14284298]
[0.1428356]
[0.14280942]
[0.14280851]
[0.14280821]
[0.14279625]
[0.14272574]
[0.14272153]
[0.14271498]
[0.14271191]
[0.14269665]
[0.1426905]
[0.1426865]
[0.14268346]
[0.14267127]
[0.14261325]
[0.14259176]
[0.14252159]
[0.14237833]
[0.14235678]
[0.14232366]
[0.14230086]
[0.14227378]
[0.14224063]
[0.14223462]
[0.14221671]
[0.14220004]
[0.14217141]
[0.14216001]
[0.14215507]
[0.14213872]
[0.14210007]
[0.14209373]
[0.1420678]
[0.142062]
[0.14205699]
[0.1420034]
[0.14198385]
[0.14195527]
[0.14194919]
[0.14186956]
[0.14182739]
[0.14180607]
[0.14177427]
[0.14167033]
[0.14165764]
[0.14163873]
[0.14163762]
[0.14163455]
[0.14162117]
[0.14162044]
[0.14159757]
[0.14155747]
[0.14155255]
[0.14153393]
[0.1415274]
[0.1415102]
[0.14150959]
[0.1414954]
[0.14148007]
[0.14147918]
[0.14145309]
[0.14145133]
[0.14144047]
[0.14140439]
[0.1413681]
[0.14128749]
[0.1412717]
[0.14123213]
[0.1411988]
[0.141198]
[0.14119643]
[0.14116596]
[0.1411635]
[0.14116287]
[0.14110576]
[0.14108762]
[0.1410853]
[0.14106224]
[0.1410329]
[0.14100853]
[0.14100829]
[0.14099316]
[0.1409916]
[0.14098734]
[0.14098202]
[0.14097174]
[0.14096226]
[0.14093557]
[0.14091118]
[0.14089416]
[0.14087057]
[0.14085987]
[0.14084019]
[0.14083488]
[0.14082946]
[0.14076917]
[0.14075725]
[0.1407472]
[0.14074576]
[0.14064944]
[0.140645]
[0.14059013]
[0.14055605]
[0.14055085]
[0.14054833]
[0.1405433]
[0.14051843]
[0.14050265]
[0.14047247]
[0.1404598]
[0.14044288]
[0.14040159]
[0.14039609]
[0.14038521]
[0.14034514]
[0.14034514]
[0.14028437]
[0.1402804]
[0.14027102]
[0.14026786]
[0.14025752]
[0.1402563]
[0.14020759]
[0.14013673]
[0.14007913]
[0.14007148]
[0.14005357]
[0.13996907]
[0.139967]
[0.13994329]
[0.13992871]
[0.1399178]
[0.1399165]
[0.13991542]
[0.13990535]
[0.13989814]
[0.13986227]
[0.13985765]
[0.13985737]
[0.13984168]
[0.13983177]
[0.13983072]
[0.13982226]
[0.13980107]
[0.13979669]
[0.13976768]
[0.13975629]
[0.13975245]
[0.13973813]
[0.13969651]
[0.13968213]
[0.13967669]
[0.1396643]
[0.13964827]
[0.1396312]
[0.13960864]
[0.1396057]
[0.13958535]
[0.13951586]
[0.13951212]
[0.13944976]
[0.1394388]
[0.13942496]
[0.13939823]
[0.13939707]
[0.13938121]
[0.13936509]
[0.13935666]
[0.13935585]
[0.1393353]
[0.1393213]
[0.13932118]
[0.13930237]
[0.13926646]
[0.13922738]
[0.13921863]
[0.13921551]
[0.13921332]
[0.1391995]
[0.13919811]
[0.13918455]
[0.13917552]
[0.13917544]
[0.13917544]
[0.13914688]
[0.13914688]
[0.13911478]
[0.13908355]
[0.13907598]
[0.13907495]
[0.13897921]
[0.13897625]
[0.13894595]
[0.13886541]
[0.1388291]
[0.1388111]
[0.13879837]
[0.13877226]
[0.13876592]
[0.13872]
[0.13868138]
[0.13865061]
[0.13861226]
[0.13859528]
[0.13859205]
[0.13855761]
[0.13843796]
[0.13839997]
[0.13836205]
[0.13836135]
[0.13833681]
[0.13831578]
[0.13831164]
[0.1382986]
[0.13828473]
[0.1382159]
[0.13819546]
[0.13818489]
[0.13817309]
[0.13815318]
[0.13813913]
[0.13806637]
[0.13805649]
[0.1380423]
[0.13800167]
[0.13799787]
[0.13797294]
[0.13796502]
[0.13795249]
[0.13792604]
[0.13792376]
[0.1379213]
[0.13791731]
[0.13790075]
[0.13785683]
[0.13784263]
[0.13781096]
[0.13777183]
[0.1377711]
[0.1377577]
[0.13773033]
[0.13766398]
[0.13766147]
[0.13762659]
[0.13757639]
[0.13757025]
[0.1375295]
[0.13751887]
[0.13750044]
[0.1374983]
[0.13748695]
[0.13744411]
[0.13741417]
[0.13741277]
[0.13741277]
[0.13740773]
[0.1373861]
[0.13734756]
[0.13733445]
[0.13729881]
[0.13726047]
[0.13722783]
[0.13716851]
[0.13713792]
[0.13709961]
[0.13706554]
[0.13700072]
[0.13696225]
[0.13695414]
[0.13692749]
[0.1369121]
[0.13688897]
[0.1368672]
[0.13686268]
[0.13686128]
[0.1367807]
[0.13673554]
[0.13673124]
[0.13669154]
[0.13667528]
[0.13665392]
[0.13665323]
[0.13662645]
[0.13660848]
[0.13657813]
[0.13650005]
[0.13645594]
[0.13644035]
[0.13642913]
[0.13641776]
[0.13639767]
[0.13637644]
[0.1363726]
[0.13633381]
[0.13630609]
[0.13627966]
[0.1362415]
[0.13623457]
[0.13622098]
[0.136195]
[0.13615191]
[0.13615082]
[0.13606578]
[0.1360337]
[0.13593954]
[0.13592267]
[0.13592137]
[0.13592137]
[0.13591176]
[0.13590547]
[0.13588724]
[0.13581416]
[0.13579617]
[0.13579561]
[0.13579538]
[0.13576841]
[0.13575694]
[0.13571323]
[0.13568267]
[0.13567276]
[0.13563459]
[0.13555896]
[0.13553731]
[0.13551195]
[0.13546975]
[0.13540761]
[0.13539413]
[0.13538763]
[0.13536371]
[0.1353623]
[0.13536184]
[0.1353459]
[0.13532902]
[0.13532287]
[0.13530676]
[0.13525358]
[0.13521098]
[0.13516071]
[0.13514888]
[0.13514799]
[0.1351377]
[0.13512948]
[0.13512208]
[0.13506947]
[0.13506125]
[0.13506006]
[0.13505675]
[0.13503008]
[0.13502394]
[0.13502015]
[0.13494314]
[0.13491824]
[0.13487637]
[0.13486797]
[0.13475183]
[0.13473405]
[0.13471809]
[0.13471052]
[0.13469842]
[0.13469298]
[0.13468392]
[0.13464116]
[0.1346191]
[0.13460915]
[0.13458543]
[0.13458408]
[0.13452584]
[0.13445379]
[0.1344285]
[0.13439716]
[0.13432594]
[0.13431032]
[0.13428335]
[0.13427289]
[0.134264]
[0.13423352]
[0.1342071]
[0.13412899]
[0.13412534]
[0.13406432]
[0.13404262]
[0.13400283]
[0.13395412]
[0.13383658]
[0.13379787]
[0.13375206]
[0.13373855]
[0.13364363]
[0.13363098]
[0.13360366]
[0.13353136]
[0.13348971]
[0.13348106]
[0.13347924]
[0.13347088]
[0.13344483]
[0.13341081]
[0.13338467]
[0.13338412]
[0.13337302]
[0.13334301]
[0.1333375]
[0.13329338]
[0.13322577]
[0.13321705]
[0.1331485]
[0.13313672]
[0.13313164]
[0.13312803]
[0.13311844]
[0.13308924]
[0.13301334]
[0.13300726]
[0.13300209]
[0.13298142]
[0.13295151]
[0.13291271]
[0.13291037]
[0.13287535]
[0.13279332]
[0.13278586]
[0.1327672]
[0.13274741]
[0.13268638]
[0.13264722]
[0.1326327]
[0.13261704]
[0.1325691]
[0.1325054]
[0.13249324]
[0.13247986]
[0.13242298]
[0.13242121]
[0.1323863]
[0.13236898]
[0.13233459]
[0.13224058]
[0.132208]
[0.13219465]
[0.13215327]
[0.1321412]
[0.13206954]
[0.1320543]
[0.13205272]
[0.13201798]
[0.13196458]
[0.13195723]
[0.13195497]
[0.13194907]
[0.13194601]
[0.13194299]
[0.13188802]
[0.13188541]
[0.13186072]
[0.13179938]
[0.13171908]
[0.13169667]
[0.13165568]
[0.13164009]
[0.13161689]
[0.13161387]
[0.13156271]
[0.1315433]
[0.1315268]
[0.13147616]
[0.1313991]
[0.1313974]
[0.1313968]
[0.13139072]
[0.1313867]
[0.13137817]
[0.131375]
[0.13137236]
[0.13137111]
[0.13128309]
[0.13127726]
[0.13126177]
[0.13124736]
[0.13124247]
[0.13123873]
[0.13122432]
[0.13120754]
[0.13111126]
[0.13110553]
[0.13102217]
[0.13099729]
[0.13098744]
[0.13096675]
[0.1309395]
[0.1309304]
[0.13087137]
[0.13085906]
[0.13084209]
[0.130825]
[0.13081394]
[0.13080405]
[0.13079984]
[0.13076656]
[0.13073237]
[0.13071963]
[0.13069555]
[0.13068777]
[0.13067786]
[0.13066773]
[0.1306516]
[0.13052887]
[0.1305161]
[0.13051036]
[0.13048609]
[0.13046935]
[0.13043468]
[0.1304241]
[0.13040493]
[0.13036232]
[0.13035657]
[0.13034873]
[0.13032769]
[0.1303261]
[0.13032284]
[0.13028808]
[0.13025758]
[0.13020347]
[0.13020307]
[0.13019997]
[0.13012557]
[0.13012163]
[0.13005391]
[0.13005346]
[0.13002267]
[0.13000771]
[0.13000062]
[0.12999126]
[0.12995435]
[0.1298669]
[0.12981263]
[0.12978923]
[0.12975532]
[0.12974878]
[0.12971139]
[0.1296465]
[0.12956688]
[0.12954935]
[0.12954593]
[0.1295272]
[0.12952004]
[0.12951387]
[0.12947823]
[0.1294397]
[0.12941025]
[0.12936464]
[0.12935843]
[0.12935708]
[0.12935315]
[0.12932551]
[0.12932475]
[0.12931313]
[0.12930915]
[0.12930419]
[0.12926978]
[0.12925915]
[0.12920073]
[0.12918146]
[0.12917261]
[0.1291496]
[0.12914781]
[0.12905572]
[0.12902708]
[0.12901744]
[0.12901516]
[0.12900247]
[0.12897873]
[0.12897347]
[0.12893204]
[0.12882216]
[0.12881187]
[0.1288001]
[0.12877458]
[0.12876931]
[0.12875827]
[0.12872839]
[0.12872341]
[0.12865803]
[0.12865396]
[0.12865123]
[0.1286387]
[0.12862739]
[0.1285823]
[0.12857375]
[0.1285487]
[0.12850143]
[0.12848659]
[0.12848477]
[0.12846865]
[0.1284442]
[0.12843731]
[0.12843542]
[0.12843266]
[0.1284308]
[0.12839739]
[0.12836537]
[0.12829642]
[0.12827694]
[0.12826532]
[0.12824255]
[0.12824143]
[0.12821051]
[0.12820128]
[0.12817779]
[0.12816583]
[0.12814753]
[0.12813954]
[0.12805164]
[0.12802039]
[0.12796193]
[0.12793435]
[0.12791033]
[0.127838]
[0.12783268]
[0.12776782]
[0.12775737]
[0.12763867]
[0.12763342]
[0.12760906]
[0.12760894]
[0.12758406]
[0.12748381]
[0.1274784]
[0.1274499]
[0.127387]
[0.12736005]
[0.12733683]
[0.12733082]
[0.12729517]
[0.12728328]
[0.12725359]
[0.127253]
[0.12716433]
[0.12716213]
[0.12709096]
[0.12706082]
[0.1270499]
[0.12704767]
[0.12703952]
[0.12703466]
[0.12700076]
[0.1269913]
[0.12698549]
[0.12694867]
[0.12693211]
[0.1269101]
[0.12673403]
[0.12666154]
[0.12664461]
[0.12662444]
[0.12658542]
[0.12655824]
[0.12653811]
[0.1265019]
[0.12649661]
[0.12648663]
[0.12640515]
[0.1263764]
[0.126359]
[0.12635632]
[0.12634365]
[0.12634097]
[0.12634076]
[0.12632634]
[0.12627335]
[0.12618347]
[0.12617485]
[0.1261062]
[0.1261052]
[0.12609394]
[0.126048]
[0.12602599]
[0.12600471]
[0.12596583]
[0.12595646]
[0.12592588]
[0.12587957]
[0.12583578]
[0.12583484]
[0.12583219]
[0.1258285]
[0.12579188]
[0.12578516]
[0.12574904]
[0.12574327]
[0.1257214]
[0.12570575]
[0.12566504]
[0.12563847]
[0.12563512]
[0.12552729]
[0.1254777]
[0.12545316]
[0.125445]
[0.12544262]
[0.12539782]
[0.1253888]
[0.12529796]
[0.12525554]
[0.12519683]
[0.12510112]
[0.1250778]
[0.1250677]
[0.1250189]
[0.12498239]
[0.12495281]
[0.12493046]
[0.12489524]
[0.12488432]
[0.12488389]
[0.12488299]
[0.12477538]
[0.12476098]
[0.12475994]
[0.12472428]
[0.12472355]
[0.12472218]
[0.12469898]
[0.1246345]
[0.12463208]
[0.12460752]
[0.1245722]
[0.12456169]
[0.12455426]
[0.12454021]
[0.12453512]
[0.12446975]
[0.12446605]
[0.12445808]
[0.1244354]
[0.12442974]
[0.12442259]
[0.1244133]
[0.12440813]
[0.12436793]
[0.12433293]
[0.12432733]
[0.12430803]
[0.12424137]
[0.12423664]
[0.12422738]
[0.12416104]
[0.12414152]
[0.12408862]
[0.12408132]
[0.12401664]
[0.12397216]
[0.12392796]
[0.12392397]
[0.12390134]
[0.12388178]
[0.12387648]
[0.12387307]
[0.12381312]
[0.1237687]
[0.12376869]
[0.12372961]
[0.1237203]
[0.12370891]
[0.1236471]
[0.12362828]
[0.12358308]
[0.12356199]
[0.12355444]
[0.12354176]
[0.12353765]
[0.12348857]
[0.12348165]
[0.12347334]
[0.12346895]
[0.12344937]
[0.12338746]
[0.1233613]
[0.12332326]
[0.12327798]
[0.12323902]
[0.12320498]
[0.12302283]
[0.12298673]
[0.12293171]
[0.12293067]
[0.1229201]
[0.12290648]
[0.12287587]
[0.12285595]
[0.12283444]
[0.12281511]
[0.1228116]
[0.12280057]
[0.12279405]
[0.12275112]
[0.1227275]
[0.12262157]
[0.12260813]
[0.12258825]
[0.12257521]
[0.12255584]
[0.12251592]
[0.12251493]
[0.12243491]
[0.12243178]
[0.12241007]
[0.12239173]
[0.12238271]
[0.12229437]
[0.12228979]
[0.12226026]
[0.1222424]
[0.12223017]
[0.12222225]
[0.12222046]
[0.12219247]
[0.12217916]
[0.12211447]
[0.12208506]
[0.12206252]
[0.12205032]
[0.12204222]
[0.12204003]
[0.12202344]
[0.12201668]
[0.12197504]
[0.12190845]
[0.1219068]
[0.12190486]
[0.12186705]
[0.12186348]
[0.12184986]
[0.12184665]
[0.12180088]
[0.12176778]
[0.12175633]
[0.12169953]
[0.12169701]
[0.12168896]
[0.12167286]
[0.12164943]
[0.1216189]
[0.12161528]
[0.12160656]
[0.12158119]
[0.12154435]
[0.12137884]
[0.12136642]
[0.1213383]
[0.12133513]
[0.12132798]
[0.12131868]
[0.12130944]
[0.12130363]
[0.12128624]
[0.1212707]
[0.12124269]
[0.12120639]
[0.12115178]
[0.12114713]
[0.12112703]
[0.12109445]
[0.12105112]
[0.12104017]
[0.12103634]
[0.12102633]
[0.12093437]
[0.12091496]
[0.12090927]
[0.12087025]
[0.12086339]
[0.12086052]
[0.12081338]
[0.12078495]
[0.12076712]
[0.12070327]
[0.12067706]
[0.12065108]
[0.12062675]
[0.12059243]
[0.12055884]
[0.12055768]
[0.1205558]
[0.12054514]
[0.12048144]
[0.12047795]
[0.12047438]
[0.12045458]
[0.12042993]
[0.12040544]
[0.12039215]
[0.12037554]
[0.12037175]
[0.1202712]
[0.12025739]
[0.1202357]
[0.12022544]
[0.12020957]
[0.12009855]
[0.12008547]
[0.12008341]
[0.12006053]
[0.12004121]
[0.11999007]
[0.11996526]
[0.11992994]
[0.11991472]
[0.11988489]
[0.11987759]
[0.11976811]
[0.11975403]
[0.11973207]
[0.11970481]
[0.11960402]
[0.11959238]
[0.11958881]
[0.11958668]
[0.11957678]
[0.11954951]
[0.119549]
[0.11952521]
[0.11950602]
[0.11944652]
[0.11937436]
[0.11937355]
[0.11936273]
[0.11936207]
[0.11915051]
[0.1191259]
[0.11910444]
[0.11905706]
[0.1190393]
[0.11900666]
[0.11898871]
[0.11898205]
[0.11889846]
[0.11883506]
[0.11879961]
[0.118741]
[0.118738]
[0.11868325]
[0.11863985]
[0.11863886]
[0.11863325]
[0.11863182]
[0.11860759]
[0.1185383]
[0.11852919]
[0.11850933]
[0.11845455]
[0.11843881]
[0.1184164]
[0.11841384]
[0.11836641]
[0.11830612]
[0.11823158]
[0.11823101]
[0.11819204]
[0.11817656]
[0.11817561]
[0.1181576]
[0.11815313]
[0.11814533]
[0.11810897]
[0.11810403]
[0.11800942]
[0.1179923]
[0.1179923]
[0.11798431]
[0.11794432]
[0.11793674]
[0.11791277]
[0.1178802]
[0.11786343]
[0.11785169]
[0.11779837]
[0.11776431]
[0.11775225]
[0.11770112]
[0.11769087]
[0.11767415]
[0.11764666]
[0.11764443]
[0.11763909]
[0.11757021]
[0.11756179]
[0.1175614]
[0.11753894]
[0.11752395]
[0.11745089]
[0.11739099]
[0.11731109]
[0.11729913]
[0.1172876]
[0.11724862]
[0.11723258]
[0.11722914]
[0.11713991]
[0.11712369]
[0.11712338]
[0.11705397]
[0.11700711]
[0.11700293]
[0.11699071]
[0.11698321]
[0.1169701]
[0.11695426]
[0.11695417]
[0.11694285]
[0.11690473]
[0.11688768]
[0.11682291]
[0.11678939]
[0.11674175]
[0.11674026]
[0.11672158]
[0.11669116]
[0.1166049]
[0.11656627]
[0.11656445]
[0.11655652]
[0.11652844]
[0.11652442]
[0.11650962]
[0.1165093]
[0.11649579]
[0.11639422]
[0.11638864]
[0.11636387]
[0.11634463]
[0.11629774]
[0.11624351]
[0.11621867]
[0.1162127]
[0.11618197]
[0.11617232]
[0.11613618]
[0.1161171]
[0.11609827]
[0.11605158]
[0.11603265]
[0.11600795]
[0.11600178]
[0.11593972]
[0.11592762]
[0.11591253]
[0.1158732]
[0.11585981]
[0.11577886]
[0.1157093]
[0.11570397]
[0.11569365]
[0.11561488]
[0.11561237]
[0.1155882]
[0.11555054]
[0.1155274]
[0.11545375]
[0.11540835]
[0.11532399]
[0.11532399]
[0.11529762]
[0.11505464]
[0.11505356]
[0.11500936]
[0.11496742]
[0.11486156]
[0.11485346]
[0.11481281]
[0.11479507]
[0.1147656]
[0.1147247]
[0.11471619]
[0.11463124]
[0.11457826]
[0.11454837]
[0.11451497]
[0.11436869]
[0.11435389]
[0.1142893]
[0.11428853]
[0.11425377]
[0.11421144]
[0.11418426]
[0.11415445]
[0.11414225]
[0.11410929]
[0.11410526]
[0.11409955]
[0.11405954]
[0.11397389]
[0.11394236]
[0.1139412]
[0.11394072]
[0.11392914]
[0.11391474]
[0.11389217]
[0.11387233]
[0.11383717]
[0.11381562]
[0.11373229]
[0.11370683]
[0.11370452]
[0.11368059]
[0.11355297]
[0.11351993]
[0.11350454]
[0.11349988]
[0.11345531]
[0.11344778]
[0.11342441]
[0.11341985]
[0.11339926]
[0.11339528]
[0.11337141]
[0.1133687]
[0.11330073]
[0.11327554]
[0.1132]
[0.11314929]
[0.11313977]
[0.11312895]
[0.113044]
[0.11304368]
[0.11299963]
[0.11297189]
[0.11296991]
[0.11295039]
[0.11284538]
[0.11280067]
[0.11279612]
[0.1127862]
[0.11277951]
[0.11273739]
[0.11269347]
[0.11257833]
[0.11250407]
[0.11250353]
[0.11243694]
[0.11242304]
[0.11241764]
[0.11241241]
[0.11239036]
[0.11232685]
[0.11232124]
[0.11222024]
[0.11221886]
[0.11214878]
[0.11213657]
[0.1121007]
[0.11207649]
[0.11207217]
[0.11200292]
[0.11198265]
[0.1119261]
[0.11190194]
[0.11186099]
[0.11183783]
[0.11177164]
[0.11172809]
[0.1117172]
[0.11167973]
[0.11166038]
[0.11163078]
[0.11160946]
[0.1116023]
[0.11152546]
[0.11152074]
[0.11149417]
[0.11144707]
[0.1114065]
[0.11138707]
[0.11134472]
[0.11130199]
[0.1112996]
[0.11128759]
[0.11122023]
[0.11119303]
[0.11115848]
[0.11113542]
[0.11110532]
[0.11104188]
[0.11100962]
[0.11099648]
[0.11098661]
[0.11091817]
[0.11090524]
[0.11087397]
[0.11085436]
[0.11082763]
[0.11080308]
[0.1107937]
[0.11078554]
[0.11075252]
[0.110743]
[0.11070997]
[0.11069411]
[0.11066975]
[0.110615]
[0.11059867]
[0.11056957]
[0.11053916]
[0.11053865]
[0.11053204]
[0.11050054]
[0.11046596]
[0.11041072]
[0.11037003]
[0.11032733]
[0.11028957]
[0.11026637]
[0.11022088]
[0.11020876]
[0.11019776]
[0.11014788]
[0.11002457]
[0.11002096]
[0.11001574]
[0.10999346]
[0.1099769]
[0.10997122]
[0.1099634]
[0.10995526]
[0.10987898]
[0.10985891]
[0.10984072]
[0.10983657]
[0.10983396]
[0.10981753]
[0.10981254]
[0.10975751]
[0.1097552]
[0.10974309]
[0.10973964]
[0.10970274]
[0.10965423]
[0.10964697]
[0.10960726]
[0.10955211]
[0.10951674]
[0.10949405]
[0.1094844]
[0.1094418]
[0.10937898]
[0.10934459]
[0.1092397]
[0.10922876]
[0.10922562]
[0.10921934]
[0.10908927]
[0.10908226]
[0.10901667]
[0.10899403]
[0.10898416]
[0.10891836]
[0.10889339]
[0.10879593]
[0.1087001]
[0.10862796]
[0.10862292]
[0.10853779]
[0.10853149]
[0.10852323]
[0.10843193]
[0.1083652]
[0.10835492]
[0.10834106]
[0.10824712]
[0.10824308]
[0.10820312]
[0.10819279]
[0.10813413]
[0.10812355]
[0.10811546]
[0.10808084]
[0.10803001]
[0.10793138]
[0.10789265]
[0.10786567]
[0.10785718]
[0.10780854]
[0.10778349]
[0.1076863]
[0.10765237]
[0.10765193]
[0.10765068]
[0.10761619]
[0.1076061]
[0.1074731]
[0.10741956]
[0.10741005]
[0.10737916]
[0.10735518]
[0.1073535]
[0.10727283]
[0.10725565]
[0.10724274]
[0.10714262]
[0.10713448]
[0.10712267]
[0.1070677]
[0.10700207]
[0.106971]
[0.10687019]
[0.10684862]
[0.10684575]
[0.1068398]
[0.10679208]
[0.10666806]
[0.10665765]
[0.10661293]
[0.10648925]
[0.10643815]
[0.10632831]
[0.10622688]
[0.10622652]
[0.10622018]
[0.10618773]
[0.1061847]
[0.10618094]
[0.10617961]
[0.1061067]
[0.1060585]
[0.10603689]
[0.10595831]
[0.10595412]
[0.10591009]
[0.10585929]
[0.10583603]
[0.10581259]
[0.10580517]
[0.10563374]
[0.10562005]
[0.10561588]
[0.10560616]
[0.105601]
[0.10556237]
[0.10549872]
[0.10547613]
[0.10547013]
[0.105445]
[0.10537198]
[0.10536785]
[0.10529573]
[0.10529105]
[0.10525283]
[0.10524394]
[0.10522559]
[0.10521709]
[0.10519171]
[0.10517665]
[0.10515938]
[0.10506335]
[0.10505967]
[0.10492466]
[0.10491467]
[0.10481716]
[0.10476942]
[0.1047674]
[0.10474915]
[0.10474262]
[0.10467515]
[0.10462122]
[0.10449876]
[0.10448366]
[0.10446813]
[0.10444188]
[0.10443443]
[0.10441992]
[0.10438051]
[0.10437649]
[0.10436994]
[0.10435759]
[0.10424799]
[0.10418985]
[0.10407274]
[0.10404761]
[0.10404619]
[0.10403398]
[0.10402643]
[0.10396764]
[0.10383463]
[0.10378987]
[0.10373411]
[0.10359897]
[0.10355595]
[0.10348809]
[0.10337794]
[0.10329553]
[0.10325454]
[0.1032247]
[0.10318862]
[0.1031775]
[0.10315014]
[0.10314084]
[0.10307834]
[0.10307361]
[0.10286406]
[0.1028408]
[0.10283858]
[0.10281256]
[0.10276447]
[0.1026938]
[0.1026702]
[0.10264952]
[0.10255504]
[0.10253672]
[0.10245217]
[0.10232495]
[0.10231124]
[0.10227169]
[0.10221253]
[0.10211988]
[0.10204575]
[0.10197215]
[0.10196833]
[0.10194639]
[0.10184142]
[0.10178988]
[0.10178419]
[0.10172943]
[0.10168765]
[0.1016704]
[0.1015197]
[0.10150744]
[0.10143571]
[0.10141793]
[0.10139734]
[0.10138793]
[0.10125739]
[0.10114191]
[0.10108668]
[0.10106882]
[0.10100271]
[0.10099221]
[0.10096078]
[0.10092608]
[0.10091868]
[0.10085436]
[0.10084701]
[0.10079267]
[0.10073521]
[0.10065047]
[0.10061636]
[0.10057239]
[0.10055818]
[0.10050987]
[0.10049202]
[0.10047396]
[0.10037945]
[0.10037945]
[0.10029973]
[0.10025849]
[0.10023925]
[0.10018488]
[0.10017359]
[0.10014065]
[0.10010828]
[0.10008496]
[0.10006082]
[0.09998927]
[0.09998222]
[0.09984312]
[0.09967452]
[0.09966896]
[0.09966667]
[0.09955721]
[0.09938055]
[0.09933081]
[0.09930847]
[0.09928807]
[0.09922718]
[0.09919825]
[0.09906518]
[0.09903154]
[0.09896285]
[0.098962]
[0.09892898]
[0.09892572]
[0.09892299]
[0.0988878]
[0.09878229]
[0.09875005]
[0.09870984]
[0.0986568]
[0.09864748]
[0.09858254]
[0.09848371]
[0.0983339]
[0.09831786]
[0.09818593]
[0.09815215]
[0.09813461]
[0.09813455]
[0.09811432]
[0.09807999]
[0.09801175]
[0.09795988]
[0.09789608]
[0.09786384]
[0.09776725]
[0.09763786]
[0.09763505]
[0.09754818]
[0.09750873]
[0.09742636]
[0.09721591]
[0.097156]
[0.09711895]
[0.09707127]
[0.09703682]
[0.09684128]
[0.09666989]
[0.09650147]
[0.09639803]
[0.0963405]
[0.0962852]
[0.09616341]
[0.09609693]
[0.09604681]
[0.095993]
[0.09597243]
[0.09590701]
[0.0958529]
[0.09584005]
[0.09558998]
[0.09558666]
[0.09553286]
[0.09546717]
[0.09526847]
[0.0952229]
[0.09512911]
[0.09502148]
[0.09501527]
[0.09500691]
[0.09498649]
[0.09497952]
[0.09466847]
[0.09466229]
[0.09455988]
[0.09442821]
[0.09440581]
[0.09428238]
[0.09407006]
[0.09380145]
[0.09378007]
[0.09369314]
[0.09366505]
[0.09362451]
[0.09349406]
[0.09346414]
[0.09326947]
[0.09306633]
[0.09305897]
[0.09303531]
[0.09296665]
[0.09294864]
[0.09290105]
[0.09287408]
[0.0927827]
[0.09269877]
[0.09265179]
[0.0925751]
[0.09256905]
[0.0925574]
[0.09252318]
[0.0924151]
[0.092374]
[0.09232469]
[0.09230443]
[0.09210573]
[0.09181084]
[0.09177818]
[0.09144856]
[0.09144187]
[0.09143011]
[0.0914107]
[0.0914019]
[0.09136897]
[0.09135694]
[0.09133299]
[0.09118947]
[0.09113025]
[0.09110168]
[0.09093987]
[0.09082353]
[0.09073297]
[0.09068255]
[0.09065503]
[0.0904422]
[0.09029208]
[0.09024306]
[0.09023761]
[0.09012876]
[0.08998556]
[0.08995374]
[0.08994044]
[0.08993331]
[0.08989918]
[0.08987667]
[0.089804]
[0.08976961]
[0.08968896]
[0.08959225]
[0.08951338]
[0.08941953]
[0.08938856]
[0.08935912]
[0.08930881]
[0.08930879]
[0.08930367]
[0.08917821]
[0.08899807]
[0.0889965]
[0.08882578]
[0.08880065]
[0.08879957]
[0.08874784]
[0.08859314]
[0.08858802]
[0.08856292]
[0.08835866]
[0.08828209]
[0.0882531]
[0.08822551]
[0.08821846]
[0.08817571]
[0.08814429]
[0.08812971]
[0.08809392]
[0.08804994]
[0.08804969]
[0.08803576]
[0.08802884]
[0.08802354]
[0.08798175]
[0.08787176]
[0.08783832]
[0.08781672]
[0.08779984]
[0.08772862]
[0.08772548]
[0.08746257]
[0.08744337]
[0.08739921]
[0.0873018]
[0.08726779]
[0.08697577]
[0.0869735]
[0.08681845]
[0.08675195]
[0.08660087]
[0.08653527]
[0.08652557]
[0.08651941]
[0.08650267]
[0.08643246]
[0.08642139]
[0.08641284]
[0.08626746]
[0.08608337]
[0.08605736]
[0.08604354]
[0.08603963]
[0.08598992]
[0.08591089]
[0.08578309]
[0.0857745]
[0.0857668]
[0.08574785]
[0.08558828]
[0.08551558]
[0.08550276]
[0.08546402]
[0.08533311]
[0.08528028]
[0.08521233]
[0.08504979]
[0.08501022]
[0.08497521]
[0.08496898]
[0.08492471]
[0.08490908]
[0.0848299]
[0.08480232]
[0.08476751]
[0.0847208]
[0.08469989]
[0.08469615]
[0.08451016]
[0.08442713]
[0.08419116]
[0.08418883]
[0.08418709]
[0.08418605]
[0.08405191]
[0.08397297]
[0.08372967]
[0.08359633]
[0.08341179]
[0.08338973]
[0.08338748]
[0.08337694]
[0.08319662]
[0.08316787]
[0.08316029]
[0.08315185]
[0.08297299]
[0.08292872]
[0.08272604]
[0.08270394]
[0.08269076]
[0.08266494]
[0.08262958]
[0.08157019]
[0.08142281]
[0.08117891]
