[0.59048975]
[0.5870451]
[0.587028]
[0.5850637]
[0.5789867]
[0.5752326]
[0.5724831]
[0.57185966]
[0.57060283]
[0.57043755]
[0.5692174]
[0.5678527]
[0.56575197]
[0.5647435]
[0.5607187]
[0.5606939]
[0.55723214]
[0.55668306]
[0.5522816]
[0.54987323]
[0.5460323]
[0.54482967]
[0.54211134]
[0.5374056]
[0.53650594]
[0.5346778]
[0.52916163]
[0.52786064]
[0.52473986]
[0.52415586]
[0.52171624]
[0.5211504]
[0.5102707]
[0.504649]
[0.5041277]
[0.50328934]
[0.5027956]
[0.50274676]
[0.5007935]
[0.49909744]
[0.49488607]
[0.49391612]
[0.49384773]
[0.49367717]
[0.49273556]
[0.48987672]
[0.48309532]
[0.47903872]
[0.47835067]
[0.4771602]
[0.47510603]
[0.47443068]
[0.4743526]
[0.47368962]
[0.4723896]
[0.46946305]
[0.46748078]
[0.46728173]
[0.46617243]
[0.46585107]
[0.46476877]
[0.46467876]
[0.46460444]
[0.46275285]
[0.46246397]
[0.46197844]
[0.461448]
[0.46127024]
[0.46105382]
[0.4591947]
[0.4591597]
[0.457854]
[0.45785007]
[0.4576652]
[0.45750326]
[0.45737132]
[0.4570352]
[0.45548075]
[0.45472842]
[0.45463917]
[0.45432904]
[0.45322588]
[0.45197952]
[0.4517838]
[0.45169255]
[0.4511216]
[0.45062035]
[0.45059398]
[0.4501125]
[0.44991252]
[0.44954747]
[0.44939458]
[0.44897023]
[0.44894043]
[0.44876173]
[0.44845638]
[0.44800955]
[0.4476036]
[0.4472476]
[0.44699982]
[0.44644496]
[0.44598928]
[0.44566363]
[0.44524089]
[0.44456297]
[0.4439347]
[0.44391602]
[0.44358644]
[0.4432977]
[0.44328648]
[0.44321093]
[0.4426994]
[0.44269916]
[0.44179896]
[0.4417276]
[0.44129878]
[0.44063076]
[0.44054806]
[0.4402011]
[0.43887612]
[0.43872175]
[0.43830293]
[0.43759122]
[0.4371523]
[0.43701282]
[0.4367379]
[0.43633425]
[0.4359027]
[0.43539548]
[0.43504223]
[0.43481582]
[0.43463704]
[0.4345498]
[0.43432403]
[0.43422452]
[0.43422228]
[0.4338748]
[0.4338142]
[0.43378934]
[0.43358907]
[0.4335591]
[0.43349388]
[0.4333706]
[0.43320653]
[0.4330753]
[0.4326687]
[0.4326297]
[0.4324711]
[0.43223706]
[0.43217182]
[0.4319778]
[0.43162003]
[0.43158993]
[0.43155697]
[0.4315271]
[0.43052584]
[0.430398]
[0.4302408]
[0.43013817]
[0.4300923]
[0.42987478]
[0.42972973]
[0.4295001]
[0.42931426]
[0.42928845]
[0.4287963]
[0.4287838]
[0.42868024]
[0.42831197]
[0.4282371]
[0.4281732]
[0.42806065]
[0.42790428]
[0.4278762]
[0.42765078]
[0.42736033]
[0.4272771]
[0.42717808]
[0.42674306]
[0.42650062]
[0.42648056]
[0.42647475]
[0.42630434]
[0.4262283]
[0.4260826]
[0.42575786]
[0.42571238]
[0.42565536]
[0.42508608]
[0.424958]
[0.42471617]
[0.4245978]
[0.42409083]
[0.42361534]
[0.42355445]
[0.4234293]
[0.42339113]
[0.42315692]
[0.4230935]
[0.42303023]
[0.42297867]
[0.42274618]
[0.42242405]
[0.4222535]
[0.42167175]
[0.42134678]
[0.42129987]
[0.42096516]
[0.42086944]
[0.42086184]
[0.42081475]
[0.42076018]
[0.420752]
[0.42071742]
[0.42071274]
[0.42057475]
[0.42057073]
[0.4204732]
[0.42039856]
[0.4200245]
[0.4199457]
[0.41980737]
[0.41973135]
[0.41971183]
[0.41965207]
[0.41960353]
[0.41924676]
[0.41896296]
[0.41895217]
[0.41885063]
[0.4188498]
[0.41838568]
[0.41838515]
[0.4181999]
[0.41769978]
[0.41764545]
[0.4175506]
[0.41748932]
[0.41748932]
[0.41744205]
[0.41743731]
[0.41715288]
[0.41691607]
[0.41671693]
[0.41637152]
[0.41629082]
[0.41626558]
[0.41624975]
[0.41622168]
[0.41609365]
[0.41587344]
[0.41548553]
[0.41519228]
[0.41468942]
[0.41462302]
[0.41421032]
[0.41415685]
[0.41396073]
[0.41384658]
[0.41383702]
[0.41363317]
[0.4135759]
[0.41329667]
[0.41319197]
[0.41304132]
[0.4128611]
[0.41278115]
[0.4126712]
[0.41253975]
[0.4125358]
[0.41214812]
[0.4121178]
[0.41195863]
[0.41177708]
[0.4117404]
[0.41141745]
[0.4113887]
[0.4110202]
[0.41058794]
[0.41052696]
[0.41044]
[0.41023833]
[0.410163]
[0.41012543]
[0.41003317]
[0.41001847]
[0.4091787]
[0.40900055]
[0.40882948]
[0.40877306]
[0.40856615]
[0.40839922]
[0.40837467]
[0.40812892]
[0.4075416]
[0.40727246]
[0.4072558]
[0.40724814]
[0.40677387]
[0.4066437]
[0.40630564]
[0.40624353]
[0.40600795]
[0.4058613]
[0.4055701]
[0.40553114]
[0.4055182]
[0.40550464]
[0.4054312]
[0.40541622]
[0.4050837]
[0.405053]
[0.40497747]
[0.40481642]
[0.40477246]
[0.40466967]
[0.40448952]
[0.40445966]
[0.40428138]
[0.40408826]
[0.4039657]
[0.4039391]
[0.4039176]
[0.40381417]
[0.4037009]
[0.403668]
[0.40364113]
[0.40351656]
[0.40349075]
[0.40341026]
[0.40319976]
[0.40308398]
[0.40286073]
[0.40274948]
[0.402143]
[0.40183967]
[0.40174696]
[0.4017133]
[0.40151957]
[0.40147167]
[0.40139094]
[0.40105286]
[0.40098444]
[0.40085694]
[0.40085694]
[0.4008026]
[0.40063906]
[0.40057907]
[0.4005328]
[0.40052575]
[0.4004673]
[0.40007326]
[0.399905]
[0.39985424]
[0.39978912]
[0.39932886]
[0.39921927]
[0.39898354]
[0.3988694]
[0.398714]
[0.39867592]
[0.39861345]
[0.39853054]
[0.39842343]
[0.3982653]
[0.39812207]
[0.39777905]
[0.3974481]
[0.39725214]
[0.39683333]
[0.39641508]
[0.39641356]
[0.39624998]
[0.39620686]
[0.39597818]
[0.39585647]
[0.39582095]
[0.39552927]
[0.3955237]
[0.39545596]
[0.3953291]
[0.39499655]
[0.3947043]
[0.39457345]
[0.39452854]
[0.3942282]
[0.39418098]
[0.3941719]
[0.39411005]
[0.3940848]
[0.393893]
[0.39381257]
[0.39375615]
[0.3931746]
[0.39315215]
[0.39308226]
[0.39295793]
[0.39289218]
[0.3928531]
[0.3928061]
[0.39277685]
[0.3926496]
[0.39255223]
[0.39218986]
[0.39167857]
[0.39163113]
[0.39149797]
[0.3913826]
[0.3909112]
[0.3909104]
[0.39075264]
[0.39064753]
[0.3906157]
[0.39060676]
[0.39028755]
[0.3897666]
[0.38975754]
[0.38973936]
[0.3896535]
[0.38963783]
[0.38954213]
[0.3893488]
[0.38922635]
[0.3886051]
[0.38858643]
[0.3885573]
[0.38838625]
[0.3882361]
[0.38816068]
[0.38791114]
[0.38777846]
[0.3877591]
[0.38765365]
[0.38744918]
[0.38684958]
[0.38670227]
[0.38668084]
[0.38649267]
[0.38639438]
[0.38621992]
[0.38606247]
[0.38567463]
[0.3853925]
[0.3852585]
[0.38517806]
[0.38500383]
[0.38475]
[0.38469645]
[0.38446578]
[0.38441306]
[0.3843877]
[0.38406962]
[0.38405675]
[0.38391432]
[0.38384342]
[0.3837715]
[0.38376695]
[0.38360214]
[0.38322696]
[0.38316205]
[0.38311484]
[0.38302013]
[0.38300908]
[0.38293117]
[0.38288203]
[0.38281095]
[0.38264704]
[0.38256484]
[0.38250294]
[0.38222325]
[0.38206035]
[0.38201237]
[0.38198197]
[0.38154843]
[0.38150102]
[0.38134336]
[0.38105243]
[0.381037]
[0.38085338]
[0.38045207]
[0.38009188]
[0.38006824]
[0.37949407]
[0.37927133]
[0.37924668]
[0.37922078]
[0.37872833]
[0.3786497]
[0.3786286]
[0.3784638]
[0.37806588]
[0.37781492]
[0.37769434]
[0.37769166]
[0.37755767]
[0.37722415]
[0.377165]
[0.3766399]
[0.37636182]
[0.3761736]
[0.37615618]
[0.3760502]
[0.3759559]
[0.37584952]
[0.3750918]
[0.37475517]
[0.37390816]
[0.37368193]
[0.37356305]
[0.37306]
[0.37293634]
[0.37292454]
[0.37284115]
[0.37282085]
[0.37273857]
[0.3727037]
[0.37255043]
[0.37209246]
[0.3720733]
[0.3718988]
[0.37188092]
[0.3718505]
[0.37184587]
[0.3717697]
[0.37135237]
[0.37134993]
[0.37128335]
[0.3712224]
[0.37104475]
[0.37100965]
[0.37087804]
[0.37076217]
[0.37074932]
[0.37058493]
[0.37056848]
[0.37048206]
[0.37024117]
[0.37006837]
[0.37006718]
[0.3699263]
[0.3699263]
[0.36991826]
[0.36990342]
[0.36987218]
[0.36983514]
[0.36980498]
[0.36977088]
[0.3695012]
[0.3694573]
[0.36924922]
[0.3692336]
[0.36906216]
[0.3690618]
[0.3688965]
[0.36869892]
[0.36864296]
[0.36838222]
[0.3681233]
[0.36762604]
[0.36742404]
[0.3672562]
[0.36705384]
[0.36687094]
[0.36659485]
[0.3664805]
[0.36645427]
[0.36637363]
[0.36635265]
[0.3662441]
[0.36582404]
[0.36581922]
[0.36581922]
[0.36565062]
[0.36511716]
[0.36487037]
[0.3648]
[0.36460313]
[0.364442]
[0.36439222]
[0.36409122]
[0.36379698]
[0.3629592]
[0.36276087]
[0.36240575]
[0.36148712]
[0.3612477]
[0.36100525]
[0.36092454]
[0.36075738]
[0.36057055]
[0.36053592]
[0.36026233]
[0.35990706]
[0.3592573]
[0.35920644]
[0.35911307]
[0.35909736]
[0.3584124]
[0.3582853]
[0.3582465]
[0.358177]
[0.3580343]
[0.35794216]
[0.3578003]
[0.3575838]
[0.35750833]
[0.3573949]
[0.3570693]
[0.3569352]
[0.35691756]
[0.35686406]
[0.3567265]
[0.35634166]
[0.35634166]
[0.35622898]
[0.35620296]
[0.35602415]
[0.35571212]
[0.35539502]
[0.35534716]
[0.3548827]
[0.35458878]
[0.35456404]
[0.35440886]
[0.3543637]
[0.35426563]
[0.35410675]
[0.35383686]
[0.3534072]
[0.35334685]
[0.35269296]
[0.35211107]
[0.3516561]
[0.35159597]
[0.35155305]
[0.35143137]
[0.35096955]
[0.35076934]
[0.35075045]
[0.35063773]
[0.35045034]
[0.34979296]
[0.3497041]
[0.34957352]
[0.34953022]
[0.34913966]
[0.34868217]
[0.3481507]
[0.34791967]
[0.34779286]
[0.34778035]
[0.34763253]
[0.34735027]
[0.34611773]
[0.3460875]
[0.34607124]
[0.34561563]
[0.34547988]
[0.3450447]
[0.3446614]
[0.34444845]
[0.34440255]
[0.34429225]
[0.34419802]
[0.3439291]
[0.34386677]
[0.34363672]
[0.34349066]
[0.34328207]
[0.34327084]
[0.34325212]
[0.34324116]
[0.34313086]
[0.34255978]
[0.342001]
[0.3419205]
[0.34158498]
[0.34136644]
[0.34125072]
[0.341122]
[0.34100953]
[0.34087256]
[0.34083068]
[0.34052283]
[0.33992532]
[0.33960864]
[0.33954298]
[0.33936712]
[0.33903188]
[0.33903188]
[0.3387218]
[0.33735123]
[0.33714542]
[0.336526]
[0.33570188]
[0.3343674]
[0.33430898]
[0.33383918]
[0.3337298]
[0.3336393]
[0.3331667]
[0.33297142]
[0.33253333]
[0.3319515]
[0.33170146]
[0.33121917]
[0.3310529]
[0.3307039]
[0.33001676]
[0.33001676]
[0.3296933]
[0.32940817]
[0.32930094]
[0.32901067]
[0.32901025]
[0.32898083]
[0.3288486]
[0.3288486]
[0.3288486]
[0.3288119]
[0.32878107]
[0.328295]
[0.328195]
[0.32800338]
[0.32773155]
[0.32761598]
[0.32758296]
[0.3275312]
[0.32687187]
[0.3268689]
[0.3262386]
[0.3256437]
[0.32542223]
[0.32480556]
[0.32470694]
[0.32470694]
[0.32465294]
[0.32434937]
[0.32351413]
[0.32349116]
[0.32328677]
[0.32324168]
[0.32313502]
[0.32293645]
[0.3228944]
[0.32260263]
[0.32260263]
[0.3223241]
[0.32228035]
[0.32215393]
[0.32179686]
[0.32175422]
[0.32168174]
[0.32168174]
[0.3214282]
[0.32126853]
[0.32121837]
[0.3211383]
[0.320911]
[0.3208945]
[0.32085767]
[0.32073233]
[0.3205106]
[0.3204385]
[0.32036263]
[0.3198787]
[0.31966832]
[0.31961846]
[0.319561]
[0.31954655]
[0.31940135]
[0.31919965]
[0.31918967]
[0.31900725]
[0.31888732]
[0.3188837]
[0.31886023]
[0.3187951]
[0.31866762]
[0.31861404]
[0.31852913]
[0.3185256]
[0.31848004]
[0.3184443]
[0.31818485]
[0.31801355]
[0.3179732]
[0.31785196]
[0.31782815]
[0.31781155]
[0.31756055]
[0.31748343]
[0.31741783]
[0.31738806]
[0.31738222]
[0.31736964]
[0.3173001]
[0.31711927]
[0.3169076]
[0.3168196]
[0.31673628]
[0.31653643]
[0.31642705]
[0.31630754]
[0.31606492]
[0.31605077]
[0.3160324]
[0.31596377]
[0.3158672]
[0.31584382]
[0.31571156]
[0.3156969]
[0.31565607]
[0.3155436]
[0.31539574]
[0.31538633]
[0.3153347]
[0.31493333]
[0.31481823]
[0.31457415]
[0.3145377]
[0.31453264]
[0.31452197]
[0.31449482]
[0.31435135]
[0.31428745]
[0.3142461]
[0.31395665]
[0.3138847]
[0.3136632]
[0.31346855]
[0.31342697]
[0.3134058]
[0.31339136]
[0.31337625]
[0.31337625]
[0.31317678]
[0.31301066]
[0.31298697]
[0.31298697]
[0.31294063]
[0.31291702]
[0.31289124]
[0.31288192]
[0.3127573]
[0.3126766]
[0.3125585]
[0.31246734]
[0.31239852]
[0.312396]
[0.31233382]
[0.31216878]
[0.3121248]
[0.31211463]
[0.31194082]
[0.31190675]
[0.3118766]
[0.3117781]
[0.31170833]
[0.31169328]
[0.311687]
[0.31157628]
[0.31153738]
[0.31153417]
[0.31135303]
[0.31131497]
[0.31131497]
[0.3112803]
[0.31126973]
[0.31121328]
[0.31119496]
[0.31109798]
[0.31108776]
[0.31107682]
[0.31090638]
[0.31080782]
[0.31074706]
[0.3107273]
[0.31070843]
[0.310577]
[0.31052244]
[0.3104157]
[0.3103942]
[0.31038558]
[0.3103755]
[0.3102673]
[0.31026068]
[0.310187]
[0.31007686]
[0.309995]
[0.30995914]
[0.30974042]
[0.30972794]
[0.3095874]
[0.309483]
[0.30946854]
[0.3094032]
[0.3094022]
[0.30933762]
[0.30929193]
[0.309268]
[0.30925193]
[0.30923253]
[0.30911604]
[0.30907458]
[0.30903697]
[0.30898505]
[0.3087673]
[0.30874032]
[0.30863595]
[0.30860785]
[0.3085709]
[0.30855972]
[0.3085496]
[0.30841407]
[0.3083976]
[0.3083892]
[0.30829793]
[0.30819157]
[0.30813882]
[0.3081154]
[0.30809635]
[0.30809295]
[0.30794924]
[0.3078844]
[0.30783868]
[0.30783764]
[0.30781496]
[0.30776164]
[0.3077613]
[0.30773607]
[0.30770755]
[0.30767265]
[0.30762556]
[0.30755112]
[0.3075181]
[0.30750498]
[0.30746642]
[0.30745512]
[0.3073814]
[0.30733803]
[0.3073307]
[0.30727762]
[0.3072186]
[0.30711472]
[0.3071111]
[0.30710098]
[0.30704024]
[0.30694905]
[0.30690095]
[0.3068151]
[0.30679125]
[0.30678096]
[0.30676836]
[0.30671456]
[0.30669826]
[0.30663586]
[0.30659422]
[0.30651835]
[0.30647355]
[0.30647227]
[0.30642438]
[0.3064073]
[0.30633062]
[0.30632833]
[0.30632672]
[0.30632168]
[0.3063085]
[0.3061541]
[0.30611607]
[0.3061068]
[0.30609858]
[0.30609688]
[0.3060783]
[0.30600166]
[0.30595294]
[0.3059018]
[0.30588812]
[0.30575314]
[0.30575004]
[0.30568203]
[0.30560133]
[0.30557752]
[0.3055399]
[0.30553707]
[0.30551237]
[0.3054873]
[0.30539164]
[0.30538696]
[0.30535552]
[0.30529106]
[0.30525267]
[0.30524218]
[0.30518195]
[0.30513865]
[0.30508384]
[0.3050082]
[0.30498585]
[0.30498573]
[0.30492142]
[0.30489832]
[0.30488387]
[0.30486572]
[0.3048121]
[0.30478412]
[0.30477363]
[0.3046951]
[0.3046858]
[0.3046787]
[0.3045355]
[0.3045312]
[0.3045114]
[0.3044636]
[0.30445385]
[0.30443153]
[0.30435717]
[0.30434307]
[0.30433577]
[0.3043252]
[0.30429816]
[0.304282]
[0.3042127]
[0.3041904]
[0.30418795]
[0.304113]
[0.30407882]
[0.30402634]
[0.3039692]
[0.30393946]
[0.30390456]
[0.30386782]
[0.30385247]
[0.3037795]
[0.30373862]
[0.3037074]
[0.30355835]
[0.30337]
[0.30333316]
[0.30333012]
[0.3032754]
[0.30319205]
[0.30318493]
[0.303095]
[0.3030746]
[0.3030597]
[0.30305445]
[0.3030443]
[0.303008]
[0.30298012]
[0.30298004]
[0.30291474]
[0.30283388]
[0.30276972]
[0.30274865]
[0.30274865]
[0.30274466]
[0.30273035]
[0.3027034]
[0.3026999]
[0.3026849]
[0.3026849]
[0.3026324]
[0.30261493]
[0.30250764]
[0.30249363]
[0.30247757]
[0.30242717]
[0.30241826]
[0.30240646]
[0.30240536]
[0.3023186]
[0.3022464]
[0.3021682]
[0.3021536]
[0.30213496]
[0.30201393]
[0.3020004]
[0.30194378]
[0.30191648]
[0.30191562]
[0.30188024]
[0.30187267]
[0.30181345]
[0.30180642]
[0.30180374]
[0.30175814]
[0.3017396]
[0.30170077]
[0.30163807]
[0.30162823]
[0.30162215]
[0.30162004]
[0.30160418]
[0.30160198]
[0.30157018]
[0.3015092]
[0.30149144]
[0.30148858]
[0.3014587]
[0.30143356]
[0.30142915]
[0.30140617]
[0.30135927]
[0.30135903]
[0.3013386]
[0.30132848]
[0.3012887]
[0.30128533]
[0.30128175]
[0.30127704]
[0.3012658]
[0.3012645]
[0.3012548]
[0.30119175]
[0.30116212]
[0.3011567]
[0.30115142]
[0.30114055]
[0.3011262]
[0.30100876]
[0.300984]
[0.30096376]
[0.3009317]
[0.30092677]
[0.30086938]
[0.3008477]
[0.30083027]
[0.30077744]
[0.3007735]
[0.3007661]
[0.30075657]
[0.30072752]
[0.3007233]
[0.30068877]
[0.30063257]
[0.30062705]
[0.30060598]
[0.30059943]
[0.3005498]
[0.3005308]
[0.3005026]
[0.30047965]
[0.30047584]
[0.30047572]
[0.3004706]
[0.30046597]
[0.300456]
[0.30043593]
[0.30040964]
[0.30034283]
[0.30030847]
[0.300301]
[0.30029926]
[0.30029154]
[0.3002844]
[0.30024526]
[0.30022687]
[0.30015567]
[0.3001551]
[0.30012837]
[0.3001219]
[0.3001124]
[0.3000774]
[0.30006075]
[0.30001268]
[0.2999752]
[0.29995224]
[0.29994243]
[0.29994035]
[0.29993802]
[0.29988876]
[0.29988423]
[0.29984146]
[0.29981163]
[0.29980728]
[0.29980597]
[0.2997959]
[0.29978898]
[0.29978135]
[0.2997603]
[0.29972345]
[0.29972267]
[0.2996427]
[0.2995984]
[0.29959422]
[0.29954863]
[0.299544]
[0.29953864]
[0.29953215]
[0.29950884]
[0.29948688]
[0.29947257]
[0.29946256]
[0.29942787]
[0.29941744]
[0.29933807]
[0.29933482]
[0.2993129]
[0.29929692]
[0.29928076]
[0.29925585]
[0.29922318]
[0.29919037]
[0.2991801]
[0.2991785]
[0.29917204]
[0.29914755]
[0.29914412]
[0.299135]
[0.2990663]
[0.2990593]
[0.2990292]
[0.2990193]
[0.29901388]
[0.29899806]
[0.2989014]
[0.29888624]
[0.29888445]
[0.29887265]
[0.29885992]
[0.29883385]
[0.29883194]
[0.2988239]
[0.2987783]
[0.298724]
[0.29871938]
[0.29871765]
[0.2986737]
[0.29865345]
[0.29860592]
[0.2986028]
[0.29858956]
[0.29857254]
[0.29857078]
[0.2985653]
[0.29855576]
[0.2985114]
[0.298463]
[0.2984041]
[0.29838705]
[0.29838455]
[0.29837972]
[0.29837212]
[0.2983644]
[0.2983486]
[0.2983131]
[0.2983062]
[0.29828]
[0.29827645]
[0.29820094]
[0.29817083]
[0.29816428]
[0.29811525]
[0.29807925]
[0.298059]
[0.29805377]
[0.29804555]
[0.29802352]
[0.29802212]
[0.2980027]
[0.2979913]
[0.2979742]
[0.2979709]
[0.2979181]
[0.29791063]
[0.2978981]
[0.29787192]
[0.29783624]
[0.2978054]
[0.29777253]
[0.29769847]
[0.2976962]
[0.29769412]
[0.29768628]
[0.29768363]
[0.29768085]
[0.2976622]
[0.29764903]
[0.2976279]
[0.297585]
[0.29754114]
[0.29751247]
[0.29746294]
[0.29746228]
[0.29744768]
[0.29744458]
[0.29744175]
[0.2973997]
[0.29739374]
[0.29738963]
[0.29738215]
[0.29736426]
[0.2973592]
[0.29734063]
[0.2972984]
[0.29728657]
[0.29725695]
[0.2972392]
[0.29723284]
[0.29721376]
[0.2972137]
[0.29719207]
[0.29717797]
[0.29713878]
[0.29711977]
[0.29709232]
[0.29705644]
[0.2970542]
[0.29703265]
[0.29702297]
[0.2969974]
[0.29698977]
[0.2969742]
[0.29693156]
[0.29692608]
[0.29692253]
[0.29688492]
[0.2968798]
[0.29686177]
[0.296857]
[0.2968512]
[0.29684973]
[0.2967885]
[0.29676986]
[0.2967617]
[0.29674843]
[0.29674232]
[0.29671785]
[0.29670313]
[0.29668528]
[0.29665706]
[0.2966446]
[0.29663643]
[0.29662296]
[0.2965952]
[0.29658628]
[0.2965689]
[0.2965456]
[0.2965427]
[0.29650956]
[0.29650757]
[0.29650137]
[0.29646766]
[0.29642665]
[0.29640877]
[0.29640725]
[0.29638916]
[0.2963845]
[0.29637262]
[0.29637057]
[0.29635227]
[0.29629984]
[0.29629844]
[0.29626033]
[0.2962564]
[0.29623196]
[0.29621786]
[0.29621536]
[0.2961874]
[0.29617885]
[0.29614332]
[0.29613653]
[0.29611212]
[0.29610413]
[0.29591197]
[0.29590666]
[0.29590476]
[0.29589674]
[0.29588693]
[0.29587832]
[0.29585388]
[0.2958465]
[0.2958441]
[0.2958002]
[0.29576775]
[0.2957611]
[0.29575187]
[0.29573205]
[0.2957266]
[0.29570597]
[0.29569474]
[0.295678]
[0.2956575]
[0.29563546]
[0.2956057]
[0.29559806]
[0.29557204]
[0.29556575]
[0.29555959]
[0.29554296]
[0.2955405]
[0.29553607]
[0.2955019]
[0.29549366]
[0.29548877]
[0.29548296]
[0.29548222]
[0.29544327]
[0.29543403]
[0.29542753]
[0.2954103]
[0.29539686]
[0.29534376]
[0.29531044]
[0.29530966]
[0.29530025]
[0.29528177]
[0.29525328]
[0.2952225]
[0.2951962]
[0.29514807]
[0.29513574]
[0.29513273]
[0.2951141]
[0.29509303]
[0.2950662]
[0.2950498]
[0.295013]
[0.2950021]
[0.2949761]
[0.29497105]
[0.29494604]
[0.29493847]
[0.29493386]
[0.29492694]
[0.29490066]
[0.2948347]
[0.29482976]
[0.29482704]
[0.2948224]
[0.2948037]
[0.2947945]
[0.29478902]
[0.2947494]
[0.2947416]
[0.29473817]
[0.2947312]
[0.29472566]
[0.29471016]
[0.2946783]
[0.2946199]
[0.29459545]
[0.2945676]
[0.29453942]
[0.29453415]
[0.29451653]
[0.29450944]
[0.29450923]
[0.29448763]
[0.29447964]
[0.29437315]
[0.2943612]
[0.29433167]
[0.29432914]
[0.2943282]
[0.2943191]
[0.29430112]
[0.29430103]
[0.2942904]
[0.2942561]
[0.29424894]
[0.29422167]
[0.29421872]
[0.29421872]
[0.29420438]
[0.29416227]
[0.29414913]
[0.29413664]
[0.294119]
[0.2940761]
[0.29405478]
[0.29405156]
[0.29403043]
[0.29402462]
[0.2939511]
[0.2939383]
[0.29388317]
[0.29385406]
[0.29385144]
[0.29384062]
[0.29381713]
[0.29380882]
[0.29380268]
[0.2937866]
[0.29373515]
[0.29373327]
[0.2937148]
[0.29371038]
[0.29370773]
[0.29365924]
[0.29364765]
[0.2936349]
[0.29361784]
[0.2936069]
[0.2935594]
[0.29355928]
[0.2935487]
[0.29354793]
[0.29345578]
[0.29343307]
[0.29342636]
[0.29342476]
[0.29339015]
[0.29338586]
[0.29335538]
[0.2933264]
[0.29331657]
[0.29331386]
[0.2933062]
[0.2933024]
[0.29330146]
[0.29329765]
[0.2932951]
[0.293285]
[0.29324242]
[0.29324242]
[0.2932333]
[0.29319596]
[0.2931849]
[0.29318342]
[0.29315013]
[0.2931343]
[0.29310873]
[0.29309312]
[0.29309022]
[0.29307193]
[0.29304466]
[0.29303926]
[0.29302788]
[0.29299778]
[0.29298285]
[0.29296297]
[0.29295275]
[0.29291204]
[0.29290953]
[0.29290488]
[0.29287976]
[0.2928776]
[0.29287168]
[0.29285333]
[0.29284865]
[0.29284036]
[0.29279098]
[0.2927875]
[0.29272422]
[0.29271963]
[0.292709]
[0.2926885]
[0.29266676]
[0.2926323]
[0.29260182]
[0.29260087]
[0.29260087]
[0.29260087]
[0.2925694]
[0.29255563]
[0.29253116]
[0.29251868]
[0.29250145]
[0.29248676]
[0.29244918]
[0.29239523]
[0.29239428]
[0.29238585]
[0.292371]
[0.292365]
[0.29236302]
[0.29229647]
[0.29228243]
[0.29227865]
[0.29227173]
[0.29226047]
[0.29225987]
[0.29225582]
[0.29225248]
[0.29219905]
[0.29217786]
[0.29215434]
[0.2921466]
[0.29212862]
[0.2921238]
[0.29211643]
[0.2921037]
[0.29210246]
[0.2921015]
[0.29209718]
[0.2920704]
[0.29207027]
[0.292066]
[0.2920553]
[0.29204687]
[0.29203302]
[0.29201305]
[0.29200125]
[0.2919731]
[0.29195637]
[0.29195324]
[0.29191327]
[0.29190275]
[0.2918791]
[0.2918635]
[0.29186308]
[0.29186127]
[0.29185337]
[0.2918481]
[0.29183072]
[0.29177853]
[0.29177007]
[0.29175547]
[0.29174966]
[0.29174888]
[0.2917127]
[0.29169464]
[0.2916826]
[0.29166064]
[0.29163247]
[0.29161647]
[0.2916062]
[0.29156122]
[0.29156053]
[0.29154915]
[0.29154894]
[0.29154027]
[0.2915232]
[0.2915074]
[0.29149884]
[0.2914827]
[0.29147586]
[0.29147094]
[0.29146892]
[0.291458]
[0.29145178]
[0.29144803]
[0.29144683]
[0.29144356]
[0.29143813]
[0.29143283]
[0.29143226]
[0.29142284]
[0.29140192]
[0.29139915]
[0.29138097]
[0.29137406]
[0.2913735]
[0.29134214]
[0.29131663]
[0.29131633]
[0.29127443]
[0.29127443]
[0.29127383]
[0.29125896]
[0.29125845]
[0.29123303]
[0.2912241]
[0.29118758]
[0.2911696]
[0.29115957]
[0.2911547]
[0.2911512]
[0.29114392]
[0.2911397]
[0.29113603]
[0.2911114]
[0.29110345]
[0.29110345]
[0.29109168]
[0.29108852]
[0.29108167]
[0.291061]
[0.29105017]
[0.29098862]
[0.29097122]
[0.29097047]
[0.29097033]
[0.29096982]
[0.2909352]
[0.29092106]
[0.29089814]
[0.2908962]
[0.29088733]
[0.2908865]
[0.29085645]
[0.29084602]
[0.29084584]
[0.29082158]
[0.29080236]
[0.2907899]
[0.2907588]
[0.2907561]
[0.29068968]
[0.29068747]
[0.29068747]
[0.2906652]
[0.29064077]
[0.29063138]
[0.2906255]
[0.29059565]
[0.29056382]
[0.29056382]
[0.29055315]
[0.29053628]
[0.29053468]
[0.2905307]
[0.29050675]
[0.29050595]
[0.29048836]
[0.2904336]
[0.2904098]
[0.29039308]
[0.29037204]
[0.29036862]
[0.29030958]
[0.2903057]
[0.29028627]
[0.29028592]
[0.2902788]
[0.2902569]
[0.29024646]
[0.29024366]
[0.29021356]
[0.29018134]
[0.2901786]
[0.29015747]
[0.29014668]
[0.29013047]
[0.29009512]
[0.29009128]
[0.29008242]
[0.29006797]
[0.29006726]
[0.29006237]
[0.29005736]
[0.29004622]
[0.29004583]
[0.29004356]
[0.29000428]
[0.2899951]
[0.28998858]
[0.28997323]
[0.28994545]
[0.289926]
[0.28991824]
[0.28991482]
[0.2898718]
[0.28986305]
[0.28983673]
[0.28983265]
[0.28981397]
[0.289807]
[0.2898029]
[0.2898027]
[0.28979743]
[0.28979075]
[0.28976014]
[0.28974226]
[0.28973007]
[0.2897282]
[0.28971705]
[0.2896698]
[0.2896326]
[0.28961176]
[0.28959045]
[0.2895847]
[0.28957596]
[0.28956658]
[0.2895566]
[0.28955105]
[0.2895485]
[0.2895434]
[0.28954095]
[0.28951398]
[0.2895106]
[0.28951025]
[0.28951025]
[0.28950688]
[0.28949085]
[0.28947636]
[0.289475]
[0.2894608]
[0.2894499]
[0.28943822]
[0.28941697]
[0.28941494]
[0.2894009]
[0.2893599]
[0.28934252]
[0.28933692]
[0.28931826]
[0.28930262]
[0.28930053]
[0.28926677]
[0.2892641]
[0.28925753]
[0.28922975]
[0.28921032]
[0.28918818]
[0.2891491]
[0.28914452]
[0.28914207]
[0.28914207]
[0.28913835]
[0.2891369]
[0.28911686]
[0.2891098]
[0.28909913]
[0.28909534]
[0.28908798]
[0.28908673]
[0.28907993]
[0.28906646]
[0.28905007]
[0.28901967]
[0.28901914]
[0.28901535]
[0.28900483]
[0.2889994]
[0.28896946]
[0.28896862]
[0.28893465]
[0.28893197]
[0.2889313]
[0.28891495]
[0.288908]
[0.288901]
[0.28887758]
[0.2888713]
[0.2888713]
[0.2888659]
[0.2888444]
[0.28882754]
[0.28882036]
[0.28879562]
[0.28878877]
[0.28877234]
[0.28877228]
[0.28875768]
[0.2887426]
[0.2887407]
[0.28870022]
[0.28869897]
[0.2886961]
[0.28869027]
[0.28868437]
[0.28868198]
[0.28867963]
[0.28867936]
[0.28865874]
[0.288657]
[0.28865644]
[0.2886381]
[0.2886342]
[0.28862312]
[0.2886174]
[0.288615]
[0.28860804]
[0.2886073]
[0.2886009]
[0.2886009]
[0.28859895]
[0.28859714]
[0.2885933]
[0.28858417]
[0.2885591]
[0.28854936]
[0.28852782]
[0.28850693]
[0.28850263]
[0.28849265]
[0.28849038]
[0.2884809]
[0.28847054]
[0.28846726]
[0.2884269]
[0.28841957]
[0.28841567]
[0.28841117]
[0.288398]
[0.28839782]
[0.28839588]
[0.2883897]
[0.28836957]
[0.28835312]
[0.28835082]
[0.28831166]
[0.28828332]
[0.28827748]
[0.28827026]
[0.28826603]
[0.28825414]
[0.28824303]
[0.28822705]
[0.28822705]
[0.2882255]
[0.2882135]
[0.2882135]
[0.28818747]
[0.28818512]
[0.28817055]
[0.28816423]
[0.28816247]
[0.28814483]
[0.28814465]
[0.2881354]
[0.28812444]
[0.2881223]
[0.2881117]
[0.28808427]
[0.28808185]
[0.28805637]
[0.28803688]
[0.28803688]
[0.28803343]
[0.2880313]
[0.28794304]
[0.28794]
[0.28792804]
[0.28792527]
[0.28792197]
[0.28788677]
[0.2878675]
[0.28784323]
[0.2878354]
[0.28782967]
[0.28782967]
[0.2878124]
[0.28781116]
[0.28780568]
[0.28779858]
[0.28779238]
[0.28778338]
[0.28777733]
[0.28775907]
[0.28775173]
[0.2877452]
[0.28773335]
[0.28773203]
[0.28771818]
[0.2877155]
[0.28768605]
[0.2876673]
[0.28765303]
[0.2876528]
[0.28764895]
[0.28764266]
[0.2876109]
[0.2875994]
[0.28757814]
[0.28757402]
[0.28755578]
[0.287546]
[0.287546]
[0.28753853]
[0.2875319]
[0.28751835]
[0.2875122]
[0.28750858]
[0.28750393]
[0.2875027]
[0.287478]
[0.28747267]
[0.28746685]
[0.28746644]
[0.28746378]
[0.2874606]
[0.28745413]
[0.2874319]
[0.28741145]
[0.28740597]
[0.28739762]
[0.2873942]
[0.2873873]
[0.28737405]
[0.28737342]
[0.28735647]
[0.28735155]
[0.28734383]
[0.28734124]
[0.2873252]
[0.28732225]
[0.28731918]
[0.28731838]
[0.2873074]
[0.28730407]
[0.28727463]
[0.2872528]
[0.2872458]
[0.2872282]
[0.28721118]
[0.2872002]
[0.28718913]
[0.2871841]
[0.28718278]
[0.28715032]
[0.28714666]
[0.28714234]
[0.287139]
[0.28713408]
[0.28712192]
[0.2871201]
[0.28710654]
[0.28709078]
[0.28709072]
[0.28708732]
[0.2870795]
[0.28706488]
[0.28704926]
[0.2870239]
[0.2870218]
[0.28701818]
[0.28701717]
[0.28701478]
[0.28700835]
[0.2869762]
[0.28697446]
[0.28695458]
[0.28694934]
[0.28694826]
[0.28694633]
[0.28694132]
[0.2869333]
[0.28693324]
[0.2869178]
[0.28691238]
[0.28690514]
[0.28690192]
[0.28688398]
[0.28686166]
[0.28686085]
[0.28686053]
[0.28685194]
[0.28683966]
[0.28683856]
[0.28682998]
[0.28682762]
[0.28682113]
[0.2867998]
[0.28677288]
[0.28675935]
[0.28675598]
[0.28675056]
[0.28675056]
[0.28672624]
[0.28672624]
[0.2867248]
[0.2867209]
[0.2867097]
[0.28667495]
[0.2866675]
[0.28665426]
[0.28665248]
[0.2866508]
[0.2866435]
[0.28659782]
[0.2865968]
[0.2865877]
[0.28658065]
[0.28657362]
[0.28656885]
[0.2865648]
[0.28655806]
[0.28655535]
[0.28655496]
[0.2865466]
[0.2865466]
[0.28654304]
[0.28654248]
[0.2865363]
[0.2865363]
[0.28653255]
[0.28651127]
[0.2864499]
[0.2864338]
[0.28643253]
[0.28642628]
[0.28642538]
[0.28641802]
[0.28641236]
[0.28639922]
[0.2863803]
[0.286377]
[0.28637505]
[0.28637266]
[0.2863439]
[0.28633097]
[0.28631923]
[0.2863135]
[0.28631207]
[0.28631118]
[0.28629836]
[0.2862952]
[0.28625655]
[0.28625455]
[0.28625208]
[0.2862487]
[0.28624794]
[0.28624287]
[0.28623337]
[0.28622594]
[0.28622016]
[0.28621185]
[0.2861961]
[0.28619003]
[0.286187]
[0.28616387]
[0.28613383]
[0.28612304]
[0.28612304]
[0.28612304]
[0.28611946]
[0.28611827]
[0.28609636]
[0.28608322]
[0.2860713]
[0.28605536]
[0.28604564]
[0.28600395]
[0.28598955]
[0.28598857]
[0.28598437]
[0.2859816]
[0.28598148]
[0.28597838]
[0.2859725]
[0.28596592]
[0.2859438]
[0.28594348]
[0.28593758]
[0.28592747]
[0.28592557]
[0.2859178]
[0.2858979]
[0.28587943]
[0.28587472]
[0.28586346]
[0.28582335]
[0.28581086]
[0.28580832]
[0.28579885]
[0.28577983]
[0.28576595]
[0.28576258]
[0.2857572]
[0.28573707]
[0.2857213]
[0.28571272]
[0.28571042]
[0.28570887]
[0.2857084]
[0.28567854]
[0.2856665]
[0.2856587]
[0.28564122]
[0.28563675]
[0.2855997]
[0.28559244]
[0.28554195]
[0.2855419]
[0.28552946]
[0.28551894]
[0.28550833]
[0.28550762]
[0.285507]
[0.28550118]
[0.2854911]
[0.2854863]
[0.2854718]
[0.2854656]
[0.28546405]
[0.28546205]
[0.28544545]
[0.2854175]
[0.2854085]
[0.28540733]
[0.28540662]
[0.28540653]
[0.28539994]
[0.28539494]
[0.28538013]
[0.28537658]
[0.28537333]
[0.28536814]
[0.28536525]
[0.28535262]
[0.28534168]
[0.2853322]
[0.28532737]
[0.28532168]
[0.2853196]
[0.2853071]
[0.28527865]
[0.28526536]
[0.28526178]
[0.28526053]
[0.28525567]
[0.28519753]
[0.28519475]
[0.2851853]
[0.2851853]
[0.28518268]
[0.28518003]
[0.28517255]
[0.28516936]
[0.2851631]
[0.2851526]
[0.28514564]
[0.28511226]
[0.28510904]
[0.2850983]
[0.28509286]
[0.28509012]
[0.28508583]
[0.28508577]
[0.28507984]
[0.2850768]
[0.28505397]
[0.2850535]
[0.28504312]
[0.28501195]
[0.28499627]
[0.28499058]
[0.2849673]
[0.28495592]
[0.28494892]
[0.2849316]
[0.28492266]
[0.28488764]
[0.28488362]
[0.28488332]
[0.28488332]
[0.28487596]
[0.2848671]
[0.2848641]
[0.2848576]
[0.28484088]
[0.28483766]
[0.28482726]
[0.2848176]
[0.2848147]
[0.28481293]
[0.2848097]
[0.284799]
[0.28479454]
[0.2847811]
[0.28477508]
[0.28476614]
[0.2847638]
[0.28475845]
[0.28475606]
[0.28475434]
[0.28473553]
[0.28473127]
[0.28472957]
[0.28471965]
[0.28471574]
[0.28470582]
[0.28469765]
[0.28469765]
[0.28468367]
[0.28468332]
[0.28467712]
[0.2846771]
[0.28466183]
[0.28465185]
[0.28465185]
[0.28465185]
[0.28464967]
[0.28463832]
[0.28463596]
[0.28462705]
[0.284614]
[0.28460154]
[0.28459716]
[0.2845964]
[0.28459424]
[0.28458324]
[0.28458062]
[0.28457496]
[0.28457117]
[0.2845686]
[0.2845658]
[0.2845658]
[0.2845652]
[0.28456497]
[0.28456357]
[0.284563]
[0.2845623]
[0.2845623]
[0.28455156]
[0.28453487]
[0.28452876]
[0.28452668]
[0.28452545]
[0.2845168]
[0.28450334]
[0.2844936]
[0.28449187]
[0.2844769]
[0.28447503]
[0.28447163]
[0.2844703]
[0.2844456]
[0.28443867]
[0.28440997]
[0.28440005]
[0.2843785]
[0.28437173]
[0.2843672]
[0.28436485]
[0.28436267]
[0.28435886]
[0.28434947]
[0.28430733]
[0.28429684]
[0.28429332]
[0.2842731]
[0.28425708]
[0.2842547]
[0.28425437]
[0.28425345]
[0.2842498]
[0.28424203]
[0.28423345]
[0.2842333]
[0.28421557]
[0.2842115]
[0.28421113]
[0.2842083]
[0.28419602]
[0.28419253]
[0.28417614]
[0.2841493]
[0.28414628]
[0.28413415]
[0.2841299]
[0.28411293]
[0.2841]
[0.2840943]
[0.2840927]
[0.28406647]
[0.28406432]
[0.28405768]
[0.28404897]
[0.28404897]
[0.2840341]
[0.28402]
[0.2840185]
[0.28400573]
[0.28400177]
[0.28400105]
[0.28399664]
[0.28399643]
[0.2839806]
[0.28395995]
[0.28395227]
[0.28395227]
[0.28395095]
[0.28394607]
[0.28394556]
[0.2839414]
[0.28394046]
[0.2839379]
[0.28393784]
[0.28393543]
[0.28393072]
[0.28392735]
[0.28392616]
[0.2839176]
[0.28391093]
[0.2839065]
[0.28388992]
[0.283881]
[0.28387013]
[0.28385583]
[0.28385064]
[0.28383425]
[0.2838184]
[0.28378674]
[0.28377306]
[0.28375366]
[0.28374636]
[0.28374568]
[0.28374302]
[0.28374293]
[0.2837239]
[0.28371218]
[0.28370145]
[0.28370005]
[0.2836884]
[0.28368577]
[0.28366756]
[0.2836533]
[0.2836399]
[0.2836287]
[0.28362283]
[0.28360263]
[0.2835941]
[0.28358766]
[0.2835839]
[0.28357488]
[0.28355145]
[0.28354758]
[0.28353465]
[0.2835159]
[0.28351316]
[0.28350303]
[0.2834988]
[0.2834871]
[0.28348622]
[0.2834706]
[0.28346878]
[0.28343502]
[0.28342783]
[0.28342348]
[0.28342137]
[0.2834211]
[0.2834169]
[0.28340048]
[0.2833924]
[0.28338802]
[0.28337547]
[0.28335485]
[0.28334022]
[0.28333962]
[0.28327262]
[0.28326967]
[0.28324875]
[0.28324482]
[0.28323036]
[0.2832237]
[0.28320834]
[0.28320813]
[0.2831966]
[0.28319237]
[0.28318653]
[0.2831859]
[0.2831634]
[0.283152]
[0.2831499]
[0.2831471]
[0.2831438]
[0.28311703]
[0.28311288]
[0.28310445]
[0.28309572]
[0.28308824]
[0.28306982]
[0.28306076]
[0.2830589]
[0.28305554]
[0.28304422]
[0.28302935]
[0.28301546]
[0.28300163]
[0.2829958]
[0.28299308]
[0.2829823]
[0.28297934]
[0.28295246]
[0.28293344]
[0.282921]
[0.28291884]
[0.28291646]
[0.28291455]
[0.28291175]
[0.28290632]
[0.28290418]
[0.28288117]
[0.2828583]
[0.28285635]
[0.28285566]
[0.28285533]
[0.28284538]
[0.28283197]
[0.28282428]
[0.28282237]
[0.28281152]
[0.28280935]
[0.28280523]
[0.28279755]
[0.28279337]
[0.28279173]
[0.2827885]
[0.28278357]
[0.2827814]
[0.28277922]
[0.2827704]
[0.28274068]
[0.28273988]
[0.28272152]
[0.28271878]
[0.28271726]
[0.28271434]
[0.28271103]
[0.28269637]
[0.2826703]
[0.28266293]
[0.28263852]
[0.28263852]
[0.28263387]
[0.2826128]
[0.2825883]
[0.2825859]
[0.28258452]
[0.28256923]
[0.2825663]
[0.28256372]
[0.28253365]
[0.28252277]
[0.28251585]
[0.282504]
[0.2825006]
[0.28249377]
[0.28248283]
[0.28247613]
[0.28242677]
[0.28242335]
[0.2824217]
[0.28241652]
[0.28237706]
[0.2823716]
[0.28236935]
[0.2823581]
[0.28235015]
[0.28234583]
[0.2823332]
[0.2823276]
[0.2823104]
[0.2823074]
[0.28230342]
[0.28229243]
[0.2822846]
[0.2822698]
[0.2822575]
[0.28223917]
[0.28223717]
[0.28223562]
[0.2822174]
[0.2822174]
[0.28221586]
[0.28220743]
[0.28218555]
[0.28217632]
[0.28217202]
[0.28215945]
[0.28214362]
[0.28214037]
[0.28211713]
[0.28210998]
[0.2821052]
[0.2820909]
[0.28208855]
[0.28208217]
[0.28207105]
[0.28206977]
[0.2820684]
[0.2820646]
[0.2820624]
[0.2820506]
[0.28204092]
[0.2820342]
[0.2820342]
[0.282031]
[0.28202486]
[0.28200674]
[0.28200674]
[0.28199586]
[0.28199586]
[0.2819931]
[0.2819864]
[0.2819819]
[0.2819819]
[0.28196925]
[0.28196633]
[0.28196403]
[0.28194818]
[0.2819424]
[0.28193682]
[0.2819245]
[0.28191742]
[0.2819136]
[0.28191045]
[0.2819084]
[0.2819081]
[0.28189644]
[0.2818919]
[0.28188244]
[0.28184512]
[0.28184372]
[0.28184262]
[0.2818356]
[0.28183433]
[0.28181648]
[0.2818028]
[0.28179702]
[0.28176332]
[0.28175408]
[0.28175148]
[0.28174183]
[0.28174147]
[0.2817348]
[0.28172994]
[0.28172877]
[0.28170946]
[0.28169984]
[0.28169575]
[0.2816887]
[0.28168556]
[0.28167856]
[0.28167436]
[0.2816726]
[0.28164676]
[0.28164616]
[0.28163737]
[0.28163677]
[0.28163514]
[0.28163242]
[0.28163084]
[0.28161347]
[0.28160828]
[0.2816038]
[0.2815741]
[0.28156307]
[0.28156203]
[0.2815555]
[0.28155375]
[0.28150588]
[0.28149715]
[0.281496]
[0.28148007]
[0.28147554]
[0.2814632]
[0.2814238]
[0.28139442]
[0.2813915]
[0.28138074]
[0.2813801]
[0.28136802]
[0.28135583]
[0.28135297]
[0.2813455]
[0.28134447]
[0.28130728]
[0.28130186]
[0.28129843]
[0.28129843]
[0.2812873]
[0.2812786]
[0.28126565]
[0.28121942]
[0.28121716]
[0.28120285]
[0.2811788]
[0.281176]
[0.2811656]
[0.28116283]
[0.28116155]
[0.28115496]
[0.28115103]
[0.28114006]
[0.28113562]
[0.2811328]
[0.2811263]
[0.28112286]
[0.2811189]
[0.28111476]
[0.28110522]
[0.281105]
[0.28109792]
[0.28109014]
[0.28108808]
[0.2810847]
[0.2810812]
[0.2810757]
[0.2810725]
[0.28106785]
[0.2810631]
[0.28103936]
[0.28101528]
[0.2810104]
[0.28100967]
[0.28100938]
[0.28100294]
[0.2809965]
[0.28099555]
[0.2809871]
[0.28097725]
[0.28097174]
[0.28095323]
[0.2809485]
[0.28093657]
[0.28093398]
[0.2809298]
[0.28092924]
[0.2809263]
[0.28092474]
[0.2809245]
[0.28091642]
[0.28091255]
[0.2809095]
[0.28090402]
[0.2808998]
[0.28089952]
[0.2808974]
[0.2808865]
[0.2808734]
[0.28086424]
[0.28084117]
[0.28083324]
[0.28082937]
[0.2808248]
[0.2808161]
[0.28080016]
[0.2807926]
[0.28079244]
[0.28079244]
[0.2807885]
[0.28078446]
[0.28078124]
[0.2807801]
[0.2807775]
[0.28074735]
[0.28073823]
[0.2807356]
[0.28071007]
[0.28070837]
[0.2807041]
[0.28068474]
[0.2806776]
[0.2806725]
[0.2806619]
[0.28065884]
[0.28065372]
[0.28065068]
[0.2806483]
[0.2806205]
[0.28061813]
[0.28057942]
[0.28057635]
[0.28057605]
[0.28055522]
[0.28054813]
[0.28054625]
[0.2805404]
[0.28053474]
[0.28053024]
[0.28052467]
[0.28052086]
[0.2805118]
[0.28050885]
[0.28049734]
[0.28049335]
[0.28049138]
[0.28048068]
[0.28046376]
[0.28046057]
[0.2804531]
[0.28044653]
[0.28044474]
[0.28044173]
[0.28044173]
[0.28041402]
[0.2804077]
[0.28040093]
[0.28039038]
[0.28038856]
[0.28038147]
[0.28037506]
[0.28036314]
[0.28034785]
[0.2803343]
[0.28033286]
[0.28032926]
[0.28031504]
[0.28031284]
[0.2803124]
[0.28030962]
[0.28030947]
[0.28030166]
[0.2802878]
[0.28028092]
[0.28027874]
[0.2802772]
[0.28027675]
[0.28027335]
[0.28024352]
[0.28023273]
[0.28023273]
[0.2802204]
[0.28021353]
[0.28021324]
[0.28020382]
[0.28020364]
[0.28019923]
[0.28019878]
[0.2801872]
[0.28018314]
[0.2801812]
[0.2801809]
[0.28017887]
[0.28017652]
[0.28016958]
[0.28016686]
[0.28014863]
[0.2801439]
[0.28014305]
[0.28013548]
[0.2801274]
[0.28012627]
[0.28011563]
[0.28011194]
[0.2801118]
[0.28011042]
[0.28010848]
[0.28010425]
[0.28009766]
[0.2800957]
[0.2800949]
[0.2800889]
[0.28008652]
[0.2800724]
[0.28006074]
[0.2800513]
[0.28004664]
[0.28002524]
[0.28002295]
[0.2800227]
[0.28001055]
[0.28000888]
[0.2799915]
[0.2799672]
[0.2799662]
[0.27996057]
[0.27993765]
[0.27993545]
[0.27992752]
[0.27991986]
[0.27991977]
[0.27991948]
[0.27990425]
[0.279898]
[0.2798968]
[0.27989355]
[0.27988315]
[0.2798802]
[0.27987713]
[0.27987695]
[0.27987528]
[0.2798732]
[0.2798732]
[0.27987033]
[0.2798512]
[0.2798467]
[0.27983338]
[0.27983198]
[0.27983162]
[0.27982742]
[0.27982286]
[0.27978167]
[0.27977514]
[0.27977303]
[0.279765]
[0.27975547]
[0.27974585]
[0.27974585]
[0.2797419]
[0.27973932]
[0.27973732]
[0.27973002]
[0.2797255]
[0.27971652]
[0.27971125]
[0.27970862]
[0.27970573]
[0.2796895]
[0.27968377]
[0.2796658]
[0.27962935]
[0.2796098]
[0.27960542]
[0.27959692]
[0.27959064]
[0.27958557]
[0.27958325]
[0.2795761]
[0.2795761]
[0.27957258]
[0.27957153]
[0.27957115]
[0.279562]
[0.2795505]
[0.27953386]
[0.27952564]
[0.2795232]
[0.2795152]
[0.27950555]
[0.27949452]
[0.27947676]
[0.2794602]
[0.27945006]
[0.27944696]
[0.27938738]
[0.27938077]
[0.2793709]
[0.27935618]
[0.27935225]
[0.27934447]
[0.2793385]
[0.2793372]
[0.27933258]
[0.27932933]
[0.2793216]
[0.27932036]
[0.27931714]
[0.27930456]
[0.2793041]
[0.27929446]
[0.27928263]
[0.27927867]
[0.2792759]
[0.27926895]
[0.27924368]
[0.27924365]
[0.27921736]
[0.2792051]
[0.27919888]
[0.2791779]
[0.279177]
[0.27916446]
[0.27916053]
[0.27915746]
[0.2791574]
[0.27914238]
[0.27913764]
[0.279133]
[0.27912822]
[0.27911177]
[0.2790927]
[0.27909115]
[0.27908286]
[0.27908245]
[0.27907678]
[0.27907652]
[0.2790716]
[0.27905348]
[0.27904266]
[0.27904266]
[0.27904242]
[0.2790407]
[0.27902982]
[0.27902094]
[0.27901638]
[0.27901432]
[0.27899998]
[0.2789996]
[0.27899936]
[0.27899718]
[0.27899387]
[0.27898735]
[0.27898648]
[0.27898622]
[0.27898622]
[0.2789797]
[0.27897742]
[0.278977]
[0.2789727]
[0.27896407]
[0.27896202]
[0.27894995]
[0.27894482]
[0.27894306]
[0.27894306]
[0.27894157]
[0.27890748]
[0.2789035]
[0.27889594]
[0.27888522]
[0.27888143]
[0.2788785]
[0.27885816]
[0.2788555]
[0.2788457]
[0.2788412]
[0.27884015]
[0.27883816]
[0.27883816]
[0.27883273]
[0.27883112]
[0.27882317]
[0.27879998]
[0.2787792]
[0.27877036]
[0.2787691]
[0.27876875]
[0.27876526]
[0.27876267]
[0.2787517]
[0.27874994]
[0.27874774]
[0.27874735]
[0.27874658]
[0.27874556]
[0.27873158]
[0.27873114]
[0.2787276]
[0.2787163]
[0.2787112]
[0.27870962]
[0.27870297]
[0.27868003]
[0.27867332]
[0.2786717]
[0.27866015]
[0.2786375]
[0.27863663]
[0.2786283]
[0.27862635]
[0.2786164]
[0.2786154]
[0.27860534]
[0.2785994]
[0.2785904]
[0.2785884]
[0.27858397]
[0.27857414]
[0.27856728]
[0.27856728]
[0.27855685]
[0.27855432]
[0.27854788]
[0.27853793]
[0.27853677]
[0.2785312]
[0.2785255]
[0.27852413]
[0.27852413]
[0.27852347]
[0.2785222]
[0.2785005]
[0.2785005]
[0.27847952]
[0.27847952]
[0.27846065]
[0.27843106]
[0.27843004]
[0.2784165]
[0.2784165]
[0.27841043]
[0.27840847]
[0.278407]
[0.27840483]
[0.2783979]
[0.2783881]
[0.27836898]
[0.27836585]
[0.2783656]
[0.27835798]
[0.27835438]
[0.2783411]
[0.27833512]
[0.2783199]
[0.27831265]
[0.27831265]
[0.27829662]
[0.27829662]
[0.27829066]
[0.27829066]
[0.27827927]
[0.27827793]
[0.27827775]
[0.2782732]
[0.2782604]
[0.27825192]
[0.27824605]
[0.27823848]
[0.27823356]
[0.27823073]
[0.27822557]
[0.27822173]
[0.27821276]
[0.27820435]
[0.27820322]
[0.27819434]
[0.2781941]
[0.2781941]
[0.2781919]
[0.27819034]
[0.27818534]
[0.27818254]
[0.2781741]
[0.27816424]
[0.27816045]
[0.27814278]
[0.27813286]
[0.27812603]
[0.27812096]
[0.27811855]
[0.2781091]
[0.27808943]
[0.27808678]
[0.27808556]
[0.27806342]
[0.27805284]
[0.278047]
[0.27803403]
[0.27803177]
[0.27802414]
[0.27802134]
[0.2780115]
[0.27800125]
[0.27799264]
[0.27798292]
[0.27798223]
[0.27797997]
[0.27797934]
[0.27797934]
[0.27797776]
[0.2779602]
[0.27795976]
[0.27794635]
[0.2779451]
[0.2779366]
[0.27792946]
[0.27792865]
[0.27791584]
[0.27788186]
[0.27787104]
[0.27786994]
[0.27786532]
[0.27786496]
[0.27785775]
[0.27785316]
[0.2778418]
[0.27781168]
[0.27780247]
[0.27779502]
[0.27779496]
[0.27779052]
[0.27777988]
[0.27777943]
[0.27777883]
[0.27776864]
[0.27776864]
[0.27776763]
[0.27776578]
[0.27775395]
[0.2777513]
[0.27774963]
[0.2777463]
[0.2777419]
[0.27773678]
[0.2777289]
[0.27772284]
[0.2777219]
[0.27771908]
[0.27771905]
[0.27769572]
[0.27769044]
[0.27768868]
[0.2776859]
[0.2776811]
[0.27767718]
[0.27767718]
[0.27767423]
[0.277666]
[0.27766383]
[0.2776608]
[0.27765796]
[0.27765736]
[0.27765477]
[0.27764156]
[0.27763528]
[0.27763084]
[0.27762756]
[0.27761418]
[0.27761337]
[0.27760634]
[0.27760634]
[0.27760294]
[0.2775758]
[0.27757]
[0.27756885]
[0.27756208]
[0.27755997]
[0.27754617]
[0.2775414]
[0.27753854]
[0.27751786]
[0.2775092]
[0.2775092]
[0.27750322]
[0.2774999]
[0.27749598]
[0.2774883]
[0.27747998]
[0.27747715]
[0.27745628]
[0.27745524]
[0.2774395]
[0.2774066]
[0.27738866]
[0.2773874]
[0.2773858]
[0.27737895]
[0.27736372]
[0.27735126]
[0.27735126]
[0.2773498]
[0.27733803]
[0.27732542]
[0.27732056]
[0.2773189]
[0.27731714]
[0.27731678]
[0.27731043]
[0.27731028]
[0.2773079]
[0.27728626]
[0.27726385]
[0.27725857]
[0.2772576]
[0.2772504]
[0.2772421]
[0.27723455]
[0.27723446]
[0.2772306]
[0.277229]
[0.277229]
[0.27722886]
[0.27722442]
[0.2772152]
[0.27720726]
[0.27719772]
[0.27719668]
[0.27717116]
[0.27716354]
[0.27715015]
[0.27714133]
[0.27713147]
[0.27712992]
[0.27712744]
[0.27712467]
[0.27711812]
[0.27709886]
[0.27709278]
[0.2770872]
[0.2770802]
[0.27706847]
[0.27706796]
[0.27706748]
[0.27705452]
[0.27705142]
[0.2770467]
[0.2770467]
[0.27704582]
[0.27704087]
[0.27703816]
[0.277036]
[0.2770316]
[0.2770274]
[0.27702454]
[0.2770202]
[0.27701837]
[0.27699277]
[0.27699128]
[0.27699092]
[0.27698478]
[0.2769844]
[0.2769833]
[0.27696866]
[0.27695504]
[0.27694294]
[0.27694076]
[0.27691868]
[0.27690428]
[0.27689627]
[0.27688506]
[0.27688444]
[0.2768617]
[0.27685416]
[0.27684748]
[0.27683982]
[0.2768369]
[0.2768356]
[0.2768235]
[0.2768213]
[0.27682033]
[0.276804]
[0.27680102]
[0.2767952]
[0.2767952]
[0.27679062]
[0.27678728]
[0.2767845]
[0.2767817]
[0.27677408]
[0.27677196]
[0.2767364]
[0.2767364]
[0.2767364]
[0.27670944]
[0.27670157]
[0.27670145]
[0.27669823]
[0.27669686]
[0.27668956]
[0.27668822]
[0.27668467]
[0.2766764]
[0.27667147]
[0.27667147]
[0.27666992]
[0.27666804]
[0.27664226]
[0.27664003]
[0.2766391]
[0.27663592]
[0.27663133]
[0.27662998]
[0.27662846]
[0.2766175]
[0.27661347]
[0.27661315]
[0.2766071]
[0.27659914]
[0.27659822]
[0.27658913]
[0.27657118]
[0.27655992]
[0.27655047]
[0.27653122]
[0.27652672]
[0.276526]
[0.27651122]
[0.2765067]
[0.2764948]
[0.27649033]
[0.2764822]
[0.2764734]
[0.27647233]
[0.27646932]
[0.27646124]
[0.2764555]
[0.27645418]
[0.27644783]
[0.27642658]
[0.2764249]
[0.27641818]
[0.27641422]
[0.27640012]
[0.27639586]
[0.27639028]
[0.27638438]
[0.2763688]
[0.27636677]
[0.27635777]
[0.2763469]
[0.2763426]
[0.2763351]
[0.2763345]
[0.2763345]
[0.2763318]
[0.27632758]
[0.276309]
[0.276309]
[0.276309]
[0.2763076]
[0.27629164]
[0.27628976]
[0.27627975]
[0.27627975]
[0.27627778]
[0.27626312]
[0.27625415]
[0.27625188]
[0.2762507]
[0.2762507]
[0.27624217]
[0.2762341]
[0.27623117]
[0.2762293]
[0.2762202]
[0.27620757]
[0.27620646]
[0.27619752]
[0.27616888]
[0.2761638]
[0.2761583]
[0.27615705]
[0.27614322]
[0.276139]
[0.27612463]
[0.27611372]
[0.27611342]
[0.27611035]
[0.2761047]
[0.27609655]
[0.2760957]
[0.27608964]
[0.27606982]
[0.27606502]
[0.2760614]
[0.27606004]
[0.27605382]
[0.27605352]
[0.2760516]
[0.2760421]
[0.27603832]
[0.27603742]
[0.27603307]
[0.27602276]
[0.27601728]
[0.27599835]
[0.2759962]
[0.27599034]
[0.27598834]
[0.27598754]
[0.27598676]
[0.2759787]
[0.2759739]
[0.27597266]
[0.27596924]
[0.27595714]
[0.27594715]
[0.27594686]
[0.27593276]
[0.27593043]
[0.275903]
[0.27589902]
[0.27588534]
[0.2758779]
[0.2758735]
[0.27587074]
[0.27587026]
[0.27586234]
[0.2758541]
[0.2758498]
[0.27583274]
[0.27583247]
[0.27582788]
[0.2758258]
[0.2758232]
[0.2758197]
[0.27581343]
[0.27581084]
[0.27580106]
[0.2757991]
[0.27579388]
[0.2757917]
[0.2757843]
[0.27578163]
[0.2757746]
[0.27576888]
[0.2757653]
[0.2757604]
[0.27575693]
[0.27575624]
[0.2757556]
[0.2757538]
[0.27574477]
[0.27574462]
[0.2757327]
[0.27572906]
[0.275703]
[0.27568743]
[0.27568668]
[0.27567518]
[0.27566165]
[0.27565724]
[0.27565166]
[0.27564064]
[0.2756402]
[0.27563462]
[0.27563184]
[0.2756316]
[0.27562174]
[0.2755929]
[0.2755814]
[0.27557155]
[0.27555943]
[0.27555805]
[0.27554613]
[0.27554423]
[0.2755433]
[0.27553803]
[0.27553076]
[0.2755243]
[0.27551717]
[0.27551386]
[0.27551222]
[0.27550247]
[0.2754929]
[0.27548975]
[0.27548832]
[0.27548018]
[0.2754776]
[0.27547514]
[0.27545908]
[0.2754489]
[0.27544516]
[0.27544492]
[0.27544338]
[0.27544338]
[0.27543905]
[0.27542967]
[0.2754287]
[0.27541798]
[0.27541733]
[0.2754103]
[0.27540392]
[0.2753916]
[0.27538708]
[0.27538708]
[0.27538148]
[0.27537334]
[0.2753694]
[0.2753434]
[0.27533144]
[0.27532786]
[0.2753271]
[0.2753129]
[0.27531272]
[0.27530938]
[0.27530256]
[0.27530253]
[0.27529562]
[0.27529484]
[0.2752817]
[0.2752809]
[0.27526894]
[0.2752663]
[0.2752609]
[0.2752607]
[0.27525946]
[0.27525416]
[0.27524093]
[0.27523625]
[0.27523422]
[0.2752099]
[0.2751943]
[0.2751827]
[0.27517897]
[0.27517802]
[0.2751735]
[0.2751735]
[0.27517337]
[0.27516243]
[0.27515918]
[0.275155]
[0.27515134]
[0.2751428]
[0.27513808]
[0.27513427]
[0.2751293]
[0.2751231]
[0.27511758]
[0.2751061]
[0.2751054]
[0.27509305]
[0.27509305]
[0.27508143]
[0.27507687]
[0.27507135]
[0.27506343]
[0.27505675]
[0.27504784]
[0.27500296]
[0.27500296]
[0.27500045]
[0.2749868]
[0.2749856]
[0.27498516]
[0.27495518]
[0.27495375]
[0.27495018]
[0.27494693]
[0.2749435]
[0.27493307]
[0.27493197]
[0.27492392]
[0.27492285]
[0.27491713]
[0.27491474]
[0.27491447]
[0.2748893]
[0.2748856]
[0.27488413]
[0.27487552]
[0.27487245]
[0.2748688]
[0.27486593]
[0.27485648]
[0.27485496]
[0.27485391]
[0.2748485]
[0.27484784]
[0.2748391]
[0.27478367]
[0.27478293]
[0.27478293]
[0.27478147]
[0.27476865]
[0.27475664]
[0.27474296]
[0.2747368]
[0.27473497]
[0.27473313]
[0.27472645]
[0.27471524]
[0.2747133]
[0.27471077]
[0.27470475]
[0.27469397]
[0.27468467]
[0.27467182]
[0.274654]
[0.27465114]
[0.27464336]
[0.27463767]
[0.27462]
[0.27461147]
[0.2746061]
[0.27460432]
[0.27459717]
[0.27459255]
[0.27458826]
[0.27458373]
[0.27457926]
[0.27457756]
[0.27457714]
[0.27457625]
[0.27456802]
[0.27456677]
[0.2745621]
[0.27455613]
[0.27455518]
[0.27455348]
[0.27454296]
[0.2745335]
[0.27452582]
[0.27452418]
[0.27451724]
[0.27450964]
[0.2745064]
[0.27449208]
[0.27447382]
[0.27447262]
[0.2744648]
[0.27444205]
[0.27443412]
[0.27442175]
[0.27441025]
[0.2744078]
[0.27439627]
[0.2743908]
[0.2743806]
[0.27436882]
[0.27436155]
[0.27434406]
[0.2743412]
[0.27433124]
[0.2743307]
[0.2743298]
[0.27432775]
[0.2743142]
[0.27431372]
[0.27431265]
[0.2743083]
[0.27430606]
[0.27429667]
[0.2742966]
[0.27428877]
[0.27428487]
[0.27428377]
[0.2742753]
[0.27427158]
[0.27427128]
[0.27426744]
[0.27426744]
[0.27426356]
[0.2742498]
[0.27424523]
[0.27424484]
[0.27423832]
[0.27423793]
[0.2742291]
[0.27421248]
[0.27420276]
[0.2741838]
[0.2741836]
[0.27417618]
[0.27417558]
[0.2741697]
[0.27416816]
[0.2741655]
[0.2741655]
[0.27416137]
[0.274155]
[0.27415344]
[0.27415308]
[0.27415162]
[0.27414742]
[0.27413905]
[0.2741293]
[0.27411857]
[0.2740976]
[0.27409413]
[0.2740896]
[0.2740829]
[0.27404693]
[0.2740424]
[0.2740374]
[0.27403593]
[0.27403563]
[0.27403542]
[0.27403435]
[0.27403307]
[0.2740228]
[0.2740221]
[0.27402028]
[0.27401662]
[0.27401114]
[0.2740104]
[0.27400693]
[0.27400446]
[0.27399915]
[0.27399787]
[0.27399433]
[0.27399063]
[0.27398464]
[0.27397573]
[0.2739637]
[0.27396145]
[0.27394417]
[0.2739201]
[0.27391908]
[0.27391663]
[0.27391455]
[0.27390507]
[0.27390322]
[0.27387753]
[0.27385956]
[0.27385655]
[0.27385333]
[0.2738509]
[0.27384904]
[0.2738414]
[0.27382243]
[0.27381614]
[0.27380726]
[0.27380404]
[0.2738032]
[0.2738028]
[0.27378872]
[0.2737795]
[0.2737765]
[0.27377525]
[0.27377275]
[0.27376136]
[0.2737507]
[0.2737454]
[0.27374366]
[0.27374297]
[0.27373672]
[0.27371258]
[0.27370456]
[0.27369103]
[0.27368516]
[0.27368245]
[0.2736736]
[0.27367273]
[0.27366948]
[0.27365503]
[0.27364752]
[0.27364004]
[0.27362406]
[0.27361903]
[0.27361575]
[0.27361488]
[0.27359715]
[0.273588]
[0.2735874]
[0.27356866]
[0.2735655]
[0.27356336]
[0.27356112]
[0.27355978]
[0.27354857]
[0.2735455]
[0.27353695]
[0.27352282]
[0.27351284]
[0.2735021]
[0.27349934]
[0.2734975]
[0.2734957]
[0.27349454]
[0.273489]
[0.27348834]
[0.27348506]
[0.27348435]
[0.273482]
[0.2734804]
[0.2734695]
[0.27346435]
[0.27346265]
[0.2734565]
[0.27345097]
[0.27344692]
[0.27344692]
[0.27343395]
[0.2734332]
[0.27342808]
[0.273425]
[0.27342415]
[0.2734113]
[0.27340463]
[0.27340275]
[0.2733913]
[0.2733875]
[0.273372]
[0.27335343]
[0.27334934]
[0.27333343]
[0.27332267]
[0.27331194]
[0.27331054]
[0.27331048]
[0.27330968]
[0.2733061]
[0.27330256]
[0.2732942]
[0.27329087]
[0.27328598]
[0.2732845]
[0.2732828]
[0.27327448]
[0.27325898]
[0.27325374]
[0.2732524]
[0.27324322]
[0.27323598]
[0.27323225]
[0.27322888]
[0.27321693]
[0.27321693]
[0.2732031]
[0.27319333]
[0.2731912]
[0.2731912]
[0.2731912]
[0.2731912]
[0.27318898]
[0.2731878]
[0.2731865]
[0.2731739]
[0.2731683]
[0.27316704]
[0.27316517]
[0.2731481]
[0.2731294]
[0.27312067]
[0.27311724]
[0.27311084]
[0.27311]
[0.27310675]
[0.27310574]
[0.27310228]
[0.27310228]
[0.27306846]
[0.27305302]
[0.2730247]
[0.2730223]
[0.27301964]
[0.27301788]
[0.2730161]
[0.2730126]
[0.27301067]
[0.2730092]
[0.27299127]
[0.27298477]
[0.27298257]
[0.2729779]
[0.2729779]
[0.2729778]
[0.27297497]
[0.27297243]
[0.27295974]
[0.27295902]
[0.2729385]
[0.27293706]
[0.2729198]
[0.27291188]
[0.2729096]
[0.27289706]
[0.2728928]
[0.2728842]
[0.27287653]
[0.27287233]
[0.27287042]
[0.27287042]
[0.27287042]
[0.27286017]
[0.2728595]
[0.27285257]
[0.27284926]
[0.27283978]
[0.27283734]
[0.27283397]
[0.27283072]
[0.27282342]
[0.2727934]
[0.27279124]
[0.27278167]
[0.27278167]
[0.27277616]
[0.27277458]
[0.27276278]
[0.27275652]
[0.27274337]
[0.27274337]
[0.27274337]
[0.27273256]
[0.27272823]
[0.27272353]
[0.27271354]
[0.27269563]
[0.27269277]
[0.2726854]
[0.27268246]
[0.27267537]
[0.27267483]
[0.272665]
[0.2726388]
[0.27263057]
[0.27262768]
[0.27262178]
[0.2726185]
[0.27261242]
[0.27260473]
[0.2725976]
[0.27259585]
[0.2725718]
[0.27257115]
[0.27256963]
[0.27256688]
[0.27256525]
[0.27255964]
[0.27255845]
[0.27254397]
[0.2725353]
[0.27252835]
[0.27252087]
[0.27251855]
[0.2725174]
[0.2725174]
[0.27251616]
[0.2725161]
[0.27251256]
[0.2724949]
[0.27249208]
[0.2724919]
[0.2724888]
[0.27248186]
[0.27247247]
[0.27247155]
[0.27246457]
[0.27245802]
[0.2724556]
[0.27244076]
[0.2724247]
[0.2724154]
[0.2724023]
[0.2724018]
[0.2724018]
[0.27239513]
[0.27239418]
[0.27239224]
[0.27239135]
[0.27237996]
[0.2723603]
[0.2723587]
[0.27235356]
[0.27233848]
[0.27233407]
[0.27233002]
[0.2723262]
[0.27232423]
[0.27231523]
[0.27230737]
[0.27230573]
[0.27230573]
[0.27230573]
[0.27230388]
[0.2723027]
[0.27230245]
[0.2722933]
[0.27226347]
[0.27226055]
[0.27225414]
[0.27224845]
[0.2722478]
[0.2722478]
[0.27223647]
[0.2722331]
[0.2722256]
[0.2722118]
[0.27220726]
[0.27220705]
[0.27219126]
[0.27218527]
[0.27218452]
[0.27218115]
[0.27217847]
[0.2721737]
[0.27215394]
[0.2721506]
[0.27214414]
[0.27214304]
[0.27213675]
[0.2721271]
[0.2721157]
[0.2721133]
[0.2721109]
[0.27210796]
[0.2721033]
[0.27209085]
[0.2720881]
[0.2720626]
[0.27205756]
[0.27205727]
[0.27204385]
[0.27204385]
[0.2720285]
[0.2720267]
[0.272024]
[0.2720179]
[0.27201653]
[0.27201447]
[0.27201414]
[0.27200884]
[0.27200058]
[0.27199894]
[0.27199855]
[0.27199352]
[0.27199003]
[0.27198884]
[0.2719779]
[0.27197608]
[0.2719753]
[0.27196902]
[0.27196738]
[0.27196097]
[0.27196097]
[0.27196082]
[0.27195692]
[0.2719504]
[0.27192914]
[0.27191734]
[0.2719158]
[0.27191433]
[0.27190784]
[0.27189708]
[0.27189222]
[0.2718724]
[0.27187216]
[0.27186456]
[0.2718633]
[0.27186096]
[0.27185655]
[0.2718447]
[0.27183038]
[0.27181697]
[0.27181655]
[0.2718109]
[0.27181032]
[0.27180967]
[0.27180806]
[0.2718073]
[0.27179253]
[0.27177486]
[0.27177465]
[0.2717732]
[0.27176985]
[0.27176437]
[0.2717605]
[0.27175435]
[0.2717542]
[0.27173248]
[0.27171916]
[0.27171746]
[0.2717092]
[0.2717031]
[0.27169916]
[0.2716955]
[0.27168554]
[0.27168283]
[0.27165145]
[0.27164936]
[0.27164635]
[0.271646]
[0.27164593]
[0.27163956]
[0.27163896]
[0.2716307]
[0.27161476]
[0.27159476]
[0.2715924]
[0.27159232]
[0.27159062]
[0.27158725]
[0.27156708]
[0.2715605]
[0.27155584]
[0.27154064]
[0.2715386]
[0.27153605]
[0.2715337]
[0.27153265]
[0.27153245]
[0.2715244]
[0.2715204]
[0.27150926]
[0.27150422]
[0.2714916]
[0.27148962]
[0.2714872]
[0.27147818]
[0.27147177]
[0.27146408]
[0.2714594]
[0.27144867]
[0.27144265]
[0.2714414]
[0.2714401]
[0.2714323]
[0.27142918]
[0.2714237]
[0.2714193]
[0.2714192]
[0.27140635]
[0.2713952]
[0.2713952]
[0.2713952]
[0.27138582]
[0.2713674]
[0.27136704]
[0.27135894]
[0.27135894]
[0.27135697]
[0.27134869]
[0.27133164]
[0.27132037]
[0.2713145]
[0.27131283]
[0.27130878]
[0.271292]
[0.2712885]
[0.27128485]
[0.27128282]
[0.27128184]
[0.2712708]
[0.27125385]
[0.27125224]
[0.27125224]
[0.27124774]
[0.27124488]
[0.2712408]
[0.2712402]
[0.2712399]
[0.271226]
[0.27122593]
[0.27122477]
[0.2712168]
[0.2712152]
[0.2712152]
[0.27121416]
[0.27119842]
[0.27118778]
[0.27118778]
[0.2711862]
[0.27117774]
[0.27116656]
[0.2711647]
[0.27114907]
[0.27114528]
[0.2711427]
[0.27112556]
[0.27109253]
[0.27108994]
[0.27107748]
[0.27107295]
[0.2710711]
[0.2710711]
[0.2710711]
[0.27106613]
[0.27106613]
[0.27105474]
[0.2710493]
[0.27104518]
[0.27103397]
[0.27102903]
[0.2710262]
[0.27101976]
[0.2710046]
[0.2709989]
[0.27099192]
[0.27098253]
[0.27097887]
[0.270938]
[0.27093518]
[0.27092955]
[0.27092424]
[0.27092317]
[0.27092203]
[0.27091736]
[0.270913]
[0.27090508]
[0.27089354]
[0.27087465]
[0.27087212]
[0.270859]
[0.27085704]
[0.27084517]
[0.27083418]
[0.27083215]
[0.27083012]
[0.27082217]
[0.27081263]
[0.27081263]
[0.27080494]
[0.27080107]
[0.27078626]
[0.27078402]
[0.27078083]
[0.27078083]
[0.270774]
[0.27073088]
[0.27072135]
[0.27070722]
[0.27069473]
[0.2706886]
[0.27068645]
[0.27068606]
[0.2706701]
[0.27065283]
[0.27065226]
[0.27063277]
[0.27062473]
[0.27062336]
[0.27061605]
[0.2706087]
[0.2706062]
[0.27058455]
[0.27058455]
[0.2705836]
[0.2705805]
[0.2705701]
[0.27054852]
[0.27054527]
[0.27054527]
[0.27054113]
[0.27053982]
[0.27052963]
[0.27052405]
[0.27051374]
[0.27050978]
[0.2704969]
[0.27047867]
[0.27046198]
[0.27046198]
[0.2704586]
[0.27044144]
[0.27043825]
[0.2704374]
[0.27042624]
[0.2704124]
[0.27041104]
[0.2703956]
[0.2703894]
[0.27037907]
[0.2703686]
[0.2703683]
[0.2703569]
[0.27035123]
[0.27034894]
[0.27034754]
[0.27033585]
[0.27033317]
[0.2703118]
[0.27030823]
[0.27030715]
[0.2702987]
[0.27029443]
[0.27028573]
[0.27028573]
[0.27028313]
[0.27028027]
[0.2702648]
[0.27025932]
[0.270255]
[0.270246]
[0.2702393]
[0.270215]
[0.2702021]
[0.27019736]
[0.27019703]
[0.2701959]
[0.27019322]
[0.2701886]
[0.27018735]
[0.27017638]
[0.27017513]
[0.27017018]
[0.2701691]
[0.27016556]
[0.27016017]
[0.2701511]
[0.27014127]
[0.2701386]
[0.27013606]
[0.27013353]
[0.2701166]
[0.27011454]
[0.27011374]
[0.27011374]
[0.27011374]
[0.27011248]
[0.27010912]
[0.27010775]
[0.27009416]
[0.27009013]
[0.2700874]
[0.27008536]
[0.27006528]
[0.27005398]
[0.27005288]
[0.27003703]
[0.27003592]
[0.27003235]
[0.27002382]
[0.2700221]
[0.27001646]
[0.27001575]
[0.27001432]
[0.26999825]
[0.2699957]
[0.26999313]
[0.26998273]
[0.26996937]
[0.26996937]
[0.2699629]
[0.2699629]
[0.26994762]
[0.26993948]
[0.26992255]
[0.26991498]
[0.26991498]
[0.26991397]
[0.26991108]
[0.2699019]
[0.2698995]
[0.26989815]
[0.2698909]
[0.26988432]
[0.26986843]
[0.26986393]
[0.2698453]
[0.26983818]
[0.2698353]
[0.2698214]
[0.26981765]
[0.26981598]
[0.2698072]
[0.26980698]
[0.26980385]
[0.26980072]
[0.26979426]
[0.26979375]
[0.26979178]
[0.26977468]
[0.26976687]
[0.2697649]
[0.26975095]
[0.26974896]
[0.26974806]
[0.26973963]
[0.2697358]
[0.2697253]
[0.26971617]
[0.26971543]
[0.2697147]
[0.26970738]
[0.26970667]
[0.26969516]
[0.26967385]
[0.26966366]
[0.26965237]
[0.269647]
[0.26964414]
[0.26964414]
[0.26963538]
[0.26963288]
[0.26963076]
[0.2696292]
[0.26961607]
[0.26961175]
[0.26961175]
[0.26960248]
[0.26959407]
[0.26958674]
[0.26958573]
[0.2695531]
[0.26953557]
[0.26953408]
[0.26953408]
[0.26953015]
[0.26952964]
[0.26951814]
[0.26951343]
[0.2695123]
[0.26950765]
[0.2694877]
[0.26947275]
[0.26946715]
[0.26944777]
[0.26944253]
[0.2694287]
[0.26942524]
[0.269404]
[0.26939738]
[0.2693952]
[0.26939386]
[0.2693916]
[0.26937726]
[0.2693756]
[0.26937068]
[0.2693614]
[0.26935697]
[0.26935422]
[0.26934543]
[0.26933512]
[0.26933008]
[0.2693221]
[0.2693098]
[0.26930654]
[0.26930237]
[0.2693015]
[0.2692827]
[0.26928088]
[0.26927048]
[0.2692595]
[0.2692295]
[0.26921117]
[0.26920336]
[0.26917812]
[0.26917452]
[0.2691667]
[0.26915923]
[0.26914787]
[0.26914376]
[0.26913673]
[0.26911387]
[0.26910782]
[0.2690911]
[0.2690866]
[0.26908013]
[0.26906317]
[0.2690597]
[0.26901987]
[0.26901746]
[0.269007]
[0.26900032]
[0.2689956]
[0.26898623]
[0.26898065]
[0.2689766]
[0.2689766]
[0.2689766]
[0.2689766]
[0.2689598]
[0.26895612]
[0.2689558]
[0.2689457]
[0.2689457]
[0.2689432]
[0.26893303]
[0.2689325]
[0.2689319]
[0.26893]
[0.26892713]
[0.26892295]
[0.26891378]
[0.26889518]
[0.26889127]
[0.26888987]
[0.2688678]
[0.2688574]
[0.2688439]
[0.2688293]
[0.26881903]
[0.26881683]
[0.26881534]
[0.26880628]
[0.26880038]
[0.26880038]
[0.26878488]
[0.26877826]
[0.26877058]
[0.2687536]
[0.26874077]
[0.26874003]
[0.26873946]
[0.26873913]
[0.26873222]
[0.26872095]
[0.26871312]
[0.26870817]
[0.26869166]
[0.2686882]
[0.26868582]
[0.26868132]
[0.26866308]
[0.2686458]
[0.26864356]
[0.2686338]
[0.26859963]
[0.26859045]
[0.2685894]
[0.26857844]
[0.268569]
[0.26856786]
[0.2685613]
[0.2685363]
[0.26853624]
[0.26852968]
[0.26852748]
[0.26852623]
[0.2685202]
[0.2685194]
[0.26851833]
[0.26851752]
[0.26850212]
[0.26850212]
[0.26848948]
[0.2684857]
[0.2684576]
[0.26845217]
[0.26845217]
[0.26845217]
[0.2684431]
[0.26843053]
[0.26842973]
[0.26842743]
[0.26841906]
[0.2684009]
[0.268386]
[0.2683748]
[0.26837403]
[0.26837248]
[0.26836306]
[0.26834747]
[0.26834095]
[0.26832598]
[0.26830822]
[0.26830727]
[0.2683063]
[0.26830527]
[0.2683038]
[0.26830065]
[0.2682995]
[0.26829726]
[0.26829028]
[0.26828548]
[0.26826102]
[0.26824945]
[0.26824945]
[0.26824558]
[0.26824218]
[0.26822498]
[0.26821885]
[0.26821834]
[0.2682076]
[0.268202]
[0.2682005]
[0.2681972]
[0.26818827]
[0.26818308]
[0.26817977]
[0.26816946]
[0.26814893]
[0.26814657]
[0.2681363]
[0.26812974]
[0.2681198]
[0.26810786]
[0.2681035]
[0.26810053]
[0.26808935]
[0.26808918]
[0.2680874]
[0.2680455]
[0.26802918]
[0.2680257]
[0.2680241]
[0.2680182]
[0.2680182]
[0.26800668]
[0.26800346]
[0.26799873]
[0.26797494]
[0.2679692]
[0.26795933]
[0.26795933]
[0.26794702]
[0.26794472]
[0.26794472]
[0.26794457]
[0.2679395]
[0.26793858]
[0.26793617]
[0.2679232]
[0.26792216]
[0.26789677]
[0.26789454]
[0.26789102]
[0.26788303]
[0.26787513]
[0.26786733]
[0.26786688]
[0.26786047]
[0.26782554]
[0.26781186]
[0.26781186]
[0.2678031]
[0.2677984]
[0.267798]
[0.26778668]
[0.26777688]
[0.26777035]
[0.26776433]
[0.26775885]
[0.26775765]
[0.26774853]
[0.2677266]
[0.2677235]
[0.26771867]
[0.26770824]
[0.26770824]
[0.26769748]
[0.26769045]
[0.267686]
[0.2676778]
[0.2676532]
[0.2676339]
[0.26763293]
[0.26763186]
[0.26762053]
[0.26761883]
[0.26761577]
[0.26761192]
[0.26760605]
[0.26760402]
[0.2676035]
[0.2676035]
[0.26760122]
[0.26760033]
[0.26757511]
[0.26757327]
[0.26755902]
[0.26753768]
[0.26752752]
[0.26751646]
[0.26751482]
[0.26751038]
[0.26750624]
[0.26750508]
[0.26749304]
[0.26744428]
[0.26743916]
[0.26743802]
[0.26742575]
[0.26742488]
[0.2674054]
[0.26739663]
[0.26738265]
[0.26737276]
[0.2673691]
[0.26736176]
[0.26734528]
[0.2673243]
[0.2673207]
[0.2673207]
[0.2673207]
[0.26730326]
[0.2673015]
[0.26729715]
[0.26727462]
[0.26727232]
[0.2672215]
[0.26719362]
[0.2671897]
[0.2671641]
[0.2671609]
[0.26715422]
[0.26714754]
[0.2671381]
[0.2671381]
[0.2671318]
[0.26710358]
[0.267089]
[0.2670851]
[0.26707694]
[0.2670702]
[0.2670489]
[0.26702806]
[0.2670219]
[0.26701635]
[0.26699784]
[0.26697618]
[0.26696986]
[0.2669597]
[0.26695135]
[0.26693848]
[0.26693848]
[0.26693848]
[0.2668999]
[0.2668999]
[0.2668827]
[0.26688027]
[0.2668752]
[0.26686487]
[0.26686293]
[0.2668621]
[0.2668604]
[0.26681694]
[0.2668007]
[0.26674595]
[0.26674396]
[0.26673868]
[0.26673868]
[0.26673508]
[0.26673236]
[0.26672617]
[0.26670223]
[0.2666915]
[0.26668504]
[0.26667324]
[0.26664728]
[0.26663494]
[0.26662776]
[0.26662654]
[0.2666125]
[0.2666037]
[0.26653007]
[0.2665211]
[0.26650953]
[0.26650488]
[0.26648208]
[0.2664353]
[0.26640394]
[0.26639846]
[0.2663977]
[0.26638636]
[0.26634806]
[0.26634455]
[0.26633936]
[0.26633188]
[0.26632795]
[0.26631808]
[0.26628757]
[0.26628155]
[0.26624265]
[0.26622003]
[0.26621532]
[0.26619536]
[0.2661948]
[0.26618567]
[0.26618567]
[0.2661784]
[0.26616037]
[0.2661545]
[0.26615325]
[0.26612985]
[0.2661163]
[0.26610285]
[0.2660835]
[0.2660678]
[0.26604]
[0.26603702]
[0.26603568]
[0.26603168]
[0.26600933]
[0.26596007]
[0.26593933]
[0.2659369]
[0.265929]
[0.265929]
[0.2659255]
[0.26592073]
[0.2659024]
[0.2658934]
[0.26589325]
[0.26588228]
[0.26586977]
[0.2658693]
[0.26586396]
[0.26585546]
[0.2658458]
[0.26584452]
[0.2658406]
[0.26582435]
[0.26580423]
[0.2657994]
[0.2657922]
[0.2657918]
[0.2657909]
[0.26575905]
[0.26575464]
[0.26574412]
[0.26573867]
[0.26573056]
[0.26568437]
[0.26566887]
[0.2656367]
[0.2656281]
[0.26562664]
[0.26561558]
[0.26560733]
[0.2655919]
[0.26555642]
[0.26555574]
[0.26554412]
[0.26553696]
[0.26546803]
[0.2654587]
[0.2654587]
[0.26544994]
[0.26544496]
[0.2654401]
[0.26541093]
[0.26540607]
[0.2653783]
[0.2653599]
[0.26534152]
[0.26533893]
[0.26533365]
[0.26531717]
[0.26530412]
[0.26528695]
[0.26527312]
[0.2652246]
[0.26522276]
[0.2652093]
[0.26516846]
[0.2651163]
[0.26510105]
[0.26510024]
[0.26510024]
[0.2650532]
[0.26500335]
[0.26499856]
[0.26493642]
[0.26485705]
[0.2648488]
[0.26484388]
[0.26483443]
[0.26483443]
[0.2648231]
[0.26481357]
[0.2648056]
[0.26475108]
[0.26474422]
[0.2647379]
[0.26472503]
[0.26471448]
[0.26468992]
[0.26468796]
[0.26468647]
[0.26468587]
[0.26468432]
[0.26467043]
[0.26467043]
[0.26466638]
[0.26466638]
[0.2646648]
[0.26464465]
[0.26461786]
[0.264613]
[0.2646111]
[0.26458833]
[0.26458296]
[0.2645805]
[0.26456377]
[0.26455986]
[0.26455855]
[0.26455414]
[0.26455116]
[0.2645247]
[0.2645197]
[0.26448724]
[0.2644815]
[0.26446098]
[0.2644232]
[0.2643737]
[0.2643737]
[0.2643737]
[0.2642204]
[0.2642085]
[0.26420513]
[0.26418513]
[0.26418135]
[0.26418003]
[0.26417798]
[0.2641529]
[0.2641489]
[0.2641395]
[0.26410377]
[0.2640944]
[0.26406932]
[0.2640633]
[0.2640633]
[0.26404312]
[0.26402068]
[0.26401615]
[0.2640015]
[0.2639968]
[0.2639678]
[0.2639347]
[0.26387823]
[0.26386198]
[0.26386014]
[0.26379105]
[0.26376382]
[0.2637493]
[0.26374143]
[0.26374143]
[0.26374143]
[0.26374143]
[0.26371908]
[0.26370892]
[0.26370603]
[0.2636552]
[0.26365435]
[0.26364738]
[0.26362193]
[0.2636199]
[0.26360112]
[0.26354554]
[0.26350716]
[0.2634471]
[0.26337123]
[0.26337123]
[0.26336297]
[0.26323196]
[0.2631671]
[0.2631555]
[0.26314673]
[0.2631412]
[0.26311514]
[0.2631123]
[0.26310492]
[0.26310027]
[0.2630698]
[0.2630101]
[0.26299933]
[0.2629974]
[0.26279375]
[0.2627828]
[0.2627659]
[0.2627479]
[0.2627479]
[0.26258025]
[0.26246655]
[0.26244763]
[0.26227808]
[0.26226142]
[0.26220918]
[0.26218474]
[0.26217604]
[0.26211125]
[0.26210806]
[0.2620895]
[0.2620548]
[0.26196712]
[0.26187256]
[0.26181868]
[0.2618002]
[0.26178482]
[0.26155707]
[0.26141834]
[0.26122868]
[0.26099926]
[0.260995]
[0.26097733]
[0.26096302]
[0.26092255]
[0.2608907]
[0.26088628]
[0.2608538]
[0.26022148]
