[0.72483635]
[0.66044295]
[0.62306386]
[0.6111473]
[0.5988854]
[0.59681886]
[0.5914782]
[0.57282346]
[0.5712005]
[0.56980425]
[0.56833464]
[0.54118603]
[0.5255992]
[0.5160811]
[0.5079116]
[0.50600237]
[0.49465227]
[0.49166033]
[0.4862781]
[0.47986147]
[0.47931194]
[0.47792956]
[0.47784406]
[0.4758128]
[0.4739778]
[0.47170064]
[0.4706264]
[0.46279764]
[0.46162266]
[0.4594718]
[0.45917532]
[0.4579332]
[0.45444247]
[0.45440933]
[0.45193306]
[0.44778484]
[0.43017805]
[0.42666996]
[0.42497358]
[0.42261714]
[0.418028]
[0.41682723]
[0.4161522]
[0.4140592]
[0.4107513]
[0.41006497]
[0.40970972]
[0.408343]
[0.40631953]
[0.4049004]
[0.40263498]
[0.4005859]
[0.40023902]
[0.40019193]
[0.39878756]
[0.3986868]
[0.3975787]
[0.39745635]
[0.39643183]
[0.39602166]
[0.39557987]
[0.3950813]
[0.38778806]
[0.38650376]
[0.38284352]
[0.38192913]
[0.3816238]
[0.38137552]
[0.38009125]
[0.3792262]
[0.37778676]
[0.37739217]
[0.3772388]
[0.3762118]
[0.3753959]
[0.3750789]
[0.37453064]
[0.37418887]
[0.37415695]
[0.371573]
[0.37147373]
[0.3710623]
[0.371008]
[0.37018043]
[0.3692415]
[0.3682461]
[0.36766598]
[0.36766598]
[0.36658588]
[0.36597547]
[0.3658646]
[0.36537293]
[0.3648962]
[0.36466405]
[0.3628549]
[0.36193737]
[0.36172643]
[0.36117834]
[0.35961878]
[0.35825616]
[0.356757]
[0.3553503]
[0.35290632]
[0.35169396]
[0.351464]
[0.3502961]
[0.34995094]
[0.3495222]
[0.34951386]
[0.34916303]
[0.34899127]
[0.3473049]
[0.34699392]
[0.34669232]
[0.34511057]
[0.34502244]
[0.34384027]
[0.3437508]
[0.34256107]
[0.34195814]
[0.34189552]
[0.3406679]
[0.3390687]
[0.33883253]
[0.33881813]
[0.33778837]
[0.33731893]
[0.33670062]
[0.33588973]
[0.33543277]
[0.33537275]
[0.3349661]
[0.33470953]
[0.3345785]
[0.33455908]
[0.3342351]
[0.3340191]
[0.33385953]
[0.3334634]
[0.33338797]
[0.333316]
[0.3332163]
[0.33283788]
[0.331848]
[0.33184692]
[0.33183494]
[0.33134872]
[0.33110118]
[0.33071497]
[0.3304373]
[0.33003545]
[0.32883057]
[0.32585907]
[0.3254029]
[0.3251061]
[0.32491764]
[0.32475933]
[0.32471657]
[0.32459733]
[0.32436636]
[0.32413977]
[0.32370624]
[0.32201472]
[0.3219073]
[0.32171962]
[0.32167488]
[0.32153833]
[0.32147166]
[0.32120615]
[0.3211913]
[0.32115352]
[0.32115352]
[0.32115352]
[0.32102945]
[0.32077846]
[0.32004753]
[0.31964257]
[0.31853318]
[0.31845534]
[0.3181768]
[0.31774575]
[0.31721202]
[0.31698203]
[0.31663936]
[0.31655592]
[0.31630346]
[0.3150992]
[0.31489706]
[0.31444597]
[0.3142782]
[0.31410235]
[0.3135788]
[0.3135376]
[0.31353018]
[0.31309062]
[0.31303284]
[0.3124331]
[0.31194657]
[0.31070188]
[0.31066293]
[0.31049064]
[0.31009293]
[0.3094723]
[0.30806926]
[0.30716914]
[0.30694053]
[0.30676347]
[0.30670413]
[0.30657312]
[0.30615312]
[0.30567122]
[0.30517724]
[0.30517706]
[0.30469775]
[0.30423692]
[0.30365196]
[0.3032493]
[0.30258697]
[0.30207926]
[0.3019431]
[0.3019327]
[0.30141625]
[0.30070606]
[0.30042496]
[0.29998535]
[0.29965052]
[0.29963392]
[0.29810438]
[0.2980376]
[0.2977507]
[0.2974009]
[0.296589]
[0.296294]
[0.2962064]
[0.2960314]
[0.29551288]
[0.29484597]
[0.29413414]
[0.2937988]
[0.29290506]
[0.29222068]
[0.29187593]
[0.2905948]
[0.29023957]
[0.29017037]
[0.28994954]
[0.2897329]
[0.28963426]
[0.2890557]
[0.2890538]
[0.2883482]
[0.28834078]
[0.28819925]
[0.2881463]
[0.28767928]
[0.28747272]
[0.28746238]
[0.28743973]
[0.28740764]
[0.28729188]
[0.28711206]
[0.28676328]
[0.2867213]
[0.28645313]
[0.28638926]
[0.2863457]
[0.28595194]
[0.28592506]
[0.2857502]
[0.28555718]
[0.28554046]
[0.28542715]
[0.2853077]
[0.2842089]
[0.2838797]
[0.28359023]
[0.28340626]
[0.28332028]
[0.28240332]
[0.28221333]
[0.28169236]
[0.28131473]
[0.2812321]
[0.28075492]
[0.28075004]
[0.28072828]
[0.28072828]
[0.28027984]
[0.28022212]
[0.2800799]
[0.28001353]
[0.2786913]
[0.2786843]
[0.27849972]
[0.27811792]
[0.27769345]
[0.2773703]
[0.2771269]
[0.276936]
[0.2767049]
[0.27655575]
[0.2764628]
[0.27638713]
[0.27627861]
[0.27604634]
[0.27569416]
[0.2754267]
[0.2753798]
[0.2751952]
[0.27509183]
[0.2749012]
[0.2748342]
[0.2746484]
[0.27438203]
[0.27430475]
[0.2742505]
[0.27416518]
[0.2739928]
[0.27395564]
[0.2735499]
[0.27321294]
[0.2729385]
[0.27277687]
[0.27277353]
[0.2727151]
[0.27262372]
[0.27252412]
[0.2725064]
[0.27225456]
[0.2721306]
[0.2719687]
[0.27183256]
[0.27163145]
[0.27145097]
[0.2712954]
[0.27118692]
[0.27117693]
[0.2711457]
[0.2709836]
[0.27097982]
[0.2698734]
[0.26965228]
[0.26962426]
[0.26894006]
[0.2685825]
[0.26843965]
[0.26755574]
[0.26729316]
[0.2672065]
[0.26704946]
[0.26672447]
[0.26641136]
[0.2663394]
[0.26620468]
[0.26605472]
[0.2660073]
[0.2655214]
[0.265218]
[0.26500738]
[0.2645371]
[0.26415953]
[0.26388046]
[0.26380718]
[0.26368994]
[0.26317087]
[0.2630207]
[0.26286933]
[0.26281476]
[0.26255494]
[0.26248157]
[0.2616187]
[0.26148513]
[0.26138458]
[0.261248]
[0.26111737]
[0.2610523]
[0.26063523]
[0.26016846]
[0.2601528]
[0.2600373]
[0.25994724]
[0.25982958]
[0.25968352]
[0.25962186]
[0.25957605]
[0.25945848]
[0.2593298]
[0.259211]
[0.25856337]
[0.25851247]
[0.25832388]
[0.25807264]
[0.25804663]
[0.257896]
[0.2578439]
[0.2578438]
[0.2574569]
[0.25717562]
[0.2569419]
[0.25689936]
[0.25689936]
[0.25667366]
[0.25662956]
[0.25662547]
[0.25623578]
[0.25615788]
[0.25600848]
[0.2560028]
[0.25567302]
[0.25566295]
[0.25546312]
[0.25528732]
[0.25526512]
[0.25524086]
[0.25502166]
[0.25497112]
[0.25478742]
[0.25444448]
[0.2544149]
[0.254375]
[0.25424492]
[0.25412366]
[0.25409925]
[0.2540437]
[0.25390863]
[0.2538421]
[0.25355625]
[0.25355017]
[0.25353533]
[0.2534856]
[0.25346592]
[0.25345102]
[0.25339463]
[0.2533945]
[0.2533518]
[0.25316846]
[0.25303155]
[0.2526239]
[0.25236264]
[0.25231928]
[0.25228733]
[0.2521583]
[0.2519328]
[0.25180018]
[0.25178453]
[0.25058162]
[0.25053954]
[0.25045407]
[0.25036362]
[0.25033087]
[0.25017497]
[0.2500084]
[0.24985442]
[0.24985027]
[0.24963331]
[0.24946275]
[0.24938045]
[0.2491986]
[0.24900405]
[0.24894698]
[0.24886763]
[0.24872822]
[0.24863552]
[0.24852057]
[0.24828239]
[0.24819241]
[0.2481452]
[0.24805844]
[0.24794254]
[0.24793375]
[0.2478865]
[0.24788404]
[0.24779458]
[0.24720806]
[0.24710861]
[0.24705714]
[0.24703701]
[0.24682313]
[0.24662894]
[0.24661566]
[0.24650899]
[0.2464703]
[0.24644879]
[0.24636893]
[0.24621691]
[0.24610291]
[0.24580304]
[0.24570481]
[0.24563263]
[0.24550465]
[0.24549837]
[0.24536255]
[0.24521004]
[0.24509679]
[0.24500778]
[0.24500778]
[0.2449009]
[0.2449009]
[0.24487999]
[0.2446841]
[0.24461456]
[0.24453709]
[0.24449903]
[0.24443413]
[0.24439982]
[0.24434368]
[0.24401559]
[0.24375035]
[0.24345641]
[0.24336301]
[0.24316254]
[0.2430354]
[0.24291903]
[0.24280804]
[0.24254307]
[0.24251243]
[0.24243927]
[0.2421893]
[0.24214545]
[0.24192628]
[0.24144284]
[0.2414166]
[0.24140783]
[0.24099545]
[0.24099013]
[0.24099013]
[0.24095762]
[0.24093945]
[0.24092853]
[0.24090491]
[0.24086073]
[0.24069318]
[0.24068856]
[0.24057126]
[0.24054885]
[0.24054669]
[0.24036375]
[0.24029417]
[0.24024971]
[0.24017958]
[0.24013205]
[0.24006003]
[0.2399774]
[0.23994292]
[0.23992382]
[0.2398577]
[0.23978081]
[0.2395968]
[0.23933308]
[0.23927669]
[0.23922127]
[0.23920335]
[0.23908113]
[0.23903047]
[0.23902345]
[0.23899056]
[0.2388316]
[0.23878182]
[0.2387488]
[0.2387108]
[0.23870437]
[0.23858422]
[0.23828176]
[0.2381079]
[0.23801248]
[0.2379275]
[0.23782043]
[0.2377773]
[0.23774473]
[0.23766235]
[0.23764467]
[0.2371116]
[0.23704116]
[0.23691635]
[0.23688138]
[0.23688006]
[0.2366812]
[0.23650004]
[0.23636866]
[0.23633972]
[0.23585841]
[0.23568416]
[0.23554036]
[0.2355282]
[0.23543438]
[0.23542905]
[0.23508954]
[0.23484634]
[0.2347667]
[0.2346972]
[0.2346357]
[0.23450175]
[0.23433584]
[0.23424873]
[0.23422699]
[0.23410836]
[0.23408635]
[0.23397209]
[0.23392828]
[0.23391674]
[0.23384762]
[0.23379895]
[0.23375897]
[0.23360318]
[0.23355797]
[0.23345947]
[0.2334392]
[0.23322119]
[0.2331939]
[0.23310238]
[0.23308723]
[0.23300971]
[0.23300971]
[0.2328175]
[0.23276904]
[0.23275287]
[0.23274763]
[0.23259035]
[0.2324026]
[0.23237026]
[0.2323538]
[0.23220426]
[0.23213598]
[0.23210089]
[0.2320455]
[0.23201273]
[0.23182003]
[0.2317893]
[0.23176925]
[0.23175071]
[0.23173544]
[0.2316787]
[0.23167144]
[0.23155084]
[0.23151487]
[0.23150504]
[0.23122633]
[0.23121929]
[0.23101537]
[0.23101537]
[0.23100899]
[0.23100743]
[0.2309246]
[0.23088114]
[0.23082314]
[0.23050776]
[0.23045348]
[0.2301785]
[0.2301361]
[0.2301361]
[0.22998]
[0.22995068]
[0.22995068]
[0.22991699]
[0.22987375]
[0.22979431]
[0.22973736]
[0.22962427]
[0.22937575]
[0.2293514]
[0.22930856]
[0.2292052]
[0.22915496]
[0.22909714]
[0.22881396]
[0.2286524]
[0.22855218]
[0.22854851]
[0.22851604]
[0.228477]
[0.22839525]
[0.22818063]
[0.22811039]
[0.22799675]
[0.22798379]
[0.22788623]
[0.22785711]
[0.22781959]
[0.22777572]
[0.22756869]
[0.22751985]
[0.22734055]
[0.22718823]
[0.22714664]
[0.22703362]
[0.22701384]
[0.22699934]
[0.22689462]
[0.22673811]
[0.226728]
[0.2267182]
[0.22671102]
[0.22648624]
[0.22630034]
[0.22602218]
[0.22588003]
[0.22566298]
[0.22562894]
[0.22560374]
[0.22559126]
[0.22540586]
[0.22538495]
[0.22533816]
[0.22530335]
[0.22521223]
[0.22511332]
[0.22509205]
[0.22501047]
[0.22496709]
[0.22496709]
[0.22461437]
[0.22461437]
[0.22452591]
[0.22443302]
[0.2243069]
[0.22424492]
[0.22423622]
[0.22421224]
[0.22421224]
[0.22416879]
[0.22414683]
[0.2240614]
[0.22401215]
[0.22400904]
[0.2239999]
[0.22394036]
[0.22383846]
[0.22344196]
[0.22341885]
[0.22341578]
[0.22329602]
[0.22327437]
[0.2231647]
[0.22311305]
[0.22303177]
[0.22299773]
[0.22293574]
[0.22291096]
[0.22290306]
[0.22270893]
[0.22268954]
[0.22263502]
[0.22260232]
[0.22231165]
[0.22228241]
[0.22223131]
[0.22202645]
[0.22200418]
[0.22184855]
[0.22177754]
[0.22163017]
[0.22155239]
[0.22153023]
[0.22151054]
[0.22139458]
[0.22127408]
[0.22124834]
[0.22123836]
[0.22113986]
[0.22100751]
[0.220968]
[0.22094266]
[0.22094202]
[0.22092749]
[0.22073002]
[0.22072852]
[0.2207215]
[0.22051309]
[0.2204547]
[0.22026514]
[0.2202114]
[0.22013374]
[0.22000648]
[0.2199853]
[0.21966055]
[0.21960986]
[0.21959808]
[0.21947728]
[0.21942613]
[0.2194252]
[0.21931665]
[0.2193024]
[0.21921043]
[0.21919604]
[0.21915619]
[0.21902892]
[0.21895885]
[0.2189445]
[0.21884194]
[0.21883821]
[0.21877621]
[0.21868804]
[0.21868432]
[0.21864258]
[0.21862388]
[0.21861695]
[0.21848746]
[0.21847846]
[0.21847846]
[0.21841002]
[0.21835749]
[0.21829845]
[0.2182719]
[0.21815467]
[0.21814284]
[0.21812637]
[0.21811348]
[0.2180643]
[0.21800679]
[0.21792734]
[0.21790557]
[0.21777679]
[0.21767318]
[0.21765485]
[0.21760592]
[0.21760592]
[0.21760587]
[0.21733874]
[0.21727335]
[0.21707651]
[0.2170231]
[0.21696046]
[0.21689]
[0.21679385]
[0.21678604]
[0.21668962]
[0.21663406]
[0.21651933]
[0.21647069]
[0.21642382]
[0.21638729]
[0.216383]
[0.2163828]
[0.21614806]
[0.21614228]
[0.21605667]
[0.21589057]
[0.21588309]
[0.21578157]
[0.2157696]
[0.21574302]
[0.21565229]
[0.21555972]
[0.21549645]
[0.21539898]
[0.21538079]
[0.21538079]
[0.21531421]
[0.21529374]
[0.21528642]
[0.21527489]
[0.21527489]
[0.21516922]
[0.21511859]
[0.21506816]
[0.21505272]
[0.21494533]
[0.21487682]
[0.21479182]
[0.21472612]
[0.21418084]
[0.21415633]
[0.21410728]
[0.21409349]
[0.21403645]
[0.21403433]
[0.2138333]
[0.21383084]
[0.21371505]
[0.21370015]
[0.21368168]
[0.21357457]
[0.2135485]
[0.21347088]
[0.2134677]
[0.21346527]
[0.21340476]
[0.21339281]
[0.21335703]
[0.21322939]
[0.21321104]
[0.21315132]
[0.2131015]
[0.21302909]
[0.21258195]
[0.21256088]
[0.21255715]
[0.21252176]
[0.21252176]
[0.21249893]
[0.21249588]
[0.21226901]
[0.21223348]
[0.21213174]
[0.21213058]
[0.21208465]
[0.21207835]
[0.21180384]
[0.21176058]
[0.21175279]
[0.21155651]
[0.2115473]
[0.2115391]
[0.21144627]
[0.21141693]
[0.21141312]
[0.21138148]
[0.21133596]
[0.21128944]
[0.21117322]
[0.21104829]
[0.21102242]
[0.21095027]
[0.21083872]
[0.21083698]
[0.2108352]
[0.21082017]
[0.21076563]
[0.2106932]
[0.2106932]
[0.21068802]
[0.21049853]
[0.21048544]
[0.21048228]
[0.2103683]
[0.21034153]
[0.21017641]
[0.21004854]
[0.2100322]
[0.21003029]
[0.20995614]
[0.20986013]
[0.20981325]
[0.20964423]
[0.20961085]
[0.2094859]
[0.20945911]
[0.20942424]
[0.20930083]
[0.20920123]
[0.20903812]
[0.20902288]
[0.20899904]
[0.20899089]
[0.20895706]
[0.20894095]
[0.20884383]
[0.20871834]
[0.20871834]
[0.208671]
[0.20856488]
[0.20851648]
[0.20845787]
[0.208425]
[0.20829472]
[0.20824821]
[0.20823118]
[0.20822725]
[0.20821965]
[0.20805405]
[0.2079718]
[0.20795597]
[0.20791717]
[0.20789033]
[0.20788762]
[0.2078782]
[0.2078782]
[0.20779449]
[0.20772254]
[0.20771281]
[0.20767601]
[0.20760252]
[0.20725818]
[0.20715377]
[0.20712875]
[0.2071251]
[0.20709]
[0.20706393]
[0.20684783]
[0.20681751]
[0.20677474]
[0.20657498]
[0.20654029]
[0.20649716]
[0.20645104]
[0.206445]
[0.2063792]
[0.20637351]
[0.20616663]
[0.20611155]
[0.20611155]
[0.20605268]
[0.20605116]
[0.20602478]
[0.20602478]
[0.20594859]
[0.20588233]
[0.20581225]
[0.20576213]
[0.20567417]
[0.20565355]
[0.20558959]
[0.20557754]
[0.20546582]
[0.2054212]
[0.20535938]
[0.2053522]
[0.20534235]
[0.20532788]
[0.20530732]
[0.20529789]
[0.20529789]
[0.20522022]
[0.20517264]
[0.20514506]
[0.20506491]
[0.2050394]
[0.20503335]
[0.20502913]
[0.20502837]
[0.2049932]
[0.20490073]
[0.20478731]
[0.204633]
[0.20460367]
[0.2044845]
[0.20443682]
[0.20439963]
[0.2043799]
[0.20436573]
[0.20426896]
[0.20412043]
[0.20410028]
[0.20402506]
[0.2039901]
[0.20391169]
[0.20391169]
[0.20387971]
[0.20378007]
[0.2037629]
[0.20373386]
[0.20371069]
[0.20354322]
[0.20354322]
[0.20350623]
[0.20344613]
[0.20337859]
[0.20327948]
[0.20322137]
[0.20316614]
[0.20313185]
[0.20306562]
[0.20302409]
[0.2030208]
[0.20294869]
[0.20292206]
[0.20291856]
[0.20288551]
[0.20273101]
[0.20269941]
[0.20242487]
[0.20228738]
[0.20213969]
[0.20205972]
[0.20204882]
[0.20204756]
[0.20194878]
[0.20188859]
[0.20180438]
[0.20180438]
[0.20171684]
[0.20165038]
[0.20165038]
[0.20165038]
[0.20163445]
[0.20162503]
[0.20148428]
[0.20140705]
[0.20131378]
[0.2012938]
[0.20128788]
[0.20127085]
[0.2012482]
[0.20114695]
[0.20105425]
[0.20102608]
[0.20082174]
[0.20081663]
[0.20081663]
[0.20078197]
[0.20071389]
[0.20065896]
[0.20056705]
[0.2005519]
[0.20052053]
[0.20044972]
[0.20041674]
[0.20023954]
[0.20020875]
[0.20020868]
[0.20013213]
[0.20012784]
[0.19989377]
[0.19987038]
[0.19981185]
[0.19975246]
[0.19974835]
[0.1997091]
[0.19956072]
[0.19953583]
[0.19951105]
[0.19946788]
[0.19946715]
[0.19931832]
[0.19928043]
[0.19915822]
[0.19915822]
[0.1991565]
[0.19907016]
[0.19904424]
[0.19880432]
[0.19871551]
[0.19867063]
[0.19862102]
[0.1984957]
[0.19845633]
[0.19820762]
[0.1981958]
[0.19808]
[0.19806615]
[0.19806443]
[0.19805644]
[0.19804418]
[0.19802608]
[0.19798563]
[0.19796331]
[0.19788265]
[0.1978318]
[0.19773689]
[0.19763586]
[0.19756804]
[0.19756201]
[0.19751869]
[0.19741975]
[0.19732547]
[0.19731966]
[0.19728711]
[0.1971371]
[0.1970711]
[0.1970711]
[0.19704358]
[0.19701436]
[0.19696623]
[0.19676407]
[0.19671036]
[0.19669616]
[0.19664489]
[0.1966332]
[0.19663136]
[0.19658355]
[0.19658355]
[0.19658355]
[0.19638522]
[0.19637924]
[0.19632223]
[0.19631542]
[0.19630772]
[0.19628516]
[0.19625528]
[0.19604646]
[0.19604136]
[0.19598624]
[0.19592659]
[0.19592659]
[0.19587795]
[0.19581279]
[0.1958054]
[0.19574793]
[0.19571802]
[0.19571157]
[0.19560322]
[0.1955551]
[0.19550586]
[0.19547413]
[0.19545953]
[0.19545372]
[0.19543272]
[0.19541647]
[0.1953902]
[0.19532622]
[0.19529176]
[0.19529164]
[0.19524643]
[0.19518727]
[0.19509771]
[0.1950893]
[0.1949444]
[0.19483991]
[0.19482163]
[0.19470164]
[0.19466312]
[0.19455548]
[0.19448301]
[0.19443938]
[0.1944193]
[0.19441575]
[0.1943776]
[0.1943445]
[0.19432446]
[0.19429584]
[0.19422266]
[0.1942029]
[0.19416954]
[0.19415748]
[0.19412847]
[0.194125]
[0.19411774]
[0.1940602]
[0.19402803]
[0.19397151]
[0.19387661]
[0.1938393]
[0.19383852]
[0.19369695]
[0.1936941]
[0.19366534]
[0.19366142]
[0.19361366]
[0.19346756]
[0.19322217]
[0.19318372]
[0.19312595]
[0.19311175]
[0.192991]
[0.19285294]
[0.19280891]
[0.19280311]
[0.19279316]
[0.19276398]
[0.19275725]
[0.19274119]
[0.19268514]
[0.1926456]
[0.19264226]
[0.1926048]
[0.19252622]
[0.19249797]
[0.19248702]
[0.19235493]
[0.19235024]
[0.19231975]
[0.19227573]
[0.19223033]
[0.19222799]
[0.19214427]
[0.19212554]
[0.19212541]
[0.19209439]
[0.19208163]
[0.19197148]
[0.19193737]
[0.19193737]
[0.1917667]
[0.19171095]
[0.19168802]
[0.19168346]
[0.19162856]
[0.19162406]
[0.19161084]
[0.19154273]
[0.19152145]
[0.19137233]
[0.19136147]
[0.19121395]
[0.19118719]
[0.19109185]
[0.19109185]
[0.1910872]
[0.19101763]
[0.19101763]
[0.190974]
[0.19094907]
[0.19088426]
[0.19086416]
[0.1908603]
[0.19073665]
[0.19066888]
[0.19066888]
[0.19060485]
[0.190569]
[0.19051245]
[0.1905023]
[0.19046877]
[0.19045292]
[0.19042036]
[0.19039047]
[0.19028495]
[0.1902457]
[0.1902457]
[0.19019218]
[0.19013236]
[0.19009462]
[0.19007325]
[0.1900647]
[0.19003527]
[0.18980679]
[0.1897997]
[0.18977998]
[0.18973537]
[0.18968667]
[0.18962325]
[0.189535]
[0.18946762]
[0.18941568]
[0.18934473]
[0.18926227]
[0.18922053]
[0.1891871]
[0.18917555]
[0.1891693]
[0.18904322]
[0.1890411]
[0.18891452]
[0.18891452]
[0.18888561]
[0.18888275]
[0.18868859]
[0.18859805]
[0.18848822]
[0.18847121]
[0.18846743]
[0.18834695]
[0.18832584]
[0.1883245]
[0.1881985]
[0.18816362]
[0.18813981]
[0.18805404]
[0.1880228]
[0.18791345]
[0.18789412]
[0.1878581]
[0.18776841]
[0.18765505]
[0.18765505]
[0.18765505]
[0.18762009]
[0.18757474]
[0.18757184]
[0.18756355]
[0.18755876]
[0.18751587]
[0.1874713]
[0.18743631]
[0.18738094]
[0.18733373]
[0.18731703]
[0.1872871]
[0.18722287]
[0.18722287]
[0.18722203]
[0.18720677]
[0.18720172]
[0.18718334]
[0.18710577]
[0.18710224]
[0.18702966]
[0.18692206]
[0.1868701]
[0.18686937]
[0.18686365]
[0.1867928]
[0.18677409]
[0.18677059]
[0.1866628]
[0.18663222]
[0.18662974]
[0.18639815]
[0.18621425]
[0.1861932]
[0.18619299]
[0.18613568]
[0.1860295]
[0.18601076]
[0.18598373]
[0.18598033]
[0.18595797]
[0.18583828]
[0.1858263]
[0.18576148]
[0.1857446]
[0.18574399]
[0.1856767]
[0.18564965]
[0.18561082]
[0.18560395]
[0.18552849]
[0.18546776]
[0.18546776]
[0.18546776]
[0.18545611]
[0.18545182]
[0.1854218]
[0.18541041]
[0.18540291]
[0.18529631]
[0.18519136]
[0.18518338]
[0.18511423]
[0.18509355]
[0.18506782]
[0.1850108]
[0.18496923]
[0.18496174]
[0.18496174]
[0.18492638]
[0.18491998]
[0.18491998]
[0.18488947]
[0.18487684]
[0.18477488]
[0.18477128]
[0.18472241]
[0.1847177]
[0.18467042]
[0.1846551]
[0.18461987]
[0.1845756]
[0.18451628]
[0.18451017]
[0.18451017]
[0.18443584]
[0.18437487]
[0.18432282]
[0.18428549]
[0.1842777]
[0.18425396]
[0.18424544]
[0.18414284]
[0.18408826]
[0.18398659]
[0.1839806]
[0.1839487]
[0.18394282]
[0.18393175]
[0.1839262]
[0.183822]
[0.183822]
[0.18376431]
[0.18363279]
[0.1835622]
[0.18348558]
[0.18340087]
[0.18335246]
[0.18335246]
[0.18331204]
[0.18330672]
[0.18330076]
[0.18327546]
[0.1832335]
[0.18318748]
[0.1831068]
[0.1830673]
[0.18306248]
[0.18299422]
[0.18298922]
[0.18295419]
[0.18290843]
[0.1828712]
[0.1828696]
[0.18283337]
[0.182768]
[0.18270332]
[0.18266745]
[0.18262216]
[0.182563]
[0.18253899]
[0.18243511]
[0.1824112]
[0.18240859]
[0.18238753]
[0.18236715]
[0.18230997]
[0.18229915]
[0.18228106]
[0.18223871]
[0.1822136]
[0.18219475]
[0.18213518]
[0.18201181]
[0.18200874]
[0.18193616]
[0.18184474]
[0.18183054]
[0.1817868]
[0.18175378]
[0.18170771]
[0.18169893]
[0.18161322]
[0.18159035]
[0.18158671]
[0.18158272]
[0.18153194]
[0.18152837]
[0.18151031]
[0.18148732]
[0.18148732]
[0.1814753]
[0.18139453]
[0.18135646]
[0.18133965]
[0.18127175]
[0.18126366]
[0.18115564]
[0.18115449]
[0.18106309]
[0.18084763]
[0.18084033]
[0.18083358]
[0.18082684]
[0.18075374]
[0.18074411]
[0.18073075]
[0.18068336]
[0.18061073]
[0.18060203]
[0.1805326]
[0.18050502]
[0.18041375]
[0.18040001]
[0.18035936]
[0.18033968]
[0.18020126]
[0.18001862]
[0.179971]
[0.179971]
[0.179914]
[0.17988881]
[0.17988105]
[0.1798619]
[0.17984773]
[0.1798449]
[0.17982754]
[0.17980288]
[0.17967768]
[0.1796715]
[0.17961857]
[0.17956631]
[0.17954552]
[0.1794792]
[0.17946455]
[0.1794634]
[0.17944206]
[0.17939988]
[0.17939064]
[0.1792933]
[0.1792417]
[0.17911956]
[0.17904773]
[0.17901587]
[0.17901587]
[0.17899022]
[0.1789698]
[0.17896864]
[0.17885561]
[0.17879696]
[0.17877099]
[0.17876954]
[0.1787178]
[0.17869034]
[0.17858289]
[0.17857787]
[0.17852457]
[0.17851157]
[0.17846972]
[0.1784622]
[0.17846109]
[0.17841467]
[0.17839926]
[0.17825742]
[0.17821161]
[0.17816307]
[0.17812562]
[0.17806888]
[0.17801347]
[0.17800955]
[0.17798752]
[0.17783329]
[0.17773385]
[0.17768548]
[0.1776765]
[0.17761445]
[0.17760804]
[0.17760804]
[0.17756239]
[0.17754827]
[0.17754439]
[0.17748371]
[0.1774676]
[0.1774542]
[0.17739867]
[0.17730029]
[0.17722991]
[0.1771639]
[0.17699693]
[0.17695361]
[0.17693803]
[0.17693803]
[0.17691088]
[0.17681287]
[0.17679854]
[0.17679517]
[0.17675933]
[0.17675628]
[0.17654353]
[0.1765116]
[0.17650944]
[0.17645036]
[0.1764393]
[0.17643389]
[0.17642921]
[0.17639895]
[0.17637186]
[0.17633428]
[0.17628404]
[0.17625804]
[0.17623645]
[0.17620432]
[0.17619546]
[0.17617251]
[0.17616473]
[0.17615767]
[0.17599432]
[0.17599002]
[0.1759866]
[0.17598647]
[0.17596973]
[0.17596462]
[0.17591892]
[0.17591578]
[0.17589168]
[0.17582174]
[0.17580752]
[0.17570482]
[0.1756231]
[0.1755506]
[0.1755449]
[0.17552924]
[0.1754613]
[0.17544694]
[0.17541514]
[0.17539161]
[0.17537044]
[0.1753399]
[0.17532396]
[0.17529926]
[0.17527382]
[0.17519805]
[0.17518206]
[0.17513403]
[0.1750494]
[0.1750397]
[0.17502235]
[0.17496347]
[0.17494221]
[0.17493272]
[0.17491496]
[0.17489634]
[0.17489077]
[0.17487697]
[0.17483589]
[0.17481235]
[0.17478597]
[0.17476313]
[0.17465729]
[0.17452833]
[0.1745227]
[0.17451441]
[0.17445235]
[0.17441337]
[0.17441127]
[0.17423029]
[0.1742184]
[0.17420107]
[0.17418273]
[0.1741741]
[0.17416197]
[0.17416197]
[0.17408356]
[0.17408122]
[0.1740619]
[0.1740098]
[0.17393357]
[0.17391987]
[0.17384927]
[0.17382233]
[0.17379265]
[0.17370304]
[0.17366107]
[0.17359999]
[0.17353494]
[0.17347977]
[0.17346185]
[0.17343321]
[0.17327806]
[0.173249]
[0.17319256]
[0.17319256]
[0.17316873]
[0.17310092]
[0.17310035]
[0.17304783]
[0.17303808]
[0.17301926]
[0.17295118]
[0.17293347]
[0.17292348]
[0.17290351]
[0.17286815]
[0.17280735]
[0.17277145]
[0.17273705]
[0.17271698]
[0.17268945]
[0.17265454]
[0.17258856]
[0.17258856]
[0.17253803]
[0.1724749]
[0.17246303]
[0.17244993]
[0.17242546]
[0.17242295]
[0.17241693]
[0.17239366]
[0.17235926]
[0.17234707]
[0.17233332]
[0.17225511]
[0.17225511]
[0.17211828]
[0.17209832]
[0.17209381]
[0.17206667]
[0.17203501]
[0.1720166]
[0.17196208]
[0.171851]
[0.17184445]
[0.1717716]
[0.17171703]
[0.17167866]
[0.17166476]
[0.17164801]
[0.171631]
[0.17160815]
[0.17155334]
[0.17143506]
[0.17143498]
[0.17136775]
[0.17132251]
[0.17130509]
[0.17126724]
[0.17124684]
[0.17123243]
[0.17119755]
[0.17117915]
[0.17117915]
[0.17114809]
[0.17113706]
[0.17113331]
[0.17113283]
[0.17109862]
[0.1710524]
[0.1710226]
[0.17101663]
[0.1710089]
[0.17099413]
[0.17099413]
[0.1709754]
[0.17096311]
[0.17095743]
[0.17094637]
[0.17090884]
[0.17086992]
[0.17086631]
[0.17084149]
[0.1708401]
[0.17083417]
[0.17078935]
[0.17075245]
[0.17075019]
[0.17074779]
[0.17072375]
[0.17072]
[0.17072]
[0.17071497]
[0.1707015]
[0.17068183]
[0.17065434]
[0.17063017]
[0.17062502]
[0.17062275]
[0.17060389]
[0.17058234]
[0.17051198]
[0.17045972]
[0.1704309]
[0.17038704]
[0.1703803]
[0.17035078]
[0.17030308]
[0.17030011]
[0.17029835]
[0.17029317]
[0.17023982]
[0.17020398]
[0.1701911]
[0.17016648]
[0.17016648]
[0.17015079]
[0.17014682]
[0.1701421]
[0.17010844]
[0.17006442]
[0.17006086]
[0.17005123]
[0.17004885]
[0.17004885]
[0.17003138]
[0.1700225]
[0.17000578]
[0.1699842]
[0.16996531]
[0.16995078]
[0.16995078]
[0.16991392]
[0.16990928]
[0.16986766]
[0.16985723]
[0.1698362]
[0.16981538]
[0.16979553]
[0.16976392]
[0.16973832]
[0.16970721]
[0.16970721]
[0.16970459]
[0.16970204]
[0.16969398]
[0.16965549]
[0.16960676]
[0.16959636]
[0.16959202]
[0.16956228]
[0.16954796]
[0.16949543]
[0.16947274]
[0.1694435]
[0.16940655]
[0.16940655]
[0.16936462]
[0.16933887]
[0.16931994]
[0.16922165]
[0.16918352]
[0.16913177]
[0.16913177]
[0.1690913]
[0.16906062]
[0.16901936]
[0.168991]
[0.16890106]
[0.16886063]
[0.16885659]
[0.16884714]
[0.16879492]
[0.16876476]
[0.16873391]
[0.16872221]
[0.16871363]
[0.16871011]
[0.16870798]
[0.1685184]
[0.16850998]
[0.16847804]
[0.16846329]
[0.16845447]
[0.16836502]
[0.1683]
[0.16822141]
[0.16818392]
[0.16818166]
[0.16810039]
[0.16806062]
[0.16803338]
[0.16800395]
[0.16800049]
[0.1679896]
[0.16795543]
[0.16793571]
[0.16781957]
[0.16781941]
[0.1677746]
[0.16777053]
[0.1677517]
[0.16759309]
[0.1674318]
[0.1673985]
[0.16737902]
[0.16736683]
[0.16735098]
[0.16734546]
[0.16729538]
[0.16726984]
[0.16724168]
[0.16723965]
[0.16719928]
[0.16715059]
[0.16710536]
[0.16707622]
[0.1670342]
[0.16703299]
[0.16700928]
[0.16697565]
[0.1669068]
[0.16688675]
[0.16686936]
[0.16681752]
[0.16680741]
[0.16679837]
[0.16674933]
[0.16673897]
[0.16662541]
[0.16662273]
[0.16660728]
[0.1666072]
[0.1665843]
[0.1665537]
[0.16653657]
[0.16652535]
[0.16644385]
[0.1663802]
[0.16630459]
[0.16624644]
[0.1661345]
[0.1661345]
[0.1661345]
[0.16605595]
[0.16602167]
[0.16600162]
[0.16593085]
[0.16591647]
[0.16587648]
[0.16586553]
[0.16586448]
[0.16583696]
[0.16581613]
[0.16576403]
[0.16575716]
[0.16571613]
[0.16569671]
[0.1656175]
[0.16559298]
[0.16556638]
[0.16555873]
[0.16553198]
[0.1655169]
[0.1654892]
[0.1654845]
[0.1654845]
[0.16548407]
[0.1654266]
[0.16541724]
[0.16541699]
[0.16538344]
[0.16538107]
[0.16533132]
[0.16531275]
[0.16526486]
[0.16518101]
[0.16513559]
[0.16509914]
[0.1650895]
[0.16508734]
[0.16506763]
[0.16492796]
[0.16486548]
[0.1648061]
[0.16479547]
[0.16471128]
[0.1646648]
[0.1646648]
[0.16464005]
[0.1646344]
[0.16461842]
[0.16456297]
[0.16451149]
[0.16448279]
[0.16447583]
[0.16447583]
[0.16445719]
[0.1644115]
[0.16433454]
[0.16427024]
[0.16426264]
[0.164262]
[0.16423473]
[0.16420802]
[0.1642071]
[0.16417062]
[0.16416769]
[0.16412902]
[0.16407435]
[0.1640078]
[0.16396621]
[0.16390577]
[0.163849]
[0.16377519]
[0.16376376]
[0.16375779]
[0.16375491]
[0.16370605]
[0.1637037]
[0.16370104]
[0.16369443]
[0.16367918]
[0.16365947]
[0.16364956]
[0.16358654]
[0.16357487]
[0.16357177]
[0.16345571]
[0.16343743]
[0.16340327]
[0.16338234]
[0.16334298]
[0.16332605]
[0.16330414]
[0.16323125]
[0.16322747]
[0.16321346]
[0.16319537]
[0.16301188]
[0.16298807]
[0.16294026]
[0.16294026]
[0.16290733]
[0.16290733]
[0.16288948]
[0.16288775]
[0.16285303]
[0.162822]
[0.16281283]
[0.16280854]
[0.16277523]
[0.16274774]
[0.16267249]
[0.1626283]
[0.1625984]
[0.16256513]
[0.16254155]
[0.16254078]
[0.16253406]
[0.16247828]
[0.16246495]
[0.16243657]
[0.16241]
[0.16238329]
[0.16232505]
[0.16227688]
[0.16224886]
[0.16209215]
[0.16208483]
[0.16207603]
[0.16204207]
[0.1620127]
[0.16198276]
[0.16196093]
[0.16195108]
[0.16189596]
[0.16180442]
[0.16179511]
[0.16176802]
[0.16176239]
[0.16171801]
[0.16171029]
[0.16168563]
[0.16168563]
[0.16158704]
[0.16158693]
[0.16154455]
[0.16142341]
[0.16139522]
[0.1613743]
[0.16136263]
[0.16134293]
[0.16132885]
[0.16129883]
[0.16129881]
[0.16125377]
[0.16124941]
[0.16120821]
[0.16120344]
[0.16118275]
[0.1611772]
[0.16116835]
[0.16116269]
[0.16112982]
[0.16112383]
[0.16111642]
[0.16109575]
[0.16109437]
[0.16107629]
[0.16100062]
[0.16096629]
[0.1609598]
[0.16095929]
[0.16094506]
[0.1609374]
[0.16093661]
[0.16093038]
[0.16090807]
[0.16090623]
[0.16090547]
[0.16088653]
[0.1608633]
[0.16084974]
[0.16084035]
[0.16083182]
[0.16081342]
[0.16080493]
[0.16078813]
[0.16064526]
[0.16060978]
[0.16058233]
[0.16055283]
[0.16052723]
[0.16048062]
[0.16042583]
[0.16039616]
[0.16035494]
[0.16035268]
[0.16032873]
[0.16032425]
[0.16030958]
[0.16027175]
[0.16025962]
[0.16025494]
[0.16024889]
[0.16019557]
[0.16016723]
[0.16016665]
[0.16014117]
[0.16014068]
[0.16011932]
[0.16010317]
[0.16001429]
[0.16001284]
[0.15996048]
[0.15995145]
[0.15992267]
[0.15988861]
[0.15984996]
[0.15981573]
[0.15977296]
[0.15977296]
[0.15977146]
[0.15971847]
[0.15965106]
[0.15962835]
[0.15960136]
[0.15959746]
[0.15957718]
[0.15955836]
[0.15951398]
[0.15949081]
[0.15946351]
[0.15946294]
[0.15943779]
[0.15942556]
[0.1594226]
[0.15941378]
[0.15939213]
[0.15937655]
[0.15933031]
[0.15927187]
[0.15924364]
[0.159242]
[0.15922335]
[0.15919098]
[0.15918022]
[0.15916105]
[0.15913498]
[0.15913224]
[0.15913112]
[0.1591257]
[0.1591257]
[0.15911607]
[0.15911578]
[0.15909955]
[0.15907894]
[0.15900554]
[0.15899962]
[0.15899329]
[0.15895163]
[0.15893608]
[0.15892996]
[0.15892655]
[0.15888417]
[0.15885024]
[0.15880606]
[0.15880068]
[0.15879723]
[0.15879284]
[0.15872537]
[0.1587227]
[0.15869729]
[0.15861037]
[0.15857777]
[0.1585569]
[0.1585493]
[0.15852636]
[0.15848991]
[0.15847981]
[0.15844174]
[0.15843771]
[0.15841071]
[0.1583463]
[0.1583453]
[0.1583453]
[0.15833203]
[0.15832959]
[0.15831421]
[0.15830043]
[0.15826745]
[0.15821007]
[0.15817696]
[0.15817067]
[0.15814584]
[0.15813962]
[0.15806499]
[0.1580193]
[0.15801646]
[0.1580043]
[0.1579968]
[0.15796237]
[0.15794736]
[0.15793006]
[0.15789048]
[0.15788502]
[0.1578688]
[0.15784085]
[0.15781437]
[0.15779713]
[0.15779713]
[0.15779623]
[0.15775701]
[0.15775701]
[0.15774196]
[0.15771425]
[0.1577138]
[0.15769815]
[0.15767226]
[0.15766206]
[0.15766206]
[0.15763585]
[0.15762977]
[0.15756238]
[0.15751863]
[0.15745947]
[0.15742505]
[0.15741746]
[0.15741746]
[0.15737051]
[0.15730877]
[0.15730384]
[0.1572943]
[0.1572943]
[0.1572943]
[0.15728731]
[0.15728427]
[0.15726958]
[0.1572209]
[0.15721878]
[0.15719017]
[0.15715627]
[0.15713415]
[0.15712874]
[0.15712662]
[0.15709925]
[0.1570682]
[0.15703988]
[0.1570091]
[0.15695383]
[0.15693304]
[0.15691316]
[0.15690257]
[0.15688163]
[0.15687285]
[0.15684333]
[0.15679172]
[0.15677604]
[0.15675007]
[0.15671767]
[0.1566622]
[0.15665303]
[0.15662028]
[0.15661697]
[0.15659541]
[0.15658775]
[0.15657648]
[0.15656862]
[0.15656817]
[0.1565332]
[0.15648003]
[0.15638313]
[0.15633544]
[0.1563132]
[0.15627553]
[0.15618959]
[0.15618262]
[0.15617026]
[0.15615045]
[0.15613845]
[0.1561311]
[0.15608035]
[0.1560726]
[0.1560726]
[0.1560726]
[0.15604667]
[0.15604517]
[0.15602843]
[0.15602413]
[0.15601967]
[0.15600078]
[0.15595652]
[0.1559467]
[0.15593144]
[0.15592502]
[0.15589242]
[0.15589242]
[0.15588553]
[0.15585837]
[0.15583454]
[0.15583384]
[0.15581186]
[0.1557874]
[0.15578374]
[0.15577407]
[0.15573159]
[0.15570849]
[0.15567452]
[0.15562041]
[0.155618]
[0.15555987]
[0.15555899]
[0.15555808]
[0.1555479]
[0.15551405]
[0.15550524]
[0.15548831]
[0.15548664]
[0.15544264]
[0.15542811]
[0.15539744]
[0.1553589]
[0.15530694]
[0.15530284]
[0.15527439]
[0.15519932]
[0.15515287]
[0.15514433]
[0.15512323]
[0.15509954]
[0.15508641]
[0.15503493]
[0.15502661]
[0.15502308]
[0.15497781]
[0.15490301]
[0.15486732]
[0.154809]
[0.15479565]
[0.15474537]
[0.1547256]
[0.15472026]
[0.1547104]
[0.15468001]
[0.15466116]
[0.1546245]
[0.15462142]
[0.1546194]
[0.15461475]
[0.15461269]
[0.15461183]
[0.15460417]
[0.15458724]
[0.15458462]
[0.15453897]
[0.15446258]
[0.15446237]
[0.15445445]
[0.15442522]
[0.15439673]
[0.15432145]
[0.15431458]
[0.15431009]
[0.1542995]
[0.15428863]
[0.1542304]
[0.15421508]
[0.15420228]
[0.15417624]
[0.15414894]
[0.15410417]
[0.15410417]
[0.15409498]
[0.15408044]
[0.15403938]
[0.15403675]
[0.1540071]
[0.15398058]
[0.15396574]
[0.15395375]
[0.15386678]
[0.15383686]
[0.1538185]
[0.15377739]
[0.15373544]
[0.15373504]
[0.15367168]
[0.1536651]
[0.15362202]
[0.15359652]
[0.15356621]
[0.15354973]
[0.15354973]
[0.15353759]
[0.1535307]
[0.15348677]
[0.15347758]
[0.153464]
[0.15345289]
[0.15343967]
[0.1534391]
[0.15334807]
[0.15331396]
[0.15324546]
[0.15320651]
[0.15320024]
[0.15320024]
[0.15319167]
[0.15318073]
[0.15315673]
[0.1531391]
[0.15313044]
[0.15310651]
[0.1530722]
[0.15307029]
[0.15304303]
[0.15300252]
[0.1529761]
[0.1529761]
[0.15295552]
[0.1529428]
[0.15291621]
[0.15288752]
[0.15284096]
[0.15282603]
[0.15276703]
[0.15271296]
[0.1526818]
[0.15264672]
[0.15262486]
[0.15261075]
[0.15260328]
[0.1525936]
[0.152579]
[0.15254635]
[0.15253732]
[0.15252234]
[0.1524888]
[0.1524842]
[0.15243179]
[0.15239042]
[0.15236373]
[0.15235138]
[0.15233555]
[0.15229477]
[0.15213923]
[0.15209661]
[0.15209225]
[0.15207289]
[0.15207012]
[0.15205726]
[0.15203135]
[0.15201743]
[0.1520115]
[0.15197894]
[0.15195882]
[0.15194355]
[0.15191777]
[0.1518985]
[0.15189072]
[0.1518859]
[0.15185231]
[0.1518123]
[0.15180798]
[0.15174778]
[0.15170076]
[0.15169458]
[0.1516842]
[0.15165524]
[0.15158549]
[0.15152866]
[0.15150194]
[0.15147829]
[0.15147206]
[0.1514655]
[0.15145023]
[0.1514484]
[0.1514484]
[0.15140925]
[0.15140162]
[0.15134118]
[0.15133375]
[0.15129523]
[0.15129296]
[0.15128109]
[0.1512798]
[0.15124786]
[0.15122876]
[0.15120305]
[0.15120305]
[0.15116958]
[0.15115611]
[0.15110743]
[0.15110743]
[0.15110259]
[0.15109813]
[0.15106943]
[0.15106763]
[0.15104677]
[0.15102535]
[0.15102515]
[0.15100066]
[0.15096185]
[0.15095507]
[0.15092432]
[0.1508761]
[0.1508612]
[0.15083669]
[0.15078804]
[0.15078273]
[0.15077288]
[0.15075679]
[0.15075679]
[0.15073274]
[0.15072162]
[0.15069477]
[0.15068729]
[0.15067957]
[0.15065017]
[0.15064412]
[0.15064001]
[0.15063366]
[0.15059617]
[0.15058462]
[0.15057014]
[0.15052849]
[0.150522]
[0.15048745]
[0.15048572]
[0.1504842]
[0.15044162]
[0.15036978]
[0.15031344]
[0.15030229]
[0.15028241]
[0.15027423]
[0.15027167]
[0.15020032]
[0.15018645]
[0.15018319]
[0.15010369]
[0.15005197]
[0.15002172]
[0.15000822]
[0.14997911]
[0.14997911]
[0.14996846]
[0.1499191]
[0.14991683]
[0.14988549]
[0.14987281]
[0.14986934]
[0.14986229]
[0.14982446]
[0.14974375]
[0.14973558]
[0.14967506]
[0.14966062]
[0.14965689]
[0.14962703]
[0.14961803]
[0.14959298]
[0.14959137]
[0.14956447]
[0.14955764]
[0.14952709]
[0.14952587]
[0.1495242]
[0.14948218]
[0.14932415]
[0.14930594]
[0.14919622]
[0.1491907]
[0.14917284]
[0.14905532]
[0.14905532]
[0.14898825]
[0.14898375]
[0.14897472]
[0.14895773]
[0.14894557]
[0.14892805]
[0.14888853]
[0.14888605]
[0.14881893]
[0.14877261]
[0.14876561]
[0.14874217]
[0.14872648]
[0.1487065]
[0.14869002]
[0.14866179]
[0.14864548]
[0.14863503]
[0.14862695]
[0.14859642]
[0.14859636]
[0.14858557]
[0.1485326]
[0.14852664]
[0.1485159]
[0.14851095]
[0.14850578]
[0.14849523]
[0.14848945]
[0.14847451]
[0.14844458]
[0.14843006]
[0.14840876]
[0.14837956]
[0.14837551]
[0.1483717]
[0.1483697]
[0.1483402]
[0.14832398]
[0.1483236]
[0.1483131]
[0.14830738]
[0.14829971]
[0.14824319]
[0.14821176]
[0.14821087]
[0.14814594]
[0.1481142]
[0.14811]
[0.14807685]
[0.14806874]
[0.1480411]
[0.14799286]
[0.14791551]
[0.14790808]
[0.14787103]
[0.1478638]
[0.14782324]
[0.14782324]
[0.14782241]
[0.1477918]
[0.14776932]
[0.14776754]
[0.14773707]
[0.1477322]
[0.14769703]
[0.14769462]
[0.14768836]
[0.1476747]
[0.14765693]
[0.14751008]
[0.14747088]
[0.14745404]
[0.14744993]
[0.14744899]
[0.14739113]
[0.1473423]
[0.14731999]
[0.1473091]
[0.1473091]
[0.1472804]
[0.14723046]
[0.14722857]
[0.14721565]
[0.1471934]
[0.14715421]
[0.1471259]
[0.14711533]
[0.14708582]
[0.14707935]
[0.14707935]
[0.1470699]
[0.14706707]
[0.14706455]
[0.14703791]
[0.1470315]
[0.14698954]
[0.14687765]
[0.14687406]
[0.14687006]
[0.14684859]
[0.1468466]
[0.1468418]
[0.14675836]
[0.14674528]
[0.14664912]
[0.14664912]
[0.14663915]
[0.14661972]
[0.14660886]
[0.14656803]
[0.14651868]
[0.14651643]
[0.14643985]
[0.14643776]
[0.14643414]
[0.14641581]
[0.14641242]
[0.14638911]
[0.14635703]
[0.14635703]
[0.14635637]
[0.14635628]
[0.14632364]
[0.1462824]
[0.14623667]
[0.14621527]
[0.14620179]
[0.14619215]
[0.14618805]
[0.14617881]
[0.1461488]
[0.1460904]
[0.14608744]
[0.14606977]
[0.14603092]
[0.14600292]
[0.14597777]
[0.14595768]
[0.14589983]
[0.1458796]
[0.14584963]
[0.14583701]
[0.14583544]
[0.14582197]
[0.14582114]
[0.14581384]
[0.14578392]
[0.14573617]
[0.1457132]
[0.14570147]
[0.14567]
[0.14560193]
[0.14558959]
[0.14554666]
[0.14553909]
[0.14553432]
[0.14551659]
[0.14551196]
[0.1455045]
[0.14548548]
[0.14547823]
[0.14547601]
[0.14541139]
[0.14534497]
[0.14534497]
[0.14525364]
[0.14524117]
[0.1452198]
[0.14521773]
[0.14520371]
[0.14520258]
[0.14519121]
[0.14517057]
[0.14513527]
[0.1451038]
[0.14509532]
[0.14508277]
[0.14503618]
[0.14501974]
[0.14498074]
[0.14495976]
[0.14493778]
[0.14484733]
[0.14475994]
[0.14475076]
[0.14471434]
[0.14471103]
[0.14469835]
[0.14469679]
[0.14468542]
[0.14468022]
[0.14467306]
[0.14466004]
[0.14464383]
[0.14459594]
[0.14459579]
[0.1445941]
[0.1445938]
[0.14459157]
[0.1445898]
[0.1445898]
[0.14458355]
[0.14453728]
[0.14452484]
[0.14442545]
[0.14439645]
[0.14438435]
[0.14437766]
[0.14437717]
[0.14434315]
[0.14433232]
[0.14433149]
[0.14432603]
[0.14431694]
[0.14430387]
[0.14425495]
[0.14421423]
[0.14418644]
[0.14413951]
[0.14402777]
[0.1440265]
[0.14402051]
[0.14401181]
[0.14398362]
[0.1439562]
[0.14392868]
[0.14391917]
[0.14388756]
[0.14387496]
[0.14380793]
[0.14378935]
[0.14375721]
[0.1437568]
[0.14365098]
[0.14365098]
[0.14364578]
[0.14364238]
[0.14361301]
[0.1436015]
[0.14357235]
[0.14355679]
[0.14352219]
[0.14347796]
[0.14346337]
[0.14345594]
[0.14345215]
[0.14343487]
[0.14336807]
[0.14333993]
[0.14326547]
[0.14323545]
[0.14318803]
[0.14316279]
[0.14312886]
[0.14304298]
[0.14304298]
[0.14304298]
[0.1430307]
[0.14297648]
[0.14296858]
[0.14290841]
[0.14290707]
[0.142904]
[0.14287946]
[0.14278157]
[0.14277996]
[0.14273563]
[0.14273563]
[0.14266054]
[0.14260323]
[0.14258766]
[0.1425848]
[0.14254592]
[0.14254566]
[0.1425355]
[0.14253479]
[0.14248805]
[0.14248154]
[0.14247245]
[0.14244944]
[0.14243929]
[0.14241768]
[0.14241487]
[0.14240901]
[0.14239216]
[0.14239146]
[0.14234485]
[0.14232108]
[0.14229381]
[0.14229381]
[0.14226715]
[0.14222056]
[0.1421958]
[0.14218484]
[0.14218175]
[0.14217563]
[0.14216599]
[0.14215666]
[0.14212576]
[0.142099]
[0.14209658]
[0.1420786]
[0.1420486]
[0.1420486]
[0.1420318]
[0.14201911]
[0.14201492]
[0.14196618]
[0.14194359]
[0.1419296]
[0.14182739]
[0.14179954]
[0.14178628]
[0.14171626]
[0.14164464]
[0.14161229]
[0.14149389]
[0.14148611]
[0.14148611]
[0.14144203]
[0.14141302]
[0.14140642]
[0.14139102]
[0.1413882]
[0.1413442]
[0.14133899]
[0.1413322]
[0.14132689]
[0.14132611]
[0.14129357]
[0.14120759]
[0.14119628]
[0.14117853]
[0.14113171]
[0.14108849]
[0.14106502]
[0.14099756]
[0.14099166]
[0.14094993]
[0.14086042]
[0.1408519]
[0.14085038]
[0.14080153]
[0.14078033]
[0.14075859]
[0.14075078]
[0.14066021]
[0.14058469]
[0.14057244]
[0.14055984]
[0.14055403]
[0.14053103]
[0.14052878]
[0.1405175]
[0.1405175]
[0.14048019]
[0.14044587]
[0.14044525]
[0.14038679]
[0.14036669]
[0.14036533]
[0.14034823]
[0.14034474]
[0.14032573]
[0.14027408]
[0.14024003]
[0.14022483]
[0.14020032]
[0.1401906]
[0.14016515]
[0.14012535]
[0.14010444]
[0.14009815]
[0.14006902]
[0.14005443]
[0.14000694]
[0.13996229]
[0.1399504]
[0.13990432]
[0.13987067]
[0.13986786]
[0.13986233]
[0.13985814]
[0.13976604]
[0.13974471]
[0.13973331]
[0.13969456]
[0.13968173]
[0.13967393]
[0.13965024]
[0.13962181]
[0.13958746]
[0.13954374]
[0.1395262]
[0.13949291]
[0.1394845]
[0.1394845]
[0.13947137]
[0.13946341]
[0.13941887]
[0.13933378]
[0.13931128]
[0.13930327]
[0.13926607]
[0.13925976]
[0.13925001]
[0.13921772]
[0.13921756]
[0.13920641]
[0.13916427]
[0.13915412]
[0.13914561]
[0.1390925]
[0.1389961]
[0.13898103]
[0.13894679]
[0.13893989]
[0.13892958]
[0.13889825]
[0.1388966]
[0.138882]
[0.13886586]
[0.13886492]
[0.13885702]
[0.13883741]
[0.13882954]
[0.13877161]
[0.138744]
[0.13873383]
[0.13870737]
[0.13869981]
[0.13865137]
[0.13863993]
[0.13862535]
[0.13854276]
[0.13850816]
[0.13845676]
[0.13842738]
[0.13836336]
[0.13834642]
[0.13833812]
[0.13828896]
[0.13823731]
[0.13823044]
[0.13822567]
[0.13821395]
[0.13816895]
[0.13813643]
[0.13806875]
[0.13806091]
[0.13804929]
[0.13804373]
[0.13802324]
[0.13796629]
[0.13793148]
[0.137906]
[0.13789226]
[0.13788675]
[0.13788612]
[0.13788028]
[0.1378536]
[0.13785252]
[0.13782957]
[0.13782382]
[0.13781852]
[0.13779154]
[0.13778129]
[0.13773757]
[0.1377083]
[0.13767724]
[0.13766068]
[0.13765341]
[0.13765341]
[0.13763912]
[0.13759682]
[0.13755503]
[0.1375508]
[0.1375508]
[0.13754599]
[0.1374347]
[0.13742012]
[0.13740931]
[0.13740169]
[0.1373978]
[0.13736026]
[0.13732211]
[0.13731706]
[0.13731195]
[0.13723974]
[0.13718447]
[0.13718084]
[0.13715427]
[0.13707824]
[0.13707502]
[0.13705333]
[0.13704172]
[0.13703875]
[0.13702731]
[0.13701761]
[0.13698874]
[0.13693306]
[0.13692494]
[0.1369224]
[0.13689941]
[0.13685362]
[0.13685314]
[0.13684568]
[0.13682647]
[0.13681833]
[0.13680097]
[0.13679044]
[0.13677563]
[0.1367312]
[0.13668427]
[0.1366597]
[0.13665323]
[0.13663764]
[0.13659622]
[0.1365882]
[0.13658595]
[0.1365837]
[0.13658243]
[0.13656427]
[0.13656373]
[0.13655992]
[0.13653757]
[0.13649532]
[0.1364951]
[0.13644518]
[0.13638532]
[0.1363792]
[0.13637884]
[0.13637373]
[0.13635218]
[0.1363502]
[0.13630895]
[0.13621706]
[0.13618387]
[0.13614652]
[0.13612309]
[0.13612309]
[0.13612196]
[0.13607341]
[0.13605572]
[0.13602781]
[0.13601509]
[0.13599691]
[0.13598843]
[0.13595507]
[0.13593785]
[0.13592103]
[0.13590416]
[0.13586614]
[0.13582174]
[0.13580495]
[0.1357877]
[0.13575442]
[0.13563631]
[0.13548796]
[0.13548416]
[0.1354017]
[0.13535249]
[0.1353465]
[0.13532105]
[0.13525057]
[0.13521792]
[0.13521606]
[0.13519606]
[0.13519166]
[0.13518822]
[0.1351844]
[0.13516606]
[0.13507842]
[0.13503836]
[0.1350121]
[0.13499361]
[0.13499075]
[0.134977]
[0.13497311]
[0.13496988]
[0.13492957]
[0.13482937]
[0.1348074]
[0.13466921]
[0.13466892]
[0.13464797]
[0.13464051]
[0.13463847]
[0.13463385]
[0.1346248]
[0.13462159]
[0.13462159]
[0.13459231]
[0.1345699]
[0.1345699]
[0.13451312]
[0.1344917]
[0.13449]
[0.13447341]
[0.1344549]
[0.1344508]
[0.13443454]
[0.1344134]
[0.13441259]
[0.13436359]
[0.13435449]
[0.134331]
[0.13432394]
[0.13430855]
[0.1342982]
[0.13428906]
[0.13428275]
[0.13427399]
[0.13425569]
[0.13424483]
[0.13423209]
[0.1342281]
[0.134214]
[0.13419347]
[0.1341851]
[0.13418318]
[0.13416305]
[0.13414615]
[0.13414615]
[0.13412155]
[0.13411409]
[0.13404694]
[0.1340449]
[0.13404207]
[0.13402984]
[0.13402636]
[0.13398159]
[0.13397649]
[0.133961]
[0.133961]
[0.133961]
[0.1339245]
[0.13389707]
[0.13387716]
[0.13386992]
[0.13386273]
[0.13385692]
[0.13383916]
[0.13380653]
[0.13377604]
[0.13373138]
[0.13370773]
[0.1337074]
[0.13368928]
[0.13367653]
[0.13366096]
[0.13362485]
[0.13362038]
[0.13358238]
[0.13358155]
[0.13357507]
[0.13357507]
[0.13356414]
[0.13353702]
[0.13342503]
[0.13337971]
[0.13336198]
[0.13330853]
[0.13329636]
[0.1332796]
[0.13324383]
[0.13324347]
[0.1332413]
[0.13322762]
[0.13318373]
[0.13317811]
[0.13317674]
[0.13310447]
[0.13310432]
[0.13309562]
[0.13309062]
[0.13303418]
[0.13302673]
[0.13302395]
[0.13298717]
[0.13297442]
[0.13296485]
[0.13296188]
[0.13294932]
[0.13285334]
[0.1327869]
[0.13274541]
[0.13271311]
[0.1326953]
[0.13266657]
[0.13265708]
[0.13262844]
[0.13262376]
[0.1326036]
[0.13260245]
[0.13259786]
[0.13258259]
[0.13257022]
[0.13256626]
[0.13248463]
[0.13245262]
[0.13243948]
[0.13233142]
[0.1322913]
[0.13229057]
[0.13228759]
[0.13228507]
[0.13227355]
[0.13227132]
[0.13226141]
[0.13225111]
[0.1322424]
[0.1322207]
[0.1322207]
[0.13221225]
[0.13218306]
[0.13215123]
[0.13209781]
[0.13209271]
[0.13208732]
[0.13207528]
[0.13201952]
[0.13198063]
[0.13197581]
[0.13196458]
[0.13193493]
[0.13193075]
[0.13192669]
[0.13190094]
[0.13186122]
[0.13182238]
[0.13181736]
[0.13181162]
[0.13180293]
[0.13177788]
[0.13175265]
[0.13169019]
[0.13160494]
[0.1315966]
[0.13155274]
[0.1315258]
[0.13148957]
[0.13146053]
[0.131433]
[0.13141894]
[0.13141108]
[0.13140027]
[0.13137767]
[0.1313593]
[0.13134056]
[0.13128315]
[0.1312577]
[0.13120252]
[0.13120107]
[0.13119839]
[0.13114873]
[0.13112368]
[0.13111272]
[0.13107285]
[0.13105445]
[0.13098837]
[0.13097951]
[0.13095996]
[0.13095866]
[0.1309515]
[0.13094507]
[0.13093992]
[0.13089469]
[0.13089412]
[0.13088547]
[0.13086545]
[0.1308257]
[0.13077985]
[0.13077264]
[0.13071725]
[0.13068071]
[0.13065644]
[0.1306458]
[0.13064563]
[0.13061346]
[0.13060698]
[0.13058276]
[0.13056718]
[0.13056193]
[0.13054731]
[0.1305287]
[0.13052605]
[0.13051584]
[0.13051063]
[0.13049515]
[0.13049209]
[0.13048173]
[0.13046004]
[0.13044268]
[0.13037635]
[0.13034603]
[0.13034108]
[0.1303282]
[0.13028939]
[0.13028848]
[0.13020696]
[0.1302054]
[0.1300497]
[0.12999696]
[0.1299942]
[0.1299942]
[0.12995829]
[0.12990929]
[0.12988013]
[0.12987927]
[0.12986812]
[0.12984112]
[0.12981467]
[0.12981257]
[0.12979883]
[0.12979485]
[0.12975812]
[0.12971495]
[0.12970872]
[0.12970442]
[0.12963615]
[0.12959963]
[0.12958904]
[0.12952332]
[0.12951903]
[0.12950733]
[0.1294376]
[0.12943059]
[0.129429]
[0.1293676]
[0.12934709]
[0.1292796]
[0.1292554]
[0.12923448]
[0.12922932]
[0.12910493]
[0.1290688]
[0.1289693]
[0.12896459]
[0.12895414]
[0.12888646]
[0.12886481]
[0.12885353]
[0.1287793]
[0.12877907]
[0.12872079]
[0.12871498]
[0.12870876]
[0.12870604]
[0.12869716]
[0.12868284]
[0.12860768]
[0.12854202]
[0.1285128]
[0.12845968]
[0.12845385]
[0.12842874]
[0.12833332]
[0.12830849]
[0.12829939]
[0.12828921]
[0.1282585]
[0.12824462]
[0.12820089]
[0.12818943]
[0.12818685]
[0.12812658]
[0.12812199]
[0.12809773]
[0.12807235]
[0.12807174]
[0.12805583]
[0.12804043]
[0.12800722]
[0.12798646]
[0.12798138]
[0.12793317]
[0.12789756]
[0.1278647]
[0.12785305]
[0.12785299]
[0.12784359]
[0.1277982]
[0.12775286]
[0.12774229]
[0.1277252]
[0.1277047]
[0.1276574]
[0.1276401]
[0.12763144]
[0.12755787]
[0.12748334]
[0.12748076]
[0.1274705]
[0.1274223]
[0.12737611]
[0.12735508]
[0.12735434]
[0.12726945]
[0.12725243]
[0.12722129]
[0.12722081]
[0.12717359]
[0.12716135]
[0.12713495]
[0.12711638]
[0.12711088]
[0.12708537]
[0.12708287]
[0.12707977]
[0.12707458]
[0.12705925]
[0.12705925]
[0.12705885]
[0.12701377]
[0.1270096]
[0.12700275]
[0.12689866]
[0.12685762]
[0.12684053]
[0.12684011]
[0.12683372]
[0.12681395]
[0.1267836]
[0.1267771]
[0.126764]
[0.12675717]
[0.12674047]
[0.12670073]
[0.12657817]
[0.12657388]
[0.12657326]
[0.12656641]
[0.12656182]
[0.1265613]
[0.12655476]
[0.12653221]
[0.12652014]
[0.12650749]
[0.12650588]
[0.12650143]
[0.1264618]
[0.12644944]
[0.12643237]
[0.12642494]
[0.12642016]
[0.1264147]
[0.12638088]
[0.12633482]
[0.12626667]
[0.12625915]
[0.12620777]
[0.12619594]
[0.12618561]
[0.126161]
[0.12609938]
[0.12605476]
[0.12605014]
[0.12601459]
[0.12598418]
[0.12597327]
[0.1259583]
[0.12587656]
[0.12585692]
[0.12583758]
[0.12573916]
[0.1256993]
[0.12568505]
[0.12565026]
[0.1256246]
[0.1255794]
[0.1255594]
[0.12554128]
[0.1255315]
[0.12551945]
[0.12545127]
[0.12543774]
[0.12540433]
[0.12537499]
[0.12535924]
[0.12535562]
[0.12535]
[0.12534545]
[0.12531435]
[0.12529276]
[0.12528342]
[0.12522712]
[0.1252134]
[0.12520461]
[0.12520444]
[0.12520319]
[0.12520064]
[0.12520054]
[0.12517782]
[0.12514585]
[0.12512258]
[0.12511207]
[0.12511005]
[0.1250468]
[0.12502292]
[0.12499861]
[0.12493125]
[0.12492733]
[0.12488896]
[0.12487808]
[0.12487073]
[0.1248699]
[0.12485411]
[0.12482946]
[0.12481915]
[0.12480884]
[0.12478624]
[0.12478609]
[0.12476337]
[0.12473644]
[0.12468071]
[0.12465704]
[0.12462292]
[0.12462067]
[0.12461612]
[0.1245773]
[0.12457088]
[0.1245421]
[0.12454015]
[0.12452915]
[0.12449209]
[0.12441852]
[0.12441509]
[0.12432454]
[0.12431248]
[0.12429696]
[0.12427481]
[0.12419733]
[0.12412978]
[0.12412624]
[0.12411655]
[0.12406206]
[0.12405664]
[0.12405136]
[0.12402709]
[0.12398165]
[0.1239591]
[0.12394299]
[0.12389729]
[0.12388166]
[0.12386017]
[0.12383959]
[0.12379283]
[0.12378418]
[0.12375709]
[0.12369671]
[0.12368912]
[0.123679]
[0.1236765]
[0.12367626]
[0.12367495]
[0.12367024]
[0.12364239]
[0.12364111]
[0.12363335]
[0.12362644]
[0.12362644]
[0.12362199]
[0.1236112]
[0.12360986]
[0.12357819]
[0.12356399]
[0.12355003]
[0.12347168]
[0.12347081]
[0.12341034]
[0.1234043]
[0.1234041]
[0.12337423]
[0.12336423]
[0.12333028]
[0.12332945]
[0.12331002]
[0.12329835]
[0.12326662]
[0.12323001]
[0.12319447]
[0.12316377]
[0.12312356]
[0.12310744]
[0.12309548]
[0.12308881]
[0.12308585]
[0.12307112]
[0.12306857]
[0.12303784]
[0.12302236]
[0.12301356]
[0.12299962]
[0.12299666]
[0.12298997]
[0.12296786]
[0.12293298]
[0.12290334]
[0.12290186]
[0.12286654]
[0.12283473]
[0.12279402]
[0.12275568]
[0.1227505]
[0.12267166]
[0.12261841]
[0.12259503]
[0.12259318]
[0.122573]
[0.12256531]
[0.1225512]
[0.12252502]
[0.12249035]
[0.12242077]
[0.12238722]
[0.12237313]
[0.12235948]
[0.12235577]
[0.12232744]
[0.12223915]
[0.1222351]
[0.12223069]
[0.1222245]
[0.12217759]
[0.12217076]
[0.12216286]
[0.12216279]
[0.1221619]
[0.12214174]
[0.12213761]
[0.12209941]
[0.1220663]
[0.12204859]
[0.12202341]
[0.12201958]
[0.12201424]
[0.12199661]
[0.12198602]
[0.12195954]
[0.12191512]
[0.12189175]
[0.12187973]
[0.12187532]
[0.12187424]
[0.12186444]
[0.12184229]
[0.12181154]
[0.12179288]
[0.12179113]
[0.12174371]
[0.12173852]
[0.12171593]
[0.12171139]
[0.12170891]
[0.12169641]
[0.12166593]
[0.12163088]
[0.1216218]
[0.12159619]
[0.12154262]
[0.12152366]
[0.12152331]
[0.12143473]
[0.1213948]
[0.12135673]
[0.12135252]
[0.12135239]
[0.12134698]
[0.12130846]
[0.12129838]
[0.12126698]
[0.12121212]
[0.12119074]
[0.12118649]
[0.12116563]
[0.12115484]
[0.12115018]
[0.12114596]
[0.12111581]
[0.12110712]
[0.12108405]
[0.12108047]
[0.12106466]
[0.12100071]
[0.12100047]
[0.12098606]
[0.12098229]
[0.12094474]
[0.12093594]
[0.12090198]
[0.1208906]
[0.12086593]
[0.12086443]
[0.12083214]
[0.12080269]
[0.12079068]
[0.12078779]
[0.12076683]
[0.12075464]
[0.12074926]
[0.12072952]
[0.12070806]
[0.12068526]
[0.12067684]
[0.12064886]
[0.12056894]
[0.12052353]
[0.12051295]
[0.12050066]
[0.1204697]
[0.12046782]
[0.12045332]
[0.12039272]
[0.12037221]
[0.12028312]
[0.12028207]
[0.12023953]
[0.12021295]
[0.12020957]
[0.1201275]
[0.12009837]
[0.12004857]
[0.120027]
[0.12001323]
[0.11998285]
[0.11997767]
[0.11987959]
[0.11986778]
[0.11983883]
[0.1198383]
[0.11980441]
[0.11980441]
[0.11980441]
[0.11972418]
[0.11968233]
[0.11968157]
[0.11965816]
[0.11965766]
[0.1196343]
[0.11961738]
[0.11958216]
[0.11958015]
[0.11956242]
[0.11955623]
[0.11950497]
[0.11944343]
[0.11939195]
[0.11938491]
[0.11933956]
[0.11933838]
[0.11931214]
[0.11928801]
[0.11927869]
[0.11924348]
[0.1191368]
[0.11912663]
[0.11908857]
[0.11907342]
[0.11894591]
[0.11890323]
[0.11889657]
[0.11889385]
[0.11889324]
[0.11888242]
[0.11887099]
[0.11886644]
[0.11885965]
[0.11883471]
[0.11882646]
[0.11881319]
[0.11879283]
[0.11878963]
[0.11877881]
[0.11877657]
[0.11874091]
[0.1187387]
[0.11872303]
[0.11869451]
[0.11862252]
[0.11861613]
[0.11859129]
[0.11857688]
[0.11851855]
[0.11851078]
[0.11848298]
[0.11845505]
[0.11845206]
[0.11841792]
[0.11841334]
[0.11836042]
[0.11835606]
[0.11831325]
[0.11831282]
[0.11830254]
[0.11827011]
[0.11826182]
[0.11825726]
[0.1182315]
[0.11822738]
[0.11821166]
[0.11821114]
[0.11819725]
[0.11808702]
[0.11807416]
[0.11805808]
[0.11804284]
[0.11803726]
[0.11801945]
[0.11801607]
[0.11798257]
[0.11797791]
[0.11794148]
[0.11792562]
[0.11790283]
[0.11781927]
[0.11778735]
[0.11777661]
[0.11773136]
[0.11773136]
[0.11773091]
[0.11767146]
[0.11759556]
[0.11755626]
[0.1175543]
[0.11754295]
[0.11750561]
[0.11749919]
[0.11748949]
[0.11748371]
[0.11742701]
[0.11741298]
[0.11738781]
[0.11735988]
[0.1173591]
[0.11734157]
[0.11730382]
[0.11726955]
[0.11726467]
[0.11724094]
[0.11721334]
[0.1171582]
[0.11714468]
[0.1170642]
[0.11704397]
[0.11704231]
[0.11699364]
[0.11697622]
[0.11697038]
[0.11696216]
[0.11695547]
[0.11692782]
[0.11691691]
[0.11691325]
[0.11688996]
[0.11687806]
[0.11686465]
[0.116777]
[0.11676327]
[0.11672254]
[0.11671843]
[0.11665012]
[0.11653719]
[0.11653662]
[0.11652272]
[0.1165131]
[0.11649584]
[0.11647689]
[0.11647596]
[0.11645684]
[0.11645363]
[0.11639874]
[0.11639629]
[0.11636657]
[0.11631464]
[0.11629921]
[0.11626756]
[0.1162067]
[0.11620229]
[0.11617649]
[0.11614008]
[0.11611661]
[0.11604927]
[0.11604457]
[0.11603589]
[0.11597806]
[0.11596645]
[0.11595301]
[0.11593823]
[0.11593808]
[0.11593794]
[0.11593398]
[0.11593349]
[0.11587489]
[0.11586905]
[0.11586411]
[0.11584007]
[0.11582087]
[0.11579323]
[0.11576572]
[0.11574995]
[0.11572238]
[0.11571436]
[0.11570463]
[0.11566341]
[0.11566106]
[0.11565872]
[0.11565477]
[0.11564562]
[0.11544104]
[0.11540301]
[0.11538644]
[0.11537576]
[0.11535571]
[0.1153469]
[0.11530039]
[0.11527476]
[0.11524408]
[0.11522293]
[0.11518385]
[0.11515523]
[0.11513259]
[0.11510996]
[0.11503581]
[0.11502703]
[0.11502647]
[0.11501887]
[0.11501478]
[0.11498791]
[0.1149758]
[0.1149163]
[0.11490954]
[0.11486781]
[0.11485526]
[0.114842]
[0.11483479]
[0.11483295]
[0.11479909]
[0.11479055]
[0.11478557]
[0.11478314]
[0.11478125]
[0.11476745]
[0.11475675]
[0.11473776]
[0.11470165]
[0.11469411]
[0.11461764]
[0.11458725]
[0.11457647]
[0.11453128]
[0.11452349]
[0.11450388]
[0.1144565]
[0.11445399]
[0.11443336]
[0.11440789]
[0.1143831]
[0.11437058]
[0.11430894]
[0.11428965]
[0.11428589]
[0.1142558]
[0.11424418]
[0.11423565]
[0.11419578]
[0.11411019]
[0.11410381]
[0.11410037]
[0.1141001]
[0.11405452]
[0.11402664]
[0.11394876]
[0.11393986]
[0.11391713]
[0.11390602]
[0.11388624]
[0.11388341]
[0.11387591]
[0.11387186]
[0.1138349]
[0.11383077]
[0.11380398]
[0.11379268]
[0.11379037]
[0.11370252]
[0.11368727]
[0.11364879]
[0.11363496]
[0.11363184]
[0.11359072]
[0.113586]
[0.11358568]
[0.11356457]
[0.11351215]
[0.11343705]
[0.11339384]
[0.11337533]
[0.11334553]
[0.11332482]
[0.1132984]
[0.11329196]
[0.11327456]
[0.113259]
[0.11325437]
[0.11325388]
[0.11321465]
[0.11319773]
[0.11317793]
[0.11316379]
[0.11313862]
[0.11313662]
[0.11311328]
[0.11304937]
[0.11301766]
[0.11301629]
[0.11297233]
[0.11294992]
[0.11286075]
[0.11285969]
[0.1128593]
[0.11282571]
[0.11282159]
[0.11281185]
[0.11279903]
[0.11279766]
[0.11275511]
[0.11267599]
[0.11266701]
[0.11265601]
[0.11260319]
[0.11259767]
[0.11254223]
[0.11252269]
[0.11252058]
[0.11248865]
[0.11247083]
[0.11241101]
[0.11233251]
[0.11232498]
[0.11230697]
[0.1122665]
[0.11226556]
[0.11214652]
[0.1120757]
[0.11207438]
[0.11203433]
[0.11195926]
[0.111899]
[0.11187961]
[0.11186682]
[0.11180407]
[0.11178018]
[0.11177698]
[0.11174574]
[0.11167263]
[0.11166309]
[0.11160461]
[0.11158879]
[0.11157875]
[0.11157589]
[0.11154739]
[0.11151142]
[0.11149441]
[0.11147766]
[0.11147104]
[0.11147052]
[0.1114664]
[0.11146297]
[0.11143394]
[0.11142364]
[0.11137313]
[0.11135969]
[0.11134147]
[0.11133331]
[0.11132978]
[0.11131784]
[0.11131193]
[0.11125363]
[0.11123098]
[0.11116024]
[0.11115713]
[0.11111822]
[0.11106266]
[0.11104246]
[0.1109672]
[0.11095927]
[0.11094013]
[0.1109373]
[0.1109203]
[0.1108979]
[0.11089645]
[0.11087108]
[0.11085983]
[0.1108461]
[0.11081445]
[0.11079141]
[0.11078441]
[0.1107838]
[0.11071432]
[0.11070601]
[0.11066601]
[0.11065877]
[0.11064086]
[0.11062559]
[0.11060646]
[0.11055837]
[0.11054385]
[0.11053973]
[0.11051689]
[0.11050518]
[0.11050311]
[0.11048497]
[0.11045024]
[0.11042404]
[0.1104185]
[0.1103904]
[0.11038235]
[0.11037494]
[0.11035439]
[0.11031943]
[0.11031056]
[0.11029764]
[0.11027526]
[0.11025491]
[0.1102471]
[0.11017322]
[0.11010302]
[0.11009568]
[0.11000111]
[0.10997717]
[0.10997371]
[0.10996501]
[0.10995334]
[0.10990713]
[0.10978963]
[0.1097877]
[0.10978446]
[0.1097503]
[0.10974525]
[0.10966163]
[0.10966163]
[0.10965726]
[0.10965669]
[0.10964424]
[0.10963398]
[0.10963063]
[0.10952081]
[0.10947219]
[0.10944905]
[0.10943887]
[0.1093644]
[0.10934263]
[0.10934224]
[0.10933811]
[0.10932082]
[0.10930679]
[0.10929874]
[0.10928801]
[0.10925607]
[0.10922345]
[0.10922082]
[0.10919211]
[0.10918603]
[0.10917978]
[0.10914978]
[0.1091173]
[0.10902284]
[0.10900515]
[0.10892179]
[0.10892081]
[0.10890184]
[0.10884078]
[0.10883307]
[0.10883016]
[0.10882156]
[0.1087527]
[0.10875177]
[0.10874732]
[0.10874053]
[0.10869187]
[0.1086657]
[0.1086508]
[0.10858149]
[0.10858043]
[0.10856669]
[0.10840266]
[0.10837704]
[0.10836884]
[0.10832305]
[0.10831992]
[0.10829272]
[0.10829261]
[0.10827461]
[0.10823322]
[0.10819563]
[0.10817057]
[0.10814921]
[0.10810649]
[0.10810005]
[0.10808484]
[0.10808419]
[0.1080693]
[0.10804334]
[0.10801595]
[0.10799195]
[0.10797011]
[0.10796407]
[0.10792843]
[0.10792524]
[0.10790218]
[0.10781534]
[0.10778681]
[0.10774693]
[0.10759384]
[0.10754885]
[0.10754329]
[0.10753791]
[0.10749392]
[0.10749038]
[0.10748944]
[0.10748083]
[0.10746935]
[0.10746736]
[0.10741073]
[0.10739396]
[0.10733894]
[0.10731028]
[0.10727131]
[0.1072469]
[0.10720298]
[0.10719837]
[0.10718524]
[0.10710869]
[0.10707846]
[0.1069741]
[0.10696755]
[0.1069321]
[0.10692232]
[0.10688688]
[0.10685989]
[0.10681213]
[0.10678077]
[0.1067609]
[0.10671202]
[0.10669343]
[0.10663386]
[0.10663139]
[0.10652161]
[0.10639573]
[0.10631153]
[0.10628863]
[0.10627604]
[0.1062541]
[0.10619217]
[0.1061824]
[0.10615344]
[0.10612077]
[0.10610248]
[0.10609525]
[0.10609137]
[0.10607745]
[0.10607186]
[0.1060349]
[0.105998]
[0.10598284]
[0.1058597]
[0.10579514]
[0.10578651]
[0.10577729]
[0.1057287]
[0.10569543]
[0.10569111]
[0.10568696]
[0.10566808]
[0.10566677]
[0.10562909]
[0.1056282]
[0.10556142]
[0.10551316]
[0.10550965]
[0.10549224]
[0.10548329]
[0.10534493]
[0.10530256]
[0.10528596]
[0.10527551]
[0.10524163]
[0.10524084]
[0.10523498]
[0.10522791]
[0.10522019]
[0.10508899]
[0.10503586]
[0.1049621]
[0.10495573]
[0.10488634]
[0.10486124]
[0.10482132]
[0.10479817]
[0.10479813]
[0.10477489]
[0.10476533]
[0.10474262]
[0.10472624]
[0.10472313]
[0.10471696]
[0.10467432]
[0.10455415]
[0.1045485]
[0.10450017]
[0.10445648]
[0.10441919]
[0.10437619]
[0.1043743]
[0.10436601]
[0.10436459]
[0.10432453]
[0.10431818]
[0.10428842]
[0.10427849]
[0.1042749]
[0.10426965]
[0.10421181]
[0.1042097]
[0.10415267]
[0.10413452]
[0.10410605]
[0.1039907]
[0.1039859]
[0.10397279]
[0.10391191]
[0.10387369]
[0.10382695]
[0.10382664]
[0.10372891]
[0.10372119]
[0.10357048]
[0.10355633]
[0.10347272]
[0.10346548]
[0.10343018]
[0.10342278]
[0.10342189]
[0.1034058]
[0.10337563]
[0.10334723]
[0.10326497]
[0.10325074]
[0.10318311]
[0.10310359]
[0.10308953]
[0.10288467]
[0.10284592]
[0.10284398]
[0.10277326]
[0.10276768]
[0.10275318]
[0.10274482]
[0.10272201]
[0.1026836]
[0.10265215]
[0.10259284]
[0.10258479]
[0.10257616]
[0.10256087]
[0.10252544]
[0.10249216]
[0.10248623]
[0.10247646]
[0.10239982]
[0.10237241]
[0.10229347]
[0.10226806]
[0.10223414]
[0.10207663]
[0.10206624]
[0.10203055]
[0.10200343]
[0.10193395]
[0.10191409]
[0.10188055]
[0.10187878]
[0.1018097]
[0.10176052]
[0.10171588]
[0.10170597]
[0.10169264]
[0.10167264]
[0.10166326]
[0.10155544]
[0.10144092]
[0.10136973]
[0.1013271]
[0.1013248]
[0.1012422]
[0.10112102]
[0.10109726]
[0.10106719]
[0.10105254]
[0.10105059]
[0.10104028]
[0.10099999]
[0.10099208]
[0.10099208]
[0.10098676]
[0.10098589]
[0.10095325]
[0.10094658]
[0.10093648]
[0.10089969]
[0.10083659]
[0.10082397]
[0.10073467]
[0.10072347]
[0.10071229]
[0.10063536]
[0.10060425]
[0.10060127]
[0.10054652]
[0.10044239]
[0.10040723]
[0.10038161]
[0.10036868]
[0.10035628]
[0.10034277]
[0.10033424]
[0.10032959]
[0.10032405]
[0.10032073]
[0.10021977]
[0.10021331]
[0.10020007]
[0.10015971]
[0.10015335]
[0.10014918]
[0.10014807]
[0.1001066]
[0.10007231]
[0.10004004]
[0.10002442]
[0.09991287]
[0.09990629]
[0.09977835]
[0.09976576]
[0.09975461]
[0.09952956]
[0.09951896]
[0.09940603]
[0.09939264]
[0.09938464]
[0.09934901]
[0.09928615]
[0.0992696]
[0.09924573]
[0.09923702]
[0.09921446]
[0.09919995]
[0.09913915]
[0.0990859]
[0.09898056]
[0.09897321]
[0.09896787]
[0.09888177]
[0.09888057]
[0.09883033]
[0.09877422]
[0.09871015]
[0.09863966]
[0.09850509]
[0.09845967]
[0.09845643]
[0.09845164]
[0.09843967]
[0.09840012]
[0.09838167]
[0.09836838]
[0.09835773]
[0.09828508]
[0.09828485]
[0.0981444]
[0.09814058]
[0.0980849]
[0.09806823]
[0.09802046]
[0.09797582]
[0.09790715]
[0.09782506]
[0.09774101]
[0.09771952]
[0.09769585]
[0.09769188]
[0.09752382]
[0.09751133]
[0.09745962]
[0.09739991]
[0.09737649]
[0.09736799]
[0.09735079]
[0.09729408]
[0.09727681]
[0.0972602]
[0.09723227]
[0.09721676]
[0.097084]
[0.09707275]
[0.09700055]
[0.09695506]
[0.09691946]
[0.0969041]
[0.09687625]
[0.09686728]
[0.09681155]
[0.09676192]
[0.09674992]
[0.09673885]
[0.09668632]
[0.09668555]
[0.09667216]
[0.09663396]
[0.09661236]
[0.09660952]
[0.09658762]
[0.09655588]
[0.09654421]
[0.09651812]
[0.09646516]
[0.09646516]
[0.09644415]
[0.09642538]
[0.09640504]
[0.09629595]
[0.09620029]
[0.09619096]
[0.09614383]
[0.09605791]
[0.09602245]
[0.09593794]
[0.09593438]
[0.09590742]
[0.09589197]
[0.09585984]
[0.095764]
[0.09575088]
[0.09570648]
[0.095681]
[0.09565844]
[0.09561794]
[0.09558656]
[0.09554236]
[0.09548121]
[0.09532396]
[0.09526407]
[0.09523189]
[0.09521951]
[0.09516688]
[0.09512634]
[0.09511265]
[0.09509865]
[0.09508319]
[0.09504545]
[0.095003]
[0.09490204]
[0.09485953]
[0.09470006]
[0.09461461]
[0.09460955]
[0.09458825]
[0.09458549]
[0.09457822]
[0.09451296]
[0.09449904]
[0.09448779]
[0.09446746]
[0.09437534]
[0.09434443]
[0.09430874]
[0.09429551]
[0.09427089]
[0.09427051]
[0.09425752]
[0.09414441]
[0.09409522]
[0.09405664]
[0.09403526]
[0.09394436]
[0.09385353]
[0.09376802]
[0.09365351]
[0.09362669]
[0.09362209]
[0.09345961]
[0.0934458]
[0.09339645]
[0.09339362]
[0.09333227]
[0.09333058]
[0.09332269]
[0.09322637]
[0.09322129]
[0.09321246]
[0.09318236]
[0.09312137]
[0.09309027]
[0.0930861]
[0.09303607]
[0.09299329]
[0.09297562]
[0.09290662]
[0.09280954]
[0.09277024]
[0.09274155]
[0.09265799]
[0.09264624]
[0.09256847]
[0.09255025]
[0.09245542]
[0.09244969]
[0.0924489]
[0.09241737]
[0.0923913]
[0.09237995]
[0.09230721]
[0.0922049]
[0.09212303]
[0.0920887]
[0.09208455]
[0.09207495]
[0.09204394]
[0.0919992]
[0.09199836]
[0.09195306]
[0.09189988]
[0.09186449]
[0.09179109]
[0.0917718]
[0.09174705]
[0.09169055]
[0.09161978]
[0.09161017]
[0.09158787]
[0.09153651]
[0.09137456]
[0.09136084]
[0.09120646]
[0.09111895]
[0.09109463]
[0.09107576]
[0.09093808]
[0.09093636]
[0.09092095]
[0.0908668]
[0.09084253]
[0.09039999]
[0.09039059]
[0.09037624]
[0.09035159]
[0.09024446]
[0.09020786]
[0.09012955]
[0.09000695]
[0.08996476]
[0.08990074]
[0.0898954]
[0.0898739]
[0.08977415]
[0.08932535]
[0.08925533]
[0.08925468]
[0.08897489]
[0.08895203]
[0.08881516]
[0.08870517]
[0.08866709]
[0.0886623]
[0.08864231]
[0.08857539]
[0.08849233]
[0.08843468]
[0.088322]
[0.08814372]
[0.08798294]
[0.08777589]
[0.08768653]
[0.0874925]
[0.0874884]
[0.08743995]
[0.08736967]
[0.08733313]
[0.08732694]
[0.0872737]
[0.08718633]
[0.08678304]
[0.08674616]
[0.08674528]
[0.08671979]
[0.08670114]
[0.08667924]
[0.08667126]
[0.08651868]
[0.0864595]
[0.08617872]
[0.08600584]
[0.0859817]
[0.08593316]
[0.08593143]
[0.08588728]
[0.08559985]
[0.08542658]
[0.08540796]
[0.08532348]
[0.08525202]
[0.08494833]
[0.08493337]
[0.08492604]
[0.08485045]
[0.08484861]
[0.0847289]
[0.08459783]
[0.08459615]
[0.08452445]
[0.08449901]
[0.08440652]
[0.08432488]
[0.0843045]
[0.08412408]
[0.08410773]
[0.08379607]
[0.08376988]
[0.08335501]
[0.08330583]
[0.08320266]
[0.08299882]
[0.0829636]
[0.08288539]
[0.08280332]
[0.08276641]
[0.08259628]
[0.08251594]
[0.08236545]
[0.08232006]
[0.08225419]
[0.08216366]
[0.08203975]
[0.0819851]
[0.08185323]
[0.08158431]
[0.08144093]
[0.08124455]
[0.08102127]
[0.08093258]
[0.08086764]
[0.08079159]
[0.08060523]
[0.08052146]
[0.08027509]
[0.07997583]
[0.07983851]
[0.07977547]
[0.07977321]
[0.07964042]
[0.07953119]
[0.07925009]
[0.07924027]
[0.07827545]
[0.07818027]
[0.07791686]
[0.07789679]
[0.0778162]
[0.07773723]
[0.07714789]
[0.07710331]
[0.07693679]
[0.07665879]
[0.07628453]
[0.07625777]
[0.07623537]
[0.07592615]
[0.07582332]
[0.07575976]
[0.07557973]
[0.07546145]
[0.07540532]
[0.07506944]
[0.0749127]
[0.07487822]
[0.07485262]
[0.07462204]
[0.07433926]
[0.07396879]
[0.07390396]
[0.07382676]
[0.07357449]
[0.07344557]
[0.07260951]
[0.072579]
[0.07229489]
[0.07224001]
[0.07202059]
[0.07193322]
[0.0716706]
[0.0715027]
[0.07134224]
[0.07133123]
[0.07122663]
[0.07120506]
[0.07109989]
[0.07106591]
[0.07106339]
[0.07096325]
[0.07094577]
[0.07093299]
[0.070925]
[0.07092349]
[0.0709014]
[0.07087757]
[0.07083986]
[0.07082489]
[0.07077749]
[0.07067445]
[0.07065187]
[0.07064545]
[0.070622]
[0.07062145]
[0.0705629]
[0.07056164]
[0.07046899]
[0.070464]
[0.07040006]
[0.07035905]
[0.07023846]
[0.07019105]
[0.07008009]
[0.07007173]
[0.07002185]
[0.06988761]
[0.06957474]
[0.06956881]
[0.06950945]
[0.06946812]
[0.06946792]
[0.06944621]
[0.06936263]
[0.06929067]
[0.06926666]
[0.06926019]
[0.06915571]
[0.06914983]
[0.06911875]
[0.06911517]
[0.06908051]
[0.06904579]
[0.06903061]
[0.06902272]
[0.0690083]
[0.06900737]
[0.06897465]
[0.06896665]
[0.06873813]
[0.06872866]
[0.06869826]
[0.06859883]
[0.068595]
[0.06855005]
[0.0685422]
[0.0685355]
[0.06839126]
[0.06837226]
[0.06837205]
[0.06836371]
[0.06834487]
[0.06822614]
[0.06817735]
[0.06807458]
[0.06798287]
[0.06784223]
[0.06776895]
[0.0676219]
