[0.48758146]
[0.4716737]
[0.4416538]
[0.43606466]
[0.4233072]
[0.41616508]
[0.41432297]
[0.41184875]
[0.40438876]
[0.39075464]
[0.3860147]
[0.38526502]
[0.37754524]
[0.37428543]
[0.37397477]
[0.37344152]
[0.37013134]
[0.37012345]
[0.3683348]
[0.36485955]
[0.36330506]
[0.35943982]
[0.355794]
[0.354289]
[0.35277888]
[0.35263664]
[0.34931028]
[0.34768394]
[0.34650627]
[0.34282106]
[0.34024313]
[0.33960715]
[0.33860394]
[0.33763903]
[0.335634]
[0.33337462]
[0.33003265]
[0.32924342]
[0.32765868]
[0.32758856]
[0.32524636]
[0.32504725]
[0.32363597]
[0.32266772]
[0.32243147]
[0.32038885]
[0.31920975]
[0.31448928]
[0.31235898]
[0.31110522]
[0.31014282]
[0.31001872]
[0.30863506]
[0.3079254]
[0.30649638]
[0.30626905]
[0.3060931]
[0.30386847]
[0.3033489]
[0.3031891]
[0.30317247]
[0.30261564]
[0.30216682]
[0.30210313]
[0.30022314]
[0.29942012]
[0.2985315]
[0.2969671]
[0.29676306]
[0.29655048]
[0.2944824]
[0.29380423]
[0.29374877]
[0.29356435]
[0.29354355]
[0.29247057]
[0.29193765]
[0.291626]
[0.29086384]
[0.29000977]
[0.289535]
[0.2895289]
[0.28941813]
[0.28880343]
[0.28875107]
[0.2876547]
[0.28760967]
[0.28626373]
[0.28511137]
[0.284407]
[0.28320485]
[0.28318137]
[0.2831065]
[0.2829873]
[0.28183618]
[0.28164086]
[0.28164086]
[0.2816124]
[0.28112957]
[0.28067207]
[0.2806375]
[0.28004262]
[0.27888027]
[0.2785639]
[0.2755581]
[0.27389842]
[0.27351654]
[0.2733472]
[0.27255368]
[0.27194554]
[0.27194402]
[0.2715476]
[0.2715259]
[0.27128562]
[0.2708949]
[0.2704053]
[0.2700487]
[0.26960763]
[0.26897278]
[0.26830786]
[0.26796266]
[0.26785153]
[0.267518]
[0.2673509]
[0.26717973]
[0.26713517]
[0.26704404]
[0.26652184]
[0.26564035]
[0.26489708]
[0.264719]
[0.26447615]
[0.26325923]
[0.2632]
[0.26313886]
[0.26312163]
[0.26287955]
[0.26236966]
[0.26208878]
[0.26120654]
[0.26109102]
[0.26064664]
[0.2606046]
[0.25959018]
[0.2591548]
[0.25894347]
[0.25855225]
[0.25825736]
[0.25785834]
[0.25724292]
[0.25694716]
[0.25670382]
[0.25625718]
[0.25608674]
[0.25481793]
[0.25444534]
[0.25433818]
[0.25411338]
[0.25382835]
[0.253804]
[0.25338277]
[0.25325084]
[0.25319073]
[0.2526553]
[0.2526421]
[0.2526397]
[0.25254127]
[0.25251237]
[0.25238407]
[0.2518356]
[0.2518267]
[0.25153238]
[0.25116515]
[0.2510013]
[0.2509397]
[0.2506151]
[0.25058177]
[0.2503937]
[0.24971049]
[0.24938515]
[0.24914676]
[0.24877538]
[0.2486812]
[0.24833873]
[0.24766001]
[0.24760045]
[0.24759857]
[0.24695253]
[0.24692386]
[0.2468003]
[0.24672614]
[0.24648543]
[0.24630588]
[0.24570581]
[0.24536434]
[0.24501266]
[0.24445413]
[0.24435672]
[0.2443187]
[0.244224]
[0.24407575]
[0.24342108]
[0.24340804]
[0.24280962]
[0.2427611]
[0.24255185]
[0.2423946]
[0.24230766]
[0.24214366]
[0.2420432]
[0.24177505]
[0.24172935]
[0.24083957]
[0.2405457]
[0.2405457]
[0.24050388]
[0.24039014]
[0.24008802]
[0.23973227]
[0.23948865]
[0.23923144]
[0.23915938]
[0.2387541]
[0.23845726]
[0.23845439]
[0.23820806]
[0.23820399]
[0.23794289]
[0.23794197]
[0.23738593]
[0.23737356]
[0.23717204]
[0.23700596]
[0.23683621]
[0.23616426]
[0.23591773]
[0.23545994]
[0.2354116]
[0.23531339]
[0.23528701]
[0.23508169]
[0.23463477]
[0.23423588]
[0.23387052]
[0.23344564]
[0.23342104]
[0.23329067]
[0.23316453]
[0.23287907]
[0.2327451]
[0.23265778]
[0.23258701]
[0.23258145]
[0.2324473]
[0.23152873]
[0.23148203]
[0.23139384]
[0.23136984]
[0.2312938]
[0.23091401]
[0.23089522]
[0.23082086]
[0.2306749]
[0.23042494]
[0.23023622]
[0.23003826]
[0.22992718]
[0.22970118]
[0.22966988]
[0.22940311]
[0.22930592]
[0.22927663]
[0.22901003]
[0.22895898]
[0.22875124]
[0.22854984]
[0.22850418]
[0.22846179]
[0.22845167]
[0.22842589]
[0.22809106]
[0.22784011]
[0.22782558]
[0.22775017]
[0.22771177]
[0.22754845]
[0.22754548]
[0.22739387]
[0.2273477]
[0.227326]
[0.22713362]
[0.22703394]
[0.22657716]
[0.22605719]
[0.22553842]
[0.2251516]
[0.22502655]
[0.22502543]
[0.224936]
[0.22493015]
[0.22475757]
[0.2246087]
[0.22459325]
[0.22425255]
[0.22411506]
[0.22379982]
[0.22378986]
[0.22369209]
[0.2234835]
[0.22313696]
[0.22295693]
[0.22289872]
[0.22277357]
[0.22266868]
[0.22259268]
[0.22258341]
[0.22243315]
[0.22204733]
[0.22105631]
[0.22055988]
[0.22047411]
[0.22039239]
[0.22031291]
[0.22030498]
[0.22029902]
[0.22001867]
[0.21994163]
[0.21989746]
[0.21981159]
[0.21976368]
[0.21976368]
[0.2197473]
[0.21952075]
[0.2193414]
[0.21926072]
[0.21923698]
[0.2191326]
[0.21900566]
[0.2189461]
[0.2189461]
[0.21864589]
[0.21821491]
[0.2181804]
[0.21790428]
[0.21786496]
[0.21783862]
[0.21783084]
[0.2178052]
[0.2177976]
[0.21773982]
[0.21685359]
[0.21668422]
[0.21666358]
[0.21626487]
[0.21608402]
[0.21592192]
[0.21588364]
[0.21545339]
[0.21519384]
[0.21500267]
[0.21499963]
[0.21478993]
[0.21475868]
[0.2146976]
[0.21453062]
[0.2143642]
[0.21430025]
[0.21407868]
[0.21396112]
[0.21394882]
[0.2137819]
[0.21353169]
[0.21345706]
[0.21341574]
[0.21332899]
[0.21319744]
[0.21298914]
[0.21287917]
[0.21271883]
[0.21252951]
[0.21243511]
[0.21209762]
[0.2120639]
[0.21204476]
[0.21184768]
[0.21177371]
[0.21172233]
[0.2116327]
[0.21152277]
[0.2114836]
[0.21142513]
[0.21129742]
[0.21124844]
[0.21084967]
[0.21084043]
[0.21082163]
[0.21072656]
[0.21071196]
[0.21059668]
[0.21050096]
[0.21025488]
[0.209886]
[0.2097598]
[0.20951386]
[0.20948197]
[0.20935255]
[0.20928311]
[0.20911328]
[0.20909166]
[0.20900954]
[0.20894107]
[0.20869324]
[0.20844312]
[0.20838986]
[0.20836644]
[0.2082538]
[0.2080558]
[0.20793152]
[0.20782666]
[0.20781861]
[0.2074842]
[0.2072396]
[0.20709303]
[0.20695165]
[0.20681919]
[0.20680346]
[0.20676693]
[0.20671298]
[0.2064315]
[0.20640492]
[0.20618263]
[0.20617591]
[0.20596094]
[0.20583321]
[0.20556329]
[0.20539011]
[0.20537663]
[0.20535973]
[0.20530838]
[0.20513262]
[0.20503952]
[0.20487048]
[0.2048597]
[0.20478024]
[0.20477252]
[0.20458981]
[0.20430651]
[0.20403968]
[0.20392326]
[0.203556]
[0.20334727]
[0.20333026]
[0.20332061]
[0.20330241]
[0.20329079]
[0.20313492]
[0.20312546]
[0.20306563]
[0.20306186]
[0.20301203]
[0.20298667]
[0.2029435]
[0.2029142]
[0.20290172]
[0.20290023]
[0.20289207]
[0.20275971]
[0.20262659]
[0.2025707]
[0.20251013]
[0.20223989]
[0.20216265]
[0.20203789]
[0.20192453]
[0.20172663]
[0.20169954]
[0.20161693]
[0.20150366]
[0.20147046]
[0.20145607]
[0.2013097]
[0.201306]
[0.20127848]
[0.20120163]
[0.20112251]
[0.20111546]
[0.20106891]
[0.20100151]
[0.20095736]
[0.20075886]
[0.20057312]
[0.20056775]
[0.2004384]
[0.20035669]
[0.20034084]
[0.20030801]
[0.20029114]
[0.20023471]
[0.2001618]
[0.20014086]
[0.19999649]
[0.19979276]
[0.1996667]
[0.19965489]
[0.19962607]
[0.19950356]
[0.1992154]
[0.19921534]
[0.1991514]
[0.19907448]
[0.19903898]
[0.19903375]
[0.19902495]
[0.19870408]
[0.19824998]
[0.19819425]
[0.19815351]
[0.19793619]
[0.1979264]
[0.19784664]
[0.19780178]
[0.19779368]
[0.19778375]
[0.1976871]
[0.19764914]
[0.19764696]
[0.19747499]
[0.19740237]
[0.1971876]
[0.19712497]
[0.197119]
[0.19696106]
[0.19694725]
[0.19694725]
[0.19683371]
[0.19675831]
[0.19673188]
[0.19661625]
[0.19652063]
[0.19647159]
[0.19644439]
[0.19643441]
[0.19627951]
[0.19626124]
[0.19624649]
[0.19621319]
[0.19620939]
[0.19614923]
[0.19608377]
[0.19572999]
[0.19572146]
[0.19550228]
[0.19533876]
[0.19519357]
[0.19519079]
[0.19510862]
[0.19510862]
[0.19502681]
[0.1949406]
[0.19480799]
[0.19477682]
[0.19471927]
[0.1946846]
[0.19463883]
[0.19442226]
[0.19442149]
[0.19441825]
[0.19435251]
[0.19428572]
[0.19427861]
[0.19411512]
[0.19405007]
[0.1939915]
[0.19386311]
[0.19385292]
[0.19383788]
[0.19379784]
[0.19374335]
[0.19365044]
[0.19364972]
[0.19351704]
[0.19350754]
[0.19342226]
[0.19337855]
[0.19336137]
[0.19324581]
[0.19319525]
[0.19319493]
[0.19317918]
[0.19303028]
[0.19301951]
[0.19300078]
[0.1929972]
[0.1928865]
[0.19274949]
[0.19270945]
[0.1927087]
[0.19240308]
[0.19225647]
[0.19217777]
[0.19206077]
[0.19205484]
[0.19195549]
[0.1918506]
[0.19181134]
[0.19176817]
[0.19169055]
[0.19168113]
[0.19168025]
[0.19164714]
[0.19163233]
[0.19161181]
[0.19157495]
[0.19152662]
[0.19152497]
[0.19152208]
[0.19146118]
[0.19144933]
[0.19144933]
[0.19143516]
[0.19139507]
[0.19136652]
[0.19134752]
[0.19118057]
[0.19118057]
[0.19115105]
[0.19107555]
[0.19097003]
[0.19095804]
[0.19093817]
[0.19090593]
[0.19088593]
[0.19077525]
[0.19062147]
[0.19061719]
[0.19056536]
[0.19051658]
[0.19048446]
[0.19047156]
[0.1904146]
[0.19034293]
[0.190211]
[0.19011876]
[0.19003998]
[0.1899684]
[0.18984668]
[0.18978411]
[0.18978411]
[0.18969035]
[0.18961371]
[0.18941085]
[0.1893817]
[0.18931209]
[0.18926242]
[0.1891788]
[0.18916467]
[0.18913075]
[0.18912362]
[0.1891042]
[0.18909866]
[0.18905954]
[0.18900354]
[0.18900181]
[0.18898454]
[0.18894622]
[0.18883121]
[0.18877922]
[0.18871698]
[0.18866386]
[0.18856438]
[0.18841532]
[0.18839811]
[0.18835011]
[0.18833072]
[0.18832941]
[0.18828987]
[0.18826544]
[0.18821059]
[0.18818484]
[0.18814215]
[0.18813226]
[0.18809576]
[0.18794118]
[0.18781453]
[0.18776746]
[0.18771164]
[0.18770826]
[0.18762043]
[0.1876159]
[0.18760985]
[0.18760271]
[0.18755618]
[0.18747862]
[0.18747386]
[0.18726204]
[0.18717016]
[0.18688841]
[0.18685998]
[0.18646258]
[0.18635175]
[0.1862635]
[0.18617274]
[0.18610105]
[0.18605955]
[0.1860376]
[0.18601651]
[0.18597773]
[0.18596594]
[0.18595338]
[0.18594734]
[0.18592182]
[0.18592182]
[0.18590817]
[0.18589169]
[0.18580602]
[0.18580163]
[0.18579257]
[0.1857449]
[0.1857305]
[0.18564498]
[0.18563043]
[0.18562931]
[0.18562931]
[0.18561128]
[0.1856098]
[0.18558452]
[0.18553449]
[0.18545084]
[0.18540035]
[0.1853466]
[0.18534136]
[0.18531373]
[0.18522052]
[0.18520303]
[0.18512174]
[0.18503568]
[0.18497497]
[0.18487078]
[0.18478316]
[0.18475886]
[0.18474855]
[0.18470065]
[0.18461268]
[0.18449445]
[0.18440388]
[0.1843743]
[0.18434264]
[0.18426521]
[0.18421964]
[0.18417308]
[0.18412636]
[0.18406814]
[0.18400359]
[0.18400359]
[0.18398084]
[0.1838526]
[0.18372841]
[0.1836956]
[0.18367893]
[0.18367893]
[0.1836645]
[0.18360753]
[0.18359126]
[0.18357563]
[0.18349755]
[0.18342575]
[0.18341568]
[0.1832022]
[0.18311808]
[0.18311808]
[0.18311313]
[0.18310806]
[0.18305708]
[0.18286377]
[0.18278645]
[0.18271132]
[0.18270393]
[0.18258137]
[0.18257903]
[0.18256068]
[0.18247356]
[0.18244638]
[0.18236145]
[0.18223757]
[0.1822023]
[0.18211518]
[0.18210636]
[0.18209882]
[0.18208613]
[0.1820449]
[0.1820417]
[0.18202285]
[0.18191467]
[0.18187551]
[0.18183942]
[0.18183553]
[0.18182164]
[0.18177944]
[0.18173218]
[0.18169141]
[0.18162614]
[0.18154584]
[0.18135005]
[0.18134747]
[0.18131952]
[0.18111461]
[0.18102683]
[0.18101163]
[0.18087089]
[0.18085986]
[0.18074036]
[0.1806725]
[0.18057986]
[0.18051486]
[0.18049958]
[0.18041602]
[0.18037716]
[0.18034492]
[0.18033986]
[0.18027787]
[0.1802343]
[0.1802343]
[0.18021953]
[0.18013318]
[0.18012169]
[0.17998938]
[0.17998639]
[0.17977229]
[0.1797368]
[0.17971784]
[0.17967723]
[0.17962575]
[0.17958076]
[0.17941236]
[0.17940605]
[0.17940605]
[0.1793725]
[0.17934582]
[0.17932788]
[0.17930752]
[0.17929268]
[0.17928645]
[0.17927723]
[0.17927542]
[0.1792509]
[0.17920505]
[0.1791269]
[0.17911018]
[0.17886843]
[0.17879929]
[0.17877352]
[0.17873679]
[0.17872994]
[0.17860258]
[0.1784943]
[0.17846152]
[0.1784233]
[0.17840584]
[0.17838965]
[0.1783881]
[0.17835498]
[0.17831981]
[0.17823735]
[0.17822777]
[0.17816333]
[0.1781042]
[0.1780991]
[0.17808807]
[0.17807496]
[0.17800021]
[0.17797412]
[0.17792492]
[0.17791386]
[0.17790134]
[0.17782122]
[0.17780767]
[0.17771097]
[0.17765686]
[0.17761572]
[0.17761372]
[0.1774394]
[0.17741548]
[0.17739615]
[0.17739615]
[0.1773563]
[0.17734951]
[0.177339]
[0.17728649]
[0.17725024]
[0.17724466]
[0.17720297]
[0.17716685]
[0.17714053]
[0.17714053]
[0.17710702]
[0.17709959]
[0.17705984]
[0.17705984]
[0.17701067]
[0.17696974]
[0.17693955]
[0.17691408]
[0.17685348]
[0.1768284]
[0.17680666]
[0.17675805]
[0.1767302]
[0.17669198]
[0.17655258]
[0.17653187]
[0.17650728]
[0.1764775]
[0.17647055]
[0.17644402]
[0.17644311]
[0.1763487]
[0.17629486]
[0.176282]
[0.17625093]
[0.17623976]
[0.17621544]
[0.1762033]
[0.17615923]
[0.1761565]
[0.17614853]
[0.17613466]
[0.1761279]
[0.1761039]
[0.17606728]
[0.17595929]
[0.17594615]
[0.17592473]
[0.1757948]
[0.17565067]
[0.175568]
[0.17553559]
[0.17551717]
[0.1755124]
[0.17545275]
[0.17536837]
[0.17528437]
[0.17522898]
[0.17516345]
[0.17514189]
[0.175122]
[0.17508975]
[0.17497109]
[0.17494293]
[0.17491332]
[0.1749078]
[0.17489335]
[0.17477833]
[0.17476797]
[0.17476797]
[0.17472202]
[0.17467928]
[0.17460833]
[0.17460616]
[0.17448057]
[0.17447144]
[0.17443155]
[0.17442985]
[0.17440623]
[0.17440581]
[0.1743706]
[0.1743152]
[0.17426465]
[0.17418025]
[0.17413874]
[0.17408569]
[0.17405178]
[0.17405178]
[0.1740419]
[0.17403466]
[0.17403008]
[0.17401204]
[0.17395459]
[0.17385305]
[0.17377688]
[0.17375913]
[0.17371854]
[0.17364347]
[0.17364013]
[0.17360987]
[0.17354281]
[0.17354272]
[0.1735313]
[0.17349586]
[0.17346323]
[0.17345805]
[0.17344563]
[0.1734142]
[0.17340319]
[0.17332913]
[0.17319539]
[0.17319342]
[0.17314832]
[0.17313927]
[0.17307204]
[0.17305098]
[0.17299733]
[0.17288874]
[0.17287926]
[0.17286968]
[0.17284907]
[0.17276356]
[0.17275389]
[0.17269798]
[0.17266399]
[0.1725767]
[0.17255598]
[0.17255598]
[0.1725439]
[0.17253084]
[0.17252932]
[0.17252442]
[0.17251159]
[0.17239726]
[0.17236964]
[0.17236753]
[0.17234631]
[0.1723347]
[0.17228334]
[0.17226717]
[0.1722057]
[0.17212118]
[0.17210585]
[0.17206447]
[0.17206447]
[0.17206447]
[0.17193076]
[0.17190155]
[0.17184207]
[0.17167683]
[0.17162196]
[0.17161287]
[0.17160805]
[0.17143159]
[0.17143]
[0.17140996]
[0.17140071]
[0.17133367]
[0.171331]
[0.1712999]
[0.17129445]
[0.17121246]
[0.17111364]
[0.17111364]
[0.17111364]
[0.17111224]
[0.17111063]
[0.17105432]
[0.17105095]
[0.17102255]
[0.17102177]
[0.17092627]
[0.17092627]
[0.17092627]
[0.17092091]
[0.17085403]
[0.170854]
[0.170854]
[0.17082083]
[0.17068686]
[0.17066778]
[0.17066096]
[0.1706523]
[0.17058693]
[0.17054844]
[0.17048779]
[0.17046192]
[0.17045556]
[0.1703965]
[0.1703837]
[0.17032373]
[0.17031986]
[0.17027871]
[0.17024913]
[0.17023881]
[0.17017889]
[0.17017405]
[0.17006396]
[0.17002875]
[0.16997467]
[0.16996454]
[0.16994806]
[0.16993666]
[0.16987431]
[0.1698689]
[0.1698689]
[0.16965091]
[0.16962883]
[0.16962743]
[0.16961734]
[0.16961734]
[0.16960827]
[0.16959357]
[0.169508]
[0.1694968]
[0.16945861]
[0.1693995]
[0.16939297]
[0.16926844]
[0.16922936]
[0.16920826]
[0.16919306]
[0.16912843]
[0.16909449]
[0.16906358]
[0.16903615]
[0.1690032]
[0.16899358]
[0.16899358]
[0.16877024]
[0.16864744]
[0.16862479]
[0.16858067]
[0.16856287]
[0.16849583]
[0.16832593]
[0.16821486]
[0.16817832]
[0.16814758]
[0.16812934]
[0.1680967]
[0.16806687]
[0.16804]
[0.1680124]
[0.16800652]
[0.16798125]
[0.16797696]
[0.16792198]
[0.16785894]
[0.16783139]
[0.16780162]
[0.16775647]
[0.16770044]
[0.16770044]
[0.16769871]
[0.16768008]
[0.16767865]
[0.16765237]
[0.16765094]
[0.1675737]
[0.16755614]
[0.16746132]
[0.16744368]
[0.16740204]
[0.16740204]
[0.16731961]
[0.16728385]
[0.16720559]
[0.16719188]
[0.16716148]
[0.16711296]
[0.16698954]
[0.16696589]
[0.16696025]
[0.16688901]
[0.1668315]
[0.1668294]
[0.16680348]
[0.166727]
[0.16672018]
[0.1667136]
[0.16670558]
[0.16670458]
[0.16668451]
[0.1666524]
[0.16656001]
[0.16654861]
[0.16653636]
[0.1664866]
[0.16644862]
[0.16639858]
[0.16633394]
[0.16624305]
[0.16623214]
[0.16623187]
[0.16622223]
[0.16621357]
[0.16620177]
[0.16616824]
[0.16615742]
[0.16614422]
[0.16612996]
[0.16609147]
[0.16609055]
[0.16608286]
[0.16607563]
[0.1660632]
[0.16597801]
[0.16594514]
[0.1658819]
[0.16583426]
[0.16582458]
[0.16581145]
[0.16574892]
[0.1657335]
[0.16569902]
[0.165696]
[0.1656811]
[0.16563646]
[0.16560371]
[0.16558215]
[0.16554405]
[0.16549903]
[0.16549662]
[0.16546659]
[0.165447]
[0.16539739]
[0.16536106]
[0.16526474]
[0.16511987]
[0.16511376]
[0.16509716]
[0.16509591]
[0.16506164]
[0.16498372]
[0.16495566]
[0.16494408]
[0.16491817]
[0.16483402]
[0.16478956]
[0.1647831]
[0.16477108]
[0.16474025]
[0.16467953]
[0.1646497]
[0.16463152]
[0.16462998]
[0.1645866]
[0.16454098]
[0.16445205]
[0.16439609]
[0.16438207]
[0.16435814]
[0.16432764]
[0.164312]
[0.16428415]
[0.16424392]
[0.16422419]
[0.16420934]
[0.1641882]
[0.16414016]
[0.16413268]
[0.16397397]
[0.16396499]
[0.16395764]
[0.16392182]
[0.16387862]
[0.16385856]
[0.16385242]
[0.16384439]
[0.16377635]
[0.16376014]
[0.16376014]
[0.16373062]
[0.16372736]
[0.16372706]
[0.16369648]
[0.16367628]
[0.16367526]
[0.16367161]
[0.16366868]
[0.16362867]
[0.16360153]
[0.1635892]
[0.1635309]
[0.16348456]
[0.16346781]
[0.16344507]
[0.16341989]
[0.16341369]
[0.16341163]
[0.16338931]
[0.16336918]
[0.16326436]
[0.16325763]
[0.16323912]
[0.16322741]
[0.16322741]
[0.16315483]
[0.16312404]
[0.16300498]
[0.16298203]
[0.16293804]
[0.16290528]
[0.16288647]
[0.16286907]
[0.162844]
[0.16283706]
[0.16283223]
[0.16273944]
[0.16270906]
[0.16270348]
[0.16270205]
[0.16264933]
[0.16262637]
[0.16262127]
[0.16260722]
[0.16256772]
[0.16243835]
[0.16242649]
[0.16242148]
[0.16242148]
[0.16242123]
[0.1624043]
[0.16239956]
[0.16239834]
[0.16239561]
[0.16235247]
[0.16226916]
[0.16221002]
[0.1622085]
[0.16218485]
[0.16210885]
[0.16207293]
[0.16206534]
[0.16201659]
[0.16198869]
[0.16188984]
[0.16185726]
[0.16180152]
[0.16164218]
[0.16158588]
[0.16153967]
[0.1615234]
[0.16152182]
[0.16150954]
[0.16147102]
[0.1614648]
[0.16145527]
[0.16144511]
[0.16142435]
[0.16139583]
[0.16133946]
[0.16132481]
[0.16130517]
[0.1612825]
[0.1612677]
[0.16124748]
[0.16123097]
[0.16121481]
[0.1611666]
[0.16113946]
[0.16113156]
[0.16109927]
[0.16107756]
[0.1610711]
[0.16091438]
[0.16091338]
[0.16085131]
[0.16071473]
[0.1606991]
[0.16067247]
[0.1606003]
[0.16059618]
[0.16050214]
[0.1604599]
[0.16045274]
[0.16033253]
[0.16030775]
[0.16025603]
[0.16023383]
[0.16021663]
[0.16015399]
[0.16015324]
[0.16011025]
[0.16003616]
[0.16002858]
[0.16000585]
[0.15999019]
[0.15997785]
[0.15992007]
[0.1598897]
[0.1598892]
[0.1598848]
[0.15986286]
[0.15980655]
[0.15978135]
[0.15976962]
[0.15974014]
[0.15971662]
[0.1596459]
[0.15961456]
[0.15957926]
[0.15952648]
[0.15950134]
[0.15948556]
[0.15947387]
[0.15944618]
[0.15942523]
[0.15942523]
[0.15936469]
[0.15929958]
[0.15925585]
[0.15925306]
[0.15923342]
[0.1592303]
[0.15920728]
[0.1591758]
[0.15912819]
[0.15912645]
[0.15909511]
[0.15907407]
[0.1590278]
[0.15900846]
[0.15899524]
[0.15898064]
[0.15897988]
[0.15889525]
[0.15889019]
[0.15880905]
[0.15871365]
[0.15871365]
[0.15870915]
[0.15868811]
[0.15867023]
[0.1586484]
[0.15864757]
[0.15864006]
[0.15863383]
[0.1586266]
[0.15850161]
[0.1584159]
[0.15840866]
[0.15839073]
[0.1583776]
[0.15836886]
[0.15836728]
[0.1583595]
[0.15834351]
[0.15831046]
[0.15830207]
[0.1582753]
[0.15823402]
[0.15821382]
[0.15819602]
[0.15808973]
[0.15806426]
[0.15802558]
[0.15800902]
[0.15800376]
[0.15800332]
[0.15799876]
[0.15799722]
[0.15797065]
[0.15795532]
[0.1579509]
[0.15793197]
[0.15791854]
[0.15791084]
[0.15788117]
[0.15787926]
[0.15782183]
[0.15781187]
[0.15776652]
[0.15776652]
[0.15776418]
[0.1577501]
[0.15766922]
[0.15764906]
[0.1576332]
[0.15760031]
[0.15759751]
[0.15758096]
[0.1575645]
[0.1575297]
[0.1575297]
[0.15751824]
[0.15750888]
[0.157472]
[0.15747082]
[0.15746997]
[0.15741448]
[0.15739755]
[0.15736201]
[0.15733615]
[0.15731162]
[0.15730764]
[0.15729222]
[0.15728962]
[0.15724987]
[0.15724452]
[0.15723097]
[0.15719718]
[0.15719579]
[0.15716301]
[0.15714058]
[0.15711631]
[0.1571142]
[0.15710731]
[0.15706746]
[0.15704517]
[0.15703142]
[0.15703109]
[0.15699923]
[0.15695417]
[0.15691878]
[0.15691808]
[0.15690762]
[0.15685154]
[0.15677689]
[0.15676694]
[0.15675382]
[0.15673965]
[0.15668003]
[0.15667461]
[0.15666267]
[0.15665747]
[0.15662876]
[0.15657239]
[0.15655538]
[0.15652415]
[0.15652092]
[0.15650791]
[0.1565055]
[0.1563608]
[0.15634696]
[0.15633178]
[0.15630956]
[0.1563015]
[0.15629931]
[0.15629254]
[0.15624748]
[0.15621285]
[0.15618086]
[0.15616529]
[0.1560951]
[0.15604278]
[0.15601465]
[0.15596293]
[0.15594748]
[0.15593025]
[0.15591303]
[0.1558925]
[0.15586881]
[0.15582071]
[0.15577395]
[0.1557422]
[0.15571377]
[0.15568073]
[0.15561944]
[0.15558557]
[0.1555489]
[0.1555489]
[0.15546294]
[0.15544307]
[0.15541866]
[0.15539727]
[0.15539306]
[0.15533525]
[0.1553284]
[0.15529703]
[0.15529653]
[0.15528233]
[0.15526257]
[0.1552601]
[0.15525962]
[0.15525962]
[0.15524489]
[0.15524356]
[0.15523705]
[0.15522404]
[0.1552231]
[0.1552231]
[0.1552231]
[0.15519711]
[0.155192]
[0.15516825]
[0.15514565]
[0.15513277]
[0.15512122]
[0.15511186]
[0.1550979]
[0.15505998]
[0.1550538]
[0.15503986]
[0.15503637]
[0.15501276]
[0.15500994]
[0.15499976]
[0.15498976]
[0.15497185]
[0.15496401]
[0.15495539]
[0.15486]
[0.15485084]
[0.15483144]
[0.15483071]
[0.15476234]
[0.15472585]
[0.15472585]
[0.15470487]
[0.15466858]
[0.15466823]
[0.15466505]
[0.15466377]
[0.15465821]
[0.15464267]
[0.15463936]
[0.15463936]
[0.15455344]
[0.15454617]
[0.1545448]
[0.15454213]
[0.15453847]
[0.15453275]
[0.1545307]
[0.15452597]
[0.15450802]
[0.15448958]
[0.1544884]
[0.15444146]
[0.1544117]
[0.15427089]
[0.15424284]
[0.15423773]
[0.15416937]
[0.15416937]
[0.1541431]
[0.15413979]
[0.15411909]
[0.15411517]
[0.15407236]
[0.15405948]
[0.15398419]
[0.15393779]
[0.15392034]
[0.15385896]
[0.15383653]
[0.1538216]
[0.15381642]
[0.15380338]
[0.1537934]
[0.15378852]
[0.15377726]
[0.15370306]
[0.15363677]
[0.15360986]
[0.15359235]
[0.15357794]
[0.15350613]
[0.15346427]
[0.15344614]
[0.15340514]
[0.15340361]
[0.15339492]
[0.15338053]
[0.15335473]
[0.15335138]
[0.15334034]
[0.15332793]
[0.15326548]
[0.15325044]
[0.15321146]
[0.15320027]
[0.15319304]
[0.15313712]
[0.15311454]
[0.15309592]
[0.15307115]
[0.15307078]
[0.15304305]
[0.15297906]
[0.15292971]
[0.15288998]
[0.15286958]
[0.15285748]
[0.1528417]
[0.15282275]
[0.15281567]
[0.15278521]
[0.152738]
[0.15270592]
[0.15270592]
[0.15270592]
[0.15265906]
[0.15261894]
[0.15259768]
[0.15258528]
[0.15250671]
[0.15249366]
[0.15248148]
[0.15246637]
[0.15246397]
[0.15246195]
[0.15240458]
[0.15238672]
[0.15233451]
[0.1523105]
[0.15226239]
[0.15222044]
[0.15222044]
[0.15221038]
[0.15219288]
[0.15218753]
[0.15217178]
[0.15214312]
[0.15214312]
[0.15207595]
[0.15206593]
[0.15205413]
[0.1520351]
[0.15200317]
[0.15195397]
[0.15195397]
[0.15192427]
[0.15192094]
[0.15185706]
[0.15179846]
[0.15178989]
[0.15177083]
[0.15170252]
[0.15168515]
[0.1516637]
[0.15164736]
[0.1516415]
[0.1516132]
[0.15159194]
[0.15158549]
[0.15155245]
[0.1514561]
[0.1514271]
[0.151424]
[0.15138558]
[0.15136407]
[0.15135351]
[0.15134153]
[0.15132754]
[0.15130532]
[0.15129311]
[0.15129235]
[0.1512877]
[0.15127687]
[0.15125304]
[0.15124333]
[0.15116204]
[0.15115437]
[0.15109572]
[0.15109137]
[0.15107898]
[0.1510621]
[0.15103218]
[0.15102687]
[0.15102524]
[0.15093134]
[0.1509162]
[0.15090403]
[0.15086268]
[0.15085675]
[0.1508501]
[0.15083504]
[0.15077174]
[0.15076931]
[0.15072797]
[0.15071559]
[0.1507109]
[0.15064144]
[0.15062113]
[0.15053965]
[0.15053478]
[0.15052934]
[0.15044184]
[0.15038241]
[0.15037996]
[0.15035473]
[0.15026954]
[0.15026443]
[0.15023659]
[0.15018333]
[0.15017381]
[0.15016782]
[0.1501201]
[0.15008058]
[0.15006863]
[0.15006149]
[0.15003592]
[0.15002324]
[0.15001138]
[0.1499958]
[0.14997916]
[0.14997897]
[0.14989923]
[0.14989902]
[0.14989384]
[0.14988832]
[0.14988282]
[0.14987943]
[0.14987256]
[0.14986089]
[0.14986089]
[0.14985538]
[0.1498496]
[0.14975531]
[0.14974964]
[0.14974025]
[0.14971448]
[0.14969102]
[0.14967288]
[0.14965482]
[0.14965324]
[0.14964919]
[0.14962013]
[0.14960085]
[0.14960037]
[0.14958148]
[0.14957866]
[0.1495736]
[0.14956592]
[0.14951356]
[0.14946942]
[0.14943208]
[0.1494156]
[0.14939809]
[0.14938593]
[0.14937197]
[0.14936797]
[0.14936018]
[0.14935274]
[0.14934047]
[0.14932418]
[0.14932248]
[0.14931512]
[0.14931203]
[0.14929289]
[0.14917123]
[0.1491259]
[0.14911918]
[0.14911418]
[0.14911357]
[0.14908698]
[0.1490408]
[0.14903954]
[0.14902858]
[0.14902227]
[0.14899585]
[0.14899324]
[0.14899324]
[0.14898677]
[0.14898625]
[0.14898089]
[0.14897351]
[0.1489396]
[0.14888224]
[0.14882359]
[0.14879254]
[0.14879154]
[0.14876391]
[0.1487565]
[0.14873572]
[0.14871006]
[0.14867167]
[0.1486532]
[0.1486296]
[0.14862768]
[0.14861096]
[0.14858665]
[0.1485687]
[0.14856276]
[0.14854304]
[0.14851832]
[0.14848892]
[0.14847997]
[0.14847802]
[0.14847802]
[0.1484656]
[0.1484541]
[0.14843337]
[0.14838485]
[0.14834557]
[0.14831446]
[0.14826867]
[0.14824684]
[0.14822146]
[0.14818552]
[0.14818221]
[0.14818221]
[0.1481762]
[0.1481599]
[0.1481599]
[0.14815421]
[0.14811403]
[0.1480835]
[0.14807807]
[0.14803387]
[0.1480052]
[0.14798695]
[0.14793086]
[0.14788014]
[0.14788014]
[0.14786962]
[0.1478558]
[0.1478431]
[0.14780754]
[0.14779991]
[0.14779599]
[0.14778173]
[0.14772926]
[0.1477023]
[0.14767738]
[0.14766552]
[0.1476457]
[0.1475889]
[0.14758223]
[0.14757517]
[0.14754236]
[0.14751941]
[0.14751416]
[0.1475096]
[0.14749962]
[0.14749251]
[0.1474904]
[0.14748874]
[0.14746305]
[0.14744426]
[0.14744186]
[0.14744146]
[0.14743365]
[0.14742808]
[0.14742643]
[0.14742148]
[0.1473742]
[0.1473738]
[0.14734137]
[0.14732485]
[0.14730735]
[0.14728291]
[0.14728093]
[0.14724357]
[0.1472418]
[0.14717413]
[0.14711557]
[0.14710453]
[0.14707066]
[0.14704765]
[0.14704765]
[0.14704631]
[0.14703952]
[0.14703919]
[0.1470313]
[0.14700072]
[0.14699624]
[0.14698029]
[0.14696348]
[0.14694327]
[0.14694016]
[0.14690185]
[0.14686255]
[0.14685957]
[0.14685649]
[0.14682549]
[0.14682513]
[0.14681509]
[0.14679635]
[0.14678594]
[0.14676815]
[0.14676037]
[0.14674643]
[0.14674373]
[0.14673689]
[0.14672546]
[0.14669742]
[0.14669329]
[0.14665103]
[0.14664836]
[0.14660674]
[0.14658998]
[0.14655648]
[0.14655612]
[0.14654444]
[0.14654365]
[0.1465433]
[0.14652589]
[0.14649804]
[0.14649598]
[0.14648683]
[0.14648627]
[0.14647396]
[0.14645843]
[0.14645664]
[0.14645445]
[0.14643045]
[0.14641143]
[0.14637376]
[0.14637305]
[0.1463696]
[0.14634208]
[0.14632273]
[0.14632174]
[0.14631584]
[0.14629848]
[0.14629425]
[0.14628835]
[0.14628835]
[0.14628835]
[0.14627017]
[0.14626238]
[0.1462379]
[0.14621937]
[0.14621907]
[0.14621793]
[0.14620274]
[0.14618827]
[0.14616834]
[0.14613436]
[0.14610557]
[0.1460953]
[0.14605606]
[0.14605305]
[0.14603022]
[0.14602302]
[0.14600702]
[0.14597148]
[0.14596]
[0.14592077]
[0.14590181]
[0.14589939]
[0.14587957]
[0.14581205]
[0.1458107]
[0.14580318]
[0.14574996]
[0.14574745]
[0.14574656]
[0.1457056]
[0.14569613]
[0.14568886]
[0.14567198]
[0.14567037]
[0.14566845]
[0.1456647]
[0.14560983]
[0.14560977]
[0.14560778]
[0.14560653]
[0.14555891]
[0.14552827]
[0.14549111]
[0.14546888]
[0.14546435]
[0.1454457]
[0.14542505]
[0.14542046]
[0.14541821]
[0.1454172]
[0.14539136]
[0.14538905]
[0.1453018]
[0.14525774]
[0.14525354]
[0.14525257]
[0.14521697]
[0.14520335]
[0.14518537]
[0.14518537]
[0.14517826]
[0.14517193]
[0.14516488]
[0.14509349]
[0.14507589]
[0.14504592]
[0.14498416]
[0.14495873]
[0.14495644]
[0.14495617]
[0.14495336]
[0.144952]
[0.14494692]
[0.1449403]
[0.14493562]
[0.14492987]
[0.14479361]
[0.14478031]
[0.14475542]
[0.14475542]
[0.14474483]
[0.14474465]
[0.14471307]
[0.14470956]
[0.14470756]
[0.14468406]
[0.1446831]
[0.1446831]
[0.14468226]
[0.14467882]
[0.1446569]
[0.14465337]
[0.14463548]
[0.14462402]
[0.14462152]
[0.14461952]
[0.14461952]
[0.14461952]
[0.14455993]
[0.14455989]
[0.14451715]
[0.1444707]
[0.14445078]
[0.14442353]
[0.14442353]
[0.14438674]
[0.14435393]
[0.14432642]
[0.14432502]
[0.14429763]
[0.14428398]
[0.14425562]
[0.14423862]
[0.14423747]
[0.14423402]
[0.14421616]
[0.14416903]
[0.14415823]
[0.14415647]
[0.14413284]
[0.1441022]
[0.1440871]
[0.14407039]
[0.14402857]
[0.14402854]
[0.14402695]
[0.14402607]
[0.144022]
[0.14402089]
[0.14401771]
[0.1439943]
[0.14397922]
[0.14397892]
[0.14396912]
[0.14396329]
[0.14396168]
[0.14395942]
[0.14392668]
[0.14390662]
[0.14389691]
[0.14388697]
[0.14387]
[0.14386721]
[0.14384621]
[0.14383094]
[0.14381328]
[0.14381328]
[0.1437824]
[0.14374077]
[0.14371789]
[0.14370519]
[0.14369577]
[0.14365348]
[0.14364977]
[0.14364485]
[0.14362937]
[0.14359778]
[0.14358924]
[0.14358532]
[0.14356738]
[0.14356565]
[0.14351088]
[0.14351016]
[0.14347629]
[0.14344144]
[0.14342831]
[0.1434257]
[0.14342345]
[0.14342345]
[0.14338402]
[0.14335996]
[0.14333126]
[0.14331634]
[0.14330582]
[0.14330457]
[0.14330396]
[0.14324908]
[0.1431435]
[0.14311214]
[0.1430801]
[0.14306436]
[0.14306436]
[0.14305004]
[0.1430454]
[0.14299339]
[0.1429906]
[0.14297342]
[0.14293627]
[0.14293417]
[0.14288436]
[0.14286081]
[0.14283594]
[0.14281248]
[0.14279728]
[0.14279573]
[0.14278497]
[0.14277501]
[0.14276546]
[0.14275132]
[0.14272527]
[0.14272298]
[0.14269793]
[0.14269793]
[0.14268933]
[0.14263095]
[0.14263037]
[0.14261328]
[0.1426112]
[0.14259197]
[0.14258233]
[0.142566]
[0.14256471]
[0.1425588]
[0.14251058]
[0.14250228]
[0.14247541]
[0.14244694]
[0.1424333]
[0.14240558]
[0.1423903]
[0.14235488]
[0.14231214]
[0.14228973]
[0.14228854]
[0.14227512]
[0.142272]
[0.14227076]
[0.142256]
[0.14221261]
[0.14219908]
[0.1421749]
[0.14216384]
[0.14212431]
[0.14209548]
[0.14205879]
[0.14202979]
[0.14201958]
[0.14200258]
[0.14199296]
[0.14197618]
[0.1419738]
[0.14197351]
[0.14197351]
[0.14196609]
[0.14196171]
[0.14194976]
[0.14192472]
[0.14191294]
[0.14188965]
[0.14188153]
[0.14187479]
[0.14185464]
[0.14184155]
[0.14184126]
[0.14183296]
[0.14182289]
[0.1418124]
[0.1417966]
[0.14171231]
[0.14170805]
[0.14169979]
[0.14165705]
[0.1416421]
[0.14163752]
[0.14159699]
[0.14153881]
[0.14151672]
[0.14151621]
[0.1415077]
[0.1414983]
[0.14148888]
[0.14148642]
[0.14147983]
[0.1414631]
[0.14133377]
[0.14129776]
[0.14121073]
[0.1412001]
[0.1411698]
[0.14116073]
[0.14114238]
[0.14113468]
[0.14113264]
[0.14112012]
[0.14110744]
[0.1411035]
[0.14107542]
[0.1410551]
[0.14104325]
[0.14101523]
[0.14100547]
[0.14100108]
[0.14100006]
[0.14098465]
[0.14096744]
[0.1409531]
[0.14091614]
[0.14088653]
[0.14086342]
[0.14084555]
[0.14082693]
[0.1408056]
[0.1407926]
[0.14076987]
[0.14076151]
[0.1407155]
[0.14071535]
[0.1407125]
[0.14070696]
[0.14066349]
[0.1406271]
[0.14061853]
[0.14061502]
[0.14061466]
[0.14057586]
[0.14055845]
[0.14051592]
[0.1404902]
[0.14047754]
[0.14047655]
[0.14047614]
[0.14045046]
[0.14043666]
[0.1403987]
[0.14034258]
[0.14033522]
[0.14031911]
[0.14031433]
[0.14025669]
[0.14024648]
[0.14023669]
[0.14022142]
[0.1401864]
[0.14017652]
[0.14017531]
[0.1401359]
[0.14012133]
[0.14009653]
[0.14007072]
[0.14004722]
[0.14004357]
[0.14003932]
[0.14000843]
[0.1399808]
[0.13998072]
[0.1399687]
[0.13995649]
[0.13993731]
[0.13993464]
[0.13992567]
[0.13991164]
[0.13991]
[0.13985674]
[0.13984738]
[0.13984504]
[0.13984053]
[0.1398305]
[0.13979635]
[0.13977836]
[0.13975652]
[0.13975002]
[0.13973549]
[0.13973182]
[0.13972773]
[0.13971135]
[0.13969976]
[0.13969816]
[0.13969089]
[0.13965909]
[0.13965325]
[0.13964139]
[0.13962989]
[0.13962793]
[0.1396025]
[0.13957413]
[0.13955835]
[0.13954541]
[0.1395373]
[0.13951123]
[0.13950762]
[0.13950641]
[0.13949457]
[0.13949348]
[0.13949153]
[0.1394645]
[0.13946064]
[0.13945924]
[0.13945487]
[0.13943742]
[0.1394283]
[0.13936546]
[0.13933666]
[0.13931826]
[0.13931686]
[0.13930528]
[0.13928899]
[0.13928841]
[0.1392683]
[0.13924463]
[0.13923685]
[0.13921572]
[0.13918075]
[0.13910787]
[0.13909216]
[0.13907006]
[0.1390449]
[0.13904433]
[0.13901007]
[0.1390009]
[0.13899548]
[0.13899283]
[0.13898593]
[0.1389699]
[0.13894862]
[0.13893695]
[0.13892974]
[0.13892803]
[0.13892356]
[0.1389211]
[0.13890967]
[0.1389064]
[0.13886483]
[0.1388641]
[0.13885842]
[0.13885294]
[0.13878836]
[0.13876417]
[0.1387446]
[0.13872619]
[0.13871522]
[0.13871443]
[0.13869126]
[0.13869013]
[0.13868059]
[0.13867657]
[0.138606]
[0.13858686]
[0.13857172]
[0.13855417]
[0.13853529]
[0.13853282]
[0.1385269]
[0.13852164]
[0.13849996]
[0.1384833]
[0.13846919]
[0.13846919]
[0.13842346]
[0.1383956]
[0.1383925]
[0.13836753]
[0.13830678]
[0.13825452]
[0.13823004]
[0.13822882]
[0.13822092]
[0.13821386]
[0.13819279]
[0.13819087]
[0.13816945]
[0.13813545]
[0.13810752]
[0.13809793]
[0.1380954]
[0.13808055]
[0.13806705]
[0.13805205]
[0.13805011]
[0.13803187]
[0.13803187]
[0.1379507]
[0.13794717]
[0.13793358]
[0.13792275]
[0.13791725]
[0.13791385]
[0.13788642]
[0.13783705]
[0.13775681]
[0.13775672]
[0.13773814]
[0.1377254]
[0.13770892]
[0.13767128]
[0.13766058]
[0.13765837]
[0.13765633]
[0.13761447]
[0.13760635]
[0.13754785]
[0.13752732]
[0.13749282]
[0.13749243]
[0.13746797]
[0.13743147]
[0.13742572]
[0.13740149]
[0.13738847]
[0.13736072]
[0.13734914]
[0.1373442]
[0.1373442]
[0.13731751]
[0.13730319]
[0.13729732]
[0.13728543]
[0.1372806]
[0.13727675]
[0.13727158]
[0.13726927]
[0.13725916]
[0.13725916]
[0.13724631]
[0.13724194]
[0.13723733]
[0.13723189]
[0.13721423]
[0.13720138]
[0.1371917]
[0.1371635]
[0.13710886]
[0.13710847]
[0.13710023]
[0.13705753]
[0.13704157]
[0.13703926]
[0.13703926]
[0.13703904]
[0.13703771]
[0.13702954]
[0.13700685]
[0.13700685]
[0.13700685]
[0.13697253]
[0.1369521]
[0.13694957]
[0.13694862]
[0.13693866]
[0.13692494]
[0.1369077]
[0.13690054]
[0.13688484]
[0.13687815]
[0.13686562]
[0.13684945]
[0.13684812]
[0.13682619]
[0.13682568]
[0.13681296]
[0.13679767]
[0.13679199]
[0.13677631]
[0.13676937]
[0.1367445]
[0.13672185]
[0.13669117]
[0.13668464]
[0.1366616]
[0.13665663]
[0.13665265]
[0.13663118]
[0.1366161]
[0.13661598]
[0.1365999]
[0.1365764]
[0.13656223]
[0.13654597]
[0.13650182]
[0.13640645]
[0.1363582]
[0.13635488]
[0.13634865]
[0.1363027]
[0.13628606]
[0.13628027]
[0.13627769]
[0.1362593]
[0.1362474]
[0.1362474]
[0.13622983]
[0.13621001]
[0.13620766]
[0.13620284]
[0.1361916]
[0.13617726]
[0.13616197]
[0.13614944]
[0.13612804]
[0.13611458]
[0.13610885]
[0.13609987]
[0.13608244]
[0.13608244]
[0.1360786]
[0.1360674]
[0.1360674]
[0.13605048]
[0.13603103]
[0.13603103]
[0.13601126]
[0.13600391]
[0.13598825]
[0.13598534]
[0.13596565]
[0.13594615]
[0.13593529]
[0.1359331]
[0.13592695]
[0.13591589]
[0.13589975]
[0.13587503]
[0.1358541]
[0.1358541]
[0.13580619]
[0.13580135]
[0.13577594]
[0.13576417]
[0.13571838]
[0.13568003]
[0.13568003]
[0.13567244]
[0.13567205]
[0.13566041]
[0.13562419]
[0.135611]
[0.13559249]
[0.13556288]
[0.1355572]
[0.13550623]
[0.13550541]
[0.13549693]
[0.13547738]
[0.13544887]
[0.13542289]
[0.13540684]
[0.1354032]
[0.13537607]
[0.13537498]
[0.13537177]
[0.13535179]
[0.13534181]
[0.1352811]
[0.1352804]
[0.13527358]
[0.13526314]
[0.13526063]
[0.13524564]
[0.13523123]
[0.13522458]
[0.13521819]
[0.13520928]
[0.13519238]
[0.13517772]
[0.13517772]
[0.13517444]
[0.1351693]
[0.13510838]
[0.13510811]
[0.13510267]
[0.1350739]
[0.13506025]
[0.13505787]
[0.13504408]
[0.13504182]
[0.13503274]
[0.13502917]
[0.13502711]
[0.13495111]
[0.13495025]
[0.13494466]
[0.13490397]
[0.13488308]
[0.1348685]
[0.13484399]
[0.13482861]
[0.13482787]
[0.13482787]
[0.13482088]
[0.13481936]
[0.13481516]
[0.13480258]
[0.13479015]
[0.13477911]
[0.13476038]
[0.13474597]
[0.1347447]
[0.13474172]
[0.13473478]
[0.13473035]
[0.13471949]
[0.13466725]
[0.13465792]
[0.13465422]
[0.13464957]
[0.13464957]
[0.1346278]
[0.13461864]
[0.13461518]
[0.13459867]
[0.13459222]
[0.13457973]
[0.13457973]
[0.13457286]
[0.13456865]
[0.13456745]
[0.13455954]
[0.13455516]
[0.13452518]
[0.1345179]
[0.13450186]
[0.13447267]
[0.13447084]
[0.13444982]
[0.13441558]
[0.13438617]
[0.13438047]
[0.1343736]
[0.1343736]
[0.13436201]
[0.13432439]
[0.13427387]
[0.13423963]
[0.13423447]
[0.13423368]
[0.13422428]
[0.13418217]
[0.13413669]
[0.13412163]
[0.13411772]
[0.13410574]
[0.13410552]
[0.13410108]
[0.13409914]
[0.13409822]
[0.13407196]
[0.13406298]
[0.13405524]
[0.13405465]
[0.13404141]
[0.1340253]
[0.13402198]
[0.13401358]
[0.13398264]
[0.13396294]
[0.13394767]
[0.13394082]
[0.133933]
[0.13392614]
[0.13392508]
[0.13392508]
[0.13391665]
[0.13390689]
[0.13389741]
[0.13389567]
[0.13389382]
[0.13389193]
[0.13388743]
[0.13387327]
[0.1338686]
[0.13380091]
[0.13374464]
[0.13374028]
[0.13373171]
[0.1337248]
[0.13367686]
[0.13366222]
[0.13366084]
[0.13365863]
[0.13364351]
[0.13363262]
[0.13361171]
[0.1336036]
[0.13360348]
[0.13355017]
[0.13354468]
[0.133457]
[0.13344502]
[0.13342765]
[0.13341837]
[0.13336368]
[0.13335417]
[0.13335346]
[0.1333467]
[0.1333467]
[0.13334382]
[0.1333288]
[0.1333211]
[0.13329682]
[0.13327828]
[0.1332666]
[0.13326623]
[0.13325542]
[0.13323733]
[0.13323675]
[0.13317451]
[0.1331592]
[0.1331487]
[0.13314636]
[0.13313276]
[0.1331254]
[0.13311441]
[0.13310443]
[0.13308391]
[0.13307823]
[0.13307643]
[0.13305572]
[0.13303933]
[0.1330284]
[0.1330255]
[0.13300283]
[0.13297996]
[0.13295633]
[0.1329538]
[0.13294038]
[0.13289289]
[0.13288389]
[0.1328805]
[0.13285752]
[0.13284224]
[0.13284113]
[0.13283819]
[0.1328266]
[0.13280457]
[0.1328026]
[0.1327623]
[0.1327623]
[0.13276194]
[0.13276194]
[0.1327571]
[0.13274363]
[0.13272765]
[0.13272285]
[0.132722]
[0.132722]
[0.13271992]
[0.13268918]
[0.13268666]
[0.13267638]
[0.13266273]
[0.1326465]
[0.13264458]
[0.13262762]
[0.13261521]
[0.13260175]
[0.13256884]
[0.13256373]
[0.13255794]
[0.13255562]
[0.13253401]
[0.13250357]
[0.13249962]
[0.1324815]
[0.1324815]
[0.13247345]
[0.1324729]
[0.1324564]
[0.13244624]
[0.1323928]
[0.13238749]
[0.13238542]
[0.13238437]
[0.13237023]
[0.13234782]
[0.1323326]
[0.13229688]
[0.13229138]
[0.1322465]
[0.1322409]
[0.1322404]
[0.13222937]
[0.13221478]
[0.1321863]
[0.13218424]
[0.1321662]
[0.13209389]
[0.13206872]
[0.13206427]
[0.132054]
[0.13205178]
[0.13204479]
[0.13204025]
[0.13203506]
[0.13201906]
[0.13200562]
[0.13199599]
[0.13198523]
[0.13197163]
[0.13192873]
[0.13192062]
[0.13188387]
[0.13187881]
[0.1318694]
[0.13186143]
[0.13185833]
[0.13184059]
[0.13182367]
[0.13181189]
[0.13179655]
[0.13179432]
[0.13178192]
[0.13175738]
[0.13175234]
[0.13173968]
[0.1317396]
[0.13173163]
[0.13173038]
[0.13165867]
[0.13163523]
[0.13163279]
[0.1316309]
[0.1316244]
[0.13159671]
[0.13158084]
[0.13157436]
[0.13156568]
[0.13154832]
[0.13154832]
[0.13154371]
[0.13152346]
[0.13150911]
[0.13149707]
[0.13146909]
[0.13145389]
[0.13144867]
[0.13143557]
[0.1314253]
[0.13140506]
[0.13139997]
[0.13139313]
[0.13138409]
[0.13138294]
[0.13138275]
[0.13137458]
[0.13135043]
[0.13134368]
[0.1313431]
[0.1313409]
[0.13132524]
[0.13132334]
[0.13131925]
[0.13131186]
[0.1312999]
[0.13129158]
[0.13129087]
[0.13127623]
[0.13127063]
[0.13123594]
[0.13123105]
[0.1312206]
[0.13120852]
[0.13120803]
[0.13120589]
[0.13119437]
[0.1311917]
[0.13117072]
[0.13116285]
[0.13115712]
[0.13115712]
[0.13113594]
[0.1311152]
[0.13110347]
[0.13110347]
[0.13109429]
[0.1310837]
[0.1309965]
[0.13098004]
[0.13098004]
[0.13095628]
[0.13094276]
[0.13093883]
[0.13091742]
[0.13087614]
[0.13086753]
[0.1308371]
[0.13081977]
[0.13080028]
[0.13077651]
[0.13076808]
[0.13072973]
[0.13072824]
[0.13072056]
[0.13065736]
[0.13063651]
[0.1306334]
[0.13063015]
[0.13059956]
[0.13059273]
[0.13059086]
[0.1305747]
[0.13057216]
[0.13054566]
[0.13053946]
[0.13053869]
[0.13052984]
[0.13052951]
[0.13052692]
[0.13051656]
[0.1305057]
[0.1305057]
[0.13050461]
[0.13050327]
[0.13048953]
[0.13048254]
[0.13046567]
[0.13046567]
[0.13045585]
[0.13044782]
[0.13044351]
[0.13042645]
[0.1304151]
[0.13040017]
[0.13039508]
[0.13039336]
[0.13036]
[0.1303571]
[0.13032536]
[0.13027342]
[0.13024718]
[0.13021871]
[0.13021682]
[0.13020694]
[0.13018253]
[0.13017802]
[0.13016331]
[0.13015972]
[0.13014542]
[0.13014542]
[0.13014133]
[0.13014014]
[0.13012147]
[0.130079]
[0.13007356]
[0.130062]
[0.13005704]
[0.13002478]
[0.13001555]
[0.13000278]
[0.12997235]
[0.12997235]
[0.12993902]
[0.1299212]
[0.12991253]
[0.12990767]
[0.129893]
[0.12982474]
[0.12980603]
[0.1297962]
[0.12977816]
[0.12976286]
[0.12976179]
[0.12975113]
[0.12974153]
[0.1297252]
[0.12968534]
[0.12967281]
[0.12966473]
[0.12965204]
[0.12963688]
[0.1296339]
[0.12959705]
[0.12955357]
[0.12955344]
[0.12952138]
[0.12950134]
[0.12948908]
[0.12948291]
[0.12947871]
[0.1294785]
[0.12947398]
[0.12947398]
[0.12946793]
[0.12945923]
[0.12945496]
[0.1294224]
[0.12940682]
[0.12940161]
[0.12940161]
[0.12934414]
[0.1293411]
[0.12932394]
[0.12931997]
[0.12926468]
[0.12925571]
[0.12925531]
[0.12925188]
[0.12923536]
[0.12923375]
[0.12922363]
[0.12922235]
[0.12920909]
[0.12917331]
[0.12916921]
[0.12914166]
[0.12914085]
[0.12913765]
[0.1291344]
[0.12913364]
[0.12912531]
[0.12911713]
[0.12910317]
[0.12909845]
[0.1290724]
[0.12905139]
[0.12904462]
[0.12902302]
[0.12900496]
[0.12900305]
[0.12899834]
[0.12890278]
[0.12890278]
[0.12888643]
[0.12888266]
[0.1288554]
[0.12884834]
[0.12883873]
[0.12883662]
[0.12883507]
[0.12883164]
[0.12882243]
[0.12882037]
[0.12881719]
[0.1288161]
[0.1288119]
[0.12881184]
[0.12878862]
[0.12877797]
[0.12877166]
[0.12876484]
[0.12875915]
[0.12873128]
[0.1287225]
[0.12871829]
[0.12871775]
[0.1286828]
[0.12867877]
[0.12867549]
[0.12867513]
[0.12866208]
[0.12864886]
[0.12858705]
[0.12857866]
[0.12857808]
[0.12856136]
[0.12853771]
[0.12852952]
[0.12851769]
[0.12851018]
[0.12849621]
[0.12848367]
[0.12844568]
[0.12844004]
[0.12841612]
[0.12836227]
[0.12835683]
[0.1283444]
[0.12834388]
[0.12833875]
[0.12832089]
[0.1282955]
[0.12829506]
[0.1282937]
[0.1282763]
[0.12826712]
[0.12826422]
[0.12826002]
[0.12825534]
[0.12823616]
[0.12822865]
[0.12822682]
[0.12822102]
[0.12817843]
[0.12816197]
[0.1281592]
[0.12815188]
[0.12814885]
[0.12813883]
[0.12813602]
[0.1281251]
[0.12807493]
[0.1280665]
[0.1280665]
[0.12802066]
[0.12802066]
[0.12801823]
[0.12800294]
[0.12797762]
[0.12794149]
[0.12790294]
[0.12785682]
[0.12785196]
[0.12784699]
[0.12784007]
[0.12783726]
[0.12782173]
[0.12781084]
[0.1278054]
[0.1278051]
[0.12779476]
[0.1277932]
[0.1277858]
[0.12778448]
[0.1277785]
[0.127767]
[0.12775025]
[0.1277483]
[0.1277423]
[0.12773299]
[0.12772666]
[0.12771402]
[0.12768082]
[0.12765583]
[0.12764828]
[0.1276255]
[0.12762432]
[0.12758765]
[0.12755649]
[0.12754405]
[0.12753797]
[0.12752391]
[0.12752388]
[0.12751378]
[0.12745494]
[0.12744817]
[0.1274469]
[0.12743038]
[0.1274008]
[0.12739556]
[0.1273499]
[0.12731074]
[0.12730303]
[0.12728946]
[0.1272873]
[0.1272708]
[0.12725587]
[0.12724923]
[0.12720715]
[0.12715295]
[0.1271522]
[0.12712474]
[0.12711379]
[0.12711316]
[0.1271084]
[0.12710512]
[0.12708977]
[0.12704211]
[0.1270405]
[0.12699506]
[0.12698734]
[0.12698504]
[0.12697634]
[0.12697469]
[0.12697391]
[0.1269395]
[0.12690723]
[0.12690094]
[0.12689534]
[0.12686338]
[0.12685868]
[0.12684816]
[0.12683971]
[0.12681802]
[0.12681402]
[0.12679692]
[0.12677741]
[0.12671305]
[0.12670429]
[0.12669456]
[0.12668063]
[0.12667415]
[0.12664273]
[0.12663095]
[0.12660809]
[0.12660542]
[0.12660532]
[0.12658437]
[0.12657677]
[0.12657268]
[0.1265651]
[0.12656124]
[0.1265587]
[0.12654269]
[0.12654032]
[0.12653418]
[0.12653095]
[0.12652789]
[0.1265022]
[0.12646875]
[0.12646429]
[0.12645026]
[0.12642708]
[0.1264065]
[0.12639472]
[0.12638229]
[0.12635502]
[0.12634827]
[0.12634344]
[0.12634145]
[0.12631589]
[0.12629198]
[0.12629183]
[0.12628753]
[0.12628306]
[0.12628306]
[0.12626341]
[0.12624288]
[0.12623611]
[0.12623158]
[0.12622517]
[0.1262247]
[0.12620524]
[0.12619625]
[0.12618789]
[0.12615655]
[0.12615253]
[0.12614843]
[0.1261216]
[0.12609953]
[0.12609743]
[0.12608361]
[0.12608351]
[0.12602982]
[0.12602541]
[0.12600519]
[0.12600464]
[0.12600422]
[0.12600009]
[0.12599668]
[0.12599193]
[0.12598717]
[0.1259798]
[0.12597604]
[0.12588625]
[0.12584144]
[0.12584081]
[0.12583716]
[0.12581973]
[0.1258165]
[0.1258165]
[0.12578546]
[0.12576447]
[0.12576392]
[0.12574469]
[0.12574291]
[0.12574291]
[0.12571816]
[0.12571791]
[0.12571481]
[0.12570748]
[0.12568599]
[0.125661]
[0.12564793]
[0.12564158]
[0.12563963]
[0.12563726]
[0.12561491]
[0.12558252]
[0.12557866]
[0.12557097]
[0.12555522]
[0.1254891]
[0.12547855]
[0.12547806]
[0.12546158]
[0.12545066]
[0.1254471]
[0.12543255]
[0.1254301]
[0.12541988]
[0.12540191]
[0.12538423]
[0.12537467]
[0.12535301]
[0.12534046]
[0.12529144]
[0.12528156]
[0.1252721]
[0.12526071]
[0.12525971]
[0.12525333]
[0.1252418]
[0.12523507]
[0.12523507]
[0.12522367]
[0.12521333]
[0.12521113]
[0.12520461]
[0.12518302]
[0.12515254]
[0.12514521]
[0.12513167]
[0.12512997]
[0.12512869]
[0.12512487]
[0.12511268]
[0.12509017]
[0.12507045]
[0.12505677]
[0.12505412]
[0.12503752]
[0.12502918]
[0.12502846]
[0.12502219]
[0.12501718]
[0.12500338]
[0.12498119]
[0.12496717]
[0.12493891]
[0.12492182]
[0.12489294]
[0.12487995]
[0.12486713]
[0.12483083]
[0.12482165]
[0.12481999]
[0.12478703]
[0.12477557]
[0.12476768]
[0.12475292]
[0.12472828]
[0.12468868]
[0.12467213]
[0.12464705]
[0.12463557]
[0.12463118]
[0.12460435]
[0.12457179]
[0.12455224]
[0.1245332]
[0.12450889]
[0.12446328]
[0.12444399]
[0.12441396]
[0.1244087]
[0.12439651]
[0.12439651]
[0.1243926]
[0.12438235]
[0.12434082]
[0.12432676]
[0.12432185]
[0.12429193]
[0.12428237]
[0.12427348]
[0.12426163]
[0.12426101]
[0.12425435]
[0.12424798]
[0.12423158]
[0.12421249]
[0.12420505]
[0.12420025]
[0.12417192]
[0.12416472]
[0.1241546]
[0.12410998]
[0.12409674]
[0.12408763]
[0.12407636]
[0.1240752]
[0.12406094]
[0.12405783]
[0.12402064]
[0.12401623]
[0.12400457]
[0.12399545]
[0.12397604]
[0.12394952]
[0.12393513]
[0.12391091]
[0.12390482]
[0.12388476]
[0.12388182]
[0.12387715]
[0.12386319]
[0.12386308]
[0.12384906]
[0.12383597]
[0.12383479]
[0.12383417]
[0.12377895]
[0.12372716]
[0.12371377]
[0.12370742]
[0.12370637]
[0.12369867]
[0.1236841]
[0.1236839]
[0.12366179]
[0.12365999]
[0.12362804]
[0.12362789]
[0.12362096]
[0.12361562]
[0.12360575]
[0.12359456]
[0.12358493]
[0.12356068]
[0.12355758]
[0.12355416]
[0.12354907]
[0.12354437]
[0.12353233]
[0.12349796]
[0.12349711]
[0.12348758]
[0.12348083]
[0.12348083]
[0.12347025]
[0.12342974]
[0.12341578]
[0.12341069]
[0.12340513]
[0.123404]
[0.12340245]
[0.12339889]
[0.12337653]
[0.12330484]
[0.12329391]
[0.12328278]
[0.1232753]
[0.12325118]
[0.12320019]
[0.12316027]
[0.1231562]
[0.12314931]
[0.12313737]
[0.12313573]
[0.12313427]
[0.1230958]
[0.12306909]
[0.12306017]
[0.12306017]
[0.12306017]
[0.12299711]
[0.12299158]
[0.12296698]
[0.12295382]
[0.12294164]
[0.12291311]
[0.12290528]
[0.12289301]
[0.12288051]
[0.1228518]
[0.12281995]
[0.1228186]
[0.12279779]
[0.12275823]
[0.12271645]
[0.12271542]
[0.122711]
[0.12270479]
[0.1227002]
[0.12264954]
[0.1226267]
[0.12261572]
[0.1226142]
[0.12261193]
[0.12260006]
[0.12256546]
[0.12255531]
[0.12255146]
[0.12253656]
[0.1225298]
[0.1225207]
[0.122515]
[0.1225049]
[0.12246442]
[0.12246063]
[0.12242134]
[0.12239562]
[0.12238015]
[0.1223653]
[0.12235255]
[0.12235086]
[0.12230504]
[0.12229127]
[0.12227748]
[0.12227672]
[0.12226737]
[0.1222603]
[0.12220869]
[0.12219818]
[0.12218189]
[0.12214293]
[0.12213346]
[0.12212615]
[0.12212181]
[0.12210913]
[0.12210246]
[0.12209736]
[0.12207533]
[0.12207279]
[0.12206893]
[0.1220639]
[0.1220431]
[0.12203202]
[0.12202701]
[0.12202032]
[0.12201753]
[0.12200555]
[0.12199979]
[0.12199216]
[0.12198489]
[0.12195954]
[0.12191183]
[0.12190565]
[0.12186692]
[0.12185845]
[0.12183799]
[0.12182035]
[0.12181409]
[0.121801]
[0.12180015]
[0.12179225]
[0.12178055]
[0.12177248]
[0.12176238]
[0.121728]
[0.12172444]
[0.12170293]
[0.12168023]
[0.12167581]
[0.1216748]
[0.12167408]
[0.12166292]
[0.12166024]
[0.12164178]
[0.1216196]
[0.12161626]
[0.12160571]
[0.12159622]
[0.12158531]
[0.12157172]
[0.12155718]
[0.12155441]
[0.12153073]
[0.12153025]
[0.12152043]
[0.12151824]
[0.12150522]
[0.12150522]
[0.12149478]
[0.12148754]
[0.12148498]
[0.12142719]
[0.12142526]
[0.1214246]
[0.12140609]
[0.12136734]
[0.12136681]
[0.12136681]
[0.12135785]
[0.12135267]
[0.12134271]
[0.12133398]
[0.12133387]
[0.12128934]
[0.12127665]
[0.12126791]
[0.12119368]
[0.12115173]
[0.1211203]
[0.12111241]
[0.1211048]
[0.12109079]
[0.12106445]
[0.12104756]
[0.12102722]
[0.12102133]
[0.12099967]
[0.12099597]
[0.12096044]
[0.12095293]
[0.12093407]
[0.12092827]
[0.12087217]
[0.12086418]
[0.12086373]
[0.12084278]
[0.12082019]
[0.12078432]
[0.12077569]
[0.12077422]
[0.12077422]
[0.12076227]
[0.12075931]
[0.12075113]
[0.12075079]
[0.1207444]
[0.12073878]
[0.12069348]
[0.12068839]
[0.12067863]
[0.12067375]
[0.12066176]
[0.12063308]
[0.12062725]
[0.12062725]
[0.12061325]
[0.12059665]
[0.12057337]
[0.12049492]
[0.12048519]
[0.12037782]
[0.12034404]
[0.12033144]
[0.12028761]
[0.12024129]
[0.1202296]
[0.120225]
[0.12020901]
[0.1201836]
[0.12017781]
[0.12017196]
[0.12017196]
[0.12014348]
[0.12013647]
[0.12013461]
[0.12011103]
[0.1201017]
[0.12010049]
[0.12009613]
[0.12009347]
[0.12008562]
[0.12008238]
[0.12006664]
[0.12003989]
[0.12002105]
[0.12001897]
[0.12001263]
[0.12001021]
[0.11998953]
[0.11995841]
[0.11995151]
[0.1199188]
[0.11990449]
[0.11989585]
[0.11988971]
[0.1198882]
[0.11988226]
[0.11987064]
[0.11984434]
[0.11983076]
[0.11981108]
[0.11979669]
[0.11977519]
[0.11976036]
[0.11974614]
[0.11970941]
[0.11970866]
[0.11970458]
[0.1196932]
[0.1196781]
[0.1196556]
[0.11964861]
[0.11963692]
[0.11962071]
[0.11960588]
[0.1195467]
[0.119533]
[0.11952848]
[0.11949388]
[0.11947754]
[0.11947694]
[0.11947672]
[0.11947183]
[0.11946717]
[0.11945941]
[0.1194142]
[0.11941069]
[0.11940972]
[0.11937894]
[0.11937294]
[0.11937045]
[0.11936938]
[0.11934102]
[0.11934092]
[0.11931171]
[0.11931125]
[0.11929931]
[0.11928926]
[0.11928861]
[0.11927124]
[0.11925525]
[0.11923807]
[0.11919226]
[0.11919042]
[0.11918692]
[0.1191861]
[0.11918446]
[0.1191766]
[0.11916716]
[0.11911373]
[0.11910081]
[0.11909533]
[0.11908272]
[0.11906204]
[0.11905961]
[0.1190507]
[0.11901071]
[0.11900353]
[0.11897297]
[0.1189573]
[0.11895343]
[0.11894798]
[0.11894073]
[0.11892387]
[0.11891699]
[0.11890986]
[0.11890318]
[0.11889251]
[0.11889237]
[0.11888777]
[0.11887828]
[0.11886304]
[0.11884235]
[0.11883039]
[0.11882036]
[0.11880589]
[0.11879385]
[0.11879133]
[0.11877891]
[0.11877114]
[0.11876275]
[0.1187536]
[0.11872818]
[0.11870932]
[0.11870258]
[0.11869842]
[0.11867699]
[0.11866345]
[0.11865132]
[0.11863546]
[0.11863092]
[0.11862078]
[0.11861733]
[0.11858679]
[0.11858612]
[0.11856408]
[0.1185156]
[0.11851091]
[0.11850574]
[0.11846954]
[0.11843581]
[0.11843025]
[0.1184224]
[0.11840612]
[0.11838848]
[0.11838677]
[0.11837006]
[0.11836781]
[0.11835223]
[0.11834217]
[0.11831462]
[0.1183133]
[0.11828037]
[0.11827721]
[0.11826438]
[0.11823241]
[0.1182066]
[0.11819746]
[0.11814792]
[0.11813306]
[0.1181296]
[0.11811858]
[0.11809381]
[0.11809035]
[0.11808483]
[0.11808379]
[0.11806512]
[0.11805474]
[0.11805119]
[0.11805116]
[0.11804056]
[0.11802182]
[0.11801419]
[0.11799327]
[0.11798703]
[0.11797301]
[0.11796486]
[0.11795117]
[0.11795083]
[0.11794093]
[0.11789616]
[0.11788622]
[0.11786783]
[0.11784559]
[0.11783719]
[0.11782973]
[0.11781615]
[0.11780584]
[0.11780366]
[0.1177815]
[0.11769307]
[0.11763968]
[0.11763369]
[0.11762696]
[0.11762626]
[0.11762167]
[0.11761617]
[0.11759181]
[0.11757661]
[0.11757661]
[0.11757661]
[0.11754666]
[0.11753949]
[0.11751848]
[0.11747407]
[0.11746966]
[0.11746966]
[0.11745242]
[0.11744135]
[0.11739964]
[0.11739028]
[0.11738665]
[0.11738017]
[0.11737856]
[0.11735449]
[0.11734762]
[0.1173372]
[0.117329]
[0.11732204]
[0.11731718]
[0.11731285]
[0.11729521]
[0.11724241]
[0.11721981]
[0.11720349]
[0.11717672]
[0.11714137]
[0.11713963]
[0.11713567]
[0.11713389]
[0.11711268]
[0.1170973]
[0.11709469]
[0.11708581]
[0.11708581]
[0.11708581]
[0.11708581]
[0.11707103]
[0.11703549]
[0.11703532]
[0.11701998]
[0.11701537]
[0.11698173]
[0.11694072]
[0.11692944]
[0.11692365]
[0.11691654]
[0.11689252]
[0.11687534]
[0.1168641]
[0.11685055]
[0.1168497]
[0.11682369]
[0.11682301]
[0.116813]
[0.11679219]
[0.11675714]
[0.11675688]
[0.11673911]
[0.11667433]
[0.11663602]
[0.11662639]
[0.11662521]
[0.1166128]
[0.11661175]
[0.11660883]
[0.11660429]
[0.11659221]
[0.11658404]
[0.11654633]
[0.11652456]
[0.11652456]
[0.11651728]
[0.11651624]
[0.11651026]
[0.11650974]
[0.11650466]
[0.11650324]
[0.1165005]
[0.11649765]
[0.11642051]
[0.11635862]
[0.11635274]
[0.11634842]
[0.11633307]
[0.11630715]
[0.11625462]
[0.11620557]
[0.11619818]
[0.11619678]
[0.11619399]
[0.11617823]
[0.11617705]
[0.11617304]
[0.11615551]
[0.11615139]
[0.11614309]
[0.11610672]
[0.11608137]
[0.11608078]
[0.11603206]
[0.11601862]
[0.1160076]
[0.11600542]
[0.11597671]
[0.11597119]
[0.11595779]
[0.11594557]
[0.11592893]
[0.11590979]
[0.11587407]
[0.11585018]
[0.11583754]
[0.11579578]
[0.11579046]
[0.11577784]
[0.1157705]
[0.1157397]
[0.11573615]
[0.11572588]
[0.11570453]
[0.11569692]
[0.11566965]
[0.1156472]
[0.11563292]
[0.11562951]
[0.11560743]
[0.11559731]
[0.11559659]
[0.11556219]
[0.1155596]
[0.11555474]
[0.1155522]
[0.11554969]
[0.11554596]
[0.11554204]
[0.1155238]
[0.11550932]
[0.11546431]
[0.11543661]
[0.11541368]
[0.1154102]
[0.11534252]
[0.11532749]
[0.11531209]
[0.11530895]
[0.11530596]
[0.11529274]
[0.11528177]
[0.11528128]
[0.11527827]
[0.11527114]
[0.11526048]
[0.1152261]
[0.1152029]
[0.11519274]
[0.11519083]
[0.11517267]
[0.11511992]
[0.11509582]
[0.11509582]
[0.11509134]
[0.11503775]
[0.1150325]
[0.11502566]
[0.11502337]
[0.1149883]
[0.11497874]
[0.11497544]
[0.11495904]
[0.1149553]
[0.11493065]
[0.11492821]
[0.11491256]
[0.1148712]
[0.1148635]
[0.11483824]
[0.11480854]
[0.11479215]
[0.11478397]
[0.11476411]
[0.1147532]
[0.11472099]
[0.1147195]
[0.11463548]
[0.11463483]
[0.11463483]
[0.11461696]
[0.11461498]
[0.11460093]
[0.11459379]
[0.11454952]
[0.11453922]
[0.11453128]
[0.11451637]
[0.11449731]
[0.11449174]
[0.11446699]
[0.11445148]
[0.1144501]
[0.11444672]
[0.11438962]
[0.11438341]
[0.11438002]
[0.11437762]
[0.11435878]
[0.11435851]
[0.11434757]
[0.11433569]
[0.11433182]
[0.11430724]
[0.11428633]
[0.114267]
[0.11424962]
[0.11423056]
[0.1141858]
[0.11415484]
[0.11413143]
[0.1141183]
[0.11410722]
[0.11408838]
[0.11407805]
[0.11405671]
[0.1140343]
[0.11401618]
[0.11400983]
[0.11400601]
[0.11400133]
[0.11397429]
[0.11397105]
[0.11395776]
[0.11391506]
[0.11389869]
[0.11385585]
[0.11385131]
[0.1138451]
[0.11381692]
[0.11381688]
[0.11379373]
[0.11378558]
[0.11378331]
[0.11375581]
[0.11373784]
[0.11370832]
[0.11370593]
[0.11370411]
[0.11368467]
[0.11366061]
[0.11363044]
[0.11360043]
[0.11357719]
[0.11355665]
[0.11354589]
[0.1135386]
[0.11353599]
[0.11353423]
[0.11353356]
[0.11352978]
[0.11352068]
[0.1134779]
[0.11347473]
[0.11347128]
[0.11346433]
[0.11344154]
[0.1134299]
[0.11342846]
[0.11341062]
[0.11338353]
[0.11337073]
[0.11335674]
[0.11332843]
[0.11331237]
[0.11324098]
[0.11323808]
[0.1132072]
[0.11319676]
[0.11313748]
[0.11313494]
[0.11311246]
[0.1131023]
[0.1130892]
[0.11302499]
[0.11297748]
[0.11296961]
[0.11295267]
[0.11294901]
[0.11294395]
[0.11292654]
[0.11292068]
[0.11289861]
[0.11287567]
[0.11280874]
[0.11279158]
[0.11278696]
[0.1127861]
[0.1127861]
[0.11276747]
[0.1127656]
[0.11273578]
[0.1127331]
[0.11272442]
[0.11272295]
[0.11271922]
[0.11271674]
[0.11267316]
[0.11265214]
[0.11262859]
[0.11262726]
[0.11262544]
[0.11259886]
[0.11259458]
[0.11258481]
[0.11256375]
[0.11254883]
[0.11252518]
[0.11252269]
[0.1125126]
[0.1125112]
[0.11249124]
[0.11244535]
[0.11243235]
[0.11239995]
[0.11238626]
[0.11237769]
[0.11235895]
[0.11235828]
[0.112344]
[0.11232971]
[0.11231915]
[0.11224919]
[0.11222864]
[0.11222216]
[0.112218]
[0.11220612]
[0.11219139]
[0.11214436]
[0.11214155]
[0.11210513]
[0.11210389]
[0.11204279]
[0.11201708]
[0.11200143]
[0.11197128]
[0.11190315]
[0.11189681]
[0.11189386]
[0.11188506]
[0.11188274]
[0.11187945]
[0.11187135]
[0.11184904]
[0.11183215]
[0.11182074]
[0.11181812]
[0.11178373]
[0.11177597]
[0.11175422]
[0.11175114]
[0.11171758]
[0.11169197]
[0.11166632]
[0.11166411]
[0.11165232]
[0.1116507]
[0.11165]
[0.11164898]
[0.11163808]
[0.11163807]
[0.1116371]
[0.111612]
[0.11160994]
[0.11155458]
[0.11155311]
[0.1115397]
[0.11153415]
[0.11147844]
[0.11146799]
[0.111461]
[0.111446]
[0.11135249]
[0.11132171]
[0.11131541]
[0.11130435]
[0.11129189]
[0.11128079]
[0.11125722]
[0.11124337]
[0.11124063]
[0.11122885]
[0.11117051]
[0.11112995]
[0.11109284]
[0.11107497]
[0.11107217]
[0.11106212]
[0.11105833]
[0.11105447]
[0.11101489]
[0.11099846]
[0.11099347]
[0.11098416]
[0.11098298]
[0.11098176]
[0.11096544]
[0.110943]
[0.11086722]
[0.11084604]
[0.11082064]
[0.11081546]
[0.11081179]
[0.11081006]
[0.11078271]
[0.11076628]
[0.11072482]
[0.11070808]
[0.1106244]
[0.11060082]
[0.11057588]
[0.11057358]
[0.11057283]
[0.11055144]
[0.11055111]
[0.11054652]
[0.1105417]
[0.11052576]
[0.11049217]
[0.11047683]
[0.11045623]
[0.11041265]
[0.11041149]
[0.11036291]
[0.11036127]
[0.11035915]
[0.11031681]
[0.11025848]
[0.11025091]
[0.11018658]
[0.11013925]
[0.11011136]
[0.11009764]
[0.11006219]
[0.11003903]
[0.11003641]
[0.11003557]
[0.11001099]
[0.10997473]
[0.10993004]
[0.10988717]
[0.1098572]
[0.10976032]
[0.10969818]
[0.10966992]
[0.10966268]
[0.10964999]
[0.1096282]
[0.10958409]
[0.10957503]
[0.10953411]
[0.10950191]
[0.10948474]
[0.10947513]
[0.10946625]
[0.10944737]
[0.10939645]
[0.10937835]
[0.10937587]
[0.10935743]
[0.10934777]
[0.10934215]
[0.1093399]
[0.10933941]
[0.10933059]
[0.10932757]
[0.10930064]
[0.10927135]
[0.10924166]
[0.10922541]
[0.10920753]
[0.10917386]
[0.10915712]
[0.1091334]
[0.10910415]
[0.10908797]
[0.10908311]
[0.10902043]
[0.10898931]
[0.10898532]
[0.10894574]
[0.10894194]
[0.10893961]
[0.10892081]
[0.10890735]
[0.10888694]
[0.10884607]
[0.10884441]
[0.10883465]
[0.10882727]
[0.10881124]
[0.10880478]
[0.10878166]
[0.10877628]
[0.108767]
[0.1087625]
[0.10875022]
[0.1087457]
[0.10874524]
[0.10871072]
[0.10871054]
[0.10865377]
[0.10861839]
[0.1086178]
[0.10860667]
[0.1085922]
[0.10857907]
[0.10851934]
[0.10851908]
[0.10848945]
[0.10848348]
[0.10846332]
[0.10841298]
[0.10840672]
[0.10840128]
[0.10839432]
[0.1083881]
[0.10838229]
[0.10837444]
[0.1083696]
[0.10835036]
[0.10834686]
[0.10833986]
[0.10830673]
[0.10830417]
[0.10829302]
[0.10824878]
[0.10817166]
[0.10816623]
[0.10815529]
[0.10812967]
[0.10812508]
[0.10811459]
[0.10811102]
[0.10809909]
[0.108075]
[0.10805275]
[0.10804283]
[0.10803433]
[0.10800134]
[0.10799638]
[0.10798003]
[0.1079639]
[0.10792957]
[0.10792709]
[0.10791659]
[0.10788788]
[0.10787852]
[0.10786632]
[0.10781209]
[0.10780273]
[0.10778214]
[0.10774647]
[0.10773402]
[0.10771155]
[0.10767842]
[0.10767697]
[0.10765043]
[0.107616]
[0.10759632]
[0.10756745]
[0.10755294]
[0.10753927]
[0.10752075]
[0.10752018]
[0.1075099]
[0.1074905]
[0.10742994]
[0.10740694]
[0.10733536]
[0.1073323]
[0.10733207]
[0.1073318]
[0.10728343]
[0.1072372]
[0.10723495]
[0.10722522]
[0.10721494]
[0.10720716]
[0.10720477]
[0.10719828]
[0.10714805]
[0.10714043]
[0.10714019]
[0.10710238]
[0.10707075]
[0.10704941]
[0.1070103]
[0.10700186]
[0.10699765]
[0.10697483]
[0.10693172]
[0.10691927]
[0.10685891]
[0.10685053]
[0.10684767]
[0.10683043]
[0.10682251]
[0.10682251]
[0.10682078]
[0.10681757]
[0.10680849]
[0.1068084]
[0.10678875]
[0.10677551]
[0.10676601]
[0.10676353]
[0.1067426]
[0.10670441]
[0.10667283]
[0.1065629]
[0.10653876]
[0.10653137]
[0.10645675]
[0.10645432]
[0.10645296]
[0.106435]
[0.10643409]
[0.10637631]
[0.10636445]
[0.1063551]
[0.10634158]
[0.10633598]
[0.10632825]
[0.10625553]
[0.10625231]
[0.10623836]
[0.10622521]
[0.10614692]
[0.10613915]
[0.10610729]
[0.10610616]
[0.10605095]
[0.10600503]
[0.10599258]
[0.10597995]
[0.1059787]
[0.10594221]
[0.10586663]
[0.10586291]
[0.10584722]
[0.10584562]
[0.1058301]
[0.10577172]
[0.10574006]
[0.1057329]
[0.10568237]
[0.10566573]
[0.10564724]
[0.10560776]
[0.1055311]
[0.10551618]
[0.10550894]
[0.10550201]
[0.10546692]
[0.10544986]
[0.10544689]
[0.1054095]
[0.10536252]
[0.10535724]
[0.1053052]
[0.10529797]
[0.10527983]
[0.10527039]
[0.10525759]
[0.10520335]
[0.10520287]
[0.10520205]
[0.10517218]
[0.10516525]
[0.10505787]
[0.10503932]
[0.10502829]
[0.10489687]
[0.10486108]
[0.1048336]
[0.10481269]
[0.1048065]
[0.10478818]
[0.10478402]
[0.1047818]
[0.10475458]
[0.10474943]
[0.10470932]
[0.10460115]
[0.104591]
[0.10451726]
[0.10448431]
[0.10447489]
[0.10445194]
[0.1044279]
[0.10441482]
[0.10440387]
[0.10437576]
[0.10435778]
[0.10432226]
[0.10427963]
[0.10427241]
[0.10426341]
[0.10424329]
[0.10423316]
[0.10414346]
[0.10412789]
[0.10409832]
[0.10408875]
[0.10408319]
[0.1040283]
[0.10399103]
[0.10397248]
[0.10396631]
[0.10395323]
[0.10392199]
[0.10391603]
[0.10389989]
[0.10387605]
[0.10383829]
[0.10382488]
[0.10378393]
[0.10377099]
[0.10376641]
[0.10373989]
[0.10373913]
[0.10370943]
[0.10369074]
[0.10363538]
[0.10358026]
[0.10353354]
[0.10349997]
[0.10349281]
[0.10348653]
[0.10348606]
[0.10347427]
[0.10345454]
[0.10341709]
[0.10339595]
[0.10338844]
[0.10337593]
[0.10334451]
[0.10326093]
[0.10323189]
[0.1032021]
[0.10319217]
[0.10317584]
[0.10317214]
[0.10314529]
[0.10311581]
[0.10302976]
[0.103028]
[0.10294827]
[0.10292332]
[0.10292203]
[0.10288578]
[0.1028727]
[0.10285675]
[0.10281373]
[0.10280854]
[0.10280468]
[0.10276412]
[0.10275531]
[0.10270614]
[0.10268494]
[0.10267842]
[0.10266089]
[0.10266089]
[0.10263399]
[0.10262983]
[0.10262506]
[0.10260911]
[0.10255933]
[0.10252331]
[0.10242621]
[0.1024247]
[0.10235891]
[0.10235073]
[0.10228711]
[0.10227117]
[0.10208473]
[0.1020707]
[0.1020385]
[0.10201491]
[0.10197949]
[0.10195588]
[0.10195407]
[0.10192674]
[0.1019219]
[0.10181236]
[0.10180372]
[0.10175139]
[0.10172155]
[0.10169934]
[0.1016601]
[0.10162692]
[0.10160507]
[0.10158764]
[0.1015064]
[0.10149331]
[0.10143972]
[0.10138895]
[0.10131879]
[0.10128831]
[0.10127746]
[0.10123816]
[0.10120428]
[0.10104749]
[0.10096589]
[0.10096524]
[0.10095479]
[0.1009536]
[0.10094351]
[0.10093875]
[0.10092632]
[0.10092426]
[0.10086025]
[0.10085903]
[0.10080734]
[0.10078385]
[0.10075072]
[0.10066534]
[0.10061981]
[0.10053255]
[0.10037322]
[0.10034591]
[0.10032628]
[0.1003184]
[0.1003006]
[0.10027283]
[0.10025636]
[0.10024729]
[0.10017935]
[0.10012864]
[0.10010615]
[0.10002179]
[0.10000124]
[0.09999581]
[0.0999872]
[0.0999409]
[0.09992589]
[0.09988436]
[0.09984079]
[0.09982491]
[0.09977633]
[0.09975591]
[0.09975585]
[0.09970607]
[0.09965253]
[0.09962896]
[0.09933793]
[0.09932368]
[0.09932027]
[0.09931044]
[0.09927928]
[0.09926418]
[0.09926265]
[0.09924982]
[0.09919374]
[0.09918205]
[0.09911919]
[0.09903917]
[0.09903224]
[0.09901711]
[0.09896521]
[0.09894918]
[0.09892827]
[0.09882936]
[0.09868684]
[0.09868525]
[0.09866746]
[0.09859908]
[0.09859607]
[0.09857988]
[0.09855285]
[0.09847366]
[0.09845654]
[0.09838774]
[0.09831317]
[0.09829441]
[0.09823781]
[0.09820033]
[0.09817541]
[0.09791471]
[0.09790045]
[0.09786271]
[0.09779472]
[0.09777486]
[0.09771014]
[0.09770098]
[0.09768122]
[0.09768]
[0.0976732]
[0.09761181]
[0.09760315]
[0.0975595]
[0.09755177]
[0.09752235]
[0.09745757]
[0.097283]
[0.09725059]
[0.0972055]
[0.09717156]
[0.09716951]
[0.09700829]
[0.09693791]
[0.09687487]
[0.09686067]
[0.09681961]
[0.09676202]
[0.09673703]
[0.09665848]
[0.09659942]
[0.0963326]
[0.09625811]
[0.09616187]
[0.09615207]
[0.0961006]
[0.0958134]
[0.09556417]
[0.09553976]
[0.09552965]
[0.0953889]
[0.09538647]
[0.09519306]
[0.09507383]
[0.0950692]
[0.09505234]
[0.09503134]
[0.09502958]
[0.09496222]
[0.09493329]
[0.09482863]
[0.09480564]
[0.09466103]
[0.09466064]
[0.0944443]
[0.09441359]
[0.09439215]
[0.09434342]
[0.09433787]
[0.09427426]
[0.0942324]
[0.09419163]
[0.09418392]
[0.09417094]
[0.09394084]
[0.09386896]
[0.09380358]
[0.09378728]
[0.09374863]
[0.09356253]
[0.09346105]
[0.09340979]
[0.09339532]
[0.09337945]
[0.09331438]
[0.09319235]
[0.09310318]
[0.09299633]
[0.0927823]
[0.09265715]
[0.09262546]
[0.09255978]
[0.09237715]
[0.09191658]
[0.09188581]
[0.09183804]
[0.09169386]
[0.09157395]
[0.09140217]
[0.09135831]
[0.09129755]
[0.09110793]
[0.09082475]
[0.090682]
[0.09043726]
[0.09038799]
[0.09016201]
[0.09011634]
[0.0898176]
[0.08980434]
[0.08934703]
[0.08931368]
[0.08899797]
[0.08891048]
[0.08889028]
[0.08877512]
[0.08844387]
[0.08843936]
[0.08790617]
[0.08772812]
[0.08752299]
[0.08705244]
[0.08679052]
[0.08625282]
[0.08615026]
[0.08611429]
[0.08566444]
[0.08559137]
[0.08557105]
[0.085477]
[0.08542021]
[0.0853534]
[0.08528735]
[0.08490437]
[0.08486865]
[0.08425225]
[0.08400593]
[0.08391102]
[0.08386362]
[0.08383809]
[0.08370849]
[0.0835333]
[0.08350215]
[0.08333572]
[0.08297693]
[0.08292889]
[0.08292026]
[0.08285432]
[0.08282472]
[0.08252576]
[0.08250677]
[0.08221907]
[0.08205996]
[0.08193582]
[0.08157838]
[0.08153861]
[0.08153347]
[0.08148585]
[0.08136348]
[0.08134798]
[0.08115206]
[0.08095026]
[0.08076677]
[0.08076481]
[0.08075208]
[0.08073153]
[0.08071636]
[0.08060402]
[0.08058295]
[0.08037077]
[0.08015044]
[0.08006647]
[0.07997227]
[0.07990386]
[0.07977048]
[0.0795494]
[0.07942078]
[0.07927863]
[0.07926919]
[0.07918969]
[0.07899316]
[0.07892136]
[0.07874487]
[0.0787202]
[0.07871215]
[0.07861713]
[0.07857825]
[0.07838891]
[0.07838633]
[0.07836308]
[0.07829448]
[0.07823066]
[0.07812441]
[0.07804428]
[0.07803702]
[0.07792322]
[0.07789861]
[0.07783047]
[0.07773179]
[0.07769476]
[0.07766639]
[0.07766468]
[0.07760064]
[0.07759468]
[0.07747225]
[0.07743917]
[0.0773394]
[0.07718628]
[0.07698114]
[0.07695878]
[0.07692218]
[0.07683451]
[0.07678314]
[0.07676678]
[0.07661027]
[0.07632313]
[0.07620185]
[0.07609466]
[0.07600658]
[0.07588864]
[0.0757012]
[0.07539477]
[0.07538392]
[0.07525818]
[0.0748219]
