[0.6125975]
[0.58164763]
[0.55211616]
[0.5512182]
[0.531388]
[0.5307502]
[0.512651]
[0.49400824]
[0.49294877]
[0.4853248]
[0.4843637]
[0.4839744]
[0.48110652]
[0.47937554]
[0.47308144]
[0.467397]
[0.46700874]
[0.46197772]
[0.4582886]
[0.4558869]
[0.45377588]
[0.44627395]
[0.43926]
[0.43910336]
[0.4345934]
[0.43363038]
[0.43073902]
[0.4300683]
[0.42865813]
[0.4279216]
[0.4265224]
[0.4255956]
[0.42432642]
[0.42300487]
[0.41757554]
[0.41217867]
[0.40948]
[0.4093153]
[0.40923354]
[0.40889126]
[0.408878]
[0.40741476]
[0.4056262]
[0.40430638]
[0.40361553]
[0.40269303]
[0.401956]
[0.40015593]
[0.39931315]
[0.39694723]
[0.396589]
[0.39604816]
[0.39551026]
[0.39506477]
[0.39324275]
[0.3901753]
[0.3890387]
[0.38273305]
[0.38107935]
[0.38091093]
[0.38004193]
[0.37920368]
[0.37778926]
[0.3754304]
[0.37425396]
[0.3740701]
[0.37242097]
[0.3721899]
[0.37205428]
[0.372035]
[0.3711278]
[0.37109524]
[0.37065]
[0.37045845]
[0.3701631]
[0.3697903]
[0.36954373]
[0.36823505]
[0.3681089]
[0.3672427]
[0.3671386]
[0.3670483]
[0.3669316]
[0.36277503]
[0.36218283]
[0.3616081]
[0.36092943]
[0.36088836]
[0.36044508]
[0.36044508]
[0.36023927]
[0.35972843]
[0.3595184]
[0.35574982]
[0.35174194]
[0.35106054]
[0.35051617]
[0.34818736]
[0.3472673]
[0.34399304]
[0.34360278]
[0.3423166]
[0.3418304]
[0.3415236]
[0.34111992]
[0.34104797]
[0.34100506]
[0.34062493]
[0.34004134]
[0.33924925]
[0.3392002]
[0.33910888]
[0.33876753]
[0.33782813]
[0.33514765]
[0.33507234]
[0.33299178]
[0.33173934]
[0.3316513]
[0.33103105]
[0.3307256]
[0.33053675]
[0.33048588]
[0.3304173]
[0.33012483]
[0.3288483]
[0.32878938]
[0.3286515]
[0.32831696]
[0.32761505]
[0.3275549]
[0.3272233]
[0.32716]
[0.32616767]
[0.3261382]
[0.3257463]
[0.3234096]
[0.32338914]
[0.32245767]
[0.32075524]
[0.32022572]
[0.32022348]
[0.31990007]
[0.31963006]
[0.31888312]
[0.31830767]
[0.3178056]
[0.3170937]
[0.31677258]
[0.31604528]
[0.31583244]
[0.31559846]
[0.31551582]
[0.3148284]
[0.31469613]
[0.31400976]
[0.31256753]
[0.3115624]
[0.3110631]
[0.310451]
[0.31041124]
[0.3103808]
[0.31009176]
[0.3097377]
[0.308589]
[0.30857727]
[0.30829206]
[0.30782428]
[0.30747506]
[0.30657917]
[0.3051432]
[0.3050726]
[0.304924]
[0.3048342]
[0.30360454]
[0.30347434]
[0.30323032]
[0.30286425]
[0.30191064]
[0.30189088]
[0.30189088]
[0.30121952]
[0.30077076]
[0.30033937]
[0.30004597]
[0.29998732]
[0.29970008]
[0.2993505]
[0.299198]
[0.29913038]
[0.29856136]
[0.2979674]
[0.29774052]
[0.29764324]
[0.2975803]
[0.29673105]
[0.2954339]
[0.29440296]
[0.29421112]
[0.29421112]
[0.2939324]
[0.29317454]
[0.29317454]
[0.2926919]
[0.2921374]
[0.29179084]
[0.29167512]
[0.29069418]
[0.29034466]
[0.2897757]
[0.28955832]
[0.28934485]
[0.28884608]
[0.2887921]
[0.28853816]
[0.28846338]
[0.2882365]
[0.2880501]
[0.287779]
[0.28759843]
[0.28759435]
[0.28759435]
[0.28758746]
[0.28745767]
[0.2862462]
[0.28563362]
[0.28506887]
[0.28505343]
[0.28505343]
[0.28489855]
[0.28441638]
[0.2843284]
[0.28397423]
[0.28383636]
[0.2835358]
[0.28341523]
[0.28297353]
[0.2825803]
[0.28243017]
[0.282113]
[0.2819393]
[0.2815151]
[0.28146747]
[0.28057042]
[0.28056696]
[0.28051713]
[0.2801619]
[0.27957872]
[0.27957782]
[0.27873623]
[0.2781848]
[0.2781848]
[0.27809414]
[0.27788842]
[0.27746546]
[0.27717537]
[0.27714851]
[0.2760904]
[0.2754639]
[0.27543035]
[0.27541596]
[0.2753419]
[0.27506196]
[0.27451727]
[0.2743521]
[0.27394682]
[0.2739402]
[0.2738639]
[0.2735161]
[0.27340737]
[0.2731991]
[0.27247965]
[0.27215683]
[0.27128926]
[0.27102458]
[0.2706896]
[0.2705857]
[0.26939738]
[0.2693385]
[0.26893547]
[0.2684419]
[0.26838693]
[0.26783952]
[0.26759058]
[0.26754776]
[0.26689193]
[0.26677042]
[0.26625213]
[0.26625213]
[0.26580277]
[0.26554382]
[0.26521745]
[0.2648854]
[0.26485974]
[0.26482534]
[0.2647235]
[0.2645353]
[0.26442292]
[0.26413104]
[0.2639148]
[0.26385593]
[0.26383793]
[0.26373845]
[0.26361126]
[0.2634695]
[0.26342705]
[0.2631258]
[0.26304978]
[0.26298928]
[0.26292223]
[0.26283652]
[0.26275828]
[0.26259497]
[0.2625312]
[0.26239508]
[0.26234493]
[0.26217517]
[0.2621644]
[0.26210746]
[0.26201263]
[0.2612118]
[0.26085773]
[0.26050094]
[0.260324]
[0.2602853]
[0.25998166]
[0.25991833]
[0.25991222]
[0.2596084]
[0.25942647]
[0.25925577]
[0.25918987]
[0.25916615]
[0.25905702]
[0.25905702]
[0.25897452]
[0.2588955]
[0.25839505]
[0.25837514]
[0.25831527]
[0.25827676]
[0.2581601]
[0.25789765]
[0.25787076]
[0.25776166]
[0.25764167]
[0.25748688]
[0.257372]
[0.25733623]
[0.2568223]
[0.25670213]
[0.25643495]
[0.25633666]
[0.25629172]
[0.2560629]
[0.25565806]
[0.25560483]
[0.2554474]
[0.25533214]
[0.25510058]
[0.25501868]
[0.25480327]
[0.2545795]
[0.25457874]
[0.25440457]
[0.25412002]
[0.2540002]
[0.25386748]
[0.2537363]
[0.25350544]
[0.25343636]
[0.25342187]
[0.25330395]
[0.2532011]
[0.25305104]
[0.25293776]
[0.25286913]
[0.25279534]
[0.25279453]
[0.25265318]
[0.25240138]
[0.25200447]
[0.2517417]
[0.2517378]
[0.25170016]
[0.25170016]
[0.25149927]
[0.25140935]
[0.2513811]
[0.25134274]
[0.25070104]
[0.25036392]
[0.25021467]
[0.2501819]
[0.24999756]
[0.24999756]
[0.2499649]
[0.24990928]
[0.24965926]
[0.24965926]
[0.24960019]
[0.24940145]
[0.24940145]
[0.24938153]
[0.24917826]
[0.2491003]
[0.24877572]
[0.24876593]
[0.24845558]
[0.24782802]
[0.24766484]
[0.24761349]
[0.24744946]
[0.24736175]
[0.2472786]
[0.24707548]
[0.24668734]
[0.2465604]
[0.24625003]
[0.24619901]
[0.2460916]
[0.24605551]
[0.24583508]
[0.24565585]
[0.24558409]
[0.24546432]
[0.24545835]
[0.24519362]
[0.2450437]
[0.24495667]
[0.24455203]
[0.24449882]
[0.24431753]
[0.24377671]
[0.243761]
[0.24375053]
[0.24362314]
[0.24355955]
[0.24352287]
[0.24336228]
[0.24317648]
[0.2426953]
[0.24265745]
[0.24265745]
[0.24250439]
[0.24239682]
[0.24214557]
[0.24200937]
[0.24193521]
[0.24193169]
[0.24183555]
[0.24170461]
[0.24164824]
[0.24146083]
[0.2414218]
[0.24136817]
[0.2412911]
[0.24109042]
[0.24106841]
[0.24096361]
[0.24092877]
[0.24086228]
[0.24049889]
[0.24045292]
[0.24032438]
[0.24012677]
[0.23995082]
[0.23950842]
[0.23934102]
[0.23840547]
[0.2382252]
[0.23812859]
[0.23812468]
[0.23809716]
[0.23793031]
[0.23790124]
[0.23771161]
[0.2377069]
[0.2377069]
[0.2376108]
[0.23748103]
[0.23719393]
[0.23702618]
[0.2369084]
[0.23673569]
[0.23631814]
[0.23612724]
[0.2359069]
[0.23585528]
[0.23571628]
[0.23537117]
[0.2353549]
[0.23526171]
[0.23512797]
[0.23506251]
[0.23479094]
[0.2347267]
[0.23452418]
[0.23441054]
[0.23435904]
[0.23432358]
[0.23428963]
[0.23423007]
[0.23410626]
[0.23405805]
[0.23392849]
[0.23390774]
[0.2338724]
[0.23386128]
[0.23382707]
[0.23381099]
[0.23360735]
[0.23358372]
[0.23337442]
[0.23337442]
[0.23332366]
[0.23331864]
[0.2332896]
[0.23325367]
[0.23324944]
[0.23324825]
[0.2332064]
[0.23319302]
[0.23313084]
[0.23304968]
[0.23301399]
[0.23289098]
[0.23252523]
[0.23249787]
[0.2323715]
[0.23227297]
[0.2320786]
[0.2320265]
[0.23185766]
[0.23179255]
[0.23168163]
[0.23164934]
[0.23160724]
[0.23158209]
[0.23134075]
[0.23134075]
[0.23134075]
[0.2313311]
[0.23126692]
[0.23116867]
[0.23107967]
[0.230934]
[0.23090333]
[0.23084599]
[0.2307916]
[0.2307822]
[0.23062323]
[0.23059604]
[0.23059289]
[0.23037632]
[0.23034231]
[0.23032191]
[0.23030287]
[0.23027645]
[0.23025711]
[0.23021308]
[0.23010933]
[0.230109]
[0.2300963]
[0.22972327]
[0.22956942]
[0.229494]
[0.22942913]
[0.22938962]
[0.22921176]
[0.22909419]
[0.2289743]
[0.22896028]
[0.22895227]
[0.22894488]
[0.22890459]
[0.22881198]
[0.22881198]
[0.22881198]
[0.22871417]
[0.22867064]
[0.2284344]
[0.22843143]
[0.22839022]
[0.22834505]
[0.22832184]
[0.22818302]
[0.22818199]
[0.22762378]
[0.22757252]
[0.22756067]
[0.22746845]
[0.22743644]
[0.22737822]
[0.2271813]
[0.22715273]
[0.22692329]
[0.22692153]
[0.22671999]
[0.22657736]
[0.22650118]
[0.22649288]
[0.22648491]
[0.22633646]
[0.22628775]
[0.22628424]
[0.22607003]
[0.22601178]
[0.22572619]
[0.22566313]
[0.22555855]
[0.22547078]
[0.22540906]
[0.2253875]
[0.22533998]
[0.22532843]
[0.22504543]
[0.22490512]
[0.224377]
[0.22435308]
[0.22392695]
[0.22388633]
[0.22359098]
[0.22359098]
[0.22330691]
[0.22329183]
[0.22319809]
[0.22316143]
[0.22316143]
[0.22312513]
[0.22308718]
[0.22300808]
[0.22294998]
[0.22279266]
[0.22266854]
[0.22264577]
[0.2226379]
[0.22214995]
[0.22204345]
[0.22204345]
[0.22201113]
[0.2219724]
[0.22192098]
[0.22192098]
[0.2218353]
[0.22179931]
[0.2217517]
[0.22166896]
[0.2216504]
[0.22164938]
[0.22132073]
[0.2212574]
[0.22118464]
[0.22118464]
[0.2210525]
[0.22076613]
[0.22073524]
[0.22073524]
[0.22052109]
[0.22030467]
[0.22025028]
[0.22000629]
[0.21993262]
[0.2199178]
[0.21979856]
[0.21955243]
[0.21931814]
[0.21917945]
[0.219151]
[0.2191196]
[0.21911515]
[0.21909386]
[0.21903734]
[0.21900381]
[0.21897335]
[0.21876569]
[0.21876174]
[0.21874847]
[0.21873464]
[0.21869038]
[0.21858342]
[0.21841139]
[0.2183395]
[0.21829925]
[0.21827853]
[0.21816921]
[0.21813038]
[0.21804099]
[0.21801412]
[0.217867]
[0.217814]
[0.2177904]
[0.21774657]
[0.21769151]
[0.21741058]
[0.21739273]
[0.21731614]
[0.2172676]
[0.2172108]
[0.21706691]
[0.21694668]
[0.21690355]
[0.21681818]
[0.21662658]
[0.21646707]
[0.21646707]
[0.21644828]
[0.21644478]
[0.21642612]
[0.21636699]
[0.21628845]
[0.21628307]
[0.21620658]
[0.216158]
[0.21611261]
[0.2158984]
[0.21577574]
[0.21577574]
[0.21571437]
[0.21565422]
[0.2156333]
[0.21560527]
[0.21560527]
[0.21529308]
[0.21523136]
[0.21523136]
[0.21504824]
[0.21501109]
[0.21492644]
[0.21488446]
[0.21485513]
[0.21479702]
[0.21477468]
[0.2147598]
[0.21475832]
[0.21470945]
[0.21463704]
[0.21460098]
[0.21459514]
[0.2145668]
[0.21450739]
[0.21448772]
[0.21435578]
[0.21432641]
[0.21432015]
[0.21427613]
[0.214181]
[0.21418035]
[0.21418035]
[0.2141196]
[0.21404861]
[0.21398917]
[0.213959]
[0.2139246]
[0.21385252]
[0.21383883]
[0.2138378]
[0.21377625]
[0.21376276]
[0.21370211]
[0.21369089]
[0.21362512]
[0.2134482]
[0.2133832]
[0.21324757]
[0.2132103]
[0.21321003]
[0.2131993]
[0.2131683]
[0.21312486]
[0.21309753]
[0.21300043]
[0.21287036]
[0.21270494]
[0.21270023]
[0.21266094]
[0.21254884]
[0.21235357]
[0.21229537]
[0.21228637]
[0.21214412]
[0.21193668]
[0.21189082]
[0.21177539]
[0.21175563]
[0.21175316]
[0.21166378]
[0.21166186]
[0.21165976]
[0.21149793]
[0.2114857]
[0.2114232]
[0.21135733]
[0.21134757]
[0.21133283]
[0.21108867]
[0.21107131]
[0.21106721]
[0.21098982]
[0.21076918]
[0.2107493]
[0.21074367]
[0.21074261]
[0.2107031]
[0.21065694]
[0.21065113]
[0.21053545]
[0.21047148]
[0.21047086]
[0.2104481]
[0.21042909]
[0.21023093]
[0.21011601]
[0.21011177]
[0.21011177]
[0.21009994]
[0.21009848]
[0.21009472]
[0.21003571]
[0.20998473]
[0.20994034]
[0.2099294]
[0.20977855]
[0.20971256]
[0.20969482]
[0.20965488]
[0.2096407]
[0.20960855]
[0.20927012]
[0.20926921]
[0.2091817]
[0.2091575]
[0.20915332]
[0.20914094]
[0.20907685]
[0.2090705]
[0.20904769]
[0.20901367]
[0.20899841]
[0.2089785]
[0.20891055]
[0.20868698]
[0.20866725]
[0.20864876]
[0.20857334]
[0.20852888]
[0.20852888]
[0.20849508]
[0.20826153]
[0.20809291]
[0.20803624]
[0.2080238]
[0.20795973]
[0.2078133]
[0.20781317]
[0.20766416]
[0.20747915]
[0.20746256]
[0.20740393]
[0.2073705]
[0.20733282]
[0.20727909]
[0.20721869]
[0.20720118]
[0.207183]
[0.20716834]
[0.20715153]
[0.20714167]
[0.20712264]
[0.20709123]
[0.20708199]
[0.20701493]
[0.20696552]
[0.20691188]
[0.20690829]
[0.20668031]
[0.20667094]
[0.20664549]
[0.2066315]
[0.20656091]
[0.20656091]
[0.20652097]
[0.20649529]
[0.20649503]
[0.20643015]
[0.20639998]
[0.20638146]
[0.20632726]
[0.20632434]
[0.20631622]
[0.20630649]
[0.20625488]
[0.20625426]
[0.2062328]
[0.20613372]
[0.20612873]
[0.20607649]
[0.20602347]
[0.20598483]
[0.20592685]
[0.2057392]
[0.20565665]
[0.2056364]
[0.20552693]
[0.20545807]
[0.2052604]
[0.20514053]
[0.20509715]
[0.2050637]
[0.20501159]
[0.20475282]
[0.20469989]
[0.20466337]
[0.20465526]
[0.2045763]
[0.20454615]
[0.20454007]
[0.20447603]
[0.20427002]
[0.20420381]
[0.20408157]
[0.20405027]
[0.2040111]
[0.20399226]
[0.20383948]
[0.20382445]
[0.2037806]
[0.20370293]
[0.20366211]
[0.20362163]
[0.20353569]
[0.2035072]
[0.20349494]
[0.20349054]
[0.2034645]
[0.20342524]
[0.20334639]
[0.20314106]
[0.20308506]
[0.2030606]
[0.20305037]
[0.20303282]
[0.20303278]
[0.20290995]
[0.20289868]
[0.20281]
[0.20279376]
[0.20277283]
[0.20272963]
[0.20272963]
[0.20268738]
[0.20265076]
[0.20262276]
[0.20260146]
[0.20260146]
[0.20256758]
[0.20253675]
[0.20252039]
[0.20250404]
[0.2024878]
[0.20245731]
[0.20244625]
[0.20234656]
[0.20221108]
[0.20219551]
[0.2021821]
[0.20216735]
[0.20210366]
[0.20206755]
[0.20205826]
[0.20200504]
[0.20189893]
[0.20176357]
[0.20175174]
[0.20173302]
[0.20169939]
[0.20167993]
[0.2015593]
[0.20146325]
[0.20141946]
[0.20110671]
[0.20110354]
[0.20110203]
[0.2009648]
[0.20092466]
[0.20090514]
[0.20075035]
[0.20075035]
[0.20072836]
[0.20065786]
[0.20059913]
[0.20057806]
[0.20056863]
[0.20050405]
[0.2004685]
[0.2004279]
[0.2003203]
[0.2003203]
[0.20028636]
[0.20022285]
[0.20008506]
[0.19997461]
[0.1999565]
[0.19995445]
[0.19986604]
[0.19984244]
[0.19982633]
[0.19979383]
[0.19964133]
[0.19945507]
[0.1994376]
[0.19935162]
[0.19934121]
[0.19930235]
[0.19929603]
[0.19929492]
[0.19924596]
[0.19909488]
[0.19908464]
[0.19900832]
[0.19900832]
[0.1989983]
[0.19888447]
[0.19888148]
[0.19883566]
[0.19880944]
[0.19880801]
[0.19877425]
[0.19876797]
[0.19875884]
[0.19872738]
[0.19870783]
[0.1985511]
[0.19853479]
[0.19851774]
[0.1984827]
[0.1984779]
[0.19847783]
[0.19842795]
[0.19828692]
[0.19828692]
[0.19827794]
[0.19805337]
[0.1980417]
[0.19802153]
[0.19796775]
[0.1978339]
[0.19781433]
[0.19771777]
[0.19760887]
[0.19753663]
[0.19742663]
[0.19736157]
[0.19731307]
[0.197137]
[0.19711006]
[0.19708143]
[0.19707921]
[0.19707082]
[0.19703515]
[0.19696406]
[0.19693974]
[0.19690396]
[0.19687489]
[0.19684097]
[0.19669092]
[0.19666123]
[0.19657846]
[0.19654892]
[0.19654582]
[0.19653329]
[0.19653329]
[0.19644356]
[0.19641119]
[0.19629656]
[0.19620194]
[0.19607247]
[0.19601876]
[0.1959647]
[0.19593377]
[0.19584334]
[0.1957841]
[0.19576989]
[0.19574527]
[0.19573215]
[0.1957219]
[0.19558176]
[0.19556174]
[0.19551061]
[0.19544968]
[0.19541211]
[0.19535029]
[0.19532457]
[0.19532195]
[0.19524612]
[0.19522528]
[0.19518119]
[0.19516708]
[0.19504076]
[0.19491462]
[0.19482675]
[0.19478565]
[0.1947318]
[0.19465785]
[0.19465785]
[0.19463529]
[0.1946102]
[0.19459304]
[0.19458297]
[0.19458115]
[0.19450083]
[0.19450083]
[0.1944815]
[0.19444162]
[0.19443467]
[0.19439282]
[0.1943763]
[0.1943763]
[0.19436961]
[0.19426103]
[0.19424245]
[0.19414692]
[0.19409785]
[0.1940494]
[0.19398737]
[0.19394746]
[0.1939376]
[0.1939212]
[0.19391185]
[0.19387335]
[0.19380076]
[0.19376783]
[0.19373502]
[0.19366713]
[0.19366398]
[0.19366223]
[0.19363214]
[0.19363214]
[0.19363208]
[0.19355299]
[0.193519]
[0.19351037]
[0.19346525]
[0.19342306]
[0.1934135]
[0.19340062]
[0.19336675]
[0.1932111]
[0.19317359]
[0.1931046]
[0.1931046]
[0.19307753]
[0.19306871]
[0.19292521]
[0.19291332]
[0.19282275]
[0.19279245]
[0.1926948]
[0.19250709]
[0.19242457]
[0.19240166]
[0.19234428]
[0.192324]
[0.19224678]
[0.19221477]
[0.19214109]
[0.19209605]
[0.19204177]
[0.19198182]
[0.19195089]
[0.19192874]
[0.19191577]
[0.19182289]
[0.1917871]
[0.19172354]
[0.1916981]
[0.19166102]
[0.19164494]
[0.19163856]
[0.1916206]
[0.19161375]
[0.19159855]
[0.19157866]
[0.19142333]
[0.19136389]
[0.19135883]
[0.19135223]
[0.1912516]
[0.19122751]
[0.19117942]
[0.19117305]
[0.19105633]
[0.19104993]
[0.1910447]
[0.19097388]
[0.19094594]
[0.19092567]
[0.19092332]
[0.19087818]
[0.1907549]
[0.1907243]
[0.19068128]
[0.19064939]
[0.19064389]
[0.19062606]
[0.1905955]
[0.19057724]
[0.1905655]
[0.1905607]
[0.19036646]
[0.19033144]
[0.19032207]
[0.19029354]
[0.1902727]
[0.1901911]
[0.19012639]
[0.19008683]
[0.19008328]
[0.19008084]
[0.18998957]
[0.18991044]
[0.18990895]
[0.18986447]
[0.18962412]
[0.18958886]
[0.1895466]
[0.18952425]
[0.18950611]
[0.18945447]
[0.18940818]
[0.18929434]
[0.18928981]
[0.18927498]
[0.18921594]
[0.18917133]
[0.18912026]
[0.18905355]
[0.18905349]
[0.1890411]
[0.1890284]
[0.18900937]
[0.18899043]
[0.18897158]
[0.1889677]
[0.18883422]
[0.18873149]
[0.18872488]
[0.18864743]
[0.18857831]
[0.18845026]
[0.18845026]
[0.18842468]
[0.18832363]
[0.18829851]
[0.18828951]
[0.18828695]
[0.18817537]
[0.18813863]
[0.18813863]
[0.18810853]
[0.18809797]
[0.1880474]
[0.18798666]
[0.18792781]
[0.18791002]
[0.18789543]
[0.18784922]
[0.18782337]
[0.18778844]
[0.18776132]
[0.18776032]
[0.18768764]
[0.18751493]
[0.1874965]
[0.18746898]
[0.18741134]
[0.18736005]
[0.18733236]
[0.18720408]
[0.18701537]
[0.1868211]
[0.1867957]
[0.18672402]
[0.18666665]
[0.18664263]
[0.18658681]
[0.18653388]
[0.18653077]
[0.18637235]
[0.18634357]
[0.18626168]
[0.18625018]
[0.18619429]
[0.18618542]
[0.18618542]
[0.18616866]
[0.18610601]
[0.18609986]
[0.18603788]
[0.18600775]
[0.18600425]
[0.18592992]
[0.18592992]
[0.18592744]
[0.18592182]
[0.18592167]
[0.18592167]
[0.18588558]
[0.18587872]
[0.18584777]
[0.18583089]
[0.18581967]
[0.18581434]
[0.18581058]
[0.1857696]
[0.18571903]
[0.18571171]
[0.18567657]
[0.18564735]
[0.18562765]
[0.18555872]
[0.18554507]
[0.18550476]
[0.18540694]
[0.1853624]
[0.18527824]
[0.18526082]
[0.18523298]
[0.18521217]
[0.1850409]
[0.18501998]
[0.18500854]
[0.18492314]
[0.18486972]
[0.18475209]
[0.18469909]
[0.18469909]
[0.1846844]
[0.18468273]
[0.1846822]
[0.18467042]
[0.18460931]
[0.18460798]
[0.18456961]
[0.18450026]
[0.18447101]
[0.1844694]
[0.1844694]
[0.18446065]
[0.18444364]
[0.18436424]
[0.18435366]
[0.18433782]
[0.18430582]
[0.18423858]
[0.18423858]
[0.18418653]
[0.18416025]
[0.18409517]
[0.18406779]
[0.18405244]
[0.1839982]
[0.18399253]
[0.18397173]
[0.18395585]
[0.18391418]
[0.18382289]
[0.18373697]
[0.18373641]
[0.18360457]
[0.18353711]
[0.18352214]
[0.18348196]
[0.18346007]
[0.18338029]
[0.1833708]
[0.18336958]
[0.18329157]
[0.18328454]
[0.18327785]
[0.18325786]
[0.18325286]
[0.18318656]
[0.1831695]
[0.18309483]
[0.18304266]
[0.1830361]
[0.1829745]
[0.18292022]
[0.18289359]
[0.18287592]
[0.18286665]
[0.18286088]
[0.18279536]
[0.18279041]
[0.1827666]
[0.18268143]
[0.1826559]
[0.1826559]
[0.18261166]
[0.18258934]
[0.18256536]
[0.18253615]
[0.18236898]
[0.18235905]
[0.18220454]
[0.18217814]
[0.18217434]
[0.1821205]
[0.18204638]
[0.1820378]
[0.18201722]
[0.18200195]
[0.1819972]
[0.1819701]
[0.18196908]
[0.18193774]
[0.18191585]
[0.18190841]
[0.18189193]
[0.18187456]
[0.18183433]
[0.18182947]
[0.18182334]
[0.18180546]
[0.18180345]
[0.18179937]
[0.18172923]
[0.18165195]
[0.18157874]
[0.18157648]
[0.18138799]
[0.18135089]
[0.18133028]
[0.18128456]
[0.18123446]
[0.18121439]
[0.18119681]
[0.18118544]
[0.18117417]
[0.18113369]
[0.18109688]
[0.18108216]
[0.1810611]
[0.18092144]
[0.18089445]
[0.18082273]
[0.1807592]
[0.18075356]
[0.18075335]
[0.18067001]
[0.18063776]
[0.18063292]
[0.18061066]
[0.18057865]
[0.18055604]
[0.18054263]
[0.18051682]
[0.18047164]
[0.18042795]
[0.18040921]
[0.18039194]
[0.18034439]
[0.18034297]
[0.18019778]
[0.18018481]
[0.18013111]
[0.18007503]
[0.18007098]
[0.1800197]
[0.18001214]
[0.17998795]
[0.17993845]
[0.17992924]
[0.1799]
[0.17982517]
[0.1798002]
[0.17978789]
[0.17978789]
[0.17976083]
[0.17973055]
[0.17965588]
[0.17964913]
[0.17964646]
[0.17957816]
[0.17955498]
[0.17955498]
[0.17945996]
[0.17944308]
[0.17935364]
[0.17931631]
[0.17926867]
[0.17919596]
[0.17915615]
[0.17906228]
[0.17904021]
[0.17902923]
[0.17902377]
[0.17901473]
[0.17893504]
[0.17891923]
[0.17889191]
[0.17889048]
[0.17887168]
[0.17877094]
[0.17876692]
[0.17871527]
[0.1787026]
[0.17870218]
[0.17870179]
[0.1786625]
[0.17865145]
[0.17863367]
[0.17862228]
[0.17860414]
[0.1785265]
[0.1785265]
[0.17852296]
[0.17838313]
[0.1783672]
[0.17836587]
[0.17835642]
[0.178328]
[0.17832518]
[0.17832518]
[0.17831951]
[0.17828839]
[0.17828839]
[0.17820877]
[0.17817643]
[0.17815806]
[0.17807288]
[0.17807288]
[0.17803414]
[0.1780298]
[0.17796391]
[0.17791377]
[0.17783809]
[0.17783728]
[0.17781556]
[0.17780451]
[0.17779246]
[0.17770237]
[0.17766663]
[0.17766663]
[0.17758949]
[0.1775736]
[0.17755522]
[0.17755373]
[0.17755006]
[0.17751527]
[0.17750347]
[0.17749974]
[0.17749465]
[0.17746891]
[0.17745303]
[0.17745206]
[0.17743745]
[0.17729433]
[0.17729342]
[0.17726417]
[0.17724943]
[0.17715394]
[0.17710255]
[0.17709918]
[0.17709525]
[0.17706023]
[0.17702897]
[0.177009]
[0.17699426]
[0.17695905]
[0.1769095]
[0.17690909]
[0.17689365]
[0.1768831]
[0.17687365]
[0.17683107]
[0.17682387]
[0.1767955]
[0.17671165]
[0.1766966]
[0.17669556]
[0.1766675]
[0.17663614]
[0.17653255]
[0.17653048]
[0.17652729]
[0.17652541]
[0.17652436]
[0.1765097]
[0.17647773]
[0.17646371]
[0.1764602]
[0.1764225]
[0.17639841]
[0.17636986]
[0.17635195]
[0.1763326]
[0.17627935]
[0.17626931]
[0.1762664]
[0.1762562]
[0.17622711]
[0.17620824]
[0.1761951]
[0.17614244]
[0.17607245]
[0.17605944]
[0.17600667]
[0.17597593]
[0.17595212]
[0.17587598]
[0.17582409]
[0.17582083]
[0.17580798]
[0.17577419]
[0.17570975]
[0.17566024]
[0.17563766]
[0.17561121]
[0.17558402]
[0.17554124]
[0.17552799]
[0.17544143]
[0.1754323]
[0.17542905]
[0.17538173]
[0.17523558]
[0.1752092]
[0.17515072]
[0.17512396]
[0.1751011]
[0.17506556]
[0.17503051]
[0.17500594]
[0.17500208]
[0.17500156]
[0.17498228]
[0.17498058]
[0.1749212]
[0.17489722]
[0.17489643]
[0.1748308]
[0.17481923]
[0.17478508]
[0.17474668]
[0.17470418]
[0.17469329]
[0.17459002]
[0.17442633]
[0.17440245]
[0.17434026]
[0.17429474]
[0.17427099]
[0.17426097]
[0.17424633]
[0.17420845]
[0.17419888]
[0.1741898]
[0.17415287]
[0.17414936]
[0.17414401]
[0.1741094]
[0.17406435]
[0.17404433]
[0.17398737]
[0.17396617]
[0.17394547]
[0.17393605]
[0.17392828]
[0.1739272]
[0.17391516]
[0.17389001]
[0.17378634]
[0.17377555]
[0.17377555]
[0.1737417]
[0.17374128]
[0.17373197]
[0.17373177]
[0.17362577]
[0.17361921]
[0.17361143]
[0.17355943]
[0.17352307]
[0.17352077]
[0.17347787]
[0.17342821]
[0.1733969]
[0.17333311]
[0.17331588]
[0.17329277]
[0.17328228]
[0.17327903]
[0.17327903]
[0.17327903]
[0.17326766]
[0.17323047]
[0.17323013]
[0.17317142]
[0.17314754]
[0.17308663]
[0.1730667]
[0.17303762]
[0.17300782]
[0.17297323]
[0.17294635]
[0.17290455]
[0.17288294]
[0.17281987]
[0.17280181]
[0.17276776]
[0.17273767]
[0.17271328]
[0.17270878]
[0.17268297]
[0.17268297]
[0.1726605]
[0.17264979]
[0.1726422]
[0.17260283]
[0.17254418]
[0.1725374]
[0.1725374]
[0.17244038]
[0.1724284]
[0.17240027]
[0.17239344]
[0.1723621]
[0.17230749]
[0.17228298]
[0.1722721]
[0.1722405]
[0.1722405]
[0.1722029]
[0.17219566]
[0.17212692]
[0.17208764]
[0.17206056]
[0.17205825]
[0.17202318]
[0.17202073]
[0.17198372]
[0.17198372]
[0.17192295]
[0.1718641]
[0.17181458]
[0.17169298]
[0.17164935]
[0.17163894]
[0.17163274]
[0.17160982]
[0.17159261]
[0.17146999]
[0.1713947]
[0.17137381]
[0.17136714]
[0.17135453]
[0.17127524]
[0.17119516]
[0.171179]
[0.1711712]
[0.17116973]
[0.17116912]
[0.17109586]
[0.17107233]
[0.17105962]
[0.17105962]
[0.17105818]
[0.17100973]
[0.17094156]
[0.17092659]
[0.17088842]
[0.17088078]
[0.17087704]
[0.17082627]
[0.17081128]
[0.17079878]
[0.17077872]
[0.1707763]
[0.17076685]
[0.17073342]
[0.17072688]
[0.17068076]
[0.17060262]
[0.17058074]
[0.1705411]
[0.17052454]
[0.17051989]
[0.17049637]
[0.17048404]
[0.17046833]
[0.17042726]
[0.17042552]
[0.17042424]
[0.17036507]
[0.17036507]
[0.17036171]
[0.17035748]
[0.17023455]
[0.17022303]
[0.17016192]
[0.17010376]
[0.17008302]
[0.17005044]
[0.17003526]
[0.16998662]
[0.16992158]
[0.16991109]
[0.16983634]
[0.16974677]
[0.16969652]
[0.16967072]
[0.16967072]
[0.16966356]
[0.16963556]
[0.16960415]
[0.16956192]
[0.16948532]
[0.1694733]
[0.16940688]
[0.16938546]
[0.16932984]
[0.1693152]
[0.16931483]
[0.1693096]
[0.16929942]
[0.1692964]
[0.16926844]
[0.16921449]
[0.16921432]
[0.16920534]
[0.16914442]
[0.1691102]
[0.1691102]
[0.16908073]
[0.16907074]
[0.16906697]
[0.1690586]
[0.16900536]
[0.16899893]
[0.16899335]
[0.16895382]
[0.16884068]
[0.16883132]
[0.1688291]
[0.16881344]
[0.16880092]
[0.16879497]
[0.16877156]
[0.1687425]
[0.16871451]
[0.16868682]
[0.1686705]
[0.16866037]
[0.16862458]
[0.1686068]
[0.16858137]
[0.16855434]
[0.16848886]
[0.1684813]
[0.16844697]
[0.16834548]
[0.16830175]
[0.1682878]
[0.1682589]
[0.16825223]
[0.16822487]
[0.1682118]
[0.16818163]
[0.16817935]
[0.1681633]
[0.16814996]
[0.16809697]
[0.16807643]
[0.16807628]
[0.16807081]
[0.16804492]
[0.16802657]
[0.16801277]
[0.16800101]
[0.16796374]
[0.16790971]
[0.16786082]
[0.16773294]
[0.16771074]
[0.16770609]
[0.16767018]
[0.16760907]
[0.16759178]
[0.16756968]
[0.16755345]
[0.16754541]
[0.16750611]
[0.16750611]
[0.16750494]
[0.1674972]
[0.16739875]
[0.16738513]
[0.16737735]
[0.16737036]
[0.16735548]
[0.16730274]
[0.16718678]
[0.16718154]
[0.16715923]
[0.1671196]
[0.16711609]
[0.16708675]
[0.16705889]
[0.16703978]
[0.16698541]
[0.16697772]
[0.16693126]
[0.16692635]
[0.1668687]
[0.16686623]
[0.16686217]
[0.1668124]
[0.16677953]
[0.16677953]
[0.16675147]
[0.16675147]
[0.16673534]
[0.16673534]
[0.16670692]
[0.1666507]
[0.1665947]
[0.16657941]
[0.16657439]
[0.16656779]
[0.16651808]
[0.16650988]
[0.16648082]
[0.16644484]
[0.16644092]
[0.1664332]
[0.1664284]
[0.16641533]
[0.16640143]
[0.16629384]
[0.16629359]
[0.16626418]
[0.1662198]
[0.16620974]
[0.16619478]
[0.1661744]
[0.16615018]
[0.16614579]
[0.16611616]
[0.16609791]
[0.1660716]
[0.16605726]
[0.16600892]
[0.16600628]
[0.16600628]
[0.16600628]
[0.16592124]
[0.16590351]
[0.16588266]
[0.16588062]
[0.16585813]
[0.16585071]
[0.16577199]
[0.16571002]
[0.16571002]
[0.16569085]
[0.16564442]
[0.16560051]
[0.16559534]
[0.16557804]
[0.16556549]
[0.16556042]
[0.16553341]
[0.1655273]
[0.16548567]
[0.1654856]
[0.16543108]
[0.16542687]
[0.16541447]
[0.16538651]
[0.16535641]
[0.16528122]
[0.16527393]
[0.16525844]
[0.16518645]
[0.16510047]
[0.16507378]
[0.16507348]
[0.16495275]
[0.16493927]
[0.16490716]
[0.1649005]
[0.16488624]
[0.16482197]
[0.16476612]
[0.16468069]
[0.16466996]
[0.16466632]
[0.16466023]
[0.16465354]
[0.16465342]
[0.16459131]
[0.16456711]
[0.16451445]
[0.16447732]
[0.16445255]
[0.16444299]
[0.16436684]
[0.16428822]
[0.16427545]
[0.16424784]
[0.16424443]
[0.16424201]
[0.16423652]
[0.1642157]
[0.16415268]
[0.16412717]
[0.16411749]
[0.16411304]
[0.16407138]
[0.16404404]
[0.16401608]
[0.16401306]
[0.16399534]
[0.1639613]
[0.16393977]
[0.16390663]
[0.16390301]
[0.16387407]
[0.16386679]
[0.16373335]
[0.16372517]
[0.16371429]
[0.1636951]
[0.16368139]
[0.16365685]
[0.16364333]
[0.16364306]
[0.16359673]
[0.16354598]
[0.16351621]
[0.16351621]
[0.1635161]
[0.16350144]
[0.1634494]
[0.16337606]
[0.16335541]
[0.16330902]
[0.1632937]
[0.16329266]
[0.16328327]
[0.16321371]
[0.1632091]
[0.16320056]
[0.16319185]
[0.16318226]
[0.16318162]
[0.16317374]
[0.16315055]
[0.16314267]
[0.1631423]
[0.16308025]
[0.1630787]
[0.163058]
[0.16297276]
[0.16297144]
[0.16292138]
[0.1629128]
[0.16290493]
[0.16288874]
[0.16287883]
[0.16287574]
[0.16286667]
[0.16285793]
[0.16284512]
[0.16284506]
[0.1628198]
[0.16279048]
[0.16271375]
[0.16268303]
[0.16263299]
[0.16251133]
[0.16249956]
[0.16238184]
[0.1623741]
[0.16237074]
[0.16232763]
[0.16224892]
[0.16222578]
[0.16221762]
[0.16217956]
[0.16217719]
[0.16217463]
[0.16217463]
[0.1621709]
[0.16214596]
[0.16208223]
[0.16207977]
[0.16207355]
[0.16206348]
[0.16203901]
[0.1620166]
[0.16200517]
[0.1620044]
[0.1619578]
[0.16189684]
[0.16189665]
[0.16188669]
[0.16188669]
[0.16186595]
[0.16184199]
[0.16182318]
[0.1618044]
[0.16179062]
[0.16175991]
[0.16175692]
[0.16174805]
[0.1617402]
[0.16173539]
[0.16170377]
[0.16169883]
[0.16168106]
[0.16165294]
[0.16163217]
[0.16156584]
[0.16156282]
[0.16150618]
[0.16144598]
[0.16143157]
[0.16136242]
[0.16135783]
[0.16132648]
[0.16129918]
[0.16123766]
[0.16117944]
[0.16113824]
[0.1611285]
[0.16108128]
[0.16107972]
[0.16096655]
[0.16096455]
[0.16085665]
[0.16083759]
[0.16083328]
[0.16081758]
[0.16081727]
[0.1607912]
[0.16076128]
[0.16074349]
[0.16074015]
[0.16055523]
[0.16055386]
[0.16054794]
[0.16048446]
[0.16047321]
[0.16047321]
[0.16044489]
[0.16038753]
[0.16037932]
[0.16037174]
[0.16034913]
[0.16032623]
[0.16020201]
[0.16020201]
[0.16018347]
[0.16016388]
[0.16014268]
[0.16011444]
[0.16011444]
[0.16011444]
[0.16011249]
[0.16010007]
[0.16009526]
[0.16005057]
[0.15997738]
[0.1599764]
[0.1599697]
[0.15985452]
[0.15985452]
[0.15975937]
[0.1597436]
[0.15971701]
[0.1596804]
[0.15965992]
[0.15965992]
[0.1596337]
[0.15962578]
[0.15962316]
[0.15962316]
[0.15959463]
[0.15957548]
[0.15957083]
[0.15954578]
[0.15944384]
[0.15943883]
[0.15941499]
[0.15939717]
[0.15938687]
[0.15930812]
[0.15929797]
[0.15927778]
[0.15925276]
[0.15924567]
[0.15923092]
[0.15920565]
[0.15916301]
[0.1591613]
[0.15914853]
[0.15912485]
[0.15910266]
[0.15909472]
[0.15906738]
[0.15906642]
[0.15901528]
[0.15898572]
[0.15889028]
[0.15889028]
[0.15888543]
[0.15885818]
[0.15883869]
[0.15883869]
[0.15882866]
[0.15882114]
[0.15880501]
[0.1587619]
[0.15876082]
[0.15875974]
[0.15873466]
[0.1587281]
[0.15871854]
[0.15857857]
[0.15857804]
[0.15856712]
[0.15853891]
[0.1585351]
[0.1585102]
[0.1584983]
[0.1584919]
[0.15846652]
[0.15846421]
[0.15846395]
[0.15843388]
[0.15840985]
[0.15837553]
[0.15831782]
[0.15828812]
[0.15828437]
[0.15828116]
[0.15825486]
[0.15818241]
[0.1581736]
[0.15817004]
[0.15808848]
[0.1580783]
[0.15806541]
[0.15801544]
[0.1580062]
[0.15798692]
[0.1579459]
[0.15791978]
[0.15781227]
[0.15779476]
[0.15777904]
[0.15776885]
[0.15776415]
[0.1577348]
[0.15770793]
[0.15767522]
[0.15763342]
[0.15761411]
[0.15760006]
[0.15759984]
[0.15758716]
[0.15754303]
[0.15754151]
[0.15753794]
[0.1575036]
[0.15750077]
[0.1574685]
[0.15742032]
[0.15740713]
[0.15730427]
[0.15726963]
[0.15719792]
[0.15718365]
[0.15715925]
[0.15710779]
[0.15702985]
[0.15701994]
[0.15697469]
[0.15697435]
[0.15695775]
[0.1569476]
[0.15693901]
[0.1569282]
[0.1569214]
[0.15676503]
[0.15676503]
[0.15676503]
[0.15675737]
[0.15675616]
[0.1567399]
[0.1567334]
[0.1567334]
[0.15669961]
[0.15666482]
[0.15665796]
[0.15661752]
[0.15660354]
[0.15659636]
[0.1565946]
[0.15658157]
[0.15657054]
[0.15656966]
[0.15650705]
[0.15648466]
[0.15640925]
[0.15640199]
[0.15637773]
[0.15632096]
[0.15628824]
[0.15626784]
[0.15626441]
[0.15624875]
[0.1562337]
[0.15619957]
[0.15618077]
[0.1561273]
[0.15611139]
[0.15610783]
[0.15610783]
[0.15605666]
[0.15605529]
[0.15602918]
[0.15602581]
[0.15598293]
[0.15595782]
[0.15593639]
[0.15590623]
[0.15589936]
[0.15588437]
[0.15586576]
[0.15585987]
[0.15580887]
[0.1557439]
[0.15573597]
[0.1557206]
[0.15567857]
[0.15559295]
[0.15558484]
[0.15557115]
[0.15554406]
[0.15550436]
[0.15548895]
[0.15544403]
[0.15544175]
[0.15537214]
[0.15536991]
[0.15535732]
[0.15529226]
[0.15527949]
[0.15527022]
[0.15525357]
[0.15522796]
[0.15514483]
[0.15513213]
[0.15510826]
[0.15510395]
[0.15509814]
[0.15509398]
[0.15504904]
[0.15501942]
[0.15499681]
[0.15498033]
[0.15497176]
[0.15496315]
[0.15491256]
[0.1548854]
[0.15484364]
[0.15480594]
[0.1547864]
[0.15475254]
[0.15474501]
[0.15450896]
[0.15448484]
[0.15444478]
[0.15444158]
[0.15441701]
[0.15440436]
[0.15439485]
[0.1543735]
[0.15435626]
[0.15434581]
[0.15428208]
[0.15420426]
[0.15417536]
[0.15415153]
[0.15413857]
[0.15413819]
[0.15413387]
[0.15410018]
[0.15405047]
[0.15404357]
[0.1540247]
[0.15401007]
[0.15396774]
[0.15394603]
[0.15394378]
[0.15394026]
[0.15392344]
[0.15391777]
[0.1538614]
[0.15381867]
[0.15381065]
[0.15380052]
[0.15379754]
[0.15375474]
[0.1537361]
[0.1537361]
[0.1537336]
[0.15371037]
[0.15370274]
[0.15370248]
[0.1536836]
[0.1536693]
[0.15366243]
[0.15363997]
[0.1535767]
[0.15351619]
[0.15350355]
[0.15346731]
[0.15338753]
[0.15338603]
[0.15338227]
[0.1533632]
[0.15336291]
[0.15334085]
[0.1533393]
[0.15329461]
[0.15329461]
[0.15327081]
[0.1531027]
[0.15309252]
[0.15306164]
[0.15303794]
[0.15300201]
[0.1529985]
[0.15295878]
[0.1529304]
[0.1529178]
[0.15288898]
[0.15288664]
[0.15287343]
[0.15285479]
[0.15285479]
[0.15284564]
[0.15283996]
[0.15281709]
[0.15279736]
[0.15275699]
[0.15273564]
[0.15267277]
[0.1526723]
[0.1526452]
[0.15260284]
[0.15260252]
[0.15256973]
[0.15256473]
[0.15256344]
[0.15254882]
[0.15252937]
[0.15251994]
[0.15251067]
[0.15250787]
[0.15246944]
[0.15246914]
[0.15246914]
[0.15246032]
[0.15245971]
[0.1524092]
[0.15238918]
[0.15229471]
[0.15229219]
[0.15221871]
[0.15221268]
[0.15220645]
[0.15219606]
[0.15218136]
[0.15218118]
[0.15218066]
[0.15210186]
[0.1520322]
[0.1519444]
[0.15192118]
[0.15188695]
[0.1518802]
[0.1518264]
[0.15174003]
[0.15171319]
[0.15167704]
[0.15167542]
[0.1516697]
[0.15166734]
[0.15164544]
[0.1515233]
[0.15152305]
[0.15151486]
[0.15146741]
[0.15141493]
[0.15140358]
[0.15139116]
[0.15135498]
[0.1513434]
[0.1513371]
[0.15128206]
[0.15127657]
[0.1512565]
[0.15125255]
[0.15125255]
[0.15118058]
[0.15117568]
[0.15112649]
[0.15112466]
[0.15100865]
[0.1509879]
[0.1509397]
[0.1509376]
[0.15093286]
[0.15092847]
[0.15092556]
[0.15086237]
[0.15076679]
[0.15076403]
[0.15061814]
[0.15060145]
[0.15059091]
[0.15058286]
[0.150542]
[0.15052438]
[0.15051988]
[0.1504958]
[0.15049382]
[0.15046312]
[0.15045318]
[0.15042743]
[0.15041748]
[0.15040702]
[0.15040602]
[0.15040345]
[0.15038304]
[0.15036623]
[0.15034802]
[0.15032968]
[0.15029417]
[0.15027831]
[0.15026897]
[0.15026605]
[0.15026069]
[0.15020797]
[0.15020384]
[0.15019631]
[0.15019011]
[0.15016246]
[0.15016018]
[0.15015472]
[0.15015402]
[0.15015149]
[0.1501282]
[0.15012789]
[0.15010361]
[0.15010194]
[0.15000662]
[0.15000182]
[0.14998083]
[0.14994322]
[0.14993046]
[0.14992869]
[0.14986336]
[0.14985849]
[0.14969435]
[0.14964318]
[0.14963351]
[0.1495628]
[0.1495173]
[0.14948355]
[0.14944112]
[0.14941467]
[0.14939977]
[0.14937037]
[0.14934878]
[0.14933942]
[0.1493303]
[0.14932796]
[0.14932473]
[0.14929944]
[0.14928873]
[0.1492146]
[0.14918368]
[0.14917237]
[0.14914852]
[0.14911881]
[0.14911836]
[0.14908282]
[0.14905871]
[0.14901452]
[0.14900994]
[0.14900777]
[0.14900674]
[0.14900537]
[0.14900333]
[0.14899987]
[0.14898431]
[0.14898431]
[0.14890413]
[0.14888723]
[0.14887871]
[0.14885335]
[0.14883752]
[0.14882427]
[0.14882106]
[0.14881547]
[0.14878863]
[0.14877522]
[0.14862591]
[0.14860763]
[0.14859647]
[0.1485899]
[0.14854583]
[0.14846863]
[0.14841709]
[0.1483449]
[0.14834264]
[0.14831588]
[0.14831333]
[0.14830852]
[0.1483078]
[0.14829035]
[0.14828588]
[0.1482697]
[0.14826545]
[0.14821786]
[0.1482035]
[0.1481361]
[0.14812966]
[0.14811052]
[0.14810334]
[0.14808683]
[0.14808501]
[0.1480656]
[0.14801878]
[0.1480075]
[0.14800139]
[0.14800139]
[0.14798865]
[0.14796749]
[0.1479602]
[0.14791615]
[0.14787874]
[0.14786534]
[0.1478627]
[0.14784642]
[0.14784469]
[0.14781609]
[0.14780815]
[0.1478006]
[0.1478006]
[0.14777392]
[0.14776516]
[0.14772336]
[0.14768195]
[0.14766616]
[0.14762667]
[0.14761564]
[0.1475899]
[0.14757793]
[0.14755577]
[0.14755446]
[0.14752899]
[0.1475188]
[0.14747255]
[0.14745528]
[0.14741991]
[0.14739138]
[0.14738989]
[0.14734489]
[0.14733315]
[0.14727634]
[0.14727451]
[0.14726934]
[0.14726771]
[0.14717893]
[0.14717448]
[0.14716904]
[0.14715677]
[0.14714773]
[0.14713229]
[0.14712672]
[0.14705822]
[0.14702769]
[0.1469819]
[0.14693572]
[0.14688516]
[0.14687592]
[0.1468448]
[0.14680779]
[0.14677426]
[0.14676894]
[0.14674234]
[0.14672288]
[0.146708]
[0.14669363]
[0.14665985]
[0.14663209]
[0.14662659]
[0.14656946]
[0.14655899]
[0.1465565]
[0.14652152]
[0.14649111]
[0.14646733]
[0.14646208]
[0.1464232]
[0.14639902]
[0.14639676]
[0.14638269]
[0.14632127]
[0.14630623]
[0.14627221]
[0.1461865]
[0.14617641]
[0.14616428]
[0.14615802]
[0.14613031]
[0.14612596]
[0.14605951]
[0.146038]
[0.14603092]
[0.14602621]
[0.14600696]
[0.14598832]
[0.1459735]
[0.14592183]
[0.1458965]
[0.14588879]
[0.14587913]
[0.14582172]
[0.14581344]
[0.14571995]
[0.14569181]
[0.14567532]
[0.14564025]
[0.14563343]
[0.14561082]
[0.14555986]
[0.14548914]
[0.14546016]
[0.14539602]
[0.1453905]
[0.1453777]
[0.145349]
[0.145349]
[0.14531147]
[0.1453107]
[0.14528097]
[0.14527968]
[0.1452359]
[0.14520778]
[0.14519289]
[0.14503998]
[0.14503926]
[0.14499123]
[0.14498255]
[0.14489721]
[0.14488545]
[0.1448197]
[0.14480057]
[0.14480057]
[0.14473817]
[0.14470463]
[0.14470463]
[0.14468287]
[0.14465438]
[0.14461198]
[0.14460988]
[0.14459771]
[0.1445756]
[0.14456867]
[0.14455098]
[0.1445406]
[0.14453998]
[0.14452739]
[0.14451826]
[0.1444937]
[0.1444879]
[0.14447913]
[0.14446977]
[0.14445637]
[0.14444613]
[0.14438365]
[0.14429809]
[0.14429249]
[0.14428678]
[0.14422941]
[0.1442215]
[0.14413248]
[0.14413248]
[0.1441069]
[0.14407997]
[0.1440542]
[0.14403807]
[0.14401926]
[0.14400747]
[0.14396633]
[0.14394864]
[0.14388674]
[0.143809]
[0.14377375]
[0.14375404]
[0.14375007]
[0.14375007]
[0.14371204]
[0.14367789]
[0.14367138]
[0.14364944]
[0.14364903]
[0.14362733]
[0.14362548]
[0.14361785]
[0.14361319]
[0.14359868]
[0.14358968]
[0.14354801]
[0.14353096]
[0.14352939]
[0.14349768]
[0.1434836]
[0.14343417]
[0.14341177]
[0.14340985]
[0.14338273]
[0.14334226]
[0.14330871]
[0.14328395]
[0.1432678]
[0.14319576]
[0.14318635]
[0.14317547]
[0.14315622]
[0.14312844]
[0.14311066]
[0.14306735]
[0.14305009]
[0.14304653]
[0.1430027]
[0.14298803]
[0.14298314]
[0.1429618]
[0.14293568]
[0.14291179]
[0.14290679]
[0.14288667]
[0.14288089]
[0.14284387]
[0.14278305]
[0.14277677]
[0.14271857]
[0.14271533]
[0.14267994]
[0.14262481]
[0.14261575]
[0.1426061]
[0.14259371]
[0.14258356]
[0.14258155]
[0.1425392]
[0.1425392]
[0.14250837]
[0.14246532]
[0.14235173]
[0.14234327]
[0.14234102]
[0.14231823]
[0.14227997]
[0.1422576]
[0.14225434]
[0.14223993]
[0.14219965]
[0.14218895]
[0.1421497]
[0.14214918]
[0.14214139]
[0.14209078]
[0.14207706]
[0.14206424]
[0.1419559]
[0.14195403]
[0.1419462]
[0.14192706]
[0.1418568]
[0.14178626]
[0.14178179]
[0.14178014]
[0.14171097]
[0.14170018]
[0.14164944]
[0.1416444]
[0.1416295]
[0.14161712]
[0.14159806]
[0.14157328]
[0.14154361]
[0.14151016]
[0.14144415]
[0.14143066]
[0.14139482]
[0.14138336]
[0.14137772]
[0.14135921]
[0.14135396]
[0.14133176]
[0.141299]
[0.14128247]
[0.14128065]
[0.14127886]
[0.14126799]
[0.14124604]
[0.14120404]
[0.1411669]
[0.1411165]
[0.14111222]
[0.1410799]
[0.14107917]
[0.14107755]
[0.14104864]
[0.14103104]
[0.14102255]
[0.14101626]
[0.14100574]
[0.14098142]
[0.14094897]
[0.14089592]
[0.14088559]
[0.14083597]
[0.14080475]
[0.1407856]
[0.14076757]
[0.14076671]
[0.14076208]
[0.1407578]
[0.14075002]
[0.14068507]
[0.14067957]
[0.14067057]
[0.1406283]
[0.14058137]
[0.1405489]
[0.14052664]
[0.14052296]
[0.14047131]
[0.14043982]
[0.14042284]
[0.14041798]
[0.14041705]
[0.14034757]
[0.14034203]
[0.14033143]
[0.1403258]
[0.14027677]
[0.14027254]
[0.14022908]
[0.1402154]
[0.14015104]
[0.14012358]
[0.14008665]
[0.14008173]
[0.1400617]
[0.14001928]
[0.1400129]
[0.13998784]
[0.13995108]
[0.13992715]
[0.13992634]
[0.13992473]
[0.13992314]
[0.13989565]
[0.13988398]
[0.13988262]
[0.13988051]
[0.13987987]
[0.13985924]
[0.13984585]
[0.1397103]
[0.13967487]
[0.13966711]
[0.13966323]
[0.13966137]
[0.13964494]
[0.13963133]
[0.13961755]
[0.13961208]
[0.13959618]
[0.13959543]
[0.13958748]
[0.13957769]
[0.13957709]
[0.13957529]
[0.13956]
[0.13955355]
[0.13954388]
[0.13953893]
[0.13950701]
[0.139501]
[0.13947593]
[0.1394704]
[0.13945979]
[0.13945457]
[0.13933785]
[0.13932616]
[0.13929006]
[0.13924807]
[0.13923857]
[0.13922895]
[0.13913646]
[0.13911688]
[0.13911618]
[0.13909635]
[0.13906628]
[0.1390543]
[0.13904391]
[0.13903558]
[0.13902014]
[0.13900724]
[0.13890241]
[0.13887115]
[0.13884373]
[0.13884065]
[0.13879028]
[0.13870968]
[0.13869658]
[0.13865153]
[0.138623]
[0.1385713]
[0.13854319]
[0.1385193]
[0.13847747]
[0.13844608]
[0.13841674]
[0.13840923]
[0.13839631]
[0.1383754]
[0.13836841]
[0.13830891]
[0.1382916]
[0.13821527]
[0.13821322]
[0.13819823]
[0.13818459]
[0.13816404]
[0.13815473]
[0.13814363]
[0.13812487]
[0.13811201]
[0.13807617]
[0.1380234]
[0.13801399]
[0.13801192]
[0.13799533]
[0.13798064]
[0.1379755]
[0.1379692]
[0.13796526]
[0.13796172]
[0.13794705]
[0.13792223]
[0.13790381]
[0.13784494]
[0.13780774]
[0.13780627]
[0.13780555]
[0.13775454]
[0.13771513]
[0.13771513]
[0.13770497]
[0.13767536]
[0.13765708]
[0.13765667]
[0.13762666]
[0.137621]
[0.13759479]
[0.13759214]
[0.1375855]
[0.13753499]
[0.13750146]
[0.1374941]
[0.13746722]
[0.1374339]
[0.13741697]
[0.13736263]
[0.13731201]
[0.13731004]
[0.13727564]
[0.13725582]
[0.13724016]
[0.13723533]
[0.13722172]
[0.13720608]
[0.13720348]
[0.13720092]
[0.13719524]
[0.13715635]
[0.13714823]
[0.13713712]
[0.13712487]
[0.13711484]
[0.13709557]
[0.13706677]
[0.13705721]
[0.13705695]
[0.13705358]
[0.13705358]
[0.13700937]
[0.13700046]
[0.13696271]
[0.13692611]
[0.13692203]
[0.1368836]
[0.13682832]
[0.136803]
[0.13679418]
[0.13678735]
[0.13675624]
[0.13674858]
[0.1367322]
[0.1366618]
[0.13661031]
[0.13660596]
[0.13656564]
[0.13648318]
[0.1364659]
[0.13642514]
[0.13639756]
[0.13635047]
[0.13635047]
[0.13633308]
[0.13632484]
[0.13630691]
[0.13630392]
[0.1363024]
[0.13629982]
[0.13628797]
[0.13628587]
[0.13628504]
[0.13622728]
[0.136222]
[0.13621446]
[0.1361721]
[0.1361534]
[0.13615178]
[0.13602483]
[0.13600317]
[0.1359951]
[0.13594691]
[0.13589244]
[0.13586153]
[0.13582319]
[0.13579626]
[0.1357865]
[0.13578178]
[0.13578172]
[0.13577545]
[0.13577086]
[0.1357293]
[0.13569227]
[0.13564597]
[0.13563636]
[0.13563281]
[0.1356117]
[0.13560003]
[0.13557498]
[0.13556954]
[0.13555773]
[0.13555773]
[0.13553806]
[0.13553694]
[0.13553694]
[0.13549861]
[0.13548577]
[0.13548568]
[0.13547963]
[0.13546768]
[0.13545121]
[0.13544978]
[0.13542876]
[0.13541737]
[0.13531774]
[0.1352863]
[0.13528149]
[0.13527596]
[0.135215]
[0.135215]
[0.1351816]
[0.1351733]
[0.13512895]
[0.13508983]
[0.13505875]
[0.13505043]
[0.1350427]
[0.13501763]
[0.13500482]
[0.1349904]
[0.1349825]
[0.13496996]
[0.13495171]
[0.1348827]
[0.13487525]
[0.13487379]
[0.13484643]
[0.1348311]
[0.13482974]
[0.13479434]
[0.13479434]
[0.13478185]
[0.13477106]
[0.13477106]
[0.13463712]
[0.1346203]
[0.13461918]
[0.13459995]
[0.13456114]
[0.13455686]
[0.13450378]
[0.13448499]
[0.1344787]
[0.13445097]
[0.1343876]
[0.13437372]
[0.13433488]
[0.13430978]
[0.1342906]
[0.13428625]
[0.13427469]
[0.13427381]
[0.13426524]
[0.13426134]
[0.13424826]
[0.13421844]
[0.13421212]
[0.13419966]
[0.13416603]
[0.13415015]
[0.13412723]
[0.13403724]
[0.1340129]
[0.13400888]
[0.13395941]
[0.1339538]
[0.13394716]
[0.13392584]
[0.13384674]
[0.13381822]
[0.13375917]
[0.13374849]
[0.1337381]
[0.13373098]
[0.1337229]
[0.13371214]
[0.13365239]
[0.13361317]
[0.13358167]
[0.13357589]
[0.1335078]
[0.13348837]
[0.133464]
[0.13341823]
[0.13341764]
[0.13341604]
[0.13341112]
[0.13340843]
[0.1333991]
[0.13334867]
[0.13331524]
[0.13331309]
[0.13327727]
[0.13316996]
[0.13314712]
[0.13305144]
[0.13304989]
[0.13302037]
[0.13302004]
[0.13301085]
[0.13300265]
[0.13294351]
[0.13294032]
[0.13292779]
[0.13290742]
[0.13288097]
[0.13282534]
[0.13282038]
[0.13278934]
[0.13277079]
[0.13276787]
[0.13271147]
[0.13266535]
[0.13264328]
[0.13264157]
[0.13261588]
[0.13260691]
[0.1325952]
[0.132551]
[0.13254496]
[0.13253964]
[0.13247456]
[0.13246955]
[0.13246903]
[0.13245873]
[0.1323828]
[0.13237025]
[0.13233879]
[0.13233463]
[0.13233179]
[0.13228773]
[0.13228512]
[0.1322577]
[0.13221121]
[0.13218911]
[0.13218595]
[0.1321613]
[0.13214071]
[0.13213733]
[0.13211234]
[0.13210094]
[0.13207991]
[0.13206798]
[0.13206543]
[0.13204435]
[0.13203374]
[0.13198003]
[0.1319767]
[0.13189419]
[0.13188009]
[0.1318752]
[0.13187158]
[0.13186885]
[0.13183577]
[0.13182977]
[0.13179678]
[0.13174547]
[0.13172136]
[0.13171446]
[0.13170637]
[0.13169348]
[0.13166954]
[0.13166612]
[0.13166063]
[0.13158993]
[0.1315701]
[0.13155104]
[0.1315013]
[0.13146634]
[0.13145436]
[0.13142812]
[0.13141805]
[0.13128096]
[0.13127992]
[0.13121521]
[0.13119125]
[0.13117413]
[0.13113675]
[0.13113235]
[0.13111703]
[0.13106836]
[0.13105153]
[0.13103306]
[0.13100372]
[0.13097829]
[0.13095379]
[0.13090569]
[0.1308771]
[0.13087358]
[0.13076343]
[0.13074514]
[0.13074197]
[0.13072544]
[0.13071269]
[0.13070911]
[0.13070257]
[0.1306746]
[0.13065569]
[0.13065566]
[0.13064736]
[0.1306466]
[0.13062093]
[0.13061807]
[0.13059984]
[0.13055299]
[0.13053541]
[0.13053079]
[0.13047534]
[0.13046865]
[0.13045835]
[0.13043626]
[0.13041747]
[0.13040714]
[0.13038766]
[0.13034518]
[0.13032177]
[0.13030227]
[0.13029176]
[0.13028616]
[0.13028449]
[0.13028046]
[0.13024208]
[0.1302087]
[0.13019297]
[0.13017195]
[0.13017058]
[0.13015419]
[0.13011573]
[0.13009226]
[0.13006127]
[0.13002099]
[0.13001743]
[0.13000974]
[0.12989187]
[0.12982032]
[0.12979527]
[0.12974131]
[0.12972376]
[0.1296882]
[0.12966044]
[0.12954369]
[0.12952735]
[0.12950832]
[0.12949033]
[0.12948316]
[0.12941442]
[0.12940584]
[0.1293879]
[0.12936957]
[0.12926565]
[0.12923542]
[0.12922509]
[0.12920736]
[0.12910973]
[0.1290892]
[0.12908044]
[0.12907998]
[0.12907374]
[0.12906694]
[0.12892842]
[0.12892842]
[0.128897]
[0.12889442]
[0.12885754]
[0.12884614]
[0.12882462]
[0.12879965]
[0.12878935]
[0.12876697]
[0.1287464]
[0.12872276]
[0.12871142]
[0.12868448]
[0.12866278]
[0.1286579]
[0.1286342]
[0.12857278]
[0.12856872]
[0.12856743]
[0.12849468]
[0.12848438]
[0.12847255]
[0.12845679]
[0.12845245]
[0.12841691]
[0.12837408]
[0.12835215]
[0.12834364]
[0.12826306]
[0.12824541]
[0.12824413]
[0.1282419]
[0.12819463]
[0.12817591]
[0.1281733]
[0.12815285]
[0.12814294]
[0.1281293]
[0.12812217]
[0.12811871]
[0.12808056]
[0.12807417]
[0.12803489]
[0.12802051]
[0.1280105]
[0.12799044]
[0.12796895]
[0.1279615]
[0.12796143]
[0.12793532]
[0.12793292]
[0.12793079]
[0.12792787]
[0.12792374]
[0.12790601]
[0.12789148]
[0.12788934]
[0.12786657]
[0.12786274]
[0.12783313]
[0.12783313]
[0.12776102]
[0.12773925]
[0.1277113]
[0.12770918]
[0.1277003]
[0.1276934]
[0.12768793]
[0.12766361]
[0.12766127]
[0.1276568]
[0.12760457]
[0.12746666]
[0.12735185]
[0.12735105]
[0.12734838]
[0.12734278]
[0.12726633]
[0.12723689]
[0.12721449]
[0.12719846]
[0.12718417]
[0.12708637]
[0.1270503]
[0.1270453]
[0.12703462]
[0.12703168]
[0.1270133]
[0.12701085]
[0.12700512]
[0.12693389]
[0.12690839]
[0.12688243]
[0.12679446]
[0.12673487]
[0.1267206]
[0.12662402]
[0.12660122]
[0.12659396]
[0.12658754]
[0.12654969]
[0.12653172]
[0.12653045]
[0.1265299]
[0.12651142]
[0.12649488]
[0.12648672]
[0.1264663]
[0.1264401]
[0.12642671]
[0.12640582]
[0.12640287]
[0.12637496]
[0.12636256]
[0.12636238]
[0.12635411]
[0.12635109]
[0.12630852]
[0.12630533]
[0.12628707]
[0.12625593]
[0.1262332]
[0.12619857]
[0.1261949]
[0.12618914]
[0.12618135]
[0.12617849]
[0.1261776]
[0.12616974]
[0.1261618]
[0.12616152]
[0.12615533]
[0.12613977]
[0.1261374]
[0.12608849]
[0.12607127]
[0.1260702]
[0.12606768]
[0.12605354]
[0.12602198]
[0.12599598]
[0.12598301]
[0.12596895]
[0.1259451]
[0.12591162]
[0.12589435]
[0.12585837]
[0.12585595]
[0.1258553]
[0.12584782]
[0.12584035]
[0.125827]
[0.1257991]
[0.12578657]
[0.12577967]
[0.12577029]
[0.12575194]
[0.12572457]
[0.12571897]
[0.12571502]
[0.12571244]
[0.12570623]
[0.12565964]
[0.12564893]
[0.12564239]
[0.12563841]
[0.12562065]
[0.12556921]
[0.12555987]
[0.12550749]
[0.12545867]
[0.12544775]
[0.12540193]
[0.12536696]
[0.12534766]
[0.12534463]
[0.1253094]
[0.12525296]
[0.12525189]
[0.12524681]
[0.1252345]
[0.12521389]
[0.12520248]
[0.12519588]
[0.125138]
[0.12511607]
[0.1251007]
[0.12507857]
[0.12507395]
[0.1250506]
[0.1250325]
[0.12502503]
[0.12500621]
[0.12499204]
[0.12490905]
[0.12489816]
[0.12487353]
[0.1248713]
[0.12485616]
[0.1248535]
[0.12482487]
[0.12481899]
[0.12473141]
[0.12470782]
[0.12470473]
[0.12468585]
[0.12467264]
[0.12466442]
[0.12465513]
[0.12463963]
[0.12462326]
[0.12461668]
[0.12461187]
[0.12459231]
[0.12458747]
[0.12458238]
[0.12456626]
[0.1245314]
[0.12452045]
[0.12446241]
[0.12444609]
[0.12443197]
[0.124429]
[0.12440203]
[0.124392]
[0.12429141]
[0.12424672]
[0.12418945]
[0.12418789]
[0.12417477]
[0.12415559]
[0.12414785]
[0.12411935]
[0.12406824]
[0.12405337]
[0.12404305]
[0.12403943]
[0.12403347]
[0.12402698]
[0.12400144]
[0.12399091]
[0.12398986]
[0.12398285]
[0.12395257]
[0.12395169]
[0.1239286]
[0.12391695]
[0.12391534]
[0.12388848]
[0.12388351]
[0.1238641]
[0.12381145]
[0.12378573]
[0.12378433]
[0.12376115]
[0.12374716]
[0.12374534]
[0.12374058]
[0.12373612]
[0.12372345]
[0.12368393]
[0.12367386]
[0.12364347]
[0.1236243]
[0.12362158]
[0.12362111]
[0.12361977]
[0.12361319]
[0.12360209]
[0.12356584]
[0.12355626]
[0.12353904]
[0.12352293]
[0.12337913]
[0.12334839]
[0.12331928]
[0.12331294]
[0.12324566]
[0.12322662]
[0.1232166]
[0.12321643]
[0.12320059]
[0.12320059]
[0.12320059]
[0.123066]
[0.12304447]
[0.12303805]
[0.1230261]
[0.12297757]
[0.12296434]
[0.12295787]
[0.12293349]
[0.12287989]
[0.12286694]
[0.12279958]
[0.12274326]
[0.12273446]
[0.12269237]
[0.12268852]
[0.12268733]
[0.12267686]
[0.12266798]
[0.12264988]
[0.12264741]
[0.12260737]
[0.12257756]
[0.12239333]
[0.12237461]
[0.12235623]
[0.12234544]
[0.12233971]
[0.12233467]
[0.12231952]
[0.12231143]
[0.12230019]
[0.122299]
[0.12226864]
[0.12226813]
[0.12224393]
[0.12223932]
[0.1222253]
[0.12220997]
[0.12220377]
[0.12219772]
[0.12213627]
[0.1219917]
[0.12196305]
[0.12195396]
[0.12194794]
[0.12191571]
[0.12186016]
[0.12184869]
[0.12183454]
[0.12181662]
[0.1218128]
[0.12178849]
[0.1217836]
[0.12172315]
[0.12171451]
[0.12167295]
[0.12164569]
[0.12156466]
[0.12155709]
[0.1215186]
[0.12149853]
[0.12140914]
[0.12139491]
[0.12135611]
[0.12133962]
[0.12132963]
[0.12132137]
[0.12115803]
[0.12113082]
[0.12105437]
[0.12105276]
[0.12103214]
[0.12102628]
[0.12093253]
[0.12092369]
[0.12082465]
[0.12082252]
[0.12077]
[0.12076135]
[0.1207256]
[0.1206957]
[0.12069008]
[0.12067713]
[0.12063731]
[0.12061576]
[0.12052283]
[0.12047549]
[0.12046046]
[0.1204282]
[0.12042263]
[0.12041749]
[0.12038992]
[0.12035593]
[0.12034594]
[0.12028818]
[0.12026379]
[0.1202431]
[0.1202392]
[0.12021863]
[0.12018314]
[0.12015466]
[0.12008783]
[0.12007967]
[0.12007337]
[0.120058]
[0.12004953]
[0.12001806]
[0.11998722]
[0.11997073]
[0.1199219]
[0.11989196]
[0.11987441]
[0.11982756]
[0.11974432]
[0.11973995]
[0.11971018]
[0.11968721]
[0.1196754]
[0.11965232]
[0.11959329]
[0.11956415]
[0.11945701]
[0.11937602]
[0.11934254]
[0.11934175]
[0.11933299]
[0.11933003]
[0.1193198]
[0.11931971]
[0.11927081]
[0.11925253]
[0.11925142]
[0.11924683]
[0.11919036]
[0.11916982]
[0.11916568]
[0.11914402]
[0.11911803]
[0.11911554]
[0.11911009]
[0.11907872]
[0.11905626]
[0.11904386]
[0.11904287]
[0.11902385]
[0.11897881]
[0.11896837]
[0.11895029]
[0.11891795]
[0.11890671]
[0.11887293]
[0.11884328]
[0.11881033]
[0.11875597]
[0.11875083]
[0.11873182]
[0.11869495]
[0.11867331]
[0.11863915]
[0.11861945]
[0.11860399]
[0.11858795]
[0.11857031]
[0.11848263]
[0.11840356]
[0.11836449]
[0.11833763]
[0.11833354]
[0.11828098]
[0.1182384]
[0.11822907]
[0.11822523]
[0.11821564]
[0.11820565]
[0.11808991]
[0.11805107]
[0.11804303]
[0.11799419]
[0.11796253]
[0.11794382]
[0.11791972]
[0.11789676]
[0.11788049]
[0.11786874]
[0.11785535]
[0.1178335]
[0.11780416]
[0.11779583]
[0.11779162]
[0.11771423]
[0.1177141]
[0.11764394]
[0.11763259]
[0.11757242]
[0.11757084]
[0.11755684]
[0.11754201]
[0.11751471]
[0.11749449]
[0.11746234]
[0.11746211]
[0.11743398]
[0.11741481]
[0.11740374]
[0.11740186]
[0.11738166]
[0.11736279]
[0.11735123]
[0.11733706]
[0.11733122]
[0.11731413]
[0.11729691]
[0.11725812]
[0.11725638]
[0.11721646]
[0.11721423]
[0.11718705]
[0.11715322]
[0.11708926]
[0.11708842]
[0.11704323]
[0.11701579]
[0.11701145]
[0.11700436]
[0.11698731]
[0.11697357]
[0.11696722]
[0.11694308]
[0.11692817]
[0.11691217]
[0.11689454]
[0.11686058]
[0.11683396]
[0.1168247]
[0.11681895]
[0.11679731]
[0.11678054]
[0.11677901]
[0.11675914]
[0.11672147]
[0.11671171]
[0.11670222]
[0.11668835]
[0.11665548]
[0.11664554]
[0.116634]
[0.11662565]
[0.11662507]
[0.11659092]
[0.1165764]
[0.11655214]
[0.11652543]
[0.11649219]
[0.1164812]
[0.11640678]
[0.11639629]
[0.11637172]
[0.11637112]
[0.11636294]
[0.11630367]
[0.1162851]
[0.11626963]
[0.11626104]
[0.11624722]
[0.11621589]
[0.11621393]
[0.1162031]
[0.11615698]
[0.11611734]
[0.11610623]
[0.11610509]
[0.11609232]
[0.11602252]
[0.11602041]
[0.11601558]
[0.11601406]
[0.11600164]
[0.11591145]
[0.11584482]
[0.11582407]
[0.11581117]
[0.11577827]
[0.11575181]
[0.11574634]
[0.11572605]
[0.11571717]
[0.11565755]
[0.11561718]
[0.11560368]
[0.11559695]
[0.11558446]
[0.11552364]
[0.11551468]
[0.11550723]
[0.11548326]
[0.1154708]
[0.11546762]
[0.11545809]
[0.11545521]
[0.11536714]
[0.11531469]
[0.1153091]
[0.11515597]
[0.11508965]
[0.11508442]
[0.1150243]
[0.11501873]
[0.11498164]
[0.1149502]
[0.11491702]
[0.11489323]
[0.11488036]
[0.11484328]
[0.11481003]
[0.11480524]
[0.11480097]
[0.11476779]
[0.11475664]
[0.11472923]
[0.1147225]
[0.11470352]
[0.11470119]
[0.11467936]
[0.1146415]
[0.11461025]
[0.11460976]
[0.11459103]
[0.11456762]
[0.11451712]
[0.11449764]
[0.114496]
[0.11441509]
[0.11440538]
[0.11437557]
[0.11433135]
[0.11431811]
[0.11431275]
[0.11431169]
[0.11430883]
[0.11425849]
[0.11424904]
[0.11423785]
[0.11421483]
[0.11421165]
[0.11420214]
[0.11420085]
[0.1141853]
[0.11416207]
[0.11413709]
[0.11409982]
[0.1140821]
[0.11405125]
[0.114038]
[0.11403526]
[0.1140292]
[0.1140118]
[0.11400323]
[0.11397288]
[0.11389846]
[0.1138939]
[0.11388903]
[0.11387743]
[0.11384597]
[0.11383765]
[0.1138173]
[0.11375667]
[0.11371457]
[0.11369443]
[0.11368361]
[0.1136632]
[0.11362536]
[0.11358426]
[0.11357421]
[0.11357023]
[0.11356438]
[0.11356241]
[0.11356202]
[0.11355262]
[0.11355257]
[0.1135067]
[0.11350458]
[0.1134924]
[0.11345656]
[0.11342174]
[0.11333159]
[0.1133165]
[0.11324316]
[0.11321514]
[0.11310528]
[0.11310241]
[0.11308711]
[0.11306635]
[0.11302677]
[0.11300822]
[0.11300779]
[0.11295689]
[0.11292508]
[0.11292221]
[0.11286319]
[0.11284514]
[0.11282319]
[0.11280887]
[0.11279865]
[0.11279282]
[0.11278363]
[0.11272742]
[0.11269461]
[0.11269156]
[0.11265786]
[0.11263975]
[0.11261549]
[0.11258476]
[0.1125799]
[0.11253861]
[0.11252107]
[0.11251384]
[0.11251137]
[0.11251028]
[0.11244615]
[0.11242046]
[0.11237954]
[0.11237208]
[0.1123464]
[0.11228991]
[0.11227532]
[0.11225855]
[0.112247]
[0.11220738]
[0.11215708]
[0.11214659]
[0.11205661]
[0.11202383]
[0.11199901]
[0.11197199]
[0.1119572]
[0.1119415]
[0.1119253]
[0.11187283]
[0.11184114]
[0.11182064]
[0.11177078]
[0.11175123]
[0.1117465]
[0.11173788]
[0.11173543]
[0.11169303]
[0.11166034]
[0.11165395]
[0.11160789]
[0.11159357]
[0.11159036]
[0.1115585]
[0.11152188]
[0.11150298]
[0.11149617]
[0.1114838]
[0.11148366]
[0.11144894]
[0.1114397]
[0.11142789]
[0.11136261]
[0.1113151]
[0.11129921]
[0.11129572]
[0.1112126]
[0.11121053]
[0.11115972]
[0.11111196]
[0.11110009]
[0.11109407]
[0.11106144]
[0.11105291]
[0.11104331]
[0.11097339]
[0.11093754]
[0.11090599]
[0.11084794]
[0.11070956]
[0.11067533]
[0.11063202]
[0.11062578]
[0.11062555]
[0.11061387]
[0.11059145]
[0.11058746]
[0.1105642]
[0.11053462]
[0.11051515]
[0.11048863]
[0.11047944]
[0.11046746]
[0.1103949]
[0.11037241]
[0.11036174]
[0.11033356]
[0.11032134]
[0.11027306]
[0.11023914]
[0.11023807]
[0.11018129]
[0.11016246]
[0.11014058]
[0.11011488]
[0.1100961]
[0.11008503]
[0.10999779]
[0.10994022]
[0.10993423]
[0.1099332]
[0.10988969]
[0.10987923]
[0.10983182]
[0.1098286]
[0.1098237]
[0.10981499]
[0.10972282]
[0.10971984]
[0.10966824]
[0.10965748]
[0.10965703]
[0.10964748]
[0.10957441]
[0.10953065]
[0.10950595]
[0.10950292]
[0.10944407]
[0.10943701]
[0.10942381]
[0.10941624]
[0.10941321]
[0.10936848]
[0.10936426]
[0.10936036]
[0.10933686]
[0.1092909]
[0.10927896]
[0.10927507]
[0.10925776]
[0.1092122]
[0.10914546]
[0.10912993]
[0.10909859]
[0.10902117]
[0.1090183]
[0.10899927]
[0.10898769]
[0.10895047]
[0.10893723]
[0.10893111]
[0.10892121]
[0.10881245]
[0.10880829]
[0.10878309]
[0.10870823]
[0.10870366]
[0.10869621]
[0.10866739]
[0.10866102]
[0.10856029]
[0.10855521]
[0.10851853]
[0.10851023]
[0.10846544]
[0.10845862]
[0.10841505]
[0.10840916]
[0.10838597]
[0.10826673]
[0.10826476]
[0.10820746]
[0.10816724]
[0.10816724]
[0.10814065]
[0.1081311]
[0.10811026]
[0.10810783]
[0.10808759]
[0.10805519]
[0.10804807]
[0.10802817]
[0.10798714]
[0.10797723]
[0.10795914]
[0.10791823]
[0.10790267]
[0.10786645]
[0.10786352]
[0.10784691]
[0.10778306]
[0.10778096]
[0.10773858]
[0.10765427]
[0.10764731]
[0.10762487]
[0.10760495]
[0.10760316]
[0.10753322]
[0.10752255]
[0.10750142]
[0.10749323]
[0.10748111]
[0.10741173]
[0.10738751]
[0.10734209]
[0.10731536]
[0.10725987]
[0.10721458]
[0.10716854]
[0.10710646]
[0.10707432]
[0.10705175]
[0.1070254]
[0.10698262]
[0.10696344]
[0.10685153]
[0.10682943]
[0.10672414]
[0.10665333]
[0.10659733]
[0.10656522]
[0.10646239]
[0.10643518]
[0.10641985]
[0.10641944]
[0.10635716]
[0.10631099]
[0.10625523]
[0.10623974]
[0.1062067]
[0.10619453]
[0.10617226]
[0.10609961]
[0.10608174]
[0.10607298]
[0.10605231]
[0.10604548]
[0.10604227]
[0.10603315]
[0.10601123]
[0.10598294]
[0.10597481]
[0.10597381]
[0.10595592]
[0.1059515]
[0.10587803]
[0.10584985]
[0.10581958]
[0.10580108]
[0.10579838]
[0.10575702]
[0.10566966]
[0.10566605]
[0.1056592]
[0.10564879]
[0.1056137]
[0.10559199]
[0.1055883]
[0.10558024]
[0.10555359]
[0.10554562]
[0.10549759]
[0.10541586]
[0.10533104]
[0.10527538]
[0.10522701]
[0.10515319]
[0.10511891]
[0.10507975]
[0.10506966]
[0.1050615]
[0.10504644]
[0.10499674]
[0.10497918]
[0.10497791]
[0.10496134]
[0.10495663]
[0.10495202]
[0.10493729]
[0.1049243]
[0.10492291]
[0.10487201]
[0.10483356]
[0.10483208]
[0.10482055]
[0.10481679]
[0.10481316]
[0.10480534]
[0.104775]
[0.10473131]
[0.1046859]
[0.10467888]
[0.10464666]
[0.10460481]
[0.10456368]
[0.10456114]
[0.104544]
[0.104536]
[0.10452936]
[0.10449906]
[0.10449231]
[0.10447701]
[0.10444021]
[0.10443544]
[0.10434275]
[0.10433768]
[0.10433233]
[0.10426743]
[0.10425567]
[0.10421675]
[0.10420083]
[0.10419401]
[0.10412015]
[0.10400265]
[0.10391346]
[0.10387991]
[0.10387311]
[0.10374579]
[0.10373989]
[0.10371161]
[0.1037074]
[0.10364369]
[0.10361618]
[0.10360116]
[0.10357445]
[0.10356065]
[0.10348786]
[0.10345122]
[0.10338044]
[0.10336277]
[0.10335591]
[0.10333794]
[0.10326125]
[0.10320801]
[0.10316164]
[0.1031196]
[0.10305919]
[0.10294267]
[0.10293572]
[0.10292555]
[0.10285239]
[0.10284285]
[0.10283426]
[0.10283061]
[0.10272983]
[0.10272948]
[0.1027279]
[0.1026746]
[0.10267112]
[0.10266744]
[0.10264715]
[0.10264715]
[0.10262659]
[0.10261767]
[0.10253397]
[0.10251703]
[0.1024633]
[0.10245255]
[0.10239623]
[0.10234088]
[0.10233953]
[0.10233352]
[0.10232507]
[0.10224608]
[0.10217687]
[0.10216632]
[0.10205178]
[0.10204072]
[0.10203343]
[0.10200538]
[0.10197621]
[0.10194225]
[0.10191055]
[0.10184938]
[0.10182893]
[0.10182487]
[0.10182247]
[0.10180011]
[0.10171686]
[0.10169255]
[0.10168672]
[0.10167007]
[0.10162967]
[0.10148165]
[0.10147808]
[0.10146539]
[0.10145318]
[0.10127293]
[0.10125622]
[0.10123158]
[0.1012311]
[0.10120207]
[0.10118148]
[0.10113421]
[0.10109533]
[0.10105734]
[0.10103794]
[0.1010268]
[0.10102231]
[0.10098762]
[0.10093928]
[0.10092434]
[0.1008996]
[0.10087785]
[0.10085687]
[0.10085536]
[0.10084079]
[0.1008043]
[0.10080404]
[0.10079639]
[0.10074834]
[0.10065252]
[0.10054263]
[0.10042666]
[0.10042079]
[0.1004133]
[0.100394]
[0.10039289]
[0.10039022]
[0.10036007]
[0.10035534]
[0.10033903]
[0.10029896]
[0.1002851]
[0.10028166]
[0.10022475]
[0.10019354]
[0.10012641]
[0.10011232]
[0.10010527]
[0.10009299]
[0.10009265]
[0.10007074]
[0.10005632]
[0.10003412]
[0.09996267]
[0.09993719]
[0.09990327]
[0.0998919]
[0.09988915]
[0.09988774]
[0.09987175]
[0.09983584]
[0.09977205]
[0.09974014]
[0.09973607]
[0.09964026]
[0.09963076]
[0.09960736]
[0.09957419]
[0.09955687]
[0.09951755]
[0.09950794]
[0.0995026]
[0.09934726]
[0.09930115]
[0.09918845]
[0.09910434]
[0.09907875]
[0.09905232]
[0.09894577]
[0.09892329]
[0.09885123]
[0.09883488]
[0.09870394]
[0.09869944]
[0.09861722]
[0.09854361]
[0.09848979]
[0.09845677]
[0.09843883]
[0.09837875]
[0.0983705]
[0.09836251]
[0.09834704]
[0.09828138]
[0.09827678]
[0.09826026]
[0.09822837]
[0.09821033]
[0.09820075]
[0.09810565]
[0.09806988]
[0.09802265]
[0.09801051]
[0.0979481]
[0.0978796]
[0.0978578]
[0.09784214]
[0.09781323]
[0.09777015]
[0.0976539]
[0.09753297]
[0.09747581]
[0.09742377]
[0.09741803]
[0.09741048]
[0.09737024]
[0.09735243]
[0.09733663]
[0.09730236]
[0.09725455]
[0.09724471]
[0.097215]
[0.09714224]
[0.09710637]
[0.09707895]
[0.09703811]
[0.0969945]
[0.09689732]
[0.09673521]
[0.09673224]
[0.09665957]
[0.09656139]
[0.09654388]
[0.09651373]
[0.09647719]
[0.09646792]
[0.09646738]
[0.09641478]
[0.0963659]
[0.09627487]
[0.09624244]
[0.09621005]
[0.09620458]
[0.09607156]
[0.09602516]
[0.09595184]
[0.09594469]
[0.09593815]
[0.09579011]
[0.09573734]
[0.09569809]
[0.09563959]
[0.09552598]
[0.09550131]
[0.09549496]
[0.0954693]
[0.09543946]
[0.09541427]
[0.0953451]
[0.09521073]
[0.09501912]
[0.09500137]
[0.09499653]
[0.09498055]
[0.09491113]
[0.0948852]
[0.09487018]
[0.09484607]
[0.09479351]
[0.09477171]
[0.09473625]
[0.09468633]
[0.094671]
[0.0946484]
[0.09455422]
[0.09454524]
[0.09448125]
[0.09441918]
[0.09441368]
[0.09438583]
[0.09438253]
[0.09437687]
[0.09434455]
[0.09417541]
[0.09409717]
[0.09408429]
[0.09390622]
[0.09388241]
[0.09370217]
[0.09362814]
[0.0932695]
[0.0932256]
[0.09322281]
[0.09316741]
[0.09307472]
[0.09295178]
[0.09293047]
[0.09288345]
[0.09287027]
[0.09283762]
[0.09280341]
[0.092761]
[0.09273439]
[0.09273182]
[0.09252902]
[0.09246334]
[0.0924185]
[0.09237567]
[0.09237362]
[0.09236272]
[0.09233309]
[0.09229622]
[0.09217126]
[0.09210891]
[0.09197008]
[0.09186783]
[0.09176358]
[0.09164137]
[0.09155893]
[0.09152775]
[0.09139378]
[0.0913659]
[0.0913659]
[0.09128127]
[0.09126925]
[0.09126616]
[0.09114771]
[0.09111699]
[0.09111129]
[0.09106819]
[0.09100714]
[0.09094366]
[0.09087086]
[0.09084614]
[0.09083641]
[0.09083089]
[0.09074406]
[0.09071948]
[0.09053894]
[0.09050086]
[0.09047402]
[0.09038334]
[0.09033918]
[0.09033188]
[0.09031182]
[0.09018713]
[0.09010355]
[0.09010062]
[0.09008423]
[0.08999177]
[0.08995549]
[0.08989578]
[0.08979674]
[0.0896067]
[0.08956995]
[0.08952531]
[0.0894875]
[0.08945034]
[0.08933633]
[0.0892953]
[0.08927106]
[0.08918693]
[0.08918066]
[0.08900686]
[0.08897795]
[0.08896542]
[0.0888646]
[0.088714]
[0.08864798]
[0.08856808]
[0.08851263]
[0.08835641]
[0.08835617]
[0.08830713]
[0.08824282]
[0.0882269]
[0.08821658]
[0.08821175]
[0.08816873]
[0.08798588]
[0.0879204]
[0.08789533]
[0.08784549]
[0.08764002]
[0.08755489]
[0.08749069]
[0.08737776]
[0.08729643]
[0.08727637]
[0.08719952]
[0.08719325]
[0.08715186]
[0.08714575]
[0.08706858]
[0.08706176]
[0.0870094]
[0.08691369]
[0.08665177]
[0.08660766]
[0.08657047]
[0.08655953]
[0.0865517]
[0.08654826]
[0.08651087]
[0.08648914]
[0.08632239]
[0.08627468]
[0.08623777]
[0.08616557]
[0.08613303]
[0.08593243]
[0.0858668]
[0.08584625]
[0.0858345]
[0.08570696]
[0.08569773]
[0.08565015]
[0.08559389]
[0.08556776]
[0.08539174]
[0.08535392]
[0.08530052]
[0.08510094]
[0.08505554]
[0.08501254]
[0.08470239]
[0.08459111]
[0.08458531]
[0.08426273]
[0.08420531]
[0.0839351]
[0.08377279]
[0.08369088]
[0.08339982]
[0.08328089]
[0.08307744]
[0.08304813]
[0.08304123]
[0.08294658]
[0.08293328]
[0.0828324]
[0.08232363]
[0.08228765]
[0.0822321]
[0.08199001]
[0.08197463]
[0.08194997]
[0.08180268]
[0.08170235]
[0.08142423]
[0.08131823]
[0.08124687]
[0.08121818]
[0.08113389]
[0.08112127]
[0.08096573]
[0.08074729]
[0.08073809]
[0.08060703]
[0.0805581]
[0.08044349]
[0.0803827]
[0.08032952]
[0.08004065]
[0.08004023]
[0.07991546]
[0.07981542]
[0.07980362]
[0.07967769]
[0.07965776]
[0.07946096]
[0.07939617]
[0.07939607]
[0.07934642]
[0.07931734]
[0.07923986]
[0.07923579]
[0.07922848]
[0.07912075]
[0.07908574]
[0.07900471]
[0.07897717]
[0.07889082]
[0.07888184]
[0.07886365]
[0.0786617]
[0.07853927]
[0.07839305]
[0.07808547]
[0.07790758]
[0.07781555]
[0.07780129]
[0.07772721]
[0.07769027]
[0.07760936]
[0.07747825]
[0.07734356]
[0.07715686]
[0.07710309]
[0.07695017]
[0.07694296]
[0.07683113]
[0.07682559]
[0.07667503]
[0.0766068]
[0.07642882]
[0.0763813]
[0.0762657]
[0.0762606]
[0.0761634]
[0.07609646]
[0.07604659]
[0.07603678]
[0.07598925]
[0.07598339]
[0.07594835]
[0.07588747]
[0.07583094]
[0.07578788]
[0.07577676]
[0.07576263]
[0.07571477]
[0.07567626]
[0.07565359]
[0.07546001]
[0.07541668]
[0.07527968]
[0.0751944]
[0.07507115]
[0.07493901]
[0.07488776]
[0.0748767]
[0.07486699]
[0.07484797]
[0.07479399]
[0.07475101]
[0.07474069]
[0.07461933]
[0.07459842]
[0.07458049]
[0.07445185]
[0.07437207]
[0.07436685]
[0.07431294]
[0.07430965]
[0.07424976]
[0.07421312]
[0.0741002]
[0.07372078]
[0.07360645]
[0.07349828]
[0.07344394]
[0.07334927]
[0.0733436]
[0.07334068]
[0.0732578]
[0.07325321]
[0.07323793]
[0.07303968]
[0.07295824]
[0.07279077]
[0.07276635]
[0.07254452]
[0.07240348]
[0.07236614]
[0.07228754]
[0.07227065]
[0.07226273]
[0.07221955]
[0.07219549]
[0.07214565]
[0.07211584]
[0.07210165]
[0.07209233]
[0.07207061]
[0.07203516]
[0.07174145]
[0.07172941]
[0.07169786]
[0.07161833]
[0.07161111]
[0.07158524]
[0.07154976]
[0.07154091]
