0.7443427
0.6215456
0.5892083
0.56656605
0.5512181
0.5265135
0.5171604
0.49724177
0.4888057
0.48707747
0.46520498
0.4612533
0.45592532
0.4502505
0.448871
0.44269443
0.4421441
0.4378999
0.42133102
0.42084572
0.41946656
0.41944465
0.41919175
0.41817996
0.41745776
0.41719332
0.41510946
0.41456932
0.40510377
0.40202293
0.3982374
0.39464787
0.39321017
0.38928136
0.38861072
0.38647395
0.3849048
0.38397953
0.3816139
0.37574482
0.37483844
0.371491
0.37084514
0.3689284
0.36886495
0.36751267
0.36571726
0.3635322
0.36292124
0.36160251
0.3613875
0.3605514
0.35902885
0.35804942
0.3579307
0.3574028
0.3568945
0.35659367
0.35642222
0.35547027
0.3544488
0.35352373
0.35238737
0.35151926
0.34791407
0.34751162
0.34658152
0.34588924
0.34566718
0.3452427
0.34297726
0.34198904
0.34043592
0.33834878
0.33705404
0.336
0.33492404
0.334859
0.33465627
0.33449453
0.33388892
0.33374053
0.33020768
0.3301124
0.32944483
0.32916862
0.32872745
0.32858723
0.32680616
0.32635683
0.32604533
0.32572898
0.32422093
0.32331538
0.32329118
0.32246026
0.32009384
0.31965324
0.3191414
0.31893066
0.31835872
0.31777415
0.31719974
0.31670412
0.3153184
0.31367117
0.3117666
0.3107966
0.31012946
0.30979645
0.30964428
0.30855477
0.30839592
0.30719075
0.30705783
0.30672047
0.3060678
0.30595377
0.3055408
0.304683
0.30436102
0.30410695
0.30394006
0.30345437
0.3030297
0.30277616
0.30140147
0.30064845
0.2999738
0.29983735
0.2993953
0.29872385
0.29828313
0.29808524
0.29760367
0.2963794
0.29544887
0.29437798
0.29379043
0.29241177
0.2924028
0.2919011
0.29141816
0.29093412
0.29060924
0.28983513
0.2889036
0.28824773
0.28819603
0.2871512
0.28707504
0.28678915
0.28593493
0.28591958
0.28582945
0.28564003
0.28542936
0.2854153
0.28513047
0.2850406
0.28502312
0.2848157
0.28454924
0.28420314
0.28411284
0.283967
0.28379536
0.28344697
0.28278092
0.2825739
0.28248343
0.28140032
0.2811863
0.28051746
0.28028092
0.28013432
0.27986997
0.2797193
0.27944088
0.27908993
0.27908632
0.27843577
0.2782779
0.2781728
0.27795994
0.2777226
0.27765396
0.27683762
0.27657875
0.27559552
0.27555206
0.27505106
0.27495155
0.2746507
0.27458656
0.27454507
0.27448472
0.27388987
0.2737877
0.27343395
0.27335083
0.27315754
0.27274272
0.27236378
0.27224734
0.27215064
0.2718769
0.27172428
0.271621
0.271569
0.27105573
0.27027917
0.27027917
0.26958564
0.26931554
0.26930293
0.26785216
0.26746556
0.26717114
0.26644152
0.26640615
0.26569477
0.26544762
0.26534185
0.26515362
0.2647975
0.2645987
0.2644739
0.26432535
0.26430708
0.26412097
0.26409528
0.2637445
0.26368558
0.2636564
0.26305827
0.26297325
0.26292312
0.26276493
0.2626046
0.2622511
0.2617313
0.2616926
0.2613939
0.26125363
0.26098222
0.2609544
0.26090547
0.26060647
0.2605961
0.2602495
0.26008663
0.25996006
0.25957245
0.25940114
0.25921142
0.25899845
0.25896978
0.25862163
0.25853086
0.25781608
0.25744537
0.25708014
0.25696215
0.25687018
0.25678328
0.25666642
0.25659034
0.25564638
0.25562263
0.2554911
0.25541237
0.255319
0.2549933
0.2546267
0.2546156
0.25447962
0.254021
0.25385052
0.2537298
0.25349602
0.25330085
0.2532832
0.25304672
0.2526161
0.25236294
0.25221127
0.25209835
0.2517078
0.25166032
0.25161555
0.2514717
0.25134754
0.25111547
0.2510092
0.25086835
0.25041953
0.24972151
0.24967237
0.248856
0.24882136
0.24868508
0.24858694
0.24824384
0.24805307
0.24794482
0.2479269
0.24788655
0.24776557
0.24775589
0.24731815
0.24728493
0.24688962
0.24680106
0.24675941
0.24674083
0.2466472
0.24656115
0.24645574
0.24616893
0.24559018
0.2448886
0.24488463
0.24454638
0.24438529
0.24432985
0.24432379
0.24367185
0.2435367
0.24351376
0.2434455
0.24269533
0.24248384
0.24228638
0.24204218
0.24196841
0.24161214
0.24160607
0.24140163
0.24097623
0.24094151
0.24068554
0.24042988
0.2402668
0.2402186
0.24018332
0.23984736
0.23977064
0.23966463
0.2396031
0.23945302
0.23939176
0.23927093
0.23895366
0.23864968
0.23849848
0.23843618
0.23838945
0.23835818
0.23833498
0.23802035
0.23768759
0.23718351
0.2369833
0.23667948
0.23661894
0.2365813
0.23654427
0.23637871
0.23623483
0.23622179
0.23619974
0.23610847
0.23581555
0.2357218
0.23548384
0.2354199
0.23526315
0.23521136
0.23505788
0.23493564
0.23492469
0.23471306
0.23469058
0.23464535
0.23463859
0.23455422
0.23445462
0.23432714
0.23418137
0.23414207
0.2340046
0.23392206
0.23377588
0.2333579
0.23330575
0.2329912
0.23296893
0.23231725
0.23220392
0.23203418
0.23189388
0.23175445
0.23139688
0.23096512
0.23070055
0.23063365
0.23059198
0.23045242
0.23042776
0.23038633
0.23033439
0.23012498
0.22999677
0.22997932
0.22985198
0.22975327
0.22975327
0.2296054
0.2296054
0.22935626
0.22931367
0.22922625
0.22909005
0.22886781
0.2287856
0.22831795
0.22818847
0.22806217
0.22791009
0.22789419
0.2277445
0.22760084
0.22757195
0.22737119
0.22714858
0.22689106
0.22669801
0.2266685
0.22649722
0.22628184
0.22603482
0.2260322
0.22601685
0.22596376
0.22593978
0.22586216
0.22586216
0.22578198
0.22575529
0.22559798
0.22554344
0.22539303
0.2253447
0.2253296
0.22529846
0.2250835
0.22454448
0.22446072
0.2244115
0.22435811
0.22433122
0.22427675
0.22426799
0.22414881
0.22408721
0.22407062
0.22404326
0.22402835
0.22381829
0.22381017
0.22375053
0.22350933
0.22347903
0.22337285
0.22336735
0.2233374
0.22329041
0.22319862
0.22295886
0.22284159
0.22282265
0.22281799
0.22277616
0.22274943
0.22272307
0.22269353
0.22252624
0.22234108
0.22232875
0.22229685
0.22210394
0.22188036
0.22180998
0.22172917
0.2216464
0.22162247
0.2213617
0.22121194
0.2210365
0.22072
0.2206819
0.22063749
0.2206335
0.22062138
0.22059195
0.22058474
0.22044806
0.22031243
0.22030906
0.2199548
0.21993667
0.21992083
0.21983117
0.219798
0.21961193
0.21955287
0.21937625
0.21929584
0.21923237
0.21922074
0.21917662
0.2190772
0.2190772
0.21904066
0.21883264
0.21882379
0.2186567
0.21862915
0.21855754
0.21848856
0.21830975
0.21827836
0.21818951
0.21798943
0.21769716
0.21758896
0.2175241
0.21747304
0.21746609
0.21724275
0.21706237
0.21697986
0.21695642
0.21695355
0.21694273
0.21691127
0.21679889
0.21676922
0.21674654
0.21641803
0.21640618
0.21638845
0.21636331
0.2163456
0.21615043
0.21609254
0.21578026
0.21572402
0.21553601
0.2150644
0.21501656
0.21495065
0.2148278
0.21474019
0.21473597
0.21468377
0.214571
0.21456374
0.21452998
0.21452998
0.2144883
0.21417812
0.21409878
0.21409057
0.21403368
0.21398307
0.21389495
0.21368572
0.21362314
0.2136214
0.21321975
0.21310021
0.21303639
0.21303341
0.21302609
0.21301948
0.21285349
0.21281572
0.21270679
0.21268792
0.2126712
0.21249153
0.21230562
0.21229549
0.21214586
0.21204622
0.21180029
0.21179126
0.21162678
0.21152742
0.21152277
0.21111412
0.21108161
0.21098118
0.21085258
0.21082434
0.21079451
0.21070191
0.21056618
0.21054141
0.21054141
0.21047789
0.21047156
0.21042627
0.21032873
0.21024817
0.21018496
0.2099992
0.20995562
0.20991331
0.2098196
0.20976336
0.20974922
0.20967083
0.20929414
0.20900647
0.20898396
0.20897989
0.20886517
0.2087248
0.20857576
0.20847721
0.20844689
0.20835505
0.20827976
0.20826061
0.20824234
0.20820674
0.20808986
0.20802186
0.20792446
0.2078557
0.20774785
0.2076939
0.20767508
0.20763405
0.20763372
0.2075305
0.20750391
0.20742387
0.20732835
0.20716456
0.20714654
0.20710199
0.20705277
0.20703824
0.20703824
0.2070236
0.20692214
0.20689277
0.20676643
0.20669636
0.20669444
0.20656136
0.20652257
0.20651554
0.2064201
0.20631291
0.20630173
0.20623758
0.20620884
0.20612167
0.20589858
0.205867
0.20584454
0.20574845
0.20568784
0.20559086
0.20555629
0.20549849
0.20546095
0.20528595
0.20528595
0.20520325
0.20503502
0.20491356
0.20481892
0.20480448
0.20463857
0.20462742
0.20452675
0.20448458
0.20443648
0.20437136
0.20423442
0.20417593
0.20407061
0.20396797
0.20393844
0.20391682
0.20388742
0.20369352
0.20352335
0.20349394
0.2034845
0.20339656
0.2033631
0.20310678
0.20304026
0.20298342
0.20274875
0.20271778
0.20268561
0.20259225
0.20255867
0.2025259
0.20248647
0.20246579
0.20230849
0.20224403
0.20214452
0.20214203
0.20206133
0.20194897
0.20189166
0.20186126
0.20182382
0.201759
0.20164053
0.20154598
0.2014146
0.20138189
0.20137095
0.20136712
0.20130357
0.20108803
0.2007576
0.20073673
0.20067395
0.20064905
0.20064677
0.20036389
0.20034754
0.20034754
0.20030737
0.20025666
0.20021106
0.20021068
0.20016837
0.20008218
0.20006533
0.20006213
0.19997936
0.19997147
0.19995534
0.19992349
0.1999101
0.19990665
0.19974945
0.1997278
0.1997107
0.19969903
0.19962604
0.19960387
0.19960299
0.19958536
0.19936934
0.19936177
0.199294
0.19922213
0.19911528
0.19909847
0.19899744
0.19896996
0.19890618
0.19890618
0.19886306
0.19886306
0.19882147
0.19881867
0.19877897
0.1986589
0.19861905
0.1984059
0.1984059
0.19839673
0.19831082
0.1981575
0.19806875
0.1979591
0.19795252
0.19790491
0.19776374
0.19767284
0.1976126
0.1976126
0.19742084
0.1974094
0.19732344
0.19721542
0.19714081
0.1969861
0.19695574
0.19693719
0.19692881
0.19683528
0.1966927
0.19659828
0.19655344
0.19654593
0.19652022
0.19647792
0.19647546
0.1964337
0.19618891
0.19616435
0.1961575
0.1961416
0.19597785
0.19597225
0.1957718
0.19561878
0.1955711
0.19552942
0.1954962
0.19543198
0.19535817
0.19535214
0.19530638
0.19530267
0.19528997
0.19526355
0.19524662
0.19506276
0.19506276
0.19493456
0.19490315
0.1946678
0.19448955
0.19446026
0.19432808
0.19421908
0.19420971
0.19385807
0.19376387
0.19370952
0.19324984
0.19320196
0.19316098
0.19313452
0.19309674
0.19303797
0.19301696
0.19298264
0.19295914
0.19295721
0.19294351
0.19285429
0.1928411
0.19279732
0.19248106
0.19247921
0.19239564
0.19235058
0.19230664
0.19230343
0.19229597
0.19227311
0.192219
0.192218
0.19219907
0.19218262
0.19217984
0.19215094
0.19212873
0.19212873
0.19212873
0.1919637
0.19181797
0.19174652
0.19157359
0.19156228
0.19155365
0.19154125
0.19153889
0.19153161
0.19146483
0.19145952
0.1914221
0.19134793
0.1913354
0.19125307
0.19122021
0.19121969
0.19117765
0.1911305
0.19103718
0.19097705
0.19091064
0.19087698
0.19081666
0.19059949
0.1905812
0.19057365
0.19041502
0.19033802
0.19030122
0.19024569
0.18994842
0.18987074
0.18984148
0.18979885
0.18969797
0.18967202
0.18966183
0.18965138
0.18958837
0.18941261
0.18936895
0.1893591
0.18932423
0.18929695
0.1892888
0.18925774
0.18914214
0.18913265
0.18913265
0.18898115
0.18896875
0.18883258
0.18881358
0.18878806
0.18874454
0.18862401
0.18852329
0.18850449
0.18845561
0.18822771
0.18814263
0.18813229
0.18801218
0.18798997
0.18793194
0.18781354
0.18777676
0.18777676
0.18776886
0.1877538
0.18771346
0.1876262
0.18754959
0.18754292
0.18742347
0.18741228
0.18737383
0.18719253
0.18712455
0.18702456
0.18698388
0.18687901
0.1868754
0.1868685
0.18684
0.18677844
0.1867335
0.18670322
0.18667948
0.18659747
0.18659323
0.18657699
0.18652086
0.1863992
0.18637629
0.18617323
0.18606131
0.1859863
0.18592182
0.18590595
0.18585931
0.185829
0.185824
0.18572763
0.18563119
0.18559237
0.18556398
0.18547405
0.1854596
0.18542914
0.18539144
0.18533535
0.18532631
0.18531804
0.18527128
0.18524976
0.18524976
0.18519253
0.18509181
0.18508445
0.18506739
0.185041
0.18498062
0.18496251
0.18490492
0.18487169
0.1848651
0.1848637
0.18479764
0.18478552
0.18477103
0.18465516
0.18462114
0.18461767
0.18455145
0.18451923
0.18445076
0.18433875
0.18431562
0.18424712
0.1841946
0.18418987
0.18418436
0.18416978
0.18406527
0.18401045
0.1839869
0.18397827
0.18397631
0.18384118
0.1837331
0.18372735
0.1836976
0.18367486
0.18364216
0.18354242
0.18342887
0.18341757
0.18340228
0.18326911
0.1832577
0.18324675
0.1832405
0.18323286
0.18320471
0.18318135
0.183084
0.18305773
0.18300086
0.18286695
0.1828439
0.18280052
0.18279749
0.18273959
0.18272887
0.18272711
0.1825475
0.18252084
0.18249552
0.18248414
0.18241224
0.18236504
0.182258
0.18224326
0.18217635
0.18215263
0.18205112
0.18200982
0.18192811
0.18187167
0.18185928
0.18177924
0.18175891
0.18175891
0.18173967
0.18162163
0.18162113
0.18157652
0.18153855
0.18151559
0.18143806
0.181387
0.18125646
0.18123728
0.18120643
0.18119818
0.18119815
0.18116143
0.18115786
0.18112396
0.18105434
0.18101493
0.18095855
0.18093836
0.18082261
0.18082261
0.18080264
0.1807397
0.18072748
0.1807014
0.18068366
0.18067773
0.18062228
0.18060319
0.18059625
0.18056452
0.18053895
0.18043365
0.18041097
0.18040301
0.18039261
0.18038931
0.18038931
0.18038623
0.18038246
0.1803427
0.18032628
0.18025811
0.18018585
0.18016997
0.18015015
0.17978606
0.17975533
0.17974323
0.17974211
0.17964478
0.17958875
0.17957264
0.17955078
0.17953193
0.17951016
0.17951016
0.17916101
0.17915131
0.17906947
0.17904873
0.1789794
0.17895074
0.17883964
0.17879291
0.17877302
0.17876989
0.17876759
0.178746
0.17872329
0.17872009
0.17860283
0.17852964
0.17846395
0.17846315
0.17844109
0.17840205
0.17813867
0.17812398
0.17811449
0.17808437
0.17803723
0.17801836
0.17801732
0.17801732
0.17800422
0.17795463
0.1779237
0.1779237
0.17783837
0.17783454
0.1777739
0.17777362
0.17776528
0.17771041
0.1776473
0.17762318
0.17758593
0.17755632
0.1775508
0.1775237
0.17731518
0.17727226
0.17719984
0.17717573
0.17716207
0.17715675
0.17712234
0.17711467
0.17710434
0.17706491
0.17701337
0.17693473
0.17683852
0.17680599
0.17679402
0.17679402
0.17676425
0.17675868
0.17675656
0.1767282
0.17669962
0.17669946
0.1766422
0.17659785
0.17658065
0.17653261
0.17653146
0.17651321
0.17648163
0.17648163
0.17647809
0.17647037
0.17638473
0.17635107
0.17634791
0.17629677
0.17627466
0.17610167
0.17607507
0.17602748
0.17602022
0.17599373
0.17595445
0.17593385
0.17592472
0.17589217
0.17587735
0.17586514
0.17585751
0.17584763
0.17578368
0.17578085
0.17578085
0.17577372
0.17577042
0.17573108
0.17570715
0.17559084
0.17556496
0.17555074
0.17550999
0.17534235
0.17530432
0.17526028
0.17525187
0.17514968
0.17514418
0.17501552
0.17497464
0.17497215
0.17486943
0.1748608
0.174815
0.17478225
0.17477365
0.17475
0.17465003
0.1746043
0.17460264
0.1745338
0.17451411
0.17451383
0.17438912
0.17437582
0.1743466
0.17433845
0.17427334
0.17422394
0.17422394
0.17420426
0.1741971
0.17415889
0.17414118
0.17409357
0.17408359
0.17407528
0.17401317
0.17393449
0.17391987
0.17390223
0.17387997
0.17386042
0.17385435
0.17383641
0.17380905
0.17379758
0.17369856
0.17367193
0.17364977
0.17364423
0.17354022
0.17353936
0.17353924
0.17353359
0.17352514
0.17347467
0.17328632
0.1732677
0.17326622
0.17325374
0.17324534
0.17321105
0.17320509
0.17319328
0.17314991
0.17309865
0.1730208
0.17300685
0.17295012
0.17291386
0.17290701
0.17290528
0.17289601
0.17287555
0.17285419
0.17276178
0.17270902
0.17263383
0.17263383
0.17258422
0.17258231
0.17257276
0.17255649
0.17254695
0.17247306
0.17241497
0.17221051
0.17218474
0.17214029
0.17212398
0.17210977
0.17209455
0.17203699
0.17195614
0.17192654
0.17191792
0.17189403
0.17185625
0.17181699
0.17181163
0.17177436
0.17176434
0.17176425
0.17171293
0.17170289
0.17162405
0.17159832
0.17159082
0.17150378
0.17148887
0.17148691
0.17144403
0.17144403
0.17143631
0.17139645
0.17131814
0.17130454
0.17122063
0.1711571
0.17108178
0.17104949
0.17103292
0.17102332
0.1710232
0.17102188
0.17094733
0.17092228
0.17090718
0.17082138
0.17078316
0.17077366
0.17073156
0.17072354
0.17069718
0.17065099
0.17064893
0.17063159
0.17056878
0.1705657
0.17054105
0.17052732
0.17052732
0.17045712
0.17039062
0.1702727
0.17027023
0.1701877
0.17014861
0.17013851
0.17004858
0.17002745
0.17002745
0.17001972
0.16995664
0.1699481
0.1699383
0.1699247
0.1699247
0.16991991
0.16991436
0.16984275
0.16982846
0.16975932
0.16970009
0.16963732
0.16962883
0.16961917
0.16961236
0.16958362
0.1695819
0.16944279
0.16939907
0.16938834
0.16937129
0.16936654
0.1693564
0.1693268
0.16917862
0.16915387
0.16904813
0.16901264
0.16899255
0.16891879
0.16883752
0.16879182
0.16874196
0.16873361
0.16873147
0.168708
0.16870266
0.16869226
0.16869226
0.16865551
0.16855252
0.16852792
0.16843443
0.16838665
0.16836889
0.16834265
0.1683091
0.16829826
0.16827367
0.1682339
0.16821514
0.1681965
0.1681881
0.16804498
0.16799352
0.16790117
0.16788211
0.16771126
0.16758959
0.16758318
0.16756272
0.16743742
0.16743295
0.1674026
0.16739698
0.16735232
0.16731508
0.16728139
0.16727754
0.16725487
0.16721886
0.16719842
0.16717952
0.16709311
0.16709268
0.16709149
0.16706981
0.16706343
0.16699651
0.16697922
0.16696125
0.16692439
0.1669003
0.16689505
0.16689166
0.16688983
0.166865
0.16684823
0.16680542
0.16677786
0.16673906
0.16673546
0.16673368
0.16672793
0.16671772
0.16670439
0.16665435
0.16659816
0.16656516
0.16652416
0.16651535
0.16650298
0.16646983
0.16645676
0.16629456
0.16609648
0.16606745
0.16606714
0.16606714
0.16596568
0.16588897
0.16586682
0.16583437
0.16573238
0.16570574
0.16565624
0.16565049
0.1655969
0.1655845
0.16557048
0.16556199
0.16555282
0.16550514
0.1654333
0.16542736
0.16534023
0.16531184
0.16528136
0.16528136
0.16526559
0.16525307
0.16522998
0.16522656
0.16521506
0.16520683
0.1651966
0.16518907
0.16518815
0.16516954
0.16510525
0.16505428
0.16499035
0.16494864
0.1648952
0.16489121
0.16489121
0.16484903
0.1648473
0.16483778
0.16482973
0.16479215
0.1647915
0.16478716
0.1647658
0.16469973
0.16469659
0.16465178
0.16452836
0.16449627
0.164422
0.16436532
0.16430902
0.16429947
0.16417694
0.16412899
0.16409557
0.16402481
0.16399306
0.1639527
0.16389611
0.16389021
0.16388623
0.16386023
0.16382852
0.1638243
0.16378295
0.16377284
0.16377048
0.16375926
0.1637539
0.16373406
0.16373032
0.16368476
0.16365837
0.16342898
0.16339776
0.16338378
0.16337416
0.16337328
0.16335884
0.16334939
0.16332102
0.16327004
0.1632658
0.1632658
0.16319722
0.16318636
0.16317101
0.16313745
0.16313015
0.16311577
0.16309765
0.16307165
0.16306692
0.16301201
0.16298875
0.16295281
0.1628821
0.16288203
0.16286844
0.1628442
0.16280429
0.16278943
0.16265193
0.16254662
0.16253358
0.16253006
0.16252631
0.16252507
0.16252507
0.16251998
0.1624884
0.16242194
0.16242194
0.16236314
0.1623399
0.1623256
0.16232523
0.16232243
0.16231444
0.16231215
0.16230346
0.16229701
0.16229396
0.16225643
0.16221896
0.16214627
0.162083
0.16206862
0.16202277
0.1620128
0.16197571
0.16191177
0.16190971
0.16190885
0.16186644
0.16185355
0.16181895
0.16180746
0.16179386
0.16175757
0.16174787
0.16172694
0.16171652
0.16168906
0.16168866
0.16168182
0.16167283
0.1616399
0.16163445
0.16162366
0.16158263
0.16153702
0.1615174
0.16150531
0.16146806
0.16140299
0.16138712
0.16137233
0.1613648
0.16134892
0.16134892
0.16133201
0.16131343
0.16128124
0.16125448
0.16112037
0.16112012
0.16108863
0.16107859
0.16103126
0.1609789
0.16094004
0.16091514
0.16091321
0.16091065
0.16090073
0.16088958
0.16087756
0.16087326
0.16083984
0.16080692
0.16078816
0.16077223
0.16076455
0.16074981
0.16072318
0.16072032
0.16067891
0.16066472
0.16061457
0.16060516
0.16059767
0.1605826
0.16053386
0.16043149
0.16039048
0.1603592
0.16033897
0.16032505
0.16031754
0.1602404
0.16024008
0.16021878
0.16017851
0.16017258
0.16009441
0.16009243
0.160058
0.16004515
0.15997986
0.15992323
0.15989581
0.15987772
0.15987594
0.1598246
0.15981844
0.15980078
0.15975681
0.15968849
0.1596802
0.15967937
0.15961727
0.15960595
0.15953061
0.15951122
0.15945315
0.15944475
0.15943983
0.1594175
0.15935932
0.15934291
0.15931924
0.1593067
0.15926379
0.15925221
0.15921535
0.15919918
0.1591637
0.15915732
0.15910506
0.15902361
0.15898632
0.1589661
0.15896086
0.15895084
0.15894423
0.158841
0.15882479
0.15873323
0.15870158
0.15861475
0.15858859
0.15858296
0.1585251
0.15850788
0.15849948
0.15849948
0.15846509
0.15845379
0.15840976
0.1583891
0.15838894
0.15833424
0.15832224
0.15831238
0.15831152
0.15830828
0.15830503
0.15829742
0.1582936
0.15827994
0.15824176
0.15822276
0.15821753
0.15819038
0.15818602
0.15812697
0.15811014
0.1580871
0.15806694
0.15804954
0.15796871
0.15796871
0.15795542
0.15795031
0.15790617
0.15790617
0.15788496
0.15787086
0.15785597
0.15783386
0.15777348
0.15775445
0.15773124
0.15772937
0.1577267
0.15772144
0.1577058
0.15770307
0.15764965
0.15762736
0.1575856
0.15753782
0.157536
0.15746582
0.157446
0.15740387
0.15738904
0.15737475
0.1573623
0.15735015
0.15729028
0.1572616
0.15721524
0.15720852
0.15720056
0.15717125
0.15712608
0.1571041
0.15708674
0.15708643
0.15708625
0.15705234
0.15704794
0.15702702
0.15702286
0.15701891
0.15697256
0.15697256
0.15692821
0.15689717
0.15686664
0.1568133
0.15676174
0.15675701
0.15674008
0.15673028
0.15671383
0.15666406
0.1566074
0.15657327
0.15656681
0.1565652
0.15650551
0.1564625
0.15641952
0.15635161
0.1563313
0.15631416
0.15630105
0.1562712
0.15626119
0.15624864
0.15623695
0.15620612
0.15620612
0.15618871
0.15618484
0.15618484
0.15615594
0.1561466
0.15610035
0.15608527
0.15602656
0.15600096
0.15597235
0.15596075
0.15596075
0.15591413
0.155867
0.15585914
0.1558541
0.1558112
0.15578565
0.15572658
0.15570855
0.15570204
0.15567876
0.15566875
0.15565644
0.15564115
0.15562774
0.15559717
0.15559705
0.15558659
0.15556781
0.15556684
0.15554881
0.1555276
0.15550959
0.15549128
0.15546286
0.1554525
0.15544586
0.15544097
0.15543573
0.15543573
0.1554018
0.15539263
0.15535946
0.15534367
0.15534367
0.15531123
0.15530288
0.15529332
0.15528663
0.15527673
0.15525237
0.15518554
0.1551855
0.1551688
0.15514868
0.15512775
0.15504387
0.15499133
0.15498482
0.15494572
0.15492718
0.15492259
0.15492086
0.15489995
0.15488872
0.15488036
0.15486114
0.15484565
0.1548383
0.15482925
0.15480648
0.15480182
0.15478389
0.15469065
0.15468363
0.1546376
0.15462713
0.15461029
0.15460046
0.15457419
0.15456268
0.15452686
0.15452686
0.15447298
0.15445293
0.1544502
0.1544306
0.1544306
0.15441227
0.15439875
0.15431921
0.15431507
0.15431112
0.15424879
0.15423654
0.15423335
0.15421432
0.15420109
0.15418777
0.15415624
0.15415202
0.15415202
0.15413156
0.15412405
0.15402544
0.15397751
0.15392266
0.15386239
0.15386051
0.15381183
0.15381019
0.15380621
0.15377279
0.15376687
0.15375365
0.1537467
0.1537467
0.15371451
0.15371169
0.15370582
0.15370378
0.15367605
0.15367258
0.1536667
0.15366113
0.15363953
0.1536028
0.1536001
0.15359955
0.15359662
0.1535792
0.15357685
0.15357663
0.15354382
0.15353954
0.15352622
0.15352467
0.15352045
0.15351506
0.1535022
0.15347236
0.15346834
0.15342684
0.15342319
0.15338826
0.15338568
0.15337086
0.15336181
0.1533133
0.15327442
0.15326034
0.15318532
0.15313691
0.15310302
0.15309998
0.15308867
0.15307118
0.1530284
0.15302013
0.15302013
0.15298162
0.15291324
0.1529044
0.15283537
0.15283027
0.15280429
0.15269087
0.15267085
0.1526559
0.15264092
0.15264037
0.15253934
0.15253623
0.15252887
0.15245828
0.15243095
0.15237023
0.15235831
0.15234852
0.15233877
0.15231554
0.15231551
0.15231158
0.15229206
0.152253
0.15223801
0.1520964
0.15208557
0.15199874
0.15199631
0.15197472
0.1519195
0.15190679
0.15189254
0.15187791
0.15187417
0.15186013
0.15186013
0.15184757
0.15183349
0.15179455
0.15179403
0.15177323
0.1516089
0.15160541
0.15145434
0.15142806
0.15140697
0.15139626
0.15139037
0.15137644
0.15136042
0.15134627
0.15132144
0.15125701
0.15124714
0.15121067
0.15121067
0.15117231
0.15117231
0.15116343
0.15114312
0.15108553
0.15105553
0.15105009
0.15104036
0.1510098
0.15100491
0.1509842
0.15098263
0.15098101
0.15097295
0.15092817
0.15091756
0.15091756
0.15091635
0.15090166
0.15089235
0.1508527
0.15082555
0.1508009
0.15077889
0.15077712
0.15073377
0.15069722
0.15066996
0.1506588
0.1506038
0.1505784
0.15056004
0.15053535
0.15046585
0.15043367
0.15041733
0.15040304
0.15033856
0.15030573
0.15028948
0.15026659
0.15025589
0.1502177
0.15020996
0.15014917
0.15013184
0.15010521
0.15010041
0.1500901
0.15008657
0.150064
0.15002213
0.14998235
0.1499646
0.14995098
0.14994311
0.14991081
0.14987902
0.14985254
0.14985254
0.14981449
0.14981288
0.14976709
0.14974329
0.14970942
0.14969829
0.14969303
0.14967236
0.14961748
0.14960565
0.14960091
0.14952315
0.14951837
0.14951187
0.14950354
0.14948379
0.14939259
0.14937992
0.14936747
0.14934559
0.14931905
0.14929567
0.14927654
0.14925931
0.1492018
0.14919153
0.1491833
0.14915662
0.14915493
0.14911559
0.14911242
0.14909224
0.14907736
0.14906208
0.14905758
0.14904125
0.1489829
0.14896573
0.1489284
0.14892161
0.1488801
0.14883514
0.14883514
0.14883514
0.14883295
0.1488285
0.14880615
0.14877962
0.1487311
0.14869152
0.14864112
0.14861149
0.14858446
0.14857766
0.14853366
0.14852528
0.14847103
0.14845209
0.14844681
0.14842665
0.14837667
0.1483591
0.1483449
0.14834206
0.14831886
0.14828865
0.14825997
0.14824216
0.14821751
0.14821748
0.1482047
0.1482047
0.14810179
0.14804716
0.14804299
0.14801674
0.1480058
0.14798364
0.14797182
0.14795528
0.14795469
0.14795308
0.14790072
0.14789633
0.14788687
0.1478825
0.1478825
0.14784484
0.14778927
0.14778748
0.14777765
0.14771828
0.14765593
0.1476527
0.14763291
0.14762537
0.14759323
0.14759323
0.14759323
0.14758322
0.14756526
0.14754272
0.14753117
0.14746965
0.14745952
0.14744045
0.14744045
0.147364
0.14736374
0.14733888
0.14733134
0.14733051
0.14732271
0.14731427
0.14727135
0.14726256
0.14725529
0.14725237
0.14724886
0.14721939
0.14721206
0.1471896
0.14716895
0.14714882
0.14710774
0.14708689
0.14707854
0.14706
0.1470579
0.1469953
0.14699309
0.14698203
0.14696679
0.1469658
0.14696164
0.14696164
0.14695051
0.14694598
0.1469149
0.14690967
0.14684081
0.14683543
0.1468284
0.1468059
0.1467741
0.14672421
0.14654304
0.14653212
0.14651981
0.14649908
0.14644252
0.14644252
0.14643078
0.14643078
0.14639966
0.14636353
0.1463592
0.1463394
0.14628017
0.14627619
0.14625655
0.1462506
0.14621954
0.14621045
0.14617263
0.14614937
0.14611377
0.14611062
0.14608073
0.14594226
0.14593236
0.14592318
0.14589751
0.14588869
0.14586258
0.14585324
0.14585048
0.1458419
0.14584155
0.14584155
0.14583726
0.14583477
0.14582476
0.14577621
0.14571442
0.14569387
0.1456862
0.1456862
0.14567006
0.14565916
0.1456159
0.14558554
0.14554797
0.14554444
0.14552967
0.1455076
0.14548928
0.14548317
0.14546801
0.14546767
0.14542244
0.145406
0.14539263
0.14539066
0.14538832
0.14537741
0.14536704
0.14534383
0.14534311
0.14533286
0.14532278
0.14530046
0.14527673
0.14527382
0.14527145
0.14526992
0.1452316
0.14520678
0.1451869
0.14515361
0.1451526
0.14514
0.1450977
0.14507169
0.14506535
0.14495763
0.1449572
0.14495097
0.14487581
0.14486553
0.14482906
0.14481148
0.14479418
0.14477032
0.14476608
0.144701
0.14469141
0.14467216
0.14467101
0.14461796
0.144599
0.1445773
0.14449537
0.14449121
0.14446689
0.14446603
0.14444244
0.14439923
0.144384
0.14438152
0.14436825
0.14435314
0.14434117
0.1443032
0.14426881
0.14423303
0.1442152
0.14417876
0.14417715
0.14416112
0.14415382
0.1441417
0.14413747
0.14412981
0.1441176
0.1441063
0.1441063
0.14410377
0.1441003
0.14407766
0.14406946
0.14406644
0.14406343
0.14406113
0.14404209
0.14404209
0.1439677
0.14396621
0.1439531
0.143942
0.14392768
0.14392425
0.14386751
0.14386497
0.1438624
0.14385471
0.14385471
0.14378412
0.14378412
0.14375307
0.14374146
0.14373381
0.14371869
0.14370635
0.14370203
0.14367826
0.14365262
0.14365062
0.14364716
0.1436359
0.14359802
0.14359769
0.14359373
0.14358911
0.14358841
0.14354807
0.14354455
0.14354156
0.14354062
0.14353812
0.14349326
0.1434348
0.14341015
0.14340526
0.14339164
0.14333458
0.1432981
0.1432714
0.14325824
0.14322752
0.14322545
0.14318113
0.1431765
0.14309895
0.14309147
0.14306542
0.14299776
0.1429854
0.142976
0.14290734
0.14288759
0.14285256
0.14279021
0.142788
0.14277904
0.14277904
0.14277142
0.14276887
0.14272504
0.14271864
0.14271063
0.14269644
0.14268462
0.14268462
0.14263053
0.14261237
0.1425933
0.14258151
0.1425644
0.14254132
0.14249063
0.14248307
0.14247987
0.14244515
0.1424401
0.14243482
0.1424258
0.14240602
0.14238866
0.14238822
0.14238429
0.14225967
0.1422579
0.14225252
0.14224236
0.14224234
0.14223984
0.14222622
0.14219603
0.14219254
0.14219025
0.14213502
0.14210138
0.14209242
0.14209166
0.14208102
0.14207254
0.14203823
0.14200641
0.14198379
0.14196412
0.14193389
0.14191784
0.14191346
0.14189084
0.14186355
0.14177226
0.14177226
0.14177226
0.14175898
0.14172153
0.14171849
0.14171831
0.14171535
0.14170869
0.14167975
0.14167492
0.14166786
0.14166567
0.1416027
0.14158358
0.14156713
0.1415666
0.14156532
0.14156474
0.1415575
0.14155671
0.14151579
0.14148289
0.1414746
0.1414553
0.1413991
0.14134298
0.14134063
0.14130077
0.14128466
0.14127341
0.1412546
0.14125149
0.14118887
0.14117543
0.14114799
0.14113139
0.14104535
0.14103296
0.14095953
0.1409491
0.14094758
0.14093155
0.14093117
0.14092535
0.14092535
0.14091502
0.14090355
0.14090088
0.14088736
0.14087002
0.14085393
0.14084497
0.14084351
0.1408392
0.14083433
0.14082308
0.1408129
0.1408129
0.14080091
0.14079522
0.14075877
0.14075044
0.14065336
0.14063631
0.14063038
0.14058562
0.14058562
0.14058256
0.14057375
0.1405712
0.1404985
0.14049645
0.14046296
0.14045334
0.14041995
0.1404017
0.140401
0.14037293
0.14037
0.14031188
0.14024127
0.14020395
0.14020327
0.14017822
0.1401699
0.14016327
0.14014807
0.14012842
0.14012517
0.14011785
0.14008807
0.14008474
0.14004937
0.14003836
0.14003836
0.14003694
0.13998659
0.13994074
0.13993984
0.13992023
0.13991474
0.13988255
0.13986804
0.13982365
0.13981831
0.13979644
0.13975662
0.13974205
0.1397413
0.13970666
0.1396318
0.13962871
0.13962738
0.13962738
0.13962309
0.13960883
0.13960046
0.13958243
0.13957724
0.13956098
0.13955729
0.13954887
0.13941145
0.1394114
0.1394114
0.13937862
0.1393673
0.13936639
0.13936403
0.13934788
0.13927907
0.13927506
0.13926822
0.13923283
0.13922966
0.1392278
0.13921563
0.13921128
0.13918526
0.13915354
0.13914649
0.139134
0.13912797
0.13909605
0.13906302
0.13903679
0.13902639
0.13901393
0.13901287
0.1389877
0.1389856
0.13896962
0.13896684
0.13895874
0.13895302
0.13895008
0.13894346
0.13888699
0.13886617
0.1388564
0.1388529
0.1388529
0.13884978
0.13883111
0.13876733
0.13869594
0.13868177
0.13868128
0.13863552
0.13859805
0.13858183
0.13856225
0.13850869
0.13849017
0.13848318
0.13841985
0.13841444
0.13840145
0.1383897
0.13838719
0.13837464
0.1383389
0.13832098
0.13829012
0.13828774
0.13828228
0.13828228
0.13826703
0.13822116
0.13819602
0.13818246
0.1381604
0.13813922
0.13813587
0.13813014
0.1380551
0.13805334
0.1380037
0.1380032
0.1379633
0.1379475
0.13794109
0.13793616
0.13793117
0.13791376
0.13791342
0.13791081
0.13787355
0.13786156
0.13785736
0.13778345
0.1377693
0.13774782
0.1376962
0.13767084
0.13761905
0.13757329
0.13755777
0.13755235
0.13754432
0.13753742
0.13752851
0.13751623
0.13748516
0.13745882
0.13744323
0.13742132
0.13742077
0.13741726
0.137415
0.13741489
0.13741428
0.13738646
0.13736853
0.13732544
0.13728277
0.13727407
0.13726489
0.13722679
0.13720968
0.13720758
0.13712147
0.13709877
0.13709632
0.13704547
0.13699503
0.13699181
0.13696721
0.13696538
0.13696493
0.13689905
0.13687406
0.1368684
0.13686761
0.13686761
0.13679728
0.13674425
0.13670412
0.13669753
0.13667314
0.13667148
0.13663164
0.13663004
0.13663004
0.13662916
0.13661529
0.13660051
0.13659178
0.13657148
0.13656849
0.13655803
0.13655561
0.13654257
0.13652594
0.13650261
0.13649389
0.13649125
0.13648915
0.1364885
0.13647535
0.13643023
0.13642636
0.13642001
0.13641779
0.1364098
0.13639519
0.13639367
0.1363639
0.13636154
0.13636154
0.13632289
0.13624376
0.13623653
0.13620812
0.13620517
0.13618816
0.1361772
0.13616753
0.13616528
0.13614447
0.13614349
0.13613932
0.13611878
0.13608716
0.13608003
0.1360785
0.13606797
0.1360021
0.13598125
0.1359722
0.1359691
0.13593914
0.13590676
0.13590609
0.13587907
0.13586888
0.13586254
0.13578591
0.13572536
0.13569154
0.1356871
0.13567302
0.13564736
0.13564481
0.13562208
0.13561818
0.13561225
0.13560164
0.13552304
0.1355024
0.13548331
0.13547981
0.1354754
0.1354754
0.1354198
0.13541453
0.13540837
0.13538584
0.13533503
0.13526711
0.13519515
0.13516462
0.13514313
0.13509649
0.13507777
0.13507009
0.13506508
0.13502441
0.13498928
0.13498466
0.13498075
0.1349769
0.13497396
0.13497269
0.13494585
0.13492854
0.13491035
0.13486944
0.1348635
0.13484919
0.13482344
0.13475874
0.13473374
0.13471724
0.13471657
0.1346587
0.13461256
0.13458304
0.13453606
0.13452631
0.13451305
0.13450338
0.13448523
0.1344769
0.1344499
0.13442104
0.13437438
0.1343605
0.1343125
0.13429907
0.13426909
0.13426001
0.13426001
0.13425024
0.13423657
0.13422364
0.13418992
0.13418624
0.13417001
0.13415854
0.13412836
0.13411108
0.13410732
0.13409702
0.13409619
0.13403454
0.13402246
0.13395777
0.13393642
0.13393416
0.13387255
0.13387233
0.13385585
0.13382879
0.13382623
0.13382451
0.13379958
0.13379602
0.13378885
0.13375004
0.1336896
0.13368149
0.13367854
0.13365358
0.13363752
0.13363731
0.13362333
0.13360338
0.13356933
0.13356632
0.13352637
0.13350095
0.13346827
0.13345058
0.1333813
0.13333914
0.1333135
0.13326536
0.1332642
0.1332508
0.13323711
0.13323414
0.13322541
0.13320598
0.13319089
0.13318563
0.13313194
0.13311431
0.13303472
0.13302118
0.1329425
0.13294198
0.1329337
0.13291977
0.1328736
0.13287282
0.13285989
0.13284376
0.13283263
0.13280053
0.13278896
0.1327873
0.13278462
0.13278033
0.13277665
0.13277665
0.13277154
0.13272707
0.13271672
0.13270435
0.13269328
0.13269328
0.1326823
0.13267983
0.13267446
0.13267446
0.13266282
0.13264139
0.13263094
0.13260692
0.13252036
0.13244258
0.13243699
0.13243657
0.13241605
0.13240683
0.13238941
0.13237366
0.1323373
0.13233279
0.13228111
0.13226348
0.13225627
0.13225366
0.13225092
0.13224463
0.13220191
0.1321846
0.13216871
0.13215569
0.1321515
0.13214459
0.1321342
0.13213113
0.13212605
0.13211626
0.13209872
0.13206445
0.1320431
0.13204181
0.1320141
0.1319855
0.13196516
0.13194579
0.1319225
0.13187577
0.13185182
0.13184728
0.13183215
0.13183215
0.13181832
0.1318027
0.13179009
0.1317245
0.13171941
0.1317033
0.13169995
0.13169296
0.13168901
0.13167094
0.13164257
0.13163498
0.13163498
0.13161577
0.13160758
0.13160387
0.13152903
0.13146837
0.13145371
0.13144508
0.13144411
0.13143304
0.13142493
0.1314052
0.13138838
0.1313738
0.1313188
0.1312946
0.13127978
0.13127278
0.13126506
0.13125184
0.13123313
0.1312267
0.1312038
0.13119704
0.13119695
0.13118105
0.13117279
0.13117275
0.13117048
0.13115796
0.13115358
0.13115102
0.13113473
0.13112698
0.13101596
0.13098969
0.13097852
0.1309339
0.13092434
0.13092105
0.13091832
0.13088566
0.13086605
0.13083822
0.13083175
0.13081987
0.13080123
0.1307739
0.13076854
0.13076022
0.13073678
0.13073671
0.13073264
0.13070297
0.13069415
0.13067687
0.13067156
0.13065471
0.13063662
0.13063277
0.13061664
0.13055146
0.13053903
0.13051812
0.13051432
0.13048767
0.13047202
0.13045622
0.13044958
0.13044952
0.13043126
0.13042383
0.13041863
0.13041835
0.13041374
0.13040939
0.13040484
0.13039544
0.13038722
0.13038722
0.13036333
0.13036078
0.13032971
0.13031155
0.13029745
0.13029566
0.13027996
0.13027205
0.13026057
0.13023035
0.13022321
0.13021041
0.13017829
0.1301615
0.13015588
0.13014854
0.13013634
0.13013472
0.13013472
0.13012928
0.13012911
0.13012297
0.13012084
0.13008823
0.13007155
0.1300628
0.13004832
0.13003209
0.13001938
0.13001081
0.13000318
0.12997128
0.12996684
0.12996429
0.12996317
0.12992693
0.12992683
0.12992646
0.12992144
0.12991568
0.12987186
0.12985335
0.12985188
0.12982418
0.12981696
0.12980273
0.1297755
0.1297751
0.12976828
0.12974739
0.12973554
0.12972908
0.12971202
0.1297073
0.1296991
0.12969469
0.12969308
0.12964088
0.12960313
0.12958261
0.12952685
0.12950653
0.12950037
0.1294876
0.12943752
0.12942527
0.1294236
0.1294146
0.12936346
0.12935528
0.12932923
0.12930204
0.12926583
0.12925784
0.12920891
0.12919791
0.1291382
0.12911403
0.12910116
0.12905525
0.12901981
0.12901981
0.12898377
0.12896402
0.12894806
0.12891369
0.12889464
0.12888616
0.12888429
0.12885436
0.12883419
0.12876023
0.12875518
0.12869932
0.12868553
0.12866831
0.12865025
0.12862034
0.12859403
0.12854679
0.12854435
0.12854408
0.1285319
0.12851728
0.12845783
0.12844703
0.12843557
0.1283567
0.12835254
0.12835233
0.12834486
0.12833665
0.12832187
0.12829678
0.12827712
0.12825607
0.1281669
0.1281669
0.12815101
0.12815057
0.12812915
0.12810588
0.12807657
0.12799872
0.12798537
0.1279461
0.12791179
0.12791146
0.127904
0.12788689
0.1278857
0.12788488
0.12788379
0.12785326
0.12784335
0.12784335
0.12781534
0.12779465
0.12777303
0.12777266
0.12775251
0.12775038
0.1277422
0.1277218
0.12771223
0.12768935
0.12768775
0.12768552
0.1276756
0.1276406
0.12761904
0.12759481
0.12748463
0.12748225
0.12746531
0.12743197
0.12740137
0.12739645
0.12736747
0.12736689
0.1273554
0.12735134
0.12734364
0.12733106
0.12731177
0.1273095
0.12729302
0.12728535
0.12726979
0.12725915
0.12725684
0.12725677
0.12725417
0.1272444
0.12722239
0.12720299
0.1272022
0.127191
0.12716646
0.12710492
0.12708652
0.12705839
0.12704973
0.12703115
0.12702549
0.1269862
0.1269246
0.1269138
0.12688963
0.12687284
0.12687275
0.12679951
0.1267964
0.12678842
0.12677269
0.12676057
0.1267386
0.12669013
0.12668662
0.1266705
0.1266699
0.12666881
0.1266592
0.12665898
0.12665229
0.12664534
0.12664142
0.12664044
0.12663569
0.12662667
0.12659496
0.12652174
0.12647517
0.12646087
0.12643656
0.12640712
0.12640712
0.1263962
0.12638377
0.12634823
0.12628256
0.1262448
0.12620285
0.12619697
0.12619697
0.12619348
0.12618408
0.1261753
0.12616694
0.12615114
0.1261238
0.12611772
0.12610531
0.12610361
0.12610082
0.1260403
0.1260083
0.12599999
0.1259254
0.12591508
0.12586303
0.125857
0.12585475
0.12581204
0.12581193
0.12577821
0.12576815
0.1257576
0.12573487
0.12571211
0.12570907
0.12567434
0.12565078
0.12564468
0.12563759
0.12553926
0.12552951
0.12552765
0.12552215
0.12552215
0.12546475
0.125462
0.12542158
0.12541458
0.1254126
0.12538812
0.12535329
0.12534714
0.12534237
0.1253362
0.12533432
0.12531914
0.12530878
0.12530483
0.12530124
0.12529975
0.12528752
0.12528645
0.12525354
0.12525287
0.12523931
0.12518357
0.12518029
0.12517199
0.12515868
0.12515226
0.12515205
0.12514876
0.1251483
0.12513779
0.12512423
0.12507349
0.12506911
0.12506713
0.12506509
0.1250562
0.12504023
0.12502915
0.12502213
0.12501673
0.12499003
0.12498513
0.12498185
0.12497518
0.124967135
0.124927
0.12492658
0.12490511
0.12489838
0.124888994
0.12487552
0.12487115
0.1248235
0.124793634
0.12478837
0.12477835
0.12474731
0.12474574
0.12473808
0.12468546
0.1246516
0.1246516
0.12462194
0.12461629
0.12460335
0.1245843
0.12455024
0.12454173
0.12453835
0.124483556
0.12447678
0.12446725
0.1244626
0.124446675
0.12442499
0.12440234
0.12440026
0.12440026
0.1243845
0.124379806
0.12429924
0.12428224
0.12426585
0.124265276
0.1242585
0.124258384
0.124251686
0.12424273
0.12423334
0.1242285
0.12422644
0.12421081
0.12420707
0.12418954
0.12418767
0.124159686
0.124134056
0.12412381
0.12411734
0.1241057
0.124094814
0.12408984
0.124036
0.12393487
0.12390974
0.123904906
0.12388283
0.12385721
0.123845465
0.12384324
0.1238404
0.12383885
0.12383057
0.12382679
0.12382452
0.12379672
0.12378608
0.12378599
0.12378599
0.12377667
0.12370217
0.12369566
0.12367885
0.12360747
0.1235758
0.12353128
0.123526335
0.12351606
0.12348565
0.123454064
0.12343958
0.12343347
0.12343247
0.12343022
0.12339864
0.12339795
0.12336002
0.12334476
0.12334359
0.12332358
0.12332023
0.1232987
0.123233184
0.123228796
0.12322335
0.12321339
0.123209275
0.12319249
0.12312915
0.12312354
0.123119265
0.12311886
0.123062335
0.12300256
0.12300147
0.12299397
0.122982025
0.122978404
0.12296192
0.12295087
0.12293807
0.12292241
0.122919664
0.12289618
0.12288312
0.1228662
0.12285267
0.12284374
0.12280828
0.12280639
0.122754894
0.122754894
0.12272688
0.122716635
0.12271625
0.12271033
0.1226981
0.1226981
0.1226946
0.122693725
0.12266834
0.1226631
0.12265059
0.122581944
0.12257478
0.12257478
0.12256287
0.12254428
0.12254169
0.12252494
0.12251781
0.1225012
0.12249927
0.12249295
0.1224829
0.12245866
0.12244928
0.12244849
0.12241728
0.12241388
0.12241268
0.12238719
0.12237019
0.12234128
0.12233996
0.12232663
0.1223133
0.122306906
0.12229217
0.12229156
0.12219203
0.12217412
0.12213476
0.1221088
0.122108646
0.12210367
0.12209494
0.122085184
0.12203743
0.12203245
0.1219968
0.12198392
0.12198392
0.12195518
0.121942274
0.121932276
0.12192926
0.12191255
0.12190459
0.121895604
0.12188947
0.12185667
0.12185104
0.12184544
0.12184524
0.12179536
0.12177951
0.12175516
0.12174847
0.1217459
0.12169969
0.12166016
0.12165001
0.12164166
0.12161828
0.121518895
0.121453755
0.12142494
0.12142092
0.121403374
0.12140231
0.12140231
0.12140149
0.12138639
0.12138371
0.121331
0.12131275
0.121298775
0.1212965
0.1212816
0.12127885
0.12125061
0.12123424
0.12122783
0.12122546
0.12120845
0.12117716
0.12112847
0.12112187
0.12112106
0.12111167
0.12108911
0.12108437
0.12107889
0.1210781
0.12106998
0.12103287
0.12100635
0.120997116
0.120994166
0.120992705
0.120992705
0.12097975
0.120943874
0.120943874
0.120930284
0.1209019
0.12088003
0.12087804
0.12087742
0.12078471
0.12077449
0.12077449
0.1207414
0.12072352
0.12070843
0.12067506
0.1206692
0.12066302
0.12065369
0.12060557
0.12058134
0.120555826
0.12054047
0.12052383
0.120522544
0.12051632
0.12051145
0.120501645
0.12049821
0.12046176
0.12045953
0.12041268
0.120406345
0.12039086
0.12039086
0.12037455
0.12037397
0.12033797
0.12033334
0.12028542
0.12028542
0.120244704
0.12024309
0.120237686
0.120231256
0.12022639
0.12022337
0.12018647
0.120136596
0.12011879
0.12010371
0.12010233
0.12010098
0.12009771
0.12008411
0.12008302
0.12004829
0.12004656
0.12004212
0.120038345
0.12000108
0.11999463
0.11998225
0.11998165
0.1199747
0.119969
0.11994026
0.119935535
0.11989844
0.11989054
0.11988088
0.11986167
0.119848244
0.11983312
0.119832136
0.11982143
0.1198164
0.119797446
0.11977039
0.11976198
0.11976004
0.11974781
0.11971744
0.11970717
0.11967933
0.11967556
0.119671345
0.11966577
0.11965515
0.11965452
0.11961004
0.11960791
0.1196051
0.11956203
0.1195487
0.119538166
0.11953728
0.119526096
0.11951214
0.1195111
0.11951051
0.119500905
0.119497664
0.11947309
0.119419694
0.119408764
0.11940481
0.11936159
0.11932601
0.11927722
0.119252145
0.11924469
0.1192388
0.11921497
0.11921217
0.11916281
0.1191609
0.119154945
0.119151734
0.119136736
0.11913172
0.11913172
0.11911987
0.1190963
0.119092055
0.11906418
0.11899218
0.11898167
0.11893342
0.11892651
0.11891332
0.118905984
0.11890104
0.11890027
0.11884976
0.11882015
0.118819594
0.11881177
0.118800394
0.11879944
0.11878878
0.11872496
0.118721664
0.11869667
0.11864358
0.11861938
0.11859341
0.11855958
0.1185582
0.11854451
0.11854422
0.1185432
0.11850258
0.118497394
0.11841344
0.11840408
0.11839284
0.118354164
0.11834414
0.118341036
0.11830601
0.11829999
0.11829999
0.11828147
0.11827456
0.11824982
0.11819733
0.1181844
0.11814807
0.11812864
0.11811034
0.11805934
0.11804695
0.1180322
0.11801101
0.11800667
0.1180021
0.11799813
0.1179633
0.11794755
0.11792656
0.117921114
0.11792081
0.11791647
0.117916316
0.11791397
0.11787377
0.117870845
0.117854185
0.11784441
0.11781107
0.11778505
0.11776779
0.11775476
0.11773485
0.11772516
0.11770461
0.11769085
0.117666505
0.11764381
0.11764381
0.11756691
0.11751877
0.117512785
0.11747058
0.117463544
0.11744898
0.11738899
0.11737401
0.11735032
0.11734667
0.1173192
0.11730232
0.11728807
0.1172669
0.11725458
0.11725127
0.1172493
0.11723819
0.11723711
0.11722432
0.11722432
0.117207654
0.117206536
0.11720577
0.11720227
0.11718575
0.117146164
0.117096856
0.11707961
0.11705977
0.11705564
0.11705212
0.11704581
0.11702
0.11698798
0.116970934
0.11697079
0.116967924
0.11696315
0.11695697
0.11693568
0.116905876
0.116895355
0.11688215
0.116881594
0.11686991
0.11685415
0.11680469
0.11680388
0.116735965
0.11673351
0.11663776
0.11662328
0.11660296
0.11658626
0.116578236
0.11656389
0.116533644
0.116529495
0.11651629
0.11651338
0.11649634
0.11649625
0.11648629
0.11648422
0.11646887
0.11645692
0.11644328
0.11640791
0.11640156
0.116390556
0.116367385
0.1163239
0.116316445
0.116302036
0.116294414
0.11629098
0.11626421
0.116253205
0.11624314
0.11616581
0.11616313
0.11612056
0.11608707
0.11606538
0.1160637
0.116056904
0.11602822
0.116014674
0.11600398
0.1160023
0.11598807
0.1159865
0.11598154
0.11595136
0.11594764
0.11594239
0.11586531
0.11585246
0.115851924
0.115779564
0.11576697
0.11575189
0.115741596
0.1157317
0.115723655
0.115715675
0.115698606
0.11564973
0.1156494
0.115591854
0.11556346
0.115532145
0.115488224
0.115479775
0.11542164
0.11537568
0.11536987
0.115349464
0.11534464
0.11531668
0.11529962
0.115260735
0.115259945
0.115218535
0.11518499
0.11516409
0.1151632
0.11512533
0.11507919
0.11503778
0.11501007
0.115007006
0.114989385
0.114974886
0.11495809
0.114921756
0.1149074
0.11490723
0.11490627
0.11489407
0.11485766
0.114855744
0.1148273
0.11480664
0.11480354
0.11480274
0.1147982
0.114796795
0.11479082
0.11474135
0.11473623
0.11473317
0.11472562
0.11470277
0.11469673
0.11466359
0.11463299
0.11463213
0.11462197
0.11460518
0.11460124
0.1145717
0.11451062
0.114399776
0.11439773
0.11439773
0.11439773
0.11438458
0.1143522
0.11434284
0.11433437
0.1143248
0.114317894
0.11431713
0.114304125
0.1142683
0.11426316
0.114251144
0.114246964
0.11421386
0.1141824
0.11417195
0.11415547
0.11413556
0.11405445
0.114051856
0.11404058
0.11401341
0.113993
0.11391221
0.11389517
0.113882884
0.11385917
0.11384156
0.11382553
0.11381651
0.11380284
0.11377158
0.11366159
0.113657795
0.11364922
0.11364841
0.113603525
0.11358406
0.1135777
0.11357242
0.11356846
0.11349663
0.113472216
0.11346824
0.113446325
0.11341491
0.11340461
0.11338057
0.11337736
0.11336765
0.11336305
0.113346994
0.11324255
0.11322348
0.113217466
0.11318185
0.11313314
0.1130712
0.113032065
0.11294831
0.11293753
0.11292039
0.11291389
0.112898454
0.11289214
0.11288917
0.112884164
0.112871476
0.112862155
0.11281763
0.11280254
0.1127731
0.11276757
0.11275817
0.11274964
0.11271879
0.11271196
0.112697735
0.11267589
0.112657025
0.11260152
0.1126015
0.11259443
0.11252984
0.11252353
0.11251242
0.112502314
0.1124802
0.1124466
0.11243806
0.1124149
0.112414196
0.11241289
0.11238265
0.112380326
0.11236934
0.11229904
0.11229792
0.11229522
0.11224693
0.11221918
0.112198666
0.11218652
0.11215699
0.11215674
0.11208538
0.112064764
0.11205715
0.11202002
0.11198733
0.11197638
0.11196171
0.11195011
0.111949824
0.11193724
0.11193215
0.11192647
0.11189267
0.1118587
0.11185087
0.11182739
0.11181319
0.11180334
0.11176571
0.11175194
0.11174917
0.111739665
0.11173167
0.11171817
0.11165154
0.111627094
0.11162291
0.11162231
0.11154769
0.11153868
0.11153438
0.11153253
0.11153253
0.11153249
0.11152738
0.1115252
0.111476734
0.11145639
0.111452155
0.111448735
0.11136042
0.11125187
0.111201726
0.1111915
0.1111911
0.11116733
0.111154795
0.11113582
0.111116596
0.110987306
0.11097722
0.11095753
0.11095205
0.11094744
0.110889465
0.11088909
0.11086584
0.11086304
0.110833324
0.11080712
0.11079923
0.11078415
0.11074564
0.11069398
0.11067648
0.11065564
0.11064483
0.11064378
0.110595666
0.11058188
0.1105389
0.110502675
0.11049817
0.11049691
0.110480875
0.11047006
0.11040977
0.11040882
0.110372625
0.11036694
0.11034182
0.11032841
0.11029937
0.11028075
0.11027636
0.11027027
0.1102665
0.11026342
0.110253856
0.11023884
0.11023308
0.1102173
0.110184275
0.110178284
0.110178284
0.11016898
0.11014827
0.11012028
0.1101157
0.11008874
0.11007016
0.110050164
0.109965995
0.10986713
0.109820776
0.109772325
0.10971879
0.10970207
0.10967185
0.1096702
0.10966831
0.1096672
0.10962418
0.10956346
0.109560736
0.10952502
0.10951118
0.109507665
0.109507665
0.109507665
0.10950623
0.109388486
0.109371245
0.10936577
0.10934732
0.10933665
0.10932954
0.10927838
0.109268084
0.10926711
0.1091746
0.10917158
0.10915494
0.109080076
0.109049916
0.109049916
0.109018646
0.10899755
0.108948655
0.1089061
0.10882029
0.10880318
0.10877824
0.10872461
0.10870885
0.10869009
0.10868437
0.108678296
0.10866621
0.10866263
0.10865381
0.10863283
0.108613625
0.10850896
0.10847453
0.10843352
0.1084
0.10839544
0.10838697
0.10833832
0.10832496
0.10829949
0.10828002
0.10827133
0.10825859
0.10825214
0.10821093
0.10818341
0.10817527
0.108141646
0.10813999
0.108123116
0.10812247
0.10808683
0.1080862
0.1080781
0.10807783
0.10807663
0.10797532
0.107963085
0.10792918
0.107893
0.10783017
0.10782
0.10780097
0.107794225
0.10777845
0.10771202
0.1077047
0.10769537
0.10767496
0.10761514
0.10752466
0.107501924
0.10745728
0.10743727
0.10742219
0.10739837
0.107361525
0.107337624
0.10731894
0.10727144
0.10725634
0.107201554
0.10718019
0.1071619
0.10716136
0.107157126
0.10713882
0.107109174
0.107086465
0.10702802
0.10700939
0.106953494
0.10694434
0.1069396
0.106936775
0.106908545
0.106899925
0.106899925
0.10687894
0.10682953
0.10680942
0.10679237
0.106790006
0.10678932
0.10674183
0.10674089
0.10673007
0.10671193
0.10667741
0.1066564
0.106596075
0.10656884
0.10655431
0.10648891
0.10645155
0.106431484
0.106431484
0.10636213
0.10635016
0.1062894
0.10623189
0.106218666
0.10615737
0.1061573
0.10613778
0.10613441
0.10606282
0.10605732
0.105993964
0.10598893
0.10590821
0.10590175
0.10581076
0.10578433
0.10577824
0.10576552
0.10575127
0.10573165
0.10569338
0.10567299
0.10565642
0.105586655
0.105586655
0.10555586
0.10549132
0.105479755
0.105472825
0.10547152
0.10543369
0.1053711
0.10535767
0.10534113
0.10531585
0.105308555
0.10530841
0.105286315
0.105248764
0.10517898
0.105151296
0.10511934
0.10509973
0.105067156
0.10503813
0.105033234
0.10497113
0.10496645
0.10496621
0.10489649
0.104880676
0.10487414
0.104866326
0.10485706
0.10484555
0.10483457
0.104807094
0.10479878
0.104792066
0.1047907
0.10475414
0.104708284
0.104702234
0.104642354
0.104635835
0.1046281
0.10457759
0.10457701
0.10452938
0.10447976
0.10447682
0.10447101
0.10442805
0.10438394
0.10438033
0.10435628
0.10431083
0.104295954
0.10429081
0.10423859
0.104122154
0.10409135
0.10407684
0.10407684
0.10406085
0.10403838
0.10403627
0.10402258
0.103982635
0.10379617
0.10374978
0.1037424
0.103738755
0.10373375
0.103733
0.10372736
0.103727214
0.1037181
0.103699505
0.103670955
0.103650264
0.103636235
0.103625126
0.10352173
0.10349362
0.10346998
0.10341397
0.10337392
0.103367515
0.10332408
0.10331034
0.1033093
0.103293866
0.10326048
0.10325465
0.103249
0.10321223
0.10320442
0.10320194
0.103143044
0.10311513
0.10310366
0.103068985
0.10303714
0.10301643
0.10298819
0.10286907
0.10275981
0.1027512
0.10272418
0.10272067
0.10267845
0.10267713
0.1026278
0.102570616
0.10254685
0.10253682
0.102529384
0.10246411
0.10245948
0.10239629
0.1023898
0.10227432
0.10224335
0.102213025
0.1021708
0.10215451
0.10212169
0.102042325
0.10202244
0.1020057
0.10199204
0.10197796
0.10194303
0.10192998
0.10190594
0.10184264
0.10180985
0.1017913
0.10172716
0.10172703
0.10167963
0.101664804
0.10158325
0.101554744
0.10154428
0.10153124
0.101489246
0.10145881
0.101442456
0.10139718
0.1013871
0.10137668
0.10136225
0.10131253
0.10130756
0.101251006
0.10123506
0.101170436
0.101130985
0.10104801
0.101045646
0.101043284
0.10093572
0.10092082
0.100909926
0.100842305
0.10080458
0.10078423
0.10077588
0.100754716
0.100746036
0.10069575
0.10065206
0.10062354
0.100615084
0.10057077
0.10056545
0.100556456
0.100555114
0.100513294
0.100498855
0.100491054
0.10045968
0.100411944
0.10039831
0.10029394
0.10028676
0.100171275
0.100141
0.10012604
0.10010401
0.10010083
0.09997504
0.099943966
0.099914126
0.09990654
0.09985163
0.099819615
0.099819615
0.09979218
0.099777035
0.099773906
0.09976849
0.09972137
0.0996932
0.09968054
0.09964177
0.09963968
0.099608645
0.09955043
0.0995274
0.09950098
0.09949702
0.09943468
0.09939743
0.099388
0.09937195
0.09935983
0.09933091
0.099302195
0.099272564
0.09926803
0.09923347
0.09919288
0.09918801
0.09918483
0.0990509
0.09902865
0.09894442
0.09892259
0.09889739
0.09889694
0.09889187
0.09886587
0.0987676
0.09876514
0.09875173
0.098628916
0.09861637
0.09860334
0.098600194
0.098481774
0.098471604
0.09845785
0.098424144
0.09841975
0.098317884
0.098268144
0.09825492
0.09824983
0.09819133
0.09814597
0.09812845
0.098117106
0.09810436
0.098096386
0.09805611
0.0979332
0.09783103
0.09781695
0.09780387
0.097795494
0.09776287
0.09773834
0.09767604
0.0976416
0.097579494
0.097528264
0.097511075
0.09750237
0.097410835
0.0974053
0.09736651
0.09730717
0.09729631
0.09728149
0.09727916
0.097194135
0.09718836
0.09714863
0.09705234
0.096934564
0.09689926
0.096856125
0.096818335
0.096756995
0.09672737
0.096721806
0.09668004
0.09648067
0.09645599
0.096386924
0.09635816
0.096347876
0.09622562
0.09622041
0.09621268
0.09618337
0.09608832
0.09608526
0.096079625
0.09607619
0.0960436
0.09603967
0.0960229
0.09600233
0.09596746
0.09596675
0.09596302
0.095918685
0.095892936
0.095881894
0.09586259
0.095846765
0.09582067
0.09579669
0.0957924
0.095791735
0.09578604
0.09578405
0.09574705
0.0957408
0.09571193
0.095667884
0.09564806
0.09564526
0.09560592
0.095523424
0.0955188
0.0954888
0.0954823
0.095221825
0.09520587
0.09520008
0.09517737
0.09513751
0.09511751
0.095106065
0.095044695
0.09501717
0.09500159
0.094973356
0.09494397
0.094913736
0.0948978
0.09489532
0.094872326
0.09470081
0.094684854
0.09459605
0.09458913
0.094557144
0.09454852
0.0945193
0.09448111
0.09445302
0.09433732
0.0942756
0.094127715
0.09407791
0.09406525
0.09399095
0.09387519
0.09386945
0.09374712
0.09372038
0.09369784
0.093689725
0.093688875
0.093684465
0.093504675
0.09348453
0.093428575
0.09334734
0.093236946
0.09315275
0.09305195
0.093051724
0.09298035
0.09295562
0.09288332
0.092807926
0.09280174
0.092789724
0.09275948
0.09269137
0.092654556
0.09262061
0.09254466
0.092443
0.09226421
0.09221558
0.092180334
0.09204561
0.09203075
0.091992885
0.09186941
0.091752775
0.09170607
0.09145746
0.091331296
0.091326416
0.09128098
0.09118889
0.09117443
0.09115014
0.091010794
0.090964295
0.09094797
0.090947025
0.09085031
0.09078473
0.09057022
0.09053978
0.09041267
0.0903727
0.09026206
0.09022687
0.09015194
0.090072356
0.09003391
0.09001811
0.09001283
0.08991198
0.08979871
0.089766055
0.08975087
0.0895847
0.089493625
0.089408025
0.08926817
0.08922854
0.08909167
0.088987365
0.08896319
0.08894272
0.088919446
0.08886891
0.08879814
0.08875253
0.08874388
0.08872897
0.088690095
0.0886663
0.08859281
0.088559516
0.08854668
0.088455975
0.08839065
0.08823758
0.08823103
0.088177025
0.08811588
0.088006265
0.08799222
0.08791672
0.0878836
0.08772566
0.08771484
0.08766991
0.08763682
0.0876046
0.08753724
0.08751932
0.08729578
0.08722028
0.087207906
0.08719462
0.087163255
0.08702258
0.086924836
0.08691809
0.08679257
0.086767204
0.086629204
0.086388506
0.086339034
0.08616758
0.08612513
0.085713185
0.08563027
0.085551
0.08533077
0.08531356
0.08514842
0.08495055
0.084921554
0.084804125
0.08475806
0.08409782
0.08409593
0.08375345
0.08362199
0.08329194
0.08317304
0.08299019
0.0825083
0.08225645
0.082191385
0.08214266
0.08211002
0.08189436
0.08178075
0.08176838
0.08159909
0.0815558
0.08132402
0.081032656
0.080967754
0.08082075
0.08069246
0.08059337
0.08022516
0.080141634
0.08006825
0.08000827
0.07980451
0.079767644
0.079146616
0.078868896
0.078730725
0.078692
0.07866375
0.078465335
0.07828
0.07817483
0.07814768
0.07805051
0.07777262
0.07770566
0.07768856
0.07767795
0.07755598
0.0769395
0.07669146
0.07602076
0.07588886
0.07588282
0.075410776
0.07533421
0.075237475
0.075117745
0.07508557
0.074963726
0.07480168
0.07469689
0.07455749
0.07451362
0.074497074
0.07399528
0.0739671
0.073874146
0.07372526
0.07356563
0.07356352
0.07351091
0.073164836
0.07282839
0.072706774
0.07267895
0.07264323
0.07263303
0.07260419
0.072598346
0.07247792
0.07245289
0.07242617
0.07236363
0.071957566
0.071944445
0.07190956
0.07186362
0.07169551
0.07169462
0.07168813
0.071671285
0.07165024
0.07153004
0.0713736
0.07132204
0.07124561
0.07124249
0.071144834
0.07107293
0.071063325
0.07090428
0.07079416
0.070780925
0.07074168
0.07056515
0.07055775
0.0705005
0.07049247
0.07048497
0.07042136
0.07036669
0.0701239
0.07009335
0.06992446
0.06983964
0.06935294
0.06918547
