[0.27862555]
[0.25214672]
[0.25028953]
[0.25027886]
[0.24879986]
[0.24658547]
[0.24463604]
[0.24145013]
[0.24001789]
[0.23937812]
[0.23849656]
[0.23734313]
[0.23721072]
[0.23570926]
[0.23467964]
[0.2344597]
[0.23406069]
[0.23262696]
[0.23108588]
[0.23076002]
[0.22963671]
[0.22929251]
[0.22846167]
[0.22784299]
[0.22732946]
[0.22711365]
[0.22637866]
[0.2262044]
[0.22605956]
[0.2259949]
[0.22529396]
[0.22415306]
[0.22411738]
[0.22406565]
[0.22291407]
[0.2225684]
[0.22240527]
[0.22101896]
[0.21983238]
[0.21975377]
[0.21941629]
[0.21900693]
[0.21840414]
[0.21826199]
[0.21769136]
[0.21748742]
[0.21738921]
[0.21734159]
[0.21732679]
[0.21696524]
[0.21644232]
[0.21633115]
[0.21625282]
[0.2159647]
[0.21582069]
[0.21419561]
[0.21401812]
[0.21386269]
[0.21384746]
[0.2131879]
[0.21310478]
[0.21308744]
[0.21202517]
[0.21191241]
[0.21184051]
[0.2118334]
[0.2113945]
[0.21099468]
[0.21069133]
[0.2105843]
[0.21054864]
[0.2103027]
[0.21002227]
[0.20990239]
[0.20966585]
[0.20966375]
[0.2095201]
[0.20932975]
[0.20926423]
[0.209212]
[0.20901226]
[0.2089059]
[0.20886266]
[0.20879683]
[0.20878372]
[0.20863098]
[0.20843214]
[0.20837925]
[0.20836027]
[0.20815392]
[0.20807585]
[0.20785359]
[0.20766892]
[0.20750305]
[0.20741878]
[0.20721756]
[0.20710976]
[0.2070132]
[0.20690991]
[0.2067475]
[0.20664512]
[0.20637892]
[0.20630555]
[0.20621924]
[0.20616427]
[0.20610198]
[0.20591164]
[0.20590569]
[0.20582898]
[0.205137]
[0.20500906]
[0.20484845]
[0.20445833]
[0.20441018]
[0.2043628]
[0.20426297]
[0.20409282]
[0.20404358]
[0.20402308]
[0.20399049]
[0.20378268]
[0.20373268]
[0.20363496]
[0.20362459]
[0.2035826]
[0.20346878]
[0.20342624]
[0.20342244]
[0.20339116]
[0.20333618]
[0.20321618]
[0.20307045]
[0.20292658]
[0.2028713]
[0.20282099]
[0.20262769]
[0.20247799]
[0.20231403]
[0.20221196]
[0.20221068]
[0.2021609]
[0.20210303]
[0.20208101]
[0.20205209]
[0.20201877]
[0.20197186]
[0.20193994]
[0.20176889]
[0.20166051]
[0.20160042]
[0.20153122]
[0.20151465]
[0.20143002]
[0.2009818]
[0.20072153]
[0.20058754]
[0.2005677]
[0.20049362]
[0.20036371]
[0.20028785]
[0.20028098]
[0.20023236]
[0.20018339]
[0.2001521]
[0.20002298]
[0.20001443]
[0.19998975]
[0.19973397]
[0.19939442]
[0.19931966]
[0.19924131]
[0.19917001]
[0.19902161]
[0.19895762]
[0.19894375]
[0.1987888]
[0.19852303]
[0.19849479]
[0.19847666]
[0.19813757]
[0.19805203]
[0.1979653]
[0.19766892]
[0.1976463]
[0.19749251]
[0.1974577]
[0.19744022]
[0.19738598]
[0.1973305]
[0.19726145]
[0.19710237]
[0.19682938]
[0.1967866]
[0.19663167]
[0.19659601]
[0.1965913]
[0.19655529]
[0.19645876]
[0.19638485]
[0.19626804]
[0.19608773]
[0.1959987]
[0.19596191]
[0.19593868]
[0.19592106]
[0.1958771]
[0.1958148]
[0.19574764]
[0.19571836]
[0.19556475]
[0.19556151]
[0.19551761]
[0.19550318]
[0.19544204]
[0.19533415]
[0.19532204]
[0.19511868]
[0.19510628]
[0.19501674]
[0.19496024]
[0.19495322]
[0.19485337]
[0.19483776]
[0.1948336]
[0.19476204]
[0.19471438]
[0.1947109]
[0.1947037]
[0.19445898]
[0.19432071]
[0.19431797]
[0.19431745]
[0.19424911]
[0.19419469]
[0.19411755]
[0.19400182]
[0.19390598]
[0.19372416]
[0.19362238]
[0.19360968]
[0.1935822]
[0.19353753]
[0.19348595]
[0.19348136]
[0.19345714]
[0.19345468]
[0.19344902]
[0.19321458]
[0.19319877]
[0.19316427]
[0.19314408]
[0.19314408]
[0.19312857]
[0.1931251]
[0.19293657]
[0.1929013]
[0.19289444]
[0.1928323]
[0.19280975]
[0.19273314]
[0.19259797]
[0.19259284]
[0.19253367]
[0.19238138]
[0.19237487]
[0.19236372]
[0.19235222]
[0.19233829]
[0.19207522]
[0.19193032]
[0.1919221]
[0.19190255]
[0.19188051]
[0.19186507]
[0.19180079]
[0.1917162]
[0.19169816]
[0.1916319]
[0.19154207]
[0.19154066]
[0.19148451]
[0.1914822]
[0.19147551]
[0.19144759]
[0.19140917]
[0.19137597]
[0.19137383]
[0.19122663]
[0.19119053]
[0.19109334]
[0.19102132]
[0.19099775]
[0.19096883]
[0.19092904]
[0.19088574]
[0.19087769]
[0.19070132]
[0.19067915]
[0.19067281]
[0.19061135]
[0.1905898]
[0.19056828]
[0.19054142]
[0.19054142]
[0.19053645]
[0.19047245]
[0.19043131]
[0.19039527]
[0.1903791]
[0.19037724]
[0.19033802]
[0.19027834]
[0.19024774]
[0.19023016]
[0.19020674]
[0.19017583]
[0.19013274]
[0.1900732]
[0.19006744]
[0.19002703]
[0.18990189]
[0.18987161]
[0.18983272]
[0.18977901]
[0.1897779]
[0.18972136]
[0.18969814]
[0.18968971]
[0.18961072]
[0.18960768]
[0.18958378]
[0.18957391]
[0.18952297]
[0.18950519]
[0.18945043]
[0.18936417]
[0.1893615]
[0.18926422]
[0.18925454]
[0.18925437]
[0.18913133]
[0.18907475]
[0.1889686]
[0.18896681]
[0.18891324]
[0.18886822]
[0.18885343]
[0.18882053]
[0.1887868]
[0.18877038]
[0.18876731]
[0.18875152]
[0.1886603]
[0.1885945]
[0.18856616]
[0.18855633]
[0.1885514]
[0.1885383]
[0.18843594]
[0.18838403]
[0.18836907]
[0.18836156]
[0.1883363]
[0.18831143]
[0.18820976]
[0.18804371]
[0.18802157]
[0.18799119]
[0.18796684]
[0.18793418]
[0.18792859]
[0.18787725]
[0.18785931]
[0.18783043]
[0.18780126]
[0.18779403]
[0.18779364]
[0.18777299]
[0.18776807]
[0.18770471]
[0.18768337]
[0.1876204]
[0.18756108]
[0.18755433]
[0.18753558]
[0.18752211]
[0.18750554]
[0.18750414]
[0.18747267]
[0.18744195]
[0.18742996]
[0.18738486]
[0.18730013]
[0.18725337]
[0.1872074]
[0.18715358]
[0.18712682]
[0.18708089]
[0.18705073]
[0.18704724]
[0.18697172]
[0.18695314]
[0.18687986]
[0.18685997]
[0.18682255]
[0.18679255]
[0.18676393]
[0.18674876]
[0.18674672]
[0.18672203]
[0.18669526]
[0.18662336]
[0.18657002]
[0.18652044]
[0.18650734]
[0.18650314]
[0.18648368]
[0.18646048]
[0.1864521]
[0.1864481]
[0.18639728]
[0.186336]
[0.18631153]
[0.1862848]
[0.18627888]
[0.18617296]
[0.18615668]
[0.18615668]
[0.18614224]
[0.18612617]
[0.18602228]
[0.186013]
[0.18600498]
[0.18600382]
[0.18594351]
[0.18593979]
[0.18593107]
[0.18592678]
[0.18591331]
[0.18586965]
[0.18586965]
[0.18586683]
[0.18586063]
[0.18583608]
[0.18581972]
[0.1858158]
[0.18579096]
[0.18578094]
[0.18576439]
[0.18576263]
[0.18573688]
[0.18572004]
[0.18547748]
[0.18547738]
[0.18546888]
[0.18545368]
[0.1854272]
[0.18541324]
[0.18537274]
[0.18536776]
[0.18534988]
[0.18534191]
[0.18529801]
[0.18525851]
[0.18524916]
[0.18518747]
[0.18517964]
[0.1851758]
[0.18515672]
[0.1850785]
[0.18503527]
[0.184948]
[0.18494396]
[0.18491745]
[0.18486486]
[0.18486233]
[0.18485057]
[0.1848224]
[0.18476015]
[0.18474342]
[0.18473235]
[0.18471423]
[0.18469515]
[0.18467715]
[0.18465127]
[0.18458414]
[0.1844575]
[0.18443783]
[0.1844254]
[0.18434516]
[0.18433626]
[0.18432851]
[0.18425359]
[0.18424453]
[0.18423131]
[0.18414779]
[0.18414432]
[0.18411815]
[0.18410973]
[0.18408425]
[0.18408054]
[0.18406011]
[0.18400218]
[0.18398]
[0.18393104]
[0.18392818]
[0.18388684]
[0.18385823]
[0.18385111]
[0.18378857]
[0.18378857]
[0.18378732]
[0.18376687]
[0.18371283]
[0.18367578]
[0.18366773]
[0.18365824]
[0.18364322]
[0.18363836]
[0.18362814]
[0.18362127]
[0.18361856]
[0.18360381]
[0.18358365]
[0.18357429]
[0.18352602]
[0.18349814]
[0.18342447]
[0.18340944]
[0.1833948]
[0.1833153]
[0.18328464]
[0.18326712]
[0.18322884]
[0.18319479]
[0.18317688]
[0.1831595]
[0.18315051]
[0.18315034]
[0.18314393]
[0.18309784]
[0.18308347]
[0.18305795]
[0.18305086]
[0.18302672]
[0.18302038]
[0.18301758]
[0.1829772]
[0.18296434]
[0.18295988]
[0.18295585]
[0.18292676]
[0.18292321]
[0.18290055]
[0.1828608]
[0.18284452]
[0.18278791]
[0.18271811]
[0.18270195]
[0.1827009]
[0.18267874]
[0.18267578]
[0.18265682]
[0.18265039]
[0.18263589]
[0.18261668]
[0.18256222]
[0.18255816]
[0.18254478]
[0.18254091]
[0.18252951]
[0.18251811]
[0.18250722]
[0.18247326]
[0.18244883]
[0.18243259]
[0.18240231]
[0.18235043]
[0.18234016]
[0.18233925]
[0.18229803]
[0.1822949]
[0.1822764]
[0.18227406]
[0.18226415]
[0.18221107]
[0.18220085]
[0.18218456]
[0.18211952]
[0.18207589]
[0.18207233]
[0.1820384]
[0.1820143]
[0.18201329]
[0.18198784]
[0.18198346]
[0.18192902]
[0.18191583]
[0.18191232]
[0.18190777]
[0.18189305]
[0.18185298]
[0.181851]
[0.1818238]
[0.18180773]
[0.1817998]
[0.18177253]
[0.18175793]
[0.18175058]
[0.18170539]
[0.18168716]
[0.18163781]
[0.1816081]
[0.18159552]
[0.18158758]
[0.18157658]
[0.18156244]
[0.18156074]
[0.18150975]
[0.18149002]
[0.18146405]
[0.18142025]
[0.18141454]
[0.18139109]
[0.18137915]
[0.18136603]
[0.1813651]
[0.18132962]
[0.18131031]
[0.18130298]
[0.18129885]
[0.18129767]
[0.18129344]
[0.18128629]
[0.18126033]
[0.18119976]
[0.1811476]
[0.18104471]
[0.1810141]
[0.18097311]
[0.18095568]
[0.18092941]
[0.18090285]
[0.18086325]
[0.18084256]
[0.18083726]
[0.18083511]
[0.18081735]
[0.18080693]
[0.18078913]
[0.18077286]
[0.18077119]
[0.18076593]
[0.18073322]
[0.18071306]
[0.18068968]
[0.18068767]
[0.18066177]
[0.18065609]
[0.18065432]
[0.18062845]
[0.18057875]
[0.18056014]
[0.18055801]
[0.18055137]
[0.18054625]
[0.18054093]
[0.18053478]
[0.18051903]
[0.18048054]
[0.18046713]
[0.18045671]
[0.18044652]
[0.18044591]
[0.18040252]
[0.18036033]
[0.18032905]
[0.18030646]
[0.18030222]
[0.18030052]
[0.18028487]
[0.18027404]
[0.1802716]
[0.18024102]
[0.18022288]
[0.18021883]
[0.18015815]
[0.18015705]
[0.18014222]
[0.18011965]
[0.18006958]
[0.18004727]
[0.18004376]
[0.18004234]
[0.18000656]
[0.17999336]
[0.1799906]
[0.1799791]
[0.17997478]
[0.17997277]
[0.17995568]
[0.17993033]
[0.1799277]
[0.17992492]
[0.17990875]
[0.17988846]
[0.17987198]
[0.17984396]
[0.17981379]
[0.17980802]
[0.17980802]
[0.17975901]
[0.17973506]
[0.17971654]
[0.17970642]
[0.17970316]
[0.1797008]
[0.17969416]
[0.1796888]
[0.17966847]
[0.17966744]
[0.17962764]
[0.17961878]
[0.17961265]
[0.17959607]
[0.1795881]
[0.17957906]
[0.17957018]
[0.17954423]
[0.17953825]
[0.17952529]
[0.17952377]
[0.17950022]
[0.17949063]
[0.17947966]
[0.17945659]
[0.17942429]
[0.17942415]
[0.17938146]
[0.17937472]
[0.17933856]
[0.17931584]
[0.17922594]
[0.17920998]
[0.17919643]
[0.1791783]
[0.1791506]
[0.17914844]
[0.17913558]
[0.17913114]
[0.17911999]
[0.17908387]
[0.1790678]
[0.17904393]
[0.17904095]
[0.17903353]
[0.17903328]
[0.17902675]
[0.17902523]
[0.17900816]
[0.17899695]
[0.17899597]
[0.17899138]
[0.17897177]
[0.17895873]
[0.17895447]
[0.17893435]
[0.17893282]
[0.17891908]
[0.17889452]
[0.17888135]
[0.17885594]
[0.1788526]
[0.1788526]
[0.17884791]
[0.17884704]
[0.17884378]
[0.17883831]
[0.17883417]
[0.17882371]
[0.17882165]
[0.178819]
[0.178799]
[0.17878927]
[0.17877677]
[0.17877114]
[0.17874058]
[0.17873937]
[0.17873368]
[0.17872377]
[0.1787078]
[0.17870703]
[0.17870614]
[0.1787044]
[0.17869537]
[0.17869483]
[0.1786917]
[0.1786804]
[0.1786763]
[0.17865506]
[0.17863028]
[0.17861998]
[0.17860734]
[0.17860633]
[0.1786028]
[0.17859823]
[0.17859171]
[0.17859147]
[0.17857294]
[0.17856969]
[0.17855084]
[0.17854984]
[0.17853722]
[0.17853513]
[0.17853338]
[0.17850511]
[0.17849272]
[0.17848773]
[0.17848107]
[0.17847846]
[0.17846902]
[0.17846209]
[0.17844532]
[0.17844497]
[0.17842889]
[0.17842717]
[0.17841509]
[0.17841464]
[0.17838559]
[0.17837548]
[0.17837378]
[0.17837065]
[0.17836882]
[0.17836285]
[0.17834987]
[0.1783253]
[0.17832093]
[0.17831938]
[0.1782852]
[0.17827244]
[0.17826955]
[0.17822516]
[0.178204]
[0.17819305]
[0.17818704]
[0.17816591]
[0.17813727]
[0.1781372]
[0.17813075]
[0.1781133]
[0.17806318]
[0.17805715]
[0.17805664]
[0.17802134]
[0.1779993]
[0.1779969]
[0.17795923]
[0.17794642]
[0.17785297]
[0.17783843]
[0.1778177]
[0.17781563]
[0.17780808]
[0.17780808]
[0.17779683]
[0.17779095]
[0.17777626]
[0.17773104]
[0.17772211]
[0.17771685]
[0.17771584]
[0.17768559]
[0.17766818]
[0.1776571]
[0.17765084]
[0.17757913]
[0.17757274]
[0.17755386]
[0.17752911]
[0.1774921]
[0.1774761]
[0.17743748]
[0.17743489]
[0.17743352]
[0.17742784]
[0.1774036]
[0.17738251]
[0.17738035]
[0.17736992]
[0.17736131]
[0.17734796]
[0.1773157]
[0.17727847]
[0.17727347]
[0.17726868]
[0.1772653]
[0.17726134]
[0.17725155]
[0.17722653]
[0.17722245]
[0.17720222]
[0.17719378]
[0.1771862]
[0.1771844]
[0.17717999]
[0.17717753]
[0.17715988]
[0.17715809]
[0.17714396]
[0.17712091]
[0.17709208]
[0.17705965]
[0.17704608]
[0.17703843]
[0.17702089]
[0.17700472]
[0.17699808]
[0.17699325]
[0.17699264]
[0.17695603]
[0.17694245]
[0.1769323]
[0.1769166]
[0.17691207]
[0.17691189]
[0.17689699]
[0.17688715]
[0.1768779]
[0.17685254]
[0.17685251]
[0.17685115]
[0.1767876]
[0.17676653]
[0.17676575]
[0.17676397]
[0.17675173]
[0.17671898]
[0.17670391]
[0.17669888]
[0.17668027]
[0.17667876]
[0.17666666]
[0.1766544]
[0.1766497]
[0.17664556]
[0.1766344]
[0.17662571]
[0.17661881]
[0.17661536]
[0.17661375]
[0.17660294]
[0.17659782]
[0.17659047]
[0.17657804]
[0.17656425]
[0.17656013]
[0.17655736]
[0.17651127]
[0.17651127]
[0.17650162]
[0.17650162]
[0.17647094]
[0.1764693]
[0.17645895]
[0.17645735]
[0.17644633]
[0.17642364]
[0.1764227]
[0.17637992]
[0.17637227]
[0.17635679]
[0.17632298]
[0.17629938]
[0.17628995]
[0.17627667]
[0.17624156]
[0.1762353]
[0.17617764]
[0.17617454]
[0.17616656]
[0.17613874]
[0.176118]
[0.17608848]
[0.1760833]
[0.17608282]
[0.17608207]
[0.17604499]
[0.17602852]
[0.17598987]
[0.17595829]
[0.17592794]
[0.1759182]
[0.17591782]
[0.17591509]
[0.17590448]
[0.17589872]
[0.17588949]
[0.17588492]
[0.1758847]
[0.17588311]
[0.17587207]
[0.17584214]
[0.17583136]
[0.17578185]
[0.17577723]
[0.1757405]
[0.17573912]
[0.1756898]
[0.17566611]
[0.17565483]
[0.17564915]
[0.17563838]
[0.17563692]
[0.17561597]
[0.17561543]
[0.17561235]
[0.17560205]
[0.17560129]
[0.17559114]
[0.17557476]
[0.17557175]
[0.17557162]
[0.17556334]
[0.17554553]
[0.17553802]
[0.17548516]
[0.175476]
[0.17547153]
[0.17546253]
[0.17540199]
[0.17539237]
[0.17536075]
[0.17535992]
[0.17535925]
[0.17534263]
[0.17533372]
[0.17533249]
[0.17531495]
[0.17531444]
[0.17531368]
[0.17528719]
[0.17526896]
[0.1752666]
[0.1752642]
[0.17523073]
[0.1752286]
[0.17522253]
[0.17521231]
[0.17519903]
[0.1751819]
[0.17517503]
[0.17516749]
[0.1751637]
[0.1751571]
[0.17512368]
[0.17512354]
[0.17511807]
[0.1751099]
[0.17510831]
[0.17510074]
[0.17509174]
[0.17508985]
[0.17508703]
[0.17507789]
[0.17506863]
[0.17506292]
[0.17503195]
[0.17502995]
[0.17501628]
[0.17500982]
[0.17500351]
[0.1749971]
[0.17498499]
[0.17498437]
[0.17497072]
[0.17492226]
[0.17489739]
[0.1748887]
[0.1748883]
[0.17488775]
[0.1748721]
[0.17486477]
[0.17485575]
[0.17481457]
[0.17479776]
[0.17477265]
[0.17476708]
[0.1747621]
[0.17473713]
[0.17473517]
[0.1747308]
[0.17469059]
[0.1746726]
[0.17467229]
[0.17466488]
[0.17466263]
[0.17464805]
[0.17464645]
[0.17464194]
[0.17464164]
[0.17463471]
[0.17459182]
[0.17457747]
[0.17457068]
[0.17457055]
[0.1745687]
[0.1745472]
[0.17453076]
[0.17451882]
[0.17451353]
[0.17449842]
[0.174498]
[0.1744908]
[0.17444685]
[0.17440525]
[0.17440155]
[0.1743768]
[0.17432867]
[0.17432155]
[0.17431726]
[0.17431395]
[0.1743112]
[0.17430694]
[0.17428498]
[0.17427391]
[0.17426927]
[0.174259]
[0.1742573]
[0.17425479]
[0.17425093]
[0.17423105]
[0.17422988]
[0.17422411]
[0.17417188]
[0.1741678]
[0.1741678]
[0.17414948]
[0.17414321]
[0.17414227]
[0.17412654]
[0.17411001]
[0.17410731]
[0.17410646]
[0.17410299]
[0.17409383]
[0.17408755]
[0.17408672]
[0.17406149]
[0.17406112]
[0.17406079]
[0.17406021]
[0.17404778]
[0.1740282]
[0.17400949]
[0.17400704]
[0.17400505]
[0.1739984]
[0.17399411]
[0.17398602]
[0.17394754]
[0.17394438]
[0.17391376]
[0.17388424]
[0.17388318]
[0.17385915]
[0.1738558]
[0.1738517]
[0.17385055]
[0.17383473]
[0.17383271]
[0.17383167]
[0.17382826]
[0.1738014]
[0.17379299]
[0.17376605]
[0.17376523]
[0.17375489]
[0.17372349]
[0.17369503]
[0.17368951]
[0.17365271]
[0.17364794]
[0.1736073]
[0.17359564]
[0.17359443]
[0.17359443]
[0.17358877]
[0.17358829]
[0.17355649]
[0.17354438]
[0.17354104]
[0.17354104]
[0.173493]
[0.1734704]
[0.17346431]
[0.17345512]
[0.17344987]
[0.17344773]
[0.17344366]
[0.17341432]
[0.1733994]
[0.17339665]
[0.17339322]
[0.17338845]
[0.17338383]
[0.17337912]
[0.17336738]
[0.17336527]
[0.1733623]
[0.1733525]
[0.1733491]
[0.17334677]
[0.17334677]
[0.17331268]
[0.17330517]
[0.17329942]
[0.17329887]
[0.17328203]
[0.17327416]
[0.17326044]
[0.173253]
[0.17323545]
[0.1732326]
[0.1732241]
[0.17320962]
[0.173206]
[0.1732002]
[0.17319724]
[0.17319702]
[0.17318088]
[0.17317057]
[0.17315146]
[0.17313723]
[0.17312844]
[0.17312548]
[0.17312127]
[0.1731147]
[0.17311053]
[0.17310679]
[0.17310359]
[0.17310236]
[0.17309909]
[0.17308798]
[0.1730732]
[0.17305736]
[0.17304732]
[0.17304732]
[0.1730435]
[0.17302568]
[0.17301953]
[0.1730194]
[0.17301701]
[0.17299446]
[0.17299227]
[0.17296597]
[0.17295098]
[0.17293288]
[0.17291328]
[0.1729091]
[0.17289977]
[0.17287853]
[0.17287844]
[0.17286797]
[0.17286472]
[0.17286418]
[0.17286022]
[0.17285271]
[0.17284006]
[0.17283794]
[0.17283149]
[0.17281127]
[0.1728004]
[0.17278053]
[0.17277691]
[0.17277598]
[0.17276809]
[0.17275892]
[0.17275847]
[0.17275369]
[0.17270572]
[0.17268322]
[0.17267962]
[0.17266165]
[0.17265527]
[0.17264783]
[0.17263514]
[0.17260781]
[0.17259592]
[0.17255464]
[0.17255077]
[0.1725354]
[0.17252266]
[0.17251962]
[0.17250967]
[0.1725039]
[0.1725022]
[0.17249951]
[0.17249195]
[0.17248276]
[0.17246749]
[0.17244661]
[0.17243835]
[0.17243284]
[0.17242737]
[0.1724044]
[0.17240158]
[0.17240128]
[0.17239536]
[0.17236093]
[0.17235856]
[0.17234978]
[0.17234063]
[0.17230862]
[0.17229398]
[0.17227717]
[0.17227624]
[0.17226875]
[0.17225587]
[0.17223972]
[0.17222553]
[0.172184]
[0.1721746]
[0.17216165]
[0.17215244]
[0.17214933]
[0.17214029]
[0.17213728]
[0.17210796]
[0.1721053]
[0.17209642]
[0.17208415]
[0.17206754]
[0.17206386]
[0.17204048]
[0.17203543]
[0.17200656]
[0.17200601]
[0.17197332]
[0.17197219]
[0.17195648]
[0.17194565]
[0.17194542]
[0.17194062]
[0.17189588]
[0.17189354]
[0.1718908]
[0.17187613]
[0.17186809]
[0.17186065]
[0.17185399]
[0.17184247]
[0.17183594]
[0.17182738]
[0.17182435]
[0.17182055]
[0.17181036]
[0.17180786]
[0.17179945]
[0.17179935]
[0.1717919]
[0.17179127]
[0.17177829]
[0.17176041]
[0.17173149]
[0.1717295]
[0.17170683]
[0.17169523]
[0.1716826]
[0.17167509]
[0.1716697]
[0.17166774]
[0.1716642]
[0.17165728]
[0.17164977]
[0.1716473]
[0.17161049]
[0.17159127]
[0.17155789]
[0.17154805]
[0.17154604]
[0.17153911]
[0.17152509]
[0.1715084]
[0.17150737]
[0.17150335]
[0.17148787]
[0.17148787]
[0.17148681]
[0.17144415]
[0.1713741]
[0.1713741]
[0.17136987]
[0.17135152]
[0.17131592]
[0.17130743]
[0.17129476]
[0.17128809]
[0.17127836]
[0.17126803]
[0.17126627]
[0.17122696]
[0.17122285]
[0.17122059]
[0.17117305]
[0.17113404]
[0.17112239]
[0.17111124]
[0.17110734]
[0.1710878]
[0.17107992]
[0.17107934]
[0.17106819]
[0.17105809]
[0.17105623]
[0.17104943]
[0.17104352]
[0.17103148]
[0.1710214]
[0.17101647]
[0.17101647]
[0.17101449]
[0.17100993]
[0.17099379]
[0.17097342]
[0.17095031]
[0.17091799]
[0.17091776]
[0.17091645]
[0.17091188]
[0.17089657]
[0.17089148]
[0.17088465]
[0.17087927]
[0.17087308]
[0.17084876]
[0.17084615]
[0.1708454]
[0.17084146]
[0.17084034]
[0.170831]
[0.17080444]
[0.17077893]
[0.17076011]
[0.17075808]
[0.1707552]
[0.17074825]
[0.1707419]
[0.17072783]
[0.17072599]
[0.1707099]
[0.17068478]
[0.17066415]
[0.17066385]
[0.17065066]
[0.17063777]
[0.17062643]
[0.17061709]
[0.17061213]
[0.17058904]
[0.17058066]
[0.1705712]
[0.1705512]
[0.17054996]
[0.17053817]
[0.170537]
[0.170537]
[0.170537]
[0.1705336]
[0.17052402]
[0.17048717]
[0.17045712]
[0.17045088]
[0.17043701]
[0.17043643]
[0.17042813]
[0.17041542]
[0.17041191]
[0.17039858]
[0.17038652]
[0.17035967]
[0.17035124]
[0.17033553]
[0.17032875]
[0.17031564]
[0.17030412]
[0.1703029]
[0.17028289]
[0.17026275]
[0.1702512]
[0.17025009]
[0.1702489]
[0.17024416]
[0.17023352]
[0.17023352]
[0.17023113]
[0.17023113]
[0.17022611]
[0.17021574]
[0.17020866]
[0.17018858]
[0.17017598]
[0.17015688]
[0.1701118]
[0.17008403]
[0.17007796]
[0.17006809]
[0.17002413]
[0.17001423]
[0.17000428]
[0.16999763]
[0.1699953]
[0.16998123]
[0.16994281]
[0.16993958]
[0.16993828]
[0.16993262]
[0.16992687]
[0.16991922]
[0.169916]
[0.16990384]
[0.16990335]
[0.16986933]
[0.16986836]
[0.16986573]
[0.16986533]
[0.16986524]
[0.16986072]
[0.16983533]
[0.16983034]
[0.16982226]
[0.16981502]
[0.16981065]
[0.16980658]
[0.1697979]
[0.16979778]
[0.16978513]
[0.16977324]
[0.16977133]
[0.16976425]
[0.16974193]
[0.16972657]
[0.16971032]
[0.16970228]
[0.16969556]
[0.16968517]
[0.16968238]
[0.16966973]
[0.16966838]
[0.16965851]
[0.16963813]
[0.16962953]
[0.16962428]
[0.16962075]
[0.16961008]
[0.16960417]
[0.16959578]
[0.16958976]
[0.16955934]
[0.16955526]
[0.16955064]
[0.16953835]
[0.16953413]
[0.16953157]
[0.16951156]
[0.16949287]
[0.16948104]
[0.16946067]
[0.1694555]
[0.16945514]
[0.16944979]
[0.16943437]
[0.16942105]
[0.16942026]
[0.16941747]
[0.16939852]
[0.16939496]
[0.16937378]
[0.16937086]
[0.16934356]
[0.16934343]
[0.1693347]
[0.16933401]
[0.16933005]
[0.1693184]
[0.16931617]
[0.16931465]
[0.16931233]
[0.16928782]
[0.16928667]
[0.16927187]
[0.16925718]
[0.16925693]
[0.16925178]
[0.16925044]
[0.1692453]
[0.16923]
[0.16922756]
[0.16922647]
[0.1692101]
[0.16920952]
[0.16919826]
[0.16919282]
[0.16919133]
[0.16917108]
[0.16914919]
[0.16914733]
[0.16912642]
[0.16911674]
[0.1691146]
[0.16907822]
[0.16906987]
[0.16906294]
[0.16905603]
[0.16905154]
[0.16905007]
[0.16904685]
[0.16902852]
[0.16901752]
[0.16901578]
[0.16901562]
[0.16900268]
[0.16900268]
[0.16900203]
[0.16899982]
[0.1689906]
[0.16898286]
[0.16898178]
[0.16897093]
[0.1689678]
[0.16896352]
[0.1689607]
[0.16895062]
[0.16895032]
[0.16894755]
[0.16894479]
[0.16893995]
[0.16893281]
[0.16893281]
[0.16892491]
[0.16891469]
[0.16890755]
[0.16890189]
[0.16889954]
[0.16885729]
[0.1688354]
[0.16882451]
[0.16882212]
[0.16881835]
[0.16879353]
[0.16877525]
[0.1687415]
[0.16873917]
[0.1687375]
[0.16873527]
[0.16871278]
[0.16870953]
[0.1687067]
[0.16870205]
[0.16865554]
[0.16864859]
[0.16864622]
[0.16860372]
[0.16859889]
[0.1685917]
[0.16858883]
[0.16858055]
[0.16857933]
[0.16857456]
[0.1685721]
[0.16856709]
[0.16856532]
[0.16855937]
[0.16855626]
[0.16852432]
[0.16851616]
[0.16851087]
[0.16850948]
[0.16850877]
[0.1685064]
[0.16850019]
[0.1684962]
[0.16849194]
[0.16848294]
[0.16847569]
[0.16847236]
[0.16846578]
[0.1684569]
[0.16845503]
[0.16845448]
[0.16844492]
[0.168443]
[0.16842623]
[0.16842309]
[0.16842297]
[0.16841939]
[0.16838679]
[0.16837195]
[0.16836959]
[0.16836694]
[0.1683631]
[0.16833954]
[0.16833812]
[0.16832878]
[0.16831514]
[0.16831046]
[0.1682981]
[0.16829391]
[0.16829005]
[0.16827273]
[0.16827248]
[0.16826138]
[0.16824786]
[0.16824341]
[0.16823207]
[0.16822678]
[0.1682239]
[0.16821238]
[0.16819693]
[0.1681947]
[0.16817272]
[0.16816908]
[0.16815828]
[0.1681527]
[0.16814674]
[0.1681459]
[0.16814412]
[0.16814291]
[0.16814122]
[0.16813812]
[0.168137]
[0.16813694]
[0.168127]
[0.16810262]
[0.16809265]
[0.16809222]
[0.16809222]
[0.1680899]
[0.1680882]
[0.1680842]
[0.1680791]
[0.16805653]
[0.16805555]
[0.16805339]
[0.16801007]
[0.16800737]
[0.16800709]
[0.16800332]
[0.16799966]
[0.16798952]
[0.16798604]
[0.16798314]
[0.16797104]
[0.1679654]
[0.16795297]
[0.16794844]
[0.16794746]
[0.16794041]
[0.16793092]
[0.16791779]
[0.1679106]
[0.16790673]
[0.1678987]
[0.16789687]
[0.16789673]
[0.16789646]
[0.16789031]
[0.16789028]
[0.16788958]
[0.16788758]
[0.16786957]
[0.16786277]
[0.16785218]
[0.16783969]
[0.1678384]
[0.16783802]
[0.1678284]
[0.16782512]
[0.16782512]
[0.16782476]
[0.16781935]
[0.1678047]
[0.16780366]
[0.16778183]
[0.16777128]
[0.1677651]
[0.16776122]
[0.16775218]
[0.16775143]
[0.16775028]
[0.1677415]
[0.16774137]
[0.1677362]
[0.16773283]
[0.1677305]
[0.16770512]
[0.16770473]
[0.16770165]
[0.16770041]
[0.16769281]
[0.16769046]
[0.16768657]
[0.1676817]
[0.16767795]
[0.16766743]
[0.16765465]
[0.16764046]
[0.1676348]
[0.16762541]
[0.1676205]
[0.16760184]
[0.16758454]
[0.16758312]
[0.16756229]
[0.16755797]
[0.1675465]
[0.16754507]
[0.16754274]
[0.16754]
[0.1675214]
[0.16751927]
[0.16750902]
[0.16750556]
[0.16750188]
[0.16749881]
[0.16749097]
[0.16748042]
[0.16747972]
[0.16747665]
[0.1674722]
[0.16746964]
[0.16745426]
[0.16745147]
[0.1674339]
[0.16742681]
[0.16742541]
[0.16742465]
[0.16738734]
[0.16736978]
[0.16736783]
[0.16736172]
[0.16734162]
[0.1673254]
[0.16732234]
[0.16729803]
[0.16729547]
[0.16729547]
[0.16729276]
[0.16728996]
[0.16728522]
[0.16728522]
[0.16726197]
[0.16726185]
[0.1672539]
[0.16724354]
[0.16724141]
[0.16724059]
[0.16723959]
[0.16723806]
[0.16723377]
[0.16723242]
[0.16723046]
[0.1672297]
[0.1672182]
[0.16721477]
[0.16721237]
[0.16719833]
[0.16719761]
[0.16719556]
[0.16718599]
[0.16715348]
[0.16713461]
[0.16712122]
[0.16711764]
[0.16711557]
[0.1671135]
[0.16710754]
[0.16710754]
[0.16709958]
[0.16709174]
[0.16708647]
[0.16707721]
[0.16707371]
[0.16706115]
[0.16704851]
[0.16702357]
[0.16702245]
[0.1670177]
[0.16699141]
[0.16699027]
[0.16698559]
[0.16696937]
[0.16696888]
[0.1669668]
[0.16692968]
[0.16691388]
[0.16691087]
[0.1669108]
[0.16690627]
[0.16690473]
[0.16689627]
[0.16688709]
[0.16686575]
[0.16684838]
[0.16684696]
[0.1668469]
[0.16684367]
[0.16684367]
[0.1668432]
[0.16684057]
[0.16683875]
[0.16683476]
[0.1668346]
[0.16683188]
[0.16682932]
[0.16682482]
[0.16682358]
[0.16681205]
[0.1667854]
[0.16676956]
[0.16676915]
[0.1667496]
[0.16674873]
[0.16673289]
[0.16672146]
[0.16671248]
[0.16671015]
[0.16669454]
[0.16669308]
[0.16668876]
[0.16668104]
[0.16667853]
[0.16666609]
[0.16665345]
[0.16664061]
[0.1666361]
[0.16662955]
[0.16661908]
[0.16661793]
[0.16661254]
[0.16660935]
[0.1665996]
[0.1665874]
[0.1665874]
[0.16657405]
[0.16655871]
[0.1665463]
[0.16652887]
[0.16652709]
[0.16651976]
[0.16651483]
[0.1665063]
[0.16649967]
[0.16647615]
[0.16647612]
[0.16645756]
[0.16645536]
[0.16644818]
[0.16644615]
[0.16642967]
[0.16642804]
[0.16642693]
[0.16639964]
[0.16638328]
[0.16638161]
[0.1663783]
[0.16636868]
[0.16636784]
[0.16635983]
[0.1663587]
[0.16635728]
[0.16634564]
[0.16634426]
[0.16634254]
[0.16632985]
[0.16631351]
[0.16630979]
[0.16629851]
[0.16629702]
[0.16628683]
[0.16628344]
[0.16628061]
[0.16627985]
[0.16627966]
[0.16627713]
[0.16626078]
[0.16623564]
[0.16622451]
[0.16621937]
[0.16620624]
[0.16620177]
[0.16620134]
[0.16618271]
[0.16615206]
[0.16613778]
[0.16612418]
[0.16611989]
[0.16611004]
[0.16610548]
[0.16610286]
[0.16609584]
[0.16609547]
[0.1660949]
[0.16608818]
[0.16607168]
[0.1660651]
[0.16606353]
[0.16606274]
[0.1660563]
[0.16604082]
[0.16603614]
[0.16603506]
[0.16603433]
[0.16603117]
[0.16602756]
[0.166018]
[0.16600578]
[0.16600429]
[0.16600268]
[0.16599366]
[0.16597643]
[0.16597511]
[0.16597503]
[0.16596846]
[0.16596834]
[0.16595516]
[0.16594091]
[0.16593428]
[0.1659335]
[0.16593243]
[0.16592146]
[0.16590525]
[0.1659033]
[0.16590077]
[0.16588424]
[0.16588166]
[0.16585805]
[0.16584896]
[0.16584472]
[0.16583796]
[0.16583744]
[0.16582821]
[0.16582754]
[0.16582619]
[0.16582271]
[0.16581991]
[0.16581929]
[0.16581826]
[0.16580674]
[0.16579252]
[0.16577317]
[0.16574538]
[0.16574365]
[0.1657413]
[0.1657369]
[0.16573296]
[0.16573249]
[0.16571128]
[0.16570742]
[0.16569965]
[0.16569519]
[0.16569377]
[0.16568811]
[0.16568509]
[0.16567908]
[0.1656763]
[0.16565941]
[0.1656431]
[0.16564149]
[0.16563238]
[0.16562626]
[0.16562495]
[0.16561845]
[0.16561417]
[0.1656061]
[0.1655955]
[0.1655856]
[0.16558537]
[0.16558419]
[0.16558221]
[0.16557655]
[0.16556577]
[0.16556458]
[0.16556315]
[0.16556008]
[0.16555744]
[0.16555575]
[0.1655535]
[0.16554569]
[0.16551979]
[0.16551884]
[0.16550887]
[0.16549021]
[0.16549]
[0.1654892]
[0.16548549]
[0.16548361]
[0.1654834]
[0.1654834]
[0.16547503]
[0.16546524]
[0.16546246]
[0.16546246]
[0.16545677]
[0.1654449]
[0.16544245]
[0.16542266]
[0.16540943]
[0.16538973]
[0.1653887]
[0.1653788]
[0.16536564]
[0.16535671]
[0.16533643]
[0.16532587]
[0.16532563]
[0.16532332]
[0.16531539]
[0.16531076]
[0.16530606]
[0.16530535]
[0.16529666]
[0.16528966]
[0.16527985]
[0.16527797]
[0.16527636]
[0.16527618]
[0.16527618]
[0.16525534]
[0.16525103]
[0.1652501]
[0.16524816]
[0.16524608]
[0.1652409]
[0.16522904]
[0.16522875]
[0.16522542]
[0.16522507]
[0.16521177]
[0.16520947]
[0.16520363]
[0.16519715]
[0.16519715]
[0.16518891]
[0.16518752]
[0.16518748]
[0.16518213]
[0.16518117]
[0.16517574]
[0.1651585]
[0.16515565]
[0.1651515]
[0.16514958]
[0.16514732]
[0.16514589]
[0.1651413]
[0.16513482]
[0.16513258]
[0.16512646]
[0.1651035]
[0.16509901]
[0.16508465]
[0.16507627]
[0.16506909]
[0.16505185]
[0.16503687]
[0.1650068]
[0.16500533]
[0.16500255]
[0.16500093]
[0.16499646]
[0.16498902]
[0.1649723]
[0.16496506]
[0.16496445]
[0.164957]
[0.16495647]
[0.16495325]
[0.16490217]
[0.16489619]
[0.16489388]
[0.1648925]
[0.1648658]
[0.16486333]
[0.16486086]
[0.16484621]
[0.1648435]
[0.16484147]
[0.1648403]
[0.16483311]
[0.16481677]
[0.16481519]
[0.16481033]
[0.1648047]
[0.16479747]
[0.16479276]
[0.16479242]
[0.16477267]
[0.16475138]
[0.16474342]
[0.1647409]
[0.16473852]
[0.16473827]
[0.16472839]
[0.16470966]
[0.16470739]
[0.16470608]
[0.16468848]
[0.16468525]
[0.16467938]
[0.16467206]
[0.16466598]
[0.16466418]
[0.16466345]
[0.16466112]
[0.16465557]
[0.1646525]
[0.16464175]
[0.16463858]
[0.16463469]
[0.16462632]
[0.1646235]
[0.16462304]
[0.16462235]
[0.16460723]
[0.16460373]
[0.16459844]
[0.16459103]
[0.16458623]
[0.16457854]
[0.16457586]
[0.16456941]
[0.16455406]
[0.16454795]
[0.16454087]
[0.1645394]
[0.16452207]
[0.16452149]
[0.16451485]
[0.16449477]
[0.16448128]
[0.16447991]
[0.1644679]
[0.16446282]
[0.16445227]
[0.16444804]
[0.1644423]
[0.16441625]
[0.1644162]
[0.16441394]
[0.1643997]
[0.16439393]
[0.16439393]
[0.16439167]
[0.16439125]
[0.16438882]
[0.16438329]
[0.16438022]
[0.16438001]
[0.16436717]
[0.1643645]
[0.16435485]
[0.16435142]
[0.16435142]
[0.16433768]
[0.1643315]
[0.1643315]
[0.16429739]
[0.16427968]
[0.16427816]
[0.16427346]
[0.1642726]
[0.16427004]
[0.16426204]
[0.1642519]
[0.16425017]
[0.16423073]
[0.16422932]
[0.16422144]
[0.1642211]
[0.16421464]
[0.16420932]
[0.16420263]
[0.16419779]
[0.16418348]
[0.16416234]
[0.16415207]
[0.16414404]
[0.16413878]
[0.16413781]
[0.16413562]
[0.16413048]
[0.16412795]
[0.16411322]
[0.16410421]
[0.16410264]
[0.1641006]
[0.16409566]
[0.16409451]
[0.16408281]
[0.16407986]
[0.16404432]
[0.16404285]
[0.1640298]
[0.16401559]
[0.16400754]
[0.16400598]
[0.16400018]
[0.1639958]
[0.16399108]
[0.16398837]
[0.16398685]
[0.16398339]
[0.16397855]
[0.16395946]
[0.16394639]
[0.16393796]
[0.1639354]
[0.1639354]
[0.16393234]
[0.16391575]
[0.1639143]
[0.16391215]
[0.16390741]
[0.16389613]
[0.16389129]
[0.16388571]
[0.16385615]
[0.16385211]
[0.16384555]
[0.16383307]
[0.1638264]
[0.16382179]
[0.1638216]
[0.16381916]
[0.16381183]
[0.1638087]
[0.16380346]
[0.1637963]
[0.16379513]
[0.16379282]
[0.16378923]
[0.16377534]
[0.16377129]
[0.16376656]
[0.16374819]
[0.16374703]
[0.16374359]
[0.16373996]
[0.16373432]
[0.16373406]
[0.16373406]
[0.16373089]
[0.16372319]
[0.16372211]
[0.1637203]
[0.16371642]
[0.1637097]
[0.16369152]
[0.16368933]
[0.16367814]
[0.16367814]
[0.16365914]
[0.16365744]
[0.16364552]
[0.16364186]
[0.16363671]
[0.16362737]
[0.16361474]
[0.16360985]
[0.1636]
[0.16359548]
[0.16359167]
[0.16358517]
[0.16358131]
[0.16357748]
[0.16357161]
[0.16357043]
[0.16356559]
[0.1635622]
[0.16355814]
[0.163558]
[0.16355781]
[0.16354676]
[0.16353704]
[0.16353641]
[0.16352993]
[0.1635217]
[0.16351297]
[0.1635032]
[0.16349633]
[0.16349299]
[0.16349272]
[0.16348623]
[0.16347773]
[0.16347733]
[0.16346183]
[0.16346017]
[0.16345933]
[0.16344714]
[0.16344608]
[0.16344282]
[0.16343975]
[0.16343135]
[0.16341412]
[0.16339909]
[0.16339806]
[0.16337846]
[0.16337799]
[0.16335614]
[0.16335614]
[0.16334446]
[0.16334262]
[0.1633086]
[0.16330859]
[0.16330618]
[0.16329125]
[0.16328469]
[0.1632721]
[0.16325665]
[0.16325007]
[0.16324662]
[0.16323867]
[0.16321705]
[0.16321206]
[0.16320647]
[0.16320635]
[0.16319622]
[0.1631921]
[0.16318868]
[0.16318339]
[0.16318195]
[0.16318065]
[0.1631423]
[0.16314144]
[0.16313672]
[0.16313188]
[0.16312528]
[0.16312456]
[0.16312104]
[0.16310845]
[0.16310503]
[0.16309571]
[0.16308971]
[0.16308355]
[0.16307591]
[0.1630647]
[0.1630647]
[0.16305749]
[0.1630574]
[0.16305362]
[0.16305004]
[0.16303897]
[0.16302879]
[0.16301863]
[0.1630094]
[0.16300693]
[0.16300486]
[0.16300091]
[0.1629981]
[0.16298364]
[0.16298205]
[0.16298021]
[0.16297893]
[0.16297762]
[0.16297077]
[0.16296837]
[0.16296488]
[0.1629604]
[0.16294788]
[0.16293861]
[0.1629371]
[0.16293073]
[0.16292837]
[0.1629236]
[0.16291836]
[0.16290888]
[0.16290605]
[0.16289955]
[0.16289906]
[0.16289714]
[0.162889]
[0.16288862]
[0.16287456]
[0.16287233]
[0.16286671]
[0.16285872]
[0.16285424]
[0.16284868]
[0.16284087]
[0.16283646]
[0.16283341]
[0.16283318]
[0.16281849]
[0.16281176]
[0.16281176]
[0.16281101]
[0.16280796]
[0.1628055]
[0.16280203]
[0.16279465]
[0.1627921]
[0.16278993]
[0.16278984]
[0.16278452]
[0.16277573]
[0.16277346]
[0.16277312]
[0.16277058]
[0.16276823]
[0.16275966]
[0.16275318]
[0.1627495]
[0.16274908]
[0.16272599]
[0.16272414]
[0.16271412]
[0.16270532]
[0.16268511]
[0.1626802]
[0.16267857]
[0.16265197]
[0.16265038]
[0.16264208]
[0.16264082]
[0.16263781]
[0.16263051]
[0.16262278]
[0.1626216]
[0.16261086]
[0.1626098]
[0.16259617]
[0.1625957]
[0.16258998]
[0.16258736]
[0.16258295]
[0.16257553]
[0.16256431]
[0.16255772]
[0.16254719]
[0.16254638]
[0.1625462]
[0.16254605]
[0.16254565]
[0.16252828]
[0.1625149]
[0.16251025]
[0.16250934]
[0.16249794]
[0.16248903]
[0.16248691]
[0.16248687]
[0.16248466]
[0.16248427]
[0.16248073]
[0.16247393]
[0.16247244]
[0.16247119]
[0.16247056]
[0.16246901]
[0.16246182]
[0.16246103]
[0.16244356]
[0.16243346]
[0.1624275]
[0.16242729]
[0.16241655]
[0.16240694]
[0.16240396]
[0.16240206]
[0.16239914]
[0.16239433]
[0.1623919]
[0.16239141]
[0.16238825]
[0.16238655]
[0.16238317]
[0.16237113]
[0.16235624]
[0.16235586]
[0.16235167]
[0.1623425]
[0.16233267]
[0.16233137]
[0.16232768]
[0.16232635]
[0.16231835]
[0.16231465]
[0.16230981]
[0.16230212]
[0.1622919]
[0.16228634]
[0.16228634]
[0.16227634]
[0.16227524]
[0.16227454]
[0.16227451]
[0.16227202]
[0.16226338]
[0.16223314]
[0.16221665]
[0.16221313]
[0.16221121]
[0.1622062]
[0.16220546]
[0.16220178]
[0.16220148]
[0.16218606]
[0.16218433]
[0.16218242]
[0.16217831]
[0.16217178]
[0.16215853]
[0.16215837]
[0.1621513]
[0.16214542]
[0.16214155]
[0.16213638]
[0.16213167]
[0.16212116]
[0.16211824]
[0.16211605]
[0.16211243]
[0.16210143]
[0.16209576]
[0.16209264]
[0.16208823]
[0.16208163]
[0.16207066]
[0.16205429]
[0.16205429]
[0.16204405]
[0.16203278]
[0.1620324]
[0.16202973]
[0.16202837]
[0.16202348]
[0.16201596]
[0.16201347]
[0.16201085]
[0.16197577]
[0.16197048]
[0.16196185]
[0.16195653]
[0.16195562]
[0.16195337]
[0.16195254]
[0.16195214]
[0.16194128]
[0.16188972]
[0.16188516]
[0.16187933]
[0.16186348]
[0.16186348]
[0.16185705]
[0.16185471]
[0.16184033]
[0.16183579]
[0.16182667]
[0.16182311]
[0.1618205]
[0.1618154]
[0.16181089]
[0.1618105]
[0.16180934]
[0.16180567]
[0.16180399]
[0.16178526]
[0.16177858]
[0.16176045]
[0.16175568]
[0.16174297]
[0.1617337]
[0.1617328]
[0.1617316]
[0.16173089]
[0.16172487]
[0.16172266]
[0.16170682]
[0.16169888]
[0.1616838]
[0.16168298]
[0.16168159]
[0.16168107]
[0.16167803]
[0.16167802]
[0.1616691]
[0.16166759]
[0.1616671]
[0.16166142]
[0.1616571]
[0.16165274]
[0.16165024]
[0.16163883]
[0.16163674]
[0.16162673]
[0.16161878]
[0.16158557]
[0.16157955]
[0.16156773]
[0.16156773]
[0.16156432]
[0.16155216]
[0.16155206]
[0.16154939]
[0.16154206]
[0.1615404]
[0.16153468]
[0.1615224]
[0.16151087]
[0.16151087]
[0.16150028]
[0.16149767]
[0.1614884]
[0.16148631]
[0.16148391]
[0.16148305]
[0.16148157]
[0.1614669]
[0.16145217]
[0.16145097]
[0.16143046]
[0.16142847]
[0.16142803]
[0.1614186]
[0.1614185]
[0.16140606]
[0.16140443]
[0.16140254]
[0.16139947]
[0.16139723]
[0.16138712]
[0.1613795]
[0.16137348]
[0.16137056]
[0.16137002]
[0.16137002]
[0.16136168]
[0.16135974]
[0.16135947]
[0.16135433]
[0.16134788]
[0.1613166]
[0.1613062]
[0.1613059]
[0.1613059]
[0.1612893]
[0.161289]
[0.16127762]
[0.16127583]
[0.1612715]
[0.1612715]
[0.16126573]
[0.16125377]
[0.16125005]
[0.16124588]
[0.16124569]
[0.16124055]
[0.16124055]
[0.1612279]
[0.16120793]
[0.16120522]
[0.16120458]
[0.16119918]
[0.1611981]
[0.16119456]
[0.16119353]
[0.16119301]
[0.16116685]
[0.16116685]
[0.16115925]
[0.1611536]
[0.16115196]
[0.16115184]
[0.16114862]
[0.1611469]
[0.16114539]
[0.1611427]
[0.16113882]
[0.16113047]
[0.16112162]
[0.16109316]
[0.1610824]
[0.16108073]
[0.1610716]
[0.1610716]
[0.16106865]
[0.16106223]
[0.16106102]
[0.1610457]
[0.16103666]
[0.16102087]
[0.1610188]
[0.16101605]
[0.16101417]
[0.16101094]
[0.16101088]
[0.16100216]
[0.16100167]
[0.16100113]
[0.16099545]
[0.16099465]
[0.16098584]
[0.16098472]
[0.16098437]
[0.16098051]
[0.16096231]
[0.16094954]
[0.16094492]
[0.1609445]
[0.1609413]
[0.16093011]
[0.16092971]
[0.16092911]
[0.1609187]
[0.16091523]
[0.16091089]
[0.16088612]
[0.16087757]
[0.16087306]
[0.16083263]
[0.16082594]
[0.1608234]
[0.16082096]
[0.16080354]
[0.16079566]
[0.16078812]
[0.16078706]
[0.1607855]
[0.16078345]
[0.16074003]
[0.16073884]
[0.16072914]
[0.16072336]
[0.16072182]
[0.16071947]
[0.1607141]
[0.16071394]
[0.16071187]
[0.16071163]
[0.16070628]
[0.16070527]
[0.16067907]
[0.16067861]
[0.16067259]
[0.1606675]
[0.1606611]
[0.16065417]
[0.16064344]
[0.16063784]
[0.16063358]
[0.16062227]
[0.16062218]
[0.16062056]
[0.16062056]
[0.16061781]
[0.1606098]
[0.16060822]
[0.16059484]
[0.16059189]
[0.16058077]
[0.16057311]
[0.1605629]
[0.16055146]
[0.16054513]
[0.16054226]
[0.1605365]
[0.16053428]
[0.1605075]
[0.16050677]
[0.16050236]
[0.1604854]
[0.16048314]
[0.16048281]
[0.16047294]
[0.16046819]
[0.1604587]
[0.16045511]
[0.16045313]
[0.16044907]
[0.16044666]
[0.16043639]
[0.16043116]
[0.16042991]
[0.16042905]
[0.1604282]
[0.1604282]
[0.16042745]
[0.160424]
[0.160424]
[0.16041975]
[0.16041827]
[0.16041417]
[0.16041407]
[0.1604136]
[0.16041301]
[0.16040286]
[0.1604011]
[0.16039981]
[0.16039434]
[0.16039315]
[0.16039068]
[0.16037953]
[0.16036434]
[0.160362]
[0.16035785]
[0.16035508]
[0.16035463]
[0.16034366]
[0.16033252]
[0.16030262]
[0.16030182]
[0.16029984]
[0.16029613]
[0.16029444]
[0.16029042]
[0.16027567]
[0.16027343]
[0.16027088]
[0.16026808]
[0.1602658]
[0.16026455]
[0.16026275]
[0.1602622]
[0.16025752]
[0.16024765]
[0.16024403]
[0.16024157]
[0.16023389]
[0.16023389]
[0.16021514]
[0.1602037]
[0.16019772]
[0.16019678]
[0.16019364]
[0.16019093]
[0.1601801]
[0.16017134]
[0.16016422]
[0.160158]
[0.16015592]
[0.16014545]
[0.16014507]
[0.16014096]
[0.16013716]
[0.16013037]
[0.16013037]
[0.16012824]
[0.16012387]
[0.16011311]
[0.1601106]
[0.16010807]
[0.1600987]
[0.16009742]
[0.16009313]
[0.16008049]
[0.16007873]
[0.16006224]
[0.16006057]
[0.16005982]
[0.16005751]
[0.16001862]
[0.16000153]
[0.15998867]
[0.1599777]
[0.15997022]
[0.15996914]
[0.15996529]
[0.15996458]
[0.15996145]
[0.15995805]
[0.1599569]
[0.15995044]
[0.15994741]
[0.15994714]
[0.1599355]
[0.15990156]
[0.15989909]
[0.15989068]
[0.15988809]
[0.15988787]
[0.15987426]
[0.15986742]
[0.15986477]
[0.15986301]
[0.15986016]
[0.1598595]
[0.15985925]
[0.15983646]
[0.15983473]
[0.1598324]
[0.15982836]
[0.15982556]
[0.15982115]
[0.15981568]
[0.15979756]
[0.1597919]
[0.1597919]
[0.15979108]
[0.1597792]
[0.15977351]
[0.15977101]
[0.15976511]
[0.15975955]
[0.15974681]
[0.15973806]
[0.15973358]
[0.15972778]
[0.15971097]
[0.15970993]
[0.1597063]
[0.15970251]
[0.1597002]
[0.15969989]
[0.1596976]
[0.15969485]
[0.15969004]
[0.15968838]
[0.15968627]
[0.15968011]
[0.15967338]
[0.1596713]
[0.15965177]
[0.15964665]
[0.1596239]
[0.15961534]
[0.15961464]
[0.1596113]
[0.15960476]
[0.15959331]
[0.15958709]
[0.1595741]
[0.15956715]
[0.15955643]
[0.15955049]
[0.15954088]
[0.15953691]
[0.15953627]
[0.15953566]
[0.15952754]
[0.15952398]
[0.15952395]
[0.15951057]
[0.15951036]
[0.15950881]
[0.15950139]
[0.15949517]
[0.15948462]
[0.15947944]
[0.15947746]
[0.15947619]
[0.15946954]
[0.15946303]
[0.1594615]
[0.15946059]
[0.15945275]
[0.15944375]
[0.15942101]
[0.15941985]
[0.15940413]
[0.15939388]
[0.15938488]
[0.15938412]
[0.15937649]
[0.15937649]
[0.15937364]
[0.15937363]
[0.15937363]
[0.1593703]
[0.15936552]
[0.15936287]
[0.15935743]
[0.15934655]
[0.15934117]
[0.15933664]
[0.1593356]
[0.15932338]
[0.15931952]
[0.15931581]
[0.1593155]
[0.1593098]
[0.15930076]
[0.1592976]
[0.15929559]
[0.15929231]
[0.15929016]
[0.15928908]
[0.15928666]
[0.15926063]
[0.15925887]
[0.15925395]
[0.15925056]
[0.15925027]
[0.15924308]
[0.15923333]
[0.15923268]
[0.1592314]
[0.15923053]
[0.15922703]
[0.15922637]
[0.15922177]
[0.15921947]
[0.1592175]
[0.15921026]
[0.15920468]
[0.15920284]
[0.15919545]
[0.15919083]
[0.159185]
[0.15918425]
[0.15918285]
[0.15917948]
[0.15915886]
[0.15915592]
[0.15915509]
[0.15915294]
[0.15914467]
[0.15913294]
[0.15912893]
[0.15912165]
[0.15911949]
[0.15910985]
[0.15910769]
[0.15910226]
[0.15910143]
[0.15909296]
[0.1590837]
[0.15908329]
[0.1590799]
[0.15907529]
[0.1590747]
[0.15906543]
[0.15906288]
[0.15906243]
[0.15905455]
[0.15905419]
[0.15904976]
[0.15904933]
[0.15904766]
[0.15904604]
[0.1590437]
[0.15904342]
[0.15904188]
[0.15904094]
[0.15903787]
[0.1590261]
[0.1590135]
[0.15900055]
[0.15899858]
[0.15899032]
[0.1589861]
[0.15898359]
[0.15897882]
[0.15897742]
[0.1589714]
[0.15893407]
[0.15893362]
[0.15893094]
[0.15892434]
[0.15891929]
[0.15890718]
[0.15890706]
[0.15890346]
[0.15890324]
[0.1588996]
[0.1588935]
[0.15887111]
[0.15885945]
[0.15883513]
[0.15883484]
[0.15883045]
[0.15882543]
[0.15881619]
[0.15880959]
[0.1588071]
[0.15880124]
[0.15879336]
[0.15878893]
[0.15878344]
[0.15877752]
[0.15877524]
[0.15875578]
[0.1587459]
[0.15874022]
[0.15873049]
[0.15872632]
[0.15872632]
[0.15872206]
[0.15871048]
[0.15871048]
[0.15869994]
[0.15869886]
[0.15869687]
[0.1586858]
[0.15868469]
[0.15868074]
[0.15867239]
[0.1586619]
[0.15865964]
[0.15865213]
[0.1586449]
[0.15863927]
[0.15863666]
[0.15863232]
[0.15862752]
[0.15862533]
[0.15861772]
[0.15861025]
[0.15860306]
[0.15858763]
[0.15858495]
[0.15857977]
[0.15857127]
[0.15856832]
[0.15855047]
[0.15854484]
[0.1585415]
[0.15853776]
[0.1585327]
[0.15853053]
[0.15852952]
[0.15852952]
[0.15852727]
[0.15852372]
[0.1585234]
[0.15852028]
[0.15851736]
[0.15851158]
[0.15850845]
[0.15850782]
[0.15850535]
[0.15849434]
[0.15849355]
[0.15849237]
[0.15849067]
[0.15848558]
[0.15848252]
[0.15847333]
[0.15845376]
[0.15845227]
[0.15844864]
[0.15844648]
[0.15843567]
[0.15842868]
[0.158424]
[0.1584156]
[0.1584135]
[0.1584135]
[0.15840901]
[0.15840696]
[0.15839359]
[0.15838459]
[0.15838253]
[0.15838099]
[0.15836436]
[0.15836202]
[0.15835828]
[0.15835387]
[0.15835255]
[0.15834421]
[0.15833746]
[0.15833375]
[0.15832934]
[0.15832575]
[0.15832406]
[0.1583065]
[0.15829541]
[0.1582913]
[0.15828271]
[0.15828022]
[0.15826938]
[0.15826899]
[0.1582667]
[0.15825075]
[0.15824504]
[0.15824096]
[0.15823504]
[0.1582349]
[0.15823215]
[0.15821612]
[0.15820467]
[0.15820232]
[0.158192]
[0.15818802]
[0.15817326]
[0.15816927]
[0.15816495]
[0.15814489]
[0.15814489]
[0.15813705]
[0.15813705]
[0.15812488]
[0.1581216]
[0.15810366]
[0.15809198]
[0.15808417]
[0.15807447]
[0.15807253]
[0.1580674]
[0.15806365]
[0.15805961]
[0.15803735]
[0.15803735]
[0.15803558]
[0.15802327]
[0.15801647]
[0.15801647]
[0.15801279]
[0.15799858]
[0.15799674]
[0.15799595]
[0.15799591]
[0.15799212]
[0.15798429]
[0.15795898]
[0.15794674]
[0.15794405]
[0.1579437]
[0.15793698]
[0.15793657]
[0.1579365]
[0.1579333]
[0.15792401]
[0.15792122]
[0.15790926]
[0.15788138]
[0.15787168]
[0.15786292]
[0.15785903]
[0.15785903]
[0.1578589]
[0.15785338]
[0.15785314]
[0.15784518]
[0.15784203]
[0.15784203]
[0.15784098]
[0.15782942]
[0.15782878]
[0.15782076]
[0.15781063]
[0.15780604]
[0.15780526]
[0.15780433]
[0.15779793]
[0.15779585]
[0.15779333]
[0.1577907]
[0.15778427]
[0.15778413]
[0.15778276]
[0.15778166]
[0.1577726]
[0.15776712]
[0.15775797]
[0.15775464]
[0.15775299]
[0.15774284]
[0.15773875]
[0.15773539]
[0.157735]
[0.15773483]
[0.15773422]
[0.15772566]
[0.15772304]
[0.15772189]
[0.1577166]
[0.15771422]
[0.15771008]
[0.15770292]
[0.15770273]
[0.15770094]
[0.15770048]
[0.15769318]
[0.15769258]
[0.15768498]
[0.15768279]
[0.15768172]
[0.15767087]
[0.15766628]
[0.1576445]
[0.15763964]
[0.15763131]
[0.15762405]
[0.15761776]
[0.15759166]
[0.15758799]
[0.15758738]
[0.15758145]
[0.15756567]
[0.15756035]
[0.15754896]
[0.15754546]
[0.15754472]
[0.15754105]
[0.15753883]
[0.15752582]
[0.15751265]
[0.15751265]
[0.1575076]
[0.15748948]
[0.15748465]
[0.15746999]
[0.15746763]
[0.157461]
[0.15745561]
[0.15745421]
[0.15745126]
[0.15745115]
[0.15744548]
[0.15744413]
[0.15744413]
[0.15743455]
[0.15743126]
[0.1573955]
[0.15738967]
[0.1573877]
[0.15738685]
[0.15738606]
[0.1573834]
[0.15738203]
[0.15737662]
[0.15737662]
[0.15737171]
[0.15737163]
[0.15736559]
[0.15736304]
[0.15736304]
[0.15736054]
[0.15734956]
[0.1573486]
[0.15734722]
[0.15734416]
[0.15734388]
[0.15734257]
[0.15733469]
[0.15732996]
[0.15729345]
[0.15729345]
[0.15729345]
[0.15728968]
[0.15727288]
[0.15726577]
[0.15726298]
[0.15724944]
[0.15724583]
[0.15723796]
[0.15722682]
[0.15721494]
[0.15720981]
[0.15720852]
[0.15720631]
[0.15719181]
[0.15719078]
[0.15718852]
[0.15718818]
[0.15718576]
[0.15718503]
[0.1571752]
[0.15717357]
[0.15717341]
[0.15715669]
[0.1571452]
[0.15713702]
[0.15712261]
[0.15710579]
[0.1571048]
[0.1571032]
[0.15710007]
[0.15707235]
[0.15706472]
[0.15706347]
[0.15705647]
[0.15705581]
[0.15704888]
[0.15704271]
[0.15704192]
[0.15704156]
[0.15703247]
[0.15703247]
[0.15702946]
[0.15702674]
[0.1570195]
[0.15701541]
[0.15701161]
[0.15700412]
[0.15699802]
[0.15699257]
[0.15698221]
[0.15697512]
[0.15697512]
[0.15696855]
[0.156968]
[0.15696523]
[0.156955]
[0.15695465]
[0.15694313]
[0.1569033]
[0.1568987]
[0.1568943]
[0.15689325]
[0.15688169]
[0.15688115]
[0.15687971]
[0.1568714]
[0.15686685]
[0.15686452]
[0.15685895]
[0.15684243]
[0.15683678]
[0.15682414]
[0.15682334]
[0.15681612]
[0.1568103]
[0.15679784]
[0.15679711]
[0.1567964]
[0.15679565]
[0.15679292]
[0.15679286]
[0.15679142]
[0.15677914]
[0.15676877]
[0.15676054]
[0.15675981]
[0.15675907]
[0.15674148]
[0.15671095]
[0.15670954]
[0.15670954]
[0.15669638]
[0.15669638]
[0.15669638]
[0.15669444]
[0.1566876]
[0.15668714]
[0.15668657]
[0.15667892]
[0.1566589]
[0.1566589]
[0.1566589]
[0.1566563]
[0.15665278]
[0.15664993]
[0.15664868]
[0.1566475]
[0.1566475]
[0.15663968]
[0.15663967]
[0.15663512]
[0.15663381]
[0.15662259]
[0.15661442]
[0.15661146]
[0.15659855]
[0.15659855]
[0.15657496]
[0.15656917]
[0.15656433]
[0.15656155]
[0.15655637]
[0.15654899]
[0.15651934]
[0.15651071]
[0.15650995]
[0.15650132]
[0.15649708]
[0.1564893]
[0.15648617]
[0.15648419]
[0.15648127]
[0.15647744]
[0.15647665]
[0.15645184]
[0.15644068]
[0.15644068]
[0.15643919]
[0.15643841]
[0.1564382]
[0.15643299]
[0.15643252]
[0.15642698]
[0.1564201]
[0.15641838]
[0.15641132]
[0.15640377]
[0.15640275]
[0.15639828]
[0.15638997]
[0.15638718]
[0.15638308]
[0.15638304]
[0.15637624]
[0.15636712]
[0.15636685]
[0.15636382]
[0.15632802]
[0.15632686]
[0.15629809]
[0.15628715]
[0.15628298]
[0.15627769]
[0.15627323]
[0.15626998]
[0.1562633]
[0.15625876]
[0.1562547]
[0.15624389]
[0.15623368]
[0.15623148]
[0.15623122]
[0.1562306]
[0.15622501]
[0.15622184]
[0.15621647]
[0.15621509]
[0.15620594]
[0.15620288]
[0.15619823]
[0.15618038]
[0.15617976]
[0.15616514]
[0.15615872]
[0.15615682]
[0.15615484]
[0.15615343]
[0.1561519]
[0.15615128]
[0.1561467]
[0.15614611]
[0.15614547]
[0.15614322]
[0.15614131]
[0.1561368]
[0.15613535]
[0.15611142]
[0.15609442]
[0.15608862]
[0.15608534]
[0.15607962]
[0.15607809]
[0.15606506]
[0.15605992]
[0.15605612]
[0.15605414]
[0.1560457]
[0.15604495]
[0.1560449]
[0.15602191]
[0.15602088]
[0.15601796]
[0.15601574]
[0.15601477]
[0.15601325]
[0.15601267]
[0.15601265]
[0.15599273]
[0.15598214]
[0.15597281]
[0.15596905]
[0.15595546]
[0.1559527]
[0.15595189]
[0.15594617]
[0.15594478]
[0.15594123]
[0.15593919]
[0.15593323]
[0.15592174]
[0.15592031]
[0.1559201]
[0.15591623]
[0.15590309]
[0.15589006]
[0.1558873]
[0.15588269]
[0.15587439]
[0.15585978]
[0.15585649]
[0.15584913]
[0.15584539]
[0.1558348]
[0.15583]
[0.15582873]
[0.15582848]
[0.1558255]
[0.1558244]
[0.1558143]
[0.15580003]
[0.15579322]
[0.15579177]
[0.15579034]
[0.15575743]
[0.15574609]
[0.1557403]
[0.1557393]
[0.15573752]
[0.15573478]
[0.15573478]
[0.15572561]
[0.15570742]
[0.15569168]
[0.15567738]
[0.15567654]
[0.1556754]
[0.15567371]
[0.15567282]
[0.15566683]
[0.15565678]
[0.15565675]
[0.15565428]
[0.15565005]
[0.15564756]
[0.15564139]
[0.15563272]
[0.1556207]
[0.15561871]
[0.15560903]
[0.15559536]
[0.15557636]
[0.15557142]
[0.15555228]
[0.15555207]
[0.15553346]
[0.15553236]
[0.1555176]
[0.15551524]
[0.15550716]
[0.15549858]
[0.15549238]
[0.15548114]
[0.15546931]
[0.15545967]
[0.15544796]
[0.15543392]
[0.15542242]
[0.15540895]
[0.1554084]
[0.15540808]
[0.1554053]
[0.15540291]
[0.15539663]
[0.15539314]
[0.15539314]
[0.15539128]
[0.15536761]
[0.15536761]
[0.15536521]
[0.15535685]
[0.15535417]
[0.15533878]
[0.15533425]
[0.15533425]
[0.15533043]
[0.15532921]
[0.15532821]
[0.15532702]
[0.155326]
[0.15529932]
[0.15529709]
[0.15528616]
[0.15528616]
[0.1552716]
[0.15526335]
[0.15525347]
[0.15525264]
[0.15524629]
[0.15524383]
[0.15522029]
[0.15521888]
[0.15521751]
[0.15520854]
[0.1552048]
[0.15519777]
[0.15517049]
[0.15516952]
[0.15516768]
[0.15516438]
[0.15516399]
[0.15515631]
[0.15514725]
[0.15514366]
[0.15514067]
[0.15513937]
[0.15513006]
[0.15512612]
[0.15512292]
[0.15511627]
[0.15508974]
[0.15508103]
[0.15507953]
[0.15507]
[0.15506883]
[0.15504004]
[0.15503521]
[0.155016]
[0.15500198]
[0.15499198]
[0.1549766]
[0.15496887]
[0.1549648]
[0.15494528]
[0.15494466]
[0.15494308]
[0.15494266]
[0.15493348]
[0.15493034]
[0.15491138]
[0.15490688]
[0.15490608]
[0.15488835]
[0.15485744]
[0.15485477]
[0.15484728]
[0.15484554]
[0.15482529]
[0.1548001]
[0.15479486]
[0.15479395]
[0.15477772]
[0.15476803]
[0.15475716]
[0.15473498]
[0.15472993]
[0.15472436]
[0.15470935]
[0.15470266]
[0.15470165]
[0.15469193]
[0.15468635]
[0.15468442]
[0.15468214]
[0.15467933]
[0.15466902]
[0.15466419]
[0.15466245]
[0.15465415]
[0.15465054]
[0.15464287]
[0.15463738]
[0.15462436]
[0.15462117]
[0.15461996]
[0.15461566]
[0.15461344]
[0.15460959]
[0.15460719]
[0.15458605]
[0.15457249]
[0.15457176]
[0.15457153]
[0.15457138]
[0.15456639]
[0.15456182]
[0.15455735]
[0.15454817]
[0.15454504]
[0.15454438]
[0.15453434]
[0.15452465]
[0.15452208]
[0.15452203]
[0.1545121]
[0.15450503]
[0.1544975]
[0.15448692]
[0.15448628]
[0.15448155]
[0.154478]
[0.15447363]
[0.15447254]
[0.15447254]
[0.1544722]
[0.15446347]
[0.15445757]
[0.15444309]
[0.1544374]
[0.1544333]
[0.15442039]
[0.15442039]
[0.15441276]
[0.15441181]
[0.1544064]
[0.15440018]
[0.15438643]
[0.15437551]
[0.15436946]
[0.15435293]
[0.1543521]
[0.15433128]
[0.15432961]
[0.15432478]
[0.15432218]
[0.15431888]
[0.15430914]
[0.15430684]
[0.15429941]
[0.15429874]
[0.15428679]
[0.1542867]
[0.15427688]
[0.15427688]
[0.15426649]
[0.15426102]
[0.15425819]
[0.15425132]
[0.1542477]
[0.15424445]
[0.1542432]
[0.15424295]
[0.15424247]
[0.15423417]
[0.15422843]
[0.15422735]
[0.15422279]
[0.15419981]
[0.15419385]
[0.15419367]
[0.15418491]
[0.1541823]
[0.15417536]
[0.15417458]
[0.15417458]
[0.15417352]
[0.15416785]
[0.1541671]
[0.15416221]
[0.1541526]
[0.1541448]
[0.15414374]
[0.15414283]
[0.15413333]
[0.15413296]
[0.15412183]
[0.15411673]
[0.15411662]
[0.15411593]
[0.15411139]
[0.15411139]
[0.15411139]
[0.15411004]
[0.1541092]
[0.15410548]
[0.1541054]
[0.15410523]
[0.1541035]
[0.15408568]
[0.15406565]
[0.15406565]
[0.15406542]
[0.15405814]
[0.15404718]
[0.15404485]
[0.15404178]
[0.15403396]
[0.1540326]
[0.15402746]
[0.15402523]
[0.15402056]
[0.15402022]
[0.15401612]
[0.15401204]
[0.15401097]
[0.15398934]
[0.1539877]
[0.1539854]
[0.15397915]
[0.15397732]
[0.15397339]
[0.15395439]
[0.15393494]
[0.15393424]
[0.15393087]
[0.15392826]
[0.15392606]
[0.15392427]
[0.15391375]
[0.15390584]
[0.15390529]
[0.15389548]
[0.15389289]
[0.15389027]
[0.15388946]
[0.15388566]
[0.15387948]
[0.15387896]
[0.15387405]
[0.15386592]
[0.15386489]
[0.1538556]
[0.15382889]
[0.15381616]
[0.15381601]
[0.15380572]
[0.15380475]
[0.15377967]
[0.15377371]
[0.1537694]
[0.1537503]
[0.15374988]
[0.1537436]
[0.15374163]
[0.15373386]
[0.15372902]
[0.15372604]
[0.15371841]
[0.15371644]
[0.15371062]
[0.15370582]
[0.15370122]
[0.15369079]
[0.15368268]
[0.15366475]
[0.15366475]
[0.15365732]
[0.15364528]
[0.15362945]
[0.15362588]
[0.15362358]
[0.1536179]
[0.15361747]
[0.15361746]
[0.15361126]
[0.15359484]
[0.15355965]
[0.15355593]
[0.15355471]
[0.15355447]
[0.15355332]
[0.15355256]
[0.15355013]
[0.15354979]
[0.15354684]
[0.153528]
[0.15351655]
[0.15350342]
[0.15350093]
[0.15350056]
[0.15349793]
[0.15348813]
[0.15348154]
[0.1534812]
[0.15347724]
[0.15347701]
[0.15347439]
[0.15346389]
[0.15346116]
[0.1534541]
[0.15345255]
[0.15343282]
[0.15341006]
[0.15340857]
[0.1534052]
[0.15339403]
[0.15337694]
[0.15337516]
[0.1533622]
[0.15335591]
[0.15334894]
[0.15334833]
[0.1533478]
[0.15333787]
[0.15332517]
[0.15330915]
[0.15330651]
[0.15327801]
[0.15326677]
[0.15324932]
[0.15324293]
[0.15322523]
[0.15320194]
[0.1531969]
[0.15319158]
[0.15318187]
[0.15317896]
[0.15317407]
[0.15317138]
[0.15316983]
[0.15313298]
[0.15313298]
[0.15311848]
[0.15311715]
[0.1531163]
[0.1531152]
[0.1531146]
[0.15309356]
[0.15308675]
[0.15308663]
[0.15307538]
[0.15307365]
[0.15306602]
[0.15305755]
[0.15305442]
[0.15305087]
[0.15305087]
[0.15305087]
[0.15305087]
[0.15304929]
[0.15303758]
[0.15301605]
[0.1530145]
[0.1530111]
[0.15301047]
[0.15300442]
[0.15300125]
[0.15299812]
[0.15299049]
[0.15298907]
[0.15298304]
[0.15297952]
[0.15295824]
[0.15294759]
[0.15294759]
[0.15293764]
[0.15293172]
[0.15289576]
[0.15288608]
[0.15286896]
[0.152843]
[0.15281945]
[0.15281814]
[0.15280831]
[0.15280756]
[0.15280756]
[0.15280627]
[0.15280509]
[0.15279907]
[0.15277983]
[0.15276189]
[0.15276074]
[0.15275666]
[0.15275535]
[0.15275444]
[0.15275228]
[0.1527401]
[0.1527392]
[0.1527281]
[0.15271798]
[0.15269598]
[0.15268432]
[0.15268429]
[0.15268327]
[0.15268321]
[0.152673]
[0.15265845]
[0.15264784]
[0.15264034]
[0.15263957]
[0.1526254]
[0.15262465]
[0.1526199]
[0.15261765]
[0.15261534]
[0.1525996]
[0.15259163]
[0.15258676]
[0.15256639]
[0.15256558]
[0.15256146]
[0.15255786]
[0.15254177]
[0.15252785]
[0.1525254]
[0.15252136]
[0.15251969]
[0.15251559]
[0.15250434]
[0.15250431]
[0.15248339]
[0.15247522]
[0.15247306]
[0.15246315]
[0.1524577]
[0.1524577]
[0.15245724]
[0.15244073]
[0.15242076]
[0.15241155]
[0.15240751]
[0.15239845]
[0.15239483]
[0.15237884]
[0.1523776]
[0.15237644]
[0.15237255]
[0.15237167]
[0.15235688]
[0.15235156]
[0.1523495]
[0.15234569]
[0.15232946]
[0.15232678]
[0.15232283]
[0.15232164]
[0.1523154]
[0.15230682]
[0.15229775]
[0.15229775]
[0.15229729]
[0.15229417]
[0.15227023]
[0.15225118]
[0.15224555]
[0.15224116]
[0.15222923]
[0.15221485]
[0.15220504]
[0.15220284]
[0.15219562]
[0.15219495]
[0.15217286]
[0.15213056]
[0.15211138]
[0.1521021]
[0.15209554]
[0.15209468]
[0.15208511]
[0.15207611]
[0.15206726]
[0.15205796]
[0.15205644]
[0.15205066]
[0.15203577]
[0.15202591]
[0.15201241]
[0.15200357]
[0.15199871]
[0.15199605]
[0.15199493]
[0.15199271]
[0.15198952]
[0.15198636]
[0.1519832]
[0.15197831]
[0.15196797]
[0.15194401]
[0.15194215]
[0.15193799]
[0.15192838]
[0.15192708]
[0.15191327]
[0.15191041]
[0.15190169]
[0.15189739]
[0.15188909]
[0.15187909]
[0.15187909]
[0.15187015]
[0.1518628]
[0.15185452]
[0.15184565]
[0.15183179]
[0.15183124]
[0.15182655]
[0.15182535]
[0.151818]
[0.15180339]
[0.15180226]
[0.15178844]
[0.15178517]
[0.15177715]
[0.15176481]
[0.15175939]
[0.15173946]
[0.15173885]
[0.15173663]
[0.15172648]
[0.15171117]
[0.15170345]
[0.15169473]
[0.15168853]
[0.15168251]
[0.15168071]
[0.15167381]
[0.15166904]
[0.15166521]
[0.15165594]
[0.15163834]
[0.15162197]
[0.15161988]
[0.15161504]
[0.15160896]
[0.15160368]
[0.15160345]
[0.15159872]
[0.15159197]
[0.15159163]
[0.15158698]
[0.15157989]
[0.15157756]
[0.15157658]
[0.15156662]
[0.15156628]
[0.15155868]
[0.15155315]
[0.15154393]
[0.15153234]
[0.15152694]
[0.1514997]
[0.15149628]
[0.15149628]
[0.15149546]
[0.1514932]
[0.15147853]
[0.15145428]
[0.15143879]
[0.15141095]
[0.15140343]
[0.15139966]
[0.15139617]
[0.15137684]
[0.1513659]
[0.15136501]
[0.1513502]
[0.15134564]
[0.15133941]
[0.15131773]
[0.15131083]
[0.15129551]
[0.15129459]
[0.15128802]
[0.15128802]
[0.15126595]
[0.1512641]
[0.15126331]
[0.15124667]
[0.15123922]
[0.15123889]
[0.15122518]
[0.1511846]
[0.15118453]
[0.15113665]
[0.15113199]
[0.15113112]
[0.15111703]
[0.15111431]
[0.1511118]
[0.15108672]
[0.151085]
[0.15108223]
[0.15107651]
[0.15107442]
[0.15106924]
[0.15106513]
[0.15106207]
[0.1510592]
[0.15105608]
[0.15104271]
[0.15103303]
[0.15102318]
[0.1509859]
[0.15098281]
[0.15097912]
[0.15097596]
[0.150969]
[0.150966]
[0.15096283]
[0.15094966]
[0.15094824]
[0.1509453]
[0.15093236]
[0.15092866]
[0.15092406]
[0.15091409]
[0.15091372]
[0.15091123]
[0.15090996]
[0.15089606]
[0.15089382]
[0.15088871]
[0.15088739]
[0.1508855]
[0.15087779]
[0.15086207]
[0.15086146]
[0.15086032]
[0.1508596]
[0.1508545]
[0.15083149]
[0.15082322]
[0.15082246]
[0.15081775]
[0.15081528]
[0.15081379]
[0.15081379]
[0.15081076]
[0.15080954]
[0.15080817]
[0.1508048]
[0.15080473]
[0.15080273]
[0.1507972]
[0.15079638]
[0.15079077]
[0.15078256]
[0.1507818]
[0.15077734]
[0.15076855]
[0.15075804]
[0.15075414]
[0.1507209]
[0.15071647]
[0.15071516]
[0.15070549]
[0.15067248]
[0.15066795]
[0.15065534]
[0.15064202]
[0.15064186]
[0.15063189]
[0.15062979]
[0.15061633]
[0.15058748]
[0.15057842]
[0.15056333]
[0.15054184]
[0.15052193]
[0.15050608]
[0.15049903]
[0.15049584]
[0.15049459]
[0.15049095]
[0.15048887]
[0.15046214]
[0.15046147]
[0.15044926]
[0.15044278]
[0.15043564]
[0.15042867]
[0.15041246]
[0.1504103]
[0.15039092]
[0.15038045]
[0.15037584]
[0.15037225]
[0.15036473]
[0.15035781]
[0.15032427]
[0.15032193]
[0.15031475]
[0.15031338]
[0.15029685]
[0.15029423]
[0.15028997]
[0.1502851]
[0.15027377]
[0.1502709]
[0.15027013]
[0.15026698]
[0.15026622]
[0.15026426]
[0.15024826]
[0.15022768]
[0.15020193]
[0.15017687]
[0.15017265]
[0.15016894]
[0.15016791]
[0.150151]
[0.15013517]
[0.15012959]
[0.15012337]
[0.15011671]
[0.1501126]
[0.15011045]
[0.15011029]
[0.15010762]
[0.15010762]
[0.15010762]
[0.15010318]
[0.1501008]
[0.15008353]
[0.15007973]
[0.15006079]
[0.15004227]
[0.1500162]
[0.15000992]
[0.15000902]
[0.15000439]
[0.15000434]
[0.15000354]
[0.14998995]
[0.14997229]
[0.14996417]
[0.14992467]
[0.14992344]
[0.14992206]
[0.1498887]
[0.14988635]
[0.14988534]
[0.14987372]
[0.14985953]
[0.14983152]
[0.14982298]
[0.14981925]
[0.14980842]
[0.14980091]
[0.14978288]
[0.14974943]
[0.14974943]
[0.14974202]
[0.14971998]
[0.14971837]
[0.14971814]
[0.14971209]
[0.14968492]
[0.1496793]
[0.14966741]
[0.14966638]
[0.14964981]
[0.14964981]
[0.14959686]
[0.14957592]
[0.14956744]
[0.14954802]
[0.1495447]
[0.1495312]
[0.14952977]
[0.1495143]
[0.14951086]
[0.1495051]
[0.14950427]
[0.14949934]
[0.14949606]
[0.14949127]
[0.14948449]
[0.14945832]
[0.14941223]
[0.14938754]
[0.14938754]
[0.14938155]
[0.14937115]
[0.14936261]
[0.14935891]
[0.14934906]
[0.1493087]
[0.14930563]
[0.14929725]
[0.14929461]
[0.14926304]
[0.14926022]
[0.14925946]
[0.14924493]
[0.14924203]
[0.14923313]
[0.14921387]
[0.14921387]
[0.14921239]
[0.14920364]
[0.14920147]
[0.14918947]
[0.14918134]
[0.14916982]
[0.14915007]
[0.14914551]
[0.1491439]
[0.1491207]
[0.14911506]
[0.14910631]
[0.14910164]
[0.14910004]
[0.14910004]
[0.14909865]
[0.14909713]
[0.1490787]
[0.14905897]
[0.14905131]
[0.14905094]
[0.14904095]
[0.14902994]
[0.14900526]
[0.14896573]
[0.1489654]
[0.14895412]
[0.14893517]
[0.14892839]
[0.14892106]
[0.14891191]
[0.14889106]
[0.1488893]
[0.14887725]
[0.1488515]
[0.14882451]
[0.14882366]
[0.14881675]
[0.14879309]
[0.1487742]
[0.14877248]
[0.148766]
[0.14875881]
[0.14875881]
[0.14875646]
[0.14874142]
[0.14870085]
[0.14865658]
[0.14864454]
[0.1486413]
[0.14863835]
[0.14863193]
[0.14862433]
[0.14861476]
[0.1486091]
[0.14860222]
[0.14856568]
[0.14856413]
[0.14855845]
[0.14855386]
[0.14855145]
[0.14854808]
[0.14852743]
[0.14851968]
[0.14848194]
[0.14846236]
[0.14846167]
[0.14845416]
[0.14844435]
[0.14844365]
[0.14841858]
[0.1483946]
[0.148385]
[0.1483689]
[0.14835024]
[0.14833121]
[0.14829098]
[0.14829049]
[0.14828841]
[0.14828841]
[0.14828034]
[0.14827001]
[0.1482599]
[0.14823383]
[0.14821725]
[0.14821556]
[0.14820881]
[0.1482078]
[0.14818941]
[0.14817375]
[0.14815299]
[0.14811686]
[0.14808095]
[0.14804181]
[0.14803426]
[0.1480224]
[0.14802]
[0.14798707]
[0.14798595]
[0.14797963]
[0.14797662]
[0.14797646]
[0.14793783]
[0.14793299]
[0.14792506]
[0.14792404]
[0.14792317]
[0.14792001]
[0.14791803]
[0.14790174]
[0.14790119]
[0.14787242]
[0.14786197]
[0.14785857]
[0.1478549]
[0.1478549]
[0.14783727]
[0.1478152]
[0.14781469]
[0.14780769]
[0.14780171]
[0.14778502]
[0.14778166]
[0.1477607]
[0.14775947]
[0.14775656]
[0.14774251]
[0.14773488]
[0.14772071]
[0.1476877]
[0.14768691]
[0.14766797]
[0.14765811]
[0.1476545]
[0.14765194]
[0.14764844]
[0.1476132]
[0.14757201]
[0.14756377]
[0.14756241]
[0.14755315]
[0.14749897]
[0.14747126]
[0.14746]
[0.14743531]
[0.14743404]
[0.14743404]
[0.14741679]
[0.1474042]
[0.14738058]
[0.14734922]
[0.14733055]
[0.14729121]
[0.14729095]
[0.14728534]
[0.14726794]
[0.14725764]
[0.1472442]
[0.1472406]
[0.14723592]
[0.14723411]
[0.14719456]
[0.14719331]
[0.14718409]
[0.14717428]
[0.14717355]
[0.14717224]
[0.14714155]
[0.14711252]
[0.14710893]
[0.14710392]
[0.14703788]
[0.14703281]
[0.1470061]
[0.14700326]
[0.14697877]
[0.14697468]
[0.14696795]
[0.14695987]
[0.14694037]
[0.14693822]
[0.14691561]
[0.14686142]
[0.14684482]
[0.14684144]
[0.14682558]
[0.14681241]
[0.14676617]
[0.14674616]
[0.14674215]
[0.14672944]
[0.14672782]
[0.14670335]
[0.14668569]
[0.1466685]
[0.14666739]
[0.14660591]
[0.14656563]
[0.1465594]
[0.14646377]
[0.1464422]
[0.14643417]
[0.1463742]
[0.14634979]
[0.14633967]
[0.14631933]
[0.146314]
[0.14629547]
[0.14627668]
[0.14624342]
[0.14623412]
[0.14617355]
[0.14615647]
[0.14606248]
[0.146048]
[0.14599814]
[0.14599356]
[0.14599335]
[0.14599103]
[0.14597712]
[0.14595863]
[0.14595534]
[0.14594577]
[0.1459397]
[0.14593257]
[0.14592704]
[0.14584044]
[0.14582443]
[0.14579254]
[0.1457295]
[0.14572842]
[0.14571577]
[0.14569126]
[0.14566913]
[0.14561549]
[0.14558299]
[0.14557682]
[0.14553785]
[0.14553317]
[0.14552143]
[0.1455196]
[0.14546753]
[0.14546551]
[0.14544615]
[0.14539067]
[0.14537866]
[0.14531104]
[0.14523172]
[0.14523096]
[0.14519861]
[0.14517261]
[0.14509352]
[0.14508854]
[0.14506142]
[0.14503248]
[0.1450015]
[0.14498729]
[0.14490736]
[0.14487398]
[0.14485767]
[0.1448041]
[0.1447914]
[0.14476803]
[0.1447214]
[0.14470182]
[0.14461218]
[0.14459483]
[0.14457184]
[0.14456294]
[0.14456049]
[0.14452997]
[0.14451963]
[0.14447445]
[0.14442553]
[0.1444147]
[0.14440538]
[0.1443738]
[0.1441751]
[0.14416541]
[0.14415982]
[0.14415324]
[0.1440699]
[0.14403856]
[0.143914]
[0.14385094]
[0.14383139]
[0.14382595]
[0.14367951]
[0.14365637]
[0.14358702]
[0.1434096]
[0.14333165]
[0.14332907]
[0.14331675]
[0.14328527]
[0.14323202]
[0.14321989]
[0.14318469]
[0.14311007]
[0.14308718]
[0.14307253]
[0.14306958]
[0.14306206]
[0.14300033]
[0.1429713]
[0.14285195]
[0.14284602]
[0.14283012]
[0.14281021]
[0.14272955]
[0.1426475]
[0.14262639]
[0.14258827]
[0.14244454]
[0.14233376]
[0.1422925]
[0.14224686]
[0.142216]
[0.14215626]
[0.14213905]
[0.14211199]
[0.14210643]
[0.14196831]
[0.14189884]
[0.14187574]
[0.14180656]
[0.1417751]
[0.14176229]
[0.14168195]
[0.14162122]
[0.14144139]
[0.14142486]
[0.14138152]
[0.14132059]
[0.14132018]
[0.14124078]
[0.14123063]
[0.14121212]
[0.14120913]
[0.14116667]
[0.14067084]
[0.14060467]
[0.1405954]
[0.14057]
[0.14056268]
[0.14053977]
[0.14052443]
[0.14052032]
[0.14049542]
[0.1404805]
[0.14045477]
[0.1404109]
[0.1402077]
[0.14013092]
[0.14003034]
[0.13998035]
[0.13996604]
[0.13994464]
[0.13992237]
[0.13987555]
[0.13979766]
[0.13978246]
[0.13977198]
[0.13960405]
[0.13954881]
[0.13938102]
[0.13930494]
[0.13914393]
[0.13905089]
[0.13900816]
[0.13894346]
[0.13887613]
[0.13870257]
[0.13869935]
[0.13864337]
[0.13856515]
[0.13853519]
[0.13846238]
[0.13845912]
[0.13843101]
[0.13825288]
[0.1381962]
[0.13819009]
[0.1381654]
[0.13806929]
[0.13805793]
[0.1379746]
[0.13791762]
[0.13791536]
[0.13788304]
[0.13780688]
[0.13772713]
[0.13768023]
[0.13765128]
[0.13759187]
[0.13718247]
[0.13716035]
[0.13715796]
[0.1371546]
[0.13711707]
[0.13708335]
[0.13683979]
[0.13683692]
[0.13663562]
[0.13648114]
[0.13641897]
[0.1364189]
[0.13636732]
[0.1362578]
[0.13608347]
[0.13604978]
[0.13594052]
[0.13590513]
[0.13588855]
[0.13578616]
[0.1357634]
[0.13527739]
[0.13526435]
[0.1351903]
[0.13514616]
[0.1350092]
[0.13492058]
[0.13491096]
[0.13478857]
[0.13474393]
[0.13472325]
[0.13467245]
[0.13445371]
[0.13414621]
[0.13395086]
[0.13392702]
[0.13390148]
[0.13377196]
[0.13373809]
[0.13372141]
[0.13367076]
[0.13354298]
[0.13343808]
[0.13339865]
[0.13335687]
[0.13334498]
[0.13323483]
[0.13314094]
[0.13304034]
[0.13303979]
[0.13262585]
[0.1326052]
[0.13199773]
[0.13188975]
[0.13184908]
[0.13175394]
[0.13133734]
[0.13125946]
[0.13098137]
