0.720764
0.67405105
0.66466755
0.6306189
0.6279253
0.6231197
0.6137247
0.6081175
0.6035977
0.59320784
0.5785032
0.56708115
0.5545824
0.55261254
0.5330375
0.5182384
0.5182384
0.51515436
0.5120424
0.50554484
0.5041021
0.49441582
0.49381772
0.48816448
0.48721588
0.47991252
0.4755051
0.47478664
0.47384164
0.47345525
0.47341815
0.47211403
0.46930736
0.46215466
0.4620449
0.46053892
0.46019125
0.4514065
0.45062873
0.44997865
0.44963855
0.44782665
0.44509012
0.4426699
0.43757898
0.43697026
0.43514276
0.4313383
0.43031535
0.42799327
0.42575094
0.4250723
0.41821456
0.41526783
0.41427565
0.40845326
0.40581214
0.4050769
0.4020859
0.4020859
0.39875337
0.39712644
0.39508823
0.39183143
0.39183143
0.38838485
0.3878467
0.38634947
0.38618916
0.38534993
0.38469484
0.38387093
0.38289565
0.3815574
0.38130522
0.3779006
0.37722972
0.37324232
0.37264094
0.37116116
0.36936846
0.36849025
0.36754096
0.36483034
0.364187
0.36343125
0.36247995
0.36237478
0.36190298
0.36043698
0.3602641
0.35890844
0.35876766
0.35876673
0.35838118
0.35816476
0.3565477
0.35393375
0.35384896
0.3529615
0.35273886
0.35210547
0.3516004
0.35123727
0.35020098
0.34952736
0.342676
0.34150243
0.33967906
0.33953905
0.33919048
0.3382696
0.33808511
0.33671868
0.33647567
0.33619466
0.33452117
0.33415
0.333537
0.33302248
0.332938
0.33127758
0.33084083
0.33023503
0.329411
0.32872665
0.32831553
0.32758415
0.32648152
0.3264169
0.3259946
0.32596594
0.32555968
0.324512
0.32447958
0.32395464
0.32248753
0.32157147
0.32153982
0.321072
0.32028696
0.31930363
0.31835017
0.31813982
0.31755742
0.31733823
0.31714788
0.31552464
0.3151499
0.31385788
0.31286797
0.31275916
0.31245887
0.31231585
0.31155893
0.31007305
0.30994523
0.30947715
0.30906138
0.3076493
0.3072531
0.3061828
0.3056168
0.30484873
0.30385184
0.30352026
0.30249494
0.30239514
0.29976735
0.29948747
0.29941797
0.29833385
0.2977541
0.29673487
0.2962603
0.29606357
0.29475036
0.2942406
0.29395664
0.29330072
0.29316306
0.2928356
0.29264033
0.29232684
0.29232338
0.29231742
0.29211342
0.29164818
0.29025525
0.29021093
0.28955597
0.2891881
0.2890018
0.28721425
0.2869643
0.28690723
0.28540435
0.28530955
0.2844866
0.28438056
0.2840096
0.28380686
0.2836273
0.28353983
0.28331614
0.28326958
0.2830171
0.28241295
0.2815095
0.2815018
0.28126347
0.28109005
0.2806176
0.2801886
0.28017244
0.2799389
0.27980205
0.2795447
0.27866971
0.2785367
0.27799425
0.27798447
0.27781972
0.27759975
0.27694994
0.27614412
0.27587444
0.2743042
0.27388605
0.27372918
0.27325737
0.27258068
0.2722116
0.2718505
0.27177405
0.27151057
0.27144858
0.27138582
0.27131173
0.27129084
0.27115688
0.27099484
0.27098024
0.27030092
0.26962137
0.2696098
0.269404
0.26913133
0.26904508
0.26856667
0.26853088
0.2681502
0.26765937
0.26719004
0.266775
0.2662984
0.26616755
0.26600006
0.2652338
0.26509944
0.26494336
0.264663
0.26438978
0.26438096
0.26413247
0.26405656
0.26404688
0.2631504
0.26300195
0.26298383
0.26218742
0.26214027
0.26213598
0.2620333
0.26166955
0.26147383
0.26091748
0.26091626
0.26085243
0.26053625
0.26044205
0.26034817
0.2601621
0.2595349
0.25907588
0.25849074
0.25845087
0.25834644
0.2581287
0.25808936
0.25797272
0.25779518
0.25761548
0.25746533
0.25746053
0.2566483
0.25643194
0.25619158
0.25603086
0.25591502
0.25585333
0.2558474
0.25582695
0.2552418
0.25505292
0.25489733
0.25464624
0.25459477
0.25442255
0.25429142
0.25367755
0.2530431
0.2530428
0.25224075
0.25224075
0.2518248
0.25171956
0.25146553
0.2514004
0.2508911
0.25064805
0.25055724
0.25048572
0.25039074
0.2503118
0.25025395
0.24983929
0.24979983
0.2493661
0.24922161
0.24921821
0.24918501
0.248971
0.24867891
0.24863692
0.24849091
0.24832985
0.24824148
0.2477758
0.24767624
0.24745956
0.24733952
0.24708638
0.24697472
0.24685222
0.24647428
0.24641111
0.2459672
0.24594605
0.24586843
0.24561423
0.24549069
0.24517378
0.24487856
0.24483028
0.24478978
0.24463876
0.24457632
0.24352245
0.24310972
0.24291253
0.24264234
0.24223338
0.24220434
0.24159819
0.24159819
0.24147673
0.24131918
0.24131124
0.24122691
0.24039757
0.24006872
0.24002223
0.24000226
0.23983294
0.23973344
0.2393814
0.23929182
0.23921424
0.2391437
0.238765
0.2387623
0.2387285
0.2386841
0.23840739
0.23813559
0.23803973
0.23785771
0.23772848
0.23768453
0.23750518
0.23747326
0.23720074
0.23706892
0.23703387
0.23691332
0.23660348
0.23650599
0.23628666
0.23557286
0.23538864
0.23525363
0.23521763
0.23500574
0.23473676
0.23444062
0.23408905
0.23407146
0.23394182
0.23384549
0.23384027
0.23343489
0.23343125
0.2333672
0.23323986
0.23309666
0.23278762
0.23272774
0.23264517
0.2326434
0.23260404
0.23250225
0.23242818
0.23225535
0.23185645
0.23167692
0.23164734
0.23164734
0.2316442
0.23148438
0.23130308
0.23128283
0.23115069
0.23108125
0.23103705
0.23082614
0.23078284
0.23070273
0.23062952
0.23011538
0.22996092
0.22970445
0.22967622
0.22965024
0.22958988
0.2291389
0.22911961
0.22910815
0.22880901
0.22837573
0.22819696
0.22812968
0.22812554
0.22800432
0.2278665
0.2278182
0.22778681
0.22736707
0.22716086
0.22702484
0.22696961
0.22695473
0.22694245
0.22661413
0.2264307
0.22631025
0.2262139
0.22620134
0.2261398
0.22611228
0.22607468
0.22606367
0.22598323
0.22592534
0.22590797
0.2258895
0.22584595
0.22572738
0.22564368
0.22550783
0.22506183
0.22500966
0.22498864
0.22483906
0.22483027
0.22476694
0.2247327
0.22472328
0.22426865
0.2241079
0.2241012
0.22390835
0.22388524
0.22384602
0.22383446
0.22383446
0.22377646
0.2236994
0.22361033
0.22360933
0.22342639
0.22339278
0.22333987
0.22328767
0.22321585
0.22321568
0.22309363
0.22285528
0.22273244
0.22267725
0.22246692
0.22244306
0.22236548
0.22216582
0.222114
0.22200626
0.22196959
0.22196959
0.22187603
0.22181827
0.22147027
0.22146185
0.22138368
0.22135717
0.22135717
0.22127487
0.22111179
0.22105978
0.22101326
0.22081193
0.22070205
0.22051138
0.2205051
0.22008073
0.22005077
0.21999906
0.21992782
0.21990724
0.21990508
0.21989216
0.21980456
0.21967179
0.21964973
0.21964811
0.21951918
0.21951073
0.21933371
0.21930756
0.2192399
0.21923323
0.21914409
0.21846111
0.21834284
0.21829285
0.21824722
0.21817447
0.21799575
0.21792792
0.21776353
0.21770245
0.21766785
0.21763366
0.21763119
0.21728863
0.21728632
0.21721213
0.21715035
0.21711947
0.21706201
0.21699953
0.21692307
0.21671559
0.21666013
0.21660964
0.2163987
0.21638632
0.21623963
0.21616732
0.21616024
0.2161295
0.21597253
0.21592201
0.21566989
0.21560691
0.2155716
0.21555993
0.21554628
0.21548738
0.2152928
0.21525863
0.2152178
0.21494596
0.21479568
0.21479568
0.21464944
0.21452266
0.2145092
0.2145051
0.2144479
0.21439545
0.21422738
0.21420857
0.21414632
0.21398056
0.2139434
0.2138274
0.2138274
0.21381204
0.21380055
0.21374646
0.2137442
0.21362266
0.21354464
0.21347414
0.21346702
0.21316805
0.21303575
0.21299165
0.21295972
0.21287636
0.21252534
0.21251388
0.21249844
0.21234077
0.21227923
0.21215816
0.2120871
0.21163042
0.21158594
0.21147177
0.21131168
0.21126798
0.21122329
0.21119045
0.21104385
0.2108501
0.21073097
0.21070085
0.21052997
0.21051656
0.21038182
0.21023609
0.21010487
0.21010487
0.21010122
0.21006818
0.2096278
0.2096086
0.20956376
0.20954442
0.20953797
0.2093521
0.2092574
0.2092332
0.20912655
0.20912237
0.20907769
0.20903996
0.20862605
0.20859908
0.20843618
0.20829873
0.20829214
0.20825033
0.20815712
0.2080217
0.20790641
0.20790394
0.2077684
0.2077394
0.20770964
0.20770198
0.20754497
0.20751505
0.2075003
0.20745945
0.2073519
0.20733958
0.20728137
0.20711605
0.20703217
0.20703217
0.20697005
0.20680287
0.20668955
0.20661792
0.20653754
0.20636283
0.20616587
0.20610084
0.20594917
0.20566846
0.20560595
0.20549588
0.205408
0.20540763
0.20539078
0.20527063
0.20494446
0.2048895
0.20480448
0.20471072
0.20467472
0.2046464
0.20459974
0.2041957
0.20417011
0.20410429
0.20388852
0.20388852
0.20384294
0.20363376
0.20362808
0.20360982
0.20353916
0.20340122
0.2033682
0.2032098
0.2032098
0.2031306
0.20288135
0.2027103
0.2025468
0.20253693
0.20245719
0.20231274
0.20223002
0.2021888
0.20208232
0.20207208
0.2019744
0.20194551
0.20176964
0.20160803
0.20153779
0.2015091
0.20146777
0.20125426
0.20123419
0.20123419
0.20123419
0.20118812
0.20117654
0.20097631
0.20096429
0.20093825
0.20083243
0.20082217
0.2008131
0.20078634
0.200644
0.20063494
0.20062731
0.20034659
0.20022155
0.20010929
0.20008686
0.20007932
0.20002264
0.19980733
0.19979692
0.19978186
0.19976255
0.19961475
0.1995451
0.19949044
0.19947404
0.19919205
0.19901642
0.19894466
0.19884424
0.19879057
0.19876768
0.19873133
0.1986207
0.19852108
0.19842975
0.19823614
0.19820045
0.1981844
0.19797061
0.19795775
0.19785433
0.19778825
0.19777577
0.19771269
0.19770174
0.19765677
0.19759163
0.19752666
0.19716498
0.19715324
0.19712834
0.19707568
0.19693702
0.19688798
0.1968453
0.19672874
0.19671279
0.19668756
0.19667783
0.19655582
0.1962544
0.19624428
0.19624428
0.19623248
0.19622177
0.1960995
0.19601968
0.19585171
0.19565971
0.19563091
0.19540514
0.19539529
0.19539218
0.19536696
0.195259
0.1952511
0.19524258
0.1952385
0.19522765
0.19516294
0.1950832
0.19496922
0.19491129
0.19490586
0.19490309
0.19487923
0.19484742
0.19480194
0.1947993
0.19476904
0.19460915
0.19456951
0.19456951
0.19455908
0.19430727
0.19428863
0.19427066
0.19423595
0.1942314
0.19413851
0.19412087
0.1941042
0.19407673
0.19407673
0.1940235
0.19389346
0.193829
0.19375664
0.19371182
0.19370654
0.19367935
0.19365953
0.19351944
0.19348025
0.19343762
0.19338144
0.19336756
0.19335549
0.19326411
0.19325772
0.19322549
0.19322549
0.19321714
0.19317871
0.19314165
0.19308363
0.1930517
0.19298577
0.19285423
0.19280595
0.19279692
0.19271265
0.19270325
0.19270305
0.19263943
0.19255549
0.1924472
0.19232218
0.19229034
0.19227697
0.19198814
0.19189799
0.1918291
0.19178967
0.19174813
0.1917449
0.19162859
0.1915945
0.19157054
0.19156186
0.19140746
0.19138648
0.1913467
0.19127272
0.19116431
0.190941
0.19091818
0.19090308
0.19088516
0.1908676
0.1906295
0.19054593
0.19054069
0.19052066
0.19049004
0.19038191
0.19027743
0.19020167
0.19016932
0.19016486
0.19013199
0.19010203
0.18996759
0.1899289
0.18992509
0.18988717
0.18984626
0.18983422
0.1897666
0.18975255
0.18971877
0.18971843
0.18967758
0.18960711
0.18960461
0.18957582
0.18951657
0.18935889
0.18935725
0.18932973
0.18924981
0.18898243
0.18895952
0.18885332
0.18882331
0.18877031
0.18867123
0.18867
0.18863608
0.18863186
0.1886055
0.18825659
0.18812859
0.18811019
0.18790098
0.18786132
0.18781407
0.18779309
0.18774937
0.18762442
0.18761472
0.1875814
0.18755169
0.18754911
0.18752304
0.18740143
0.1873977
0.18739438
0.18739416
0.18737043
0.1872655
0.18718696
0.18712467
0.1870659
0.18706296
0.18705757
0.18702312
0.18701074
0.18698068
0.18697736
0.18679324
0.18676646
0.18674308
0.18666685
0.18657584
0.18651403
0.18647327
0.18643877
0.18639398
0.18621731
0.18617636
0.1861014
0.18606406
0.18592274
0.18589057
0.18583064
0.18581377
0.1858045
0.18576683
0.18567604
0.1856089
0.18553437
0.18549226
0.18546543
0.18546487
0.18542492
0.18537977
0.18528965
0.18522312
0.18500805
0.18492235
0.18477541
0.1847354
0.18462703
0.18459591
0.18453923
0.18444838
0.18440679
0.18431921
0.18425578
0.18399611
0.18397722
0.18379588
0.18378891
0.18378618
0.18377873
0.18374045
0.18360132
0.18354654
0.18352292
0.18341331
0.18339568
0.18337946
0.18334511
0.18328251
0.1832398
0.18322307
0.18306254
0.18295027
0.1829466
0.18294428
0.18289821
0.18286991
0.18279369
0.1827808
0.18262517
0.18260863
0.18257213
0.18255495
0.18255377
0.18252979
0.1825251
0.18250813
0.18245739
0.18245669
0.18245487
0.18245171
0.1823719
0.18220386
0.18219218
0.18213779
0.18204546
0.1820093
0.18194614
0.18191598
0.1818771
0.18176925
0.18175603
0.18172255
0.18172252
0.18171868
0.18164013
0.1816081
0.18160154
0.1815003
0.18143514
0.1813706
0.1811769
0.1811631
0.18116163
0.18114209
0.181118
0.18094242
0.18083397
0.18082719
0.18081531
0.18081531
0.18080506
0.1808037
0.18078034
0.18068816
0.18068193
0.18068193
0.18058953
0.18056007
0.18051831
0.18049014
0.18045649
0.18036145
0.18035495
0.18034929
0.18018594
0.1798881
0.17978396
0.17977943
0.17971765
0.17958371
0.1794567
0.17942083
0.17941085
0.17937958
0.1793591
0.1793441
0.1793441
0.17933673
0.17933536
0.1793193
0.17930761
0.17925707
0.17906657
0.17901374
0.17881663
0.17879036
0.17877561
0.17875683
0.17875683
0.17874008
0.1786871
0.17862174
0.17860615
0.17859092
0.17851844
0.17848808
0.17837153
0.17836769
0.17836085
0.17835602
0.17833038
0.17823325
0.17822558
0.17817025
0.17812388
0.17802139
0.17801155
0.17799518
0.17799076
0.17792945
0.17790872
0.17788127
0.17784163
0.17779385
0.17774042
0.17773785
0.17768054
0.17758965
0.17757502
0.17752904
0.17750143
0.17744078
0.17742743
0.17741007
0.1773778
0.17733377
0.17732741
0.17729884
0.17726654
0.1772363
0.17723429
0.1770875
0.17705856
0.1769585
0.17680168
0.17671897
0.17671481
0.1766348
0.17659932
0.17659932
0.17636634
0.17630246
0.17625073
0.1762328
0.17619908
0.17617507
0.17614219
0.17613448
0.17611915
0.17607304
0.17589417
0.17585553
0.1757957
0.1757821
0.17573796
0.17568724
0.1756293
0.17562917
0.17558081
0.1755798
0.17556135
0.17555247
0.175449
0.17538235
0.1753819
0.17534177
0.17532502
0.17527081
0.17517073
0.17515585
0.17503865
0.174997
0.17487882
0.17486908
0.17486502
0.17481744
0.17479196
0.17478636
0.17477095
0.17465569
0.1746366
0.17463242
0.17458862
0.17457947
0.1745705
0.17456993
0.17448975
0.17432646
0.17432287
0.17427033
0.17426269
0.17424475
0.17422785
0.17422383
0.17417906
0.17415172
0.17405355
0.17399149
0.17396003
0.173919
0.17389444
0.17384431
0.17383009
0.17382981
0.17382242
0.1737835
0.17377155
0.17375673
0.17370997
0.17370878
0.17359109
0.17358841
0.17358513
0.17344078
0.17339481
0.17339437
0.17335884
0.17334633
0.1733099
0.17316134
0.17309338
0.17308375
0.17306732
0.17305633
0.17305169
0.17304838
0.17300485
0.17286928
0.17283036
0.1728263
0.1727699
0.1727431
0.17273618
0.1727244
0.17269135
0.1725824
0.17247161
0.17245597
0.1724548
0.17241548
0.17239137
0.1723425
0.17225762
0.17221193
0.17218189
0.17215031
0.17208879
0.17208074
0.17203061
0.17200454
0.17194332
0.17189564
0.17188063
0.17187598
0.17182781
0.17182696
0.17177671
0.1717
0.17168878
0.17164765
0.17160562
0.17147504
0.17147446
0.17143464
0.1713964
0.17139518
0.17137182
0.1713448
0.17133424
0.1713138
0.17127846
0.1711859
0.17115018
0.17114322
0.17109938
0.17109069
0.17107692
0.17106652
0.1710645
0.17099857
0.17098391
0.1709641
0.1708739
0.17086363
0.17081067
0.17075428
0.17073882
0.17069082
0.17064676
0.17064081
0.17063184
0.1706154
0.17060328
0.1705694
0.17056565
0.17047618
0.17044055
0.17043495
0.17042235
0.17029363
0.17028268
0.17028265
0.17027746
0.1702459
0.1701887
0.17017943
0.17014462
0.17003872
0.17003177
0.17000687
0.16987646
0.16983527
0.16982655
0.16981192
0.16974008
0.16969731
0.16966803
0.16956675
0.16951664
0.16950724
0.16948712
0.16948518
0.16948518
0.16948518
0.16948017
0.1693483
0.16934031
0.16933754
0.16932845
0.16930592
0.16922428
0.16917981
0.16914797
0.16907768
0.16904691
0.16900298
0.16891041
0.16886869
0.16869402
0.16869116
0.16861726
0.16859263
0.1685846
0.16854498
0.1684788
0.16846992
0.16842109
0.16842055
0.16831733
0.1681757
0.16814339
0.16808695
0.16806507
0.168054
0.16803336
0.16794363
0.16792297
0.1679217
0.16790052
0.16789776
0.16781434
0.16779256
0.16775417
0.1677035
0.16770215
0.16768984
0.16766405
0.16766375
0.16762045
0.16761592
0.16761217
0.16757737
0.16756307
0.16746868
0.16746747
0.16724661
0.1672328
0.16716349
0.1671155
0.16710262
0.16705188
0.16698606
0.16695036
0.16692641
0.16689777
0.16677837
0.16675687
0.16672404
0.16664629
0.16663513
0.16663247
0.16659656
0.16657381
0.16649698
0.16649698
0.16643289
0.16638952
0.16625382
0.16613506
0.16609648
0.16597041
0.1659639
0.16594149
0.16593133
0.16593133
0.16591288
0.16588591
0.16584909
0.16583571
0.16578896
0.16578168
0.16573004
0.16564782
0.16561444
0.16554111
0.16553596
0.16552201
0.16552024
0.16550662
0.16535361
0.16535039
0.16531248
0.1653054
0.16527516
0.16524754
0.16519472
0.16501425
0.16497858
0.16497858
0.16496524
0.16480638
0.16474605
0.16469389
0.16464311
0.16460367
0.16459337
0.16456671
0.1644924
0.16445996
0.16445996
0.16434349
0.16433354
0.16433163
0.16432558
0.16427591
0.16427566
0.16424218
0.16418743
0.16414803
0.16413064
0.16410837
0.1640687
0.16406333
0.16405948
0.16402298
0.1639552
0.1639552
0.16394879
0.16393892
0.16392559
0.16390495
0.1638917
0.16387685
0.16387613
0.16383928
0.16379908
0.16368547
0.16362973
0.163552
0.1635458
0.16354291
0.1634563
0.16345051
0.16345051
0.16344568
0.16344471
0.16339901
0.16331513
0.16328692
0.16324641
0.16323023
0.16313264
0.16310751
0.16308364
0.16308291
0.16305526
0.16296248
0.1629441
0.16293107
0.16292444
0.16291963
0.16282997
0.16282997
0.16282438
0.16281587
0.16269216
0.16256878
0.1625676
0.16256636
0.16246367
0.16246039
0.16244373
0.16241366
0.16240759
0.1623977
0.16235337
0.16235311
0.16228724
0.16227336
0.16226241
0.16225381
0.16225138
0.16224144
0.16218626
0.16202654
0.16201119
0.16200201
0.16200052
0.16199708
0.16192602
0.16190273
0.16188844
0.16187647
0.16185892
0.16174105
0.16167963
0.16163576
0.16152021
0.1615145
0.16149311
0.16142948
0.16141182
0.16138674
0.16136841
0.16135088
0.16133144
0.16131948
0.16129062
0.16127332
0.16124791
0.16120861
0.16118546
0.16115165
0.16109338
0.16107215
0.1609281
0.16091463
0.16087228
0.16087097
0.16086645
0.160833
0.16078714
0.16075787
0.16074197
0.16073433
0.16072199
0.16070776
0.16061625
0.16061458
0.16052327
0.16046955
0.16042073
0.16039158
0.16037944
0.16034907
0.16014247
0.16009423
0.16009423
0.16008379
0.16008256
0.16005923
0.16002558
0.1600252
0.15997994
0.15994385
0.15994124
0.15986386
0.15984331
0.15980186
0.15978904
0.15977983
0.15956086
0.15951774
0.1595037
0.15947852
0.15942943
0.15936477
0.15935162
0.15930647
0.15926012
0.15926012
0.15919085
0.15914872
0.15911765
0.1590918
0.1590902
0.15906483
0.15904608
0.15899672
0.1588902
0.15886487
0.15882142
0.15881638
0.15872268
0.15870723
0.15863723
0.15857877
0.15857185
0.15855338
0.15854786
0.15854721
0.15854721
0.15854435
0.15846054
0.15843248
0.1584292
0.15838818
0.1583113
0.15826459
0.1582292
0.1581991
0.1581991
0.1581808
0.15816484
0.1581483
0.15811345
0.15810837
0.15806054
0.15801345
0.15797906
0.15796334
0.15793042
0.15791577
0.157907
0.15782969
0.15777098
0.1577689
0.1577689
0.15776765
0.15776499
0.15775894
0.15774679
0.15770474
0.15766776
0.15757737
0.1575705
0.15753926
0.15749767
0.15749729
0.15747628
0.15746483
0.15745871
0.15740746
0.15740293
0.15739983
0.15737587
0.15737385
0.15737043
0.15733878
0.15733303
0.15732972
0.15729113
0.15728377
0.15725018
0.15723798
0.15720822
0.15716134
0.1571314
0.15709291
0.15704168
0.1570408
0.15701139
0.1569953
0.1569953
0.15696923
0.15695103
0.15693876
0.1569374
0.15691455
0.1568531
0.15682463
0.15676679
0.15675324
0.15675154
0.15672848
0.15672262
0.15669079
0.15669052
0.15668556
0.15661679
0.15658289
0.15657675
0.15655996
0.15654159
0.15654099
0.15650465
0.1564992
0.15648492
0.15647727
0.15642765
0.15639302
0.15634608
0.15629286
0.15629286
0.15628225
0.15626349
0.15622348
0.1561828
0.15599611
0.15596262
0.15593718
0.15592638
0.15586382
0.15580094
0.1557987
0.1557941
0.15574671
0.15573569
0.15568472
0.1556599
0.1556198
0.15559743
0.15556097
0.1555422
0.15553498
0.15553498
0.15549885
0.15546006
0.15545495
0.15544468
0.15541083
0.15541083
0.15539123
0.15534958
0.15529329
0.15527757
0.15525867
0.15517895
0.15516403
0.15514839
0.15513423
0.15509607
0.1550854
0.15507711
0.15507711
0.15505296
0.1550319
0.15494645
0.15494117
0.15491992
0.15491682
0.15491664
0.15487021
0.15486065
0.15484774
0.15480717
0.15477873
0.15475385
0.15473126
0.15466243
0.15465598
0.15461373
0.15460159
0.15457498
0.15457354
0.15451582
0.1544501
0.15432987
0.15430576
0.15429254
0.15426466
0.15425582
0.15419456
0.15417428
0.15413564
0.15408978
0.15408896
0.15407184
0.15405686
0.15405259
0.15403455
0.15403455
0.15400647
0.15393135
0.15391505
0.1539078
0.15385972
0.15384458
0.15383323
0.15379651
0.15376514
0.15372959
0.15371493
0.15368277
0.15367818
0.15367243
0.15366292
0.15365316
0.15365027
0.15364178
0.15356478
0.1535402
0.15353751
0.15353143
0.15348843
0.15344256
0.15340264
0.15338363
0.15333423
0.15331507
0.15328056
0.15327533
0.15325893
0.15325652
0.1532307
0.15316258
0.15315448
0.15311608
0.15311465
0.15311043
0.15310302
0.15309568
0.15308875
0.15305401
0.15304239
0.15303151
0.15299734
0.15294556
0.15287358
0.15282427
0.15282325
0.15278773
0.15278445
0.15277433
0.15273029
0.15272918
0.15271349
0.15269785
0.15269542
0.15268172
0.15265235
0.15264441
0.15263921
0.1525999
0.15255252
0.15254655
0.15250672
0.1524885
0.15244298
0.15240507
0.15231521
0.15226391
0.152236
0.15222219
0.152196
0.1521906
0.15214653
0.15214002
0.15212421
0.15209135
0.15208009
0.15202338
0.15196621
0.15195866
0.15195866
0.15195484
0.15193768
0.151935
0.15193273
0.15192506
0.15190493
0.15187483
0.15183169
0.15180394
0.15179893
0.15178515
0.15177365
0.1517623
0.15175426
0.15175052
0.15174647
0.15174402
0.15173131
0.1517018
0.15162544
0.15162311
0.15160245
0.15159278
0.15156014
0.15155236
0.15154919
0.1515233
0.15149641
0.15147986
0.15146923
0.1514603
0.15138724
0.15127183
0.15126263
0.1512568
0.1512568
0.15125662
0.15121637
0.15121637
0.15120934
0.1512023
0.15118808
0.15118262
0.15115757
0.15113132
0.15108967
0.15105109
0.1510376
0.15094124
0.1509146
0.15090603
0.15086554
0.15085338
0.15084144
0.15082113
0.15081114
0.15077011
0.15072484
0.15066461
0.15063947
0.150618
0.15055893
0.15051365
0.15051061
0.15050079
0.15044367
0.15038857
0.15035646
0.15035558
0.15034029
0.15031788
0.15030648
0.15030548
0.15028627
0.15028188
0.15027098
0.15024166
0.15022872
0.15022872
0.15020068
0.1501975
0.15019721
0.15018594
0.1501764
0.15015484
0.15013589
0.15011676
0.15009703
0.15007807
0.1500321
0.15002428
0.14998412
0.14998256
0.14998181
0.14996123
0.14993215
0.14993134
0.14993134
0.14977081
0.14973675
0.14971069
0.1497037
0.149701
0.14968526
0.14968151
0.14959083
0.14957668
0.14957668
0.14955959
0.14952764
0.14952697
0.14949746
0.1494908
0.14949031
0.14947559
0.1494628
0.1494628
0.14945886
0.14945216
0.14944491
0.14938597
0.14937977
0.14932154
0.14930525
0.14928061
0.1492752
0.14924349
0.14919378
0.14919174
0.1491864
0.14918108
0.1491553
0.14915192
0.14914759
0.1491445
0.14913502
0.1491251
0.14911857
0.1491051
0.1490968
0.14905918
0.14899348
0.14896049
0.14895499
0.14893365
0.14891891
0.14890617
0.14882685
0.14878023
0.14876625
0.14876334
0.14873564
0.14869761
0.14866301
0.1486031
0.14860074
0.1485934
0.14858742
0.14846572
0.14846432
0.1484433
0.14843704
0.14843516
0.14839758
0.14838696
0.14834736
0.14827125
0.14819966
0.14816815
0.1481299
0.14812866
0.1480321
0.14803071
0.14801441
0.14796974
0.14796306
0.14796306
0.14795525
0.14792143
0.14792143
0.14791024
0.14787117
0.14782059
0.14779459
0.14775555
0.1477281
0.14772499
0.14769197
0.14766449
0.1476643
0.1476523
0.14763694
0.1476123
0.1476075
0.14760496
0.147594
0.14757167
0.14756747
0.14752458
0.14751019
0.14746402
0.14746173
0.14745113
0.14745113
0.14744268
0.14738983
0.14738856
0.14735322
0.14735244
0.14734867
0.14731742
0.14727299
0.14725727
0.14724576
0.14724404
0.14724077
0.14721446
0.14720458
0.14720413
0.14719968
0.14716765
0.14715186
0.14710629
0.14704591
0.14704339
0.14703858
0.14695476
0.14694372
0.1469396
0.1468743
0.14679353
0.14674515
0.14674187
0.14669414
0.14667018
0.14666744
0.14662266
0.14661898
0.1465931
0.1465931
0.14657278
0.14656226
0.14655778
0.14654621
0.1465046
0.1464797
0.14644063
0.14641118
0.14638597
0.14637606
0.14633623
0.14633194
0.14630504
0.14630504
0.14629233
0.1462814
0.14627285
0.14626727
0.14626202
0.14622717
0.14621422
0.14621124
0.14618708
0.1461835
0.14613259
0.14612947
0.1461156
0.14606309
0.14603388
0.14602779
0.14602366
0.14599589
0.14597729
0.1459692
0.14596164
0.14596164
0.14585397
0.14584239
0.14583829
0.14576988
0.14574601
0.14568798
0.14563808
0.14563307
0.14559673
0.14559178
0.14558537
0.14556016
0.14553013
0.14551237
0.14548849
0.14546803
0.14545384
0.14544699
0.14541155
0.14538507
0.14538507
0.14536913
0.14535473
0.14530434
0.14526467
0.14522146
0.1452192
0.14520931
0.1451716
0.1451533
0.14512032
0.1450969
0.14509216
0.14506248
0.14503601
0.14503492
0.14495736
0.14488202
0.14484753
0.1448004
0.14479426
0.14478815
0.14476955
0.14476089
0.1447593
0.1447585
0.14472134
0.14470683
0.14468706
0.14458153
0.1445281
0.1445011
0.14450099
0.14442313
0.1444034
0.14437866
0.14435764
0.14434507
0.14433596
0.14433327
0.14433065
0.14432672
0.14430445
0.14429718
0.1442872
0.1442872
0.14425285
0.144238
0.14423423
0.14423423
0.14422928
0.14422928
0.14422736
0.14420824
0.14419574
0.14416172
0.14415772
0.1441186
0.14406182
0.14406115
0.14405951
0.14405951
0.14404827
0.14403924
0.14402193
0.14400983
0.14400671
0.14399701
0.14398053
0.14396787
0.14394614
0.14392139
0.14390911
0.14387448
0.14384408
0.14377427
0.14376403
0.14374937
0.1437417
0.14372604
0.1437089
0.1437089
0.1437042
0.1437042
0.14365502
0.14364131
0.14359766
0.14359686
0.14359428
0.1435814
0.14354008
0.14352962
0.14349896
0.14348225
0.14347148
0.14341614
0.14339548
0.14334185
0.14333788
0.14332663
0.14329998
0.14329712
0.14326856
0.14326598
0.14322771
0.14318763
0.14318448
0.14317812
0.14317386
0.14316441
0.143147
0.1430899
0.14307183
0.14306839
0.14301938
0.14298022
0.14297359
0.14293233
0.14281388
0.14274144
0.14272971
0.14272875
0.14272875
0.14272857
0.14271164
0.14270008
0.14268346
0.14268346
0.14267613
0.14266726
0.14266726
0.14252974
0.1424687
0.1424687
0.14246666
0.1424584
0.14244366
0.14243858
0.14243858
0.14240386
0.1423791
0.14234711
0.14228086
0.14223985
0.14222078
0.14222078
0.14218892
0.14217284
0.14216462
0.14216447
0.14214344
0.14214139
0.1421308
0.14209819
0.14207354
0.14206348
0.14205582
0.14205128
0.14200664
0.14193718
0.14193591
0.14192975
0.1419125
0.14189306
0.14187032
0.14185365
0.14184621
0.14182265
0.14181769
0.14179751
0.14177695
0.14177564
0.14177379
0.14172627
0.14170969
0.141696
0.14165606
0.1415987
0.1415414
0.1414792
0.1414372
0.1414229
0.14141217
0.14139205
0.1413615
0.14131744
0.14131582
0.1413112
0.14130831
0.14130683
0.14130211
0.14129135
0.14121622
0.14119884
0.1411715
0.14110921
0.14109454
0.14109454
0.14109188
0.14107928
0.14107928
0.14105715
0.1410507
0.14098696
0.14097156
0.14094548
0.14092466
0.14091635
0.14088836
0.14088836
0.1408734
0.14085327
0.14084575
0.14082569
0.14077571
0.14073133
0.14067979
0.14067519
0.1406651
0.14063357
0.14061984
0.14061098
0.14060251
0.1405823
0.14056796
0.1404955
0.1404834
0.14046405
0.14046195
0.14043473
0.14038883
0.14036757
0.14034352
0.14033319
0.14030892
0.14028804
0.14027694
0.14016236
0.14016236
0.14016236
0.1401571
0.14014064
0.1401106
0.14007688
0.1400749
0.1400692
0.13998948
0.13996819
0.13993834
0.13993707
0.13989906
0.13989568
0.13988876
0.13985527
0.13984689
0.13981806
0.1397807
0.13976921
0.13976674
0.13976511
0.13975984
0.13972332
0.13966125
0.13965023
0.13963531
0.13958745
0.13955553
0.13952713
0.13951351
0.13949461
0.13948718
0.13948296
0.13947882
0.13945673
0.13939697
0.13939665
0.13936831
0.13935335
0.13933434
0.13933013
0.1393254
0.13931069
0.13927394
0.13926809
0.1392496
0.13924314
0.13923493
0.13921188
0.1391742
0.13914983
0.13914764
0.13913444
0.13912746
0.13907872
0.13905376
0.13903688
0.13901195
0.1390109
0.13899364
0.13898934
0.13896549
0.13893223
0.13888724
0.13888392
0.1388618
0.13886157
0.13882874
0.13880277
0.1387715
0.1387715
0.13875532
0.13872308
0.1387078
0.13869348
0.13869348
0.13869348
0.13867056
0.13866098
0.13865963
0.13862275
0.13858612
0.13856249
0.13856107
0.138558
0.13854343
0.1384927
0.13843475
0.13843277
0.13843277
0.1384231
0.13835616
0.13830179
0.13829702
0.13828906
0.13827054
0.13827014
0.1382596
0.1382429
0.13821676
0.1381917
0.13818428
0.1381768
0.1381486
0.13813809
0.13807689
0.13806456
0.13803895
0.13803503
0.13803045
0.13800548
0.13792977
0.1379286
0.13791585
0.13790096
0.1378871
0.13780922
0.13771412
0.13770801
0.1376938
0.13766696
0.13764216
0.13763656
0.13761336
0.13755389
0.13754065
0.13754049
0.13754001
0.13751373
0.13746016
0.13745184
0.13744964
0.13741925
0.13739668
0.13737738
0.13736568
0.1373426
0.13731709
0.13729952
0.13727969
0.13727768
0.13726237
0.1371751
0.1371751
0.13714942
0.13714257
0.13712595
0.13709694
0.13708535
0.13707043
0.13705544
0.13705257
0.13702998
0.13702826
0.13699824
0.13698417
0.13691457
0.13690738
0.13689625
0.13688882
0.13687648
0.13685755
0.13681452
0.13676089
0.13674323
0.13674057
0.1367366
0.13670692
0.13667914
0.13667424
0.13659592
0.13654079
0.13641867
0.13640665
0.13639171
0.13638368
0.13637082
0.13637017
0.13635877
0.13631523
0.136303
0.1362961
0.13628654
0.13626029
0.1362425
0.1362343
0.13618252
0.13616917
0.13614208
0.1361409
0.13612553
0.13612363
0.13611376
0.13606516
0.13605686
0.13603266
0.13601647
0.13599262
0.13599074
0.13597819
0.13597819
0.13595028
0.13593858
0.135936
0.13592942
0.13592346
0.13587755
0.13586596
0.13581714
0.13578278
0.13576457
0.13576253
0.13568297
0.1356712
0.13566811
0.13565573
0.13563748
0.13563071
0.13561612
0.1355896
0.13558066
0.13557957
0.13556722
0.13556571
0.13554579
0.13554579
0.13554391
0.13553895
0.1355285
0.13547248
0.13547248
0.13543445
0.13539788
0.1353926
0.13536607
0.13534653
0.13532962
0.13523564
0.13523333
0.13522226
0.13521656
0.13520648
0.13520335
0.1351883
0.13518225
0.13517062
0.13516848
0.13515842
0.13515842
0.13514449
0.13513473
0.13510509
0.13510509
0.13510509
0.13508788
0.13508448
0.13504621
0.1350008
0.1349806
0.13497707
0.1349739
0.13495411
0.1349463
0.1349463
0.13493878
0.13493747
0.13491765
0.13491052
0.1348787
0.13487166
0.13486779
0.13485424
0.13483964
0.13482472
0.13480204
0.13479893
0.13479295
0.13478795
0.13478139
0.13474865
0.13468713
0.13468112
0.13464157
0.13463351
0.13462931
0.13462931
0.13461201
0.13460107
0.13459049
0.1345722
0.13454464
0.13452643
0.13451864
0.13450381
0.13450323
0.13450076
0.13448653
0.13444756
0.1344378
0.13443539
0.1344262
0.13434455
0.13434339
0.13429964
0.13425316
0.13423033
0.13420857
0.13419771
0.13419484
0.13419454
0.13408792
0.1340637
0.13404556
0.13400254
0.13399775
0.1339827
0.13396603
0.13394319
0.13391805
0.13389088
0.1338881
0.13388622
0.13386682
0.13384956
0.13383403
0.13382818
0.13375793
0.13374937
0.13373807
0.13368408
0.1336684
0.13365978
0.1336467
0.13361385
0.1335964
0.13355866
0.13352153
0.13351287
0.13350545
0.13350545
0.13350195
0.13350195
0.13349745
0.1334966
0.13348287
0.13343507
0.13333793
0.13333575
0.13330118
0.13325952
0.13325745
0.13322209
0.13321769
0.13319694
0.13319379
0.13318275
0.13317461
0.13315095
0.13313666
0.13313578
0.13313401
0.13309841
0.1330697
0.13306563
0.13305534
0.1329921
0.1329921
0.13298362
0.13294394
0.13293603
0.13291597
0.13291597
0.13289693
0.13289693
0.13289693
0.13289003
0.13289003
0.13288085
0.13284579
0.13284063
0.13283554
0.13283317
0.13283114
0.13282941
0.13281883
0.13279912
0.13279413
0.13279295
0.13276154
0.13275655
0.13272111
0.13270487
0.13269769
0.13268165
0.13264802
0.13264376
0.1325765
0.13256328
0.13255766
0.1325255
0.13249634
0.13249634
0.13249634
0.1324961
0.13249552
0.13248539
0.1324684
0.13244149
0.13240021
0.13237242
0.13236217
0.13235413
0.13233715
0.13233447
0.13224629
0.13222991
0.13222808
0.1322191
0.13221477
0.13220592
0.1321732
0.13212825
0.13210078
0.1320785
0.13207313
0.13205704
0.13202636
0.13196665
0.13196512
0.13193655
0.13191798
0.13187857
0.13181244
0.13178483
0.1317554
0.13171476
0.13166897
0.13166016
0.13163604
0.13162896
0.13162732
0.13160382
0.1315845
0.13153426
0.1315267
0.13149689
0.13149682
0.13149369
0.1314877
0.13143523
0.13143128
0.13142014
0.13141225
0.13136734
0.13134837
0.13126926
0.13126285
0.13126197
0.13125432
0.13124406
0.1311999
0.13119188
0.13118404
0.13114783
0.13114718
0.13114317
0.13114026
0.13113192
0.13113192
0.1311223
0.1311135
0.13111116
0.13107407
0.13106407
0.1310569
0.13103884
0.13103712
0.13102943
0.1309487
0.13093163
0.13092923
0.13092642
0.13085432
0.13082634
0.13082282
0.13081746
0.1307806
0.13076937
0.1307466
0.13074064
0.13073617
0.13072252
0.13071886
0.13068137
0.13065949
0.130642
0.13061054
0.13059944
0.13058406
0.13055293
0.13054919
0.13054551
0.130534
0.13050243
0.13050044
0.13047928
0.13046925
0.13046265
0.1304623
0.13046214
0.13045786
0.13040857
0.1304013
0.13038753
0.13037857
0.13036704
0.13035385
0.13035204
0.1303501
0.13034236
0.13029984
0.13028352
0.13026866
0.13017657
0.13017221
0.13017072
0.13015762
0.13015546
0.13015546
0.13012901
0.13011347
0.13011347
0.13010545
0.13006626
0.13006599
0.13004279
0.13003388
0.13001755
0.13000794
0.12999646
0.12993908
0.1299328
0.12992738
0.12991709
0.12986977
0.12986977
0.129852
0.12984583
0.12983887
0.1298319
0.12983036
0.12979594
0.12978207
0.12976047
0.12975332
0.1297397
0.12973206
0.12972786
0.12969583
0.12969421
0.12968042
0.12966424
0.12962724
0.12961915
0.12961361
0.12961361
0.12960619
0.12959833
0.12957281
0.1295197
0.12951607
0.12950996
0.12948912
0.12943828
0.12943386
0.12940249
0.1294003
0.12936361
0.1293478
0.12933862
0.12933104
0.12926725
0.12922083
0.12922002
0.12921305
0.12920655
0.12920211
0.12918606
0.12915227
0.12913056
0.12911466
0.12909333
0.12908246
0.12908058
0.12907533
0.12903792
0.12902285
0.12900601
0.12899923
0.12898819
0.12897448
0.12896077
0.12895654
0.12895654
0.12894778
0.1289055
0.12887199
0.12881488
0.12881397
0.12880023
0.12878154
0.12877545
0.12876725
0.12876627
0.12872972
0.1287288
0.1287106
0.12867542
0.12863062
0.12862146
0.12860489
0.12860082
0.12857667
0.12857582
0.1285708
0.12856661
0.12853402
0.12852582
0.12849954
0.1284854
0.12846456
0.1284528
0.12841408
0.12841146
0.12838553
0.12835911
0.1283285
0.12832578
0.12830588
0.12830476
0.1282737
0.12826541
0.12825523
0.12825504
0.1282491
0.1282443
0.12824132
0.12821743
0.12819637
0.12819637
0.12819535
0.12818193
0.12818193
0.12816404
0.1281579
0.12811098
0.12808834
0.12808834
0.12803036
0.12798251
0.12796514
0.12795834
0.12794149
0.12794027
0.1279253
0.12792346
0.1279126
0.12789159
0.12787777
0.1278716
0.12777092
0.12776905
0.12775478
0.12774795
0.12772086
0.12770137
0.1276947
0.12768325
0.12767571
0.12766828
0.12763588
0.12759548
0.12759204
0.12753436
0.12753318
0.12752873
0.12751451
0.12750483
0.12749223
0.12743104
0.12741205
0.12741095
0.12735997
0.127304
0.12729876
0.127265
0.12726194
0.12713909
0.12712497
0.12712362
0.1270557
0.12703052
0.12699169
0.12699
0.12699
0.12699
0.12693983
0.12692872
0.12692393
0.1268667
0.1268651
0.1268632
0.12686102
0.12682378
0.12680501
0.12678316
0.12677716
0.12676384
0.12676278
0.12673429
0.1267204
0.12670906
0.12670068
0.12669988
0.12669492
0.12667923
0.12666358
0.12665951
0.12665366
0.12663652
0.12657997
0.12657209
0.1265532
0.12654252
0.12653543
0.12650621
0.1264765
0.12645406
0.12641715
0.12634511
0.12630564
0.12630032
0.1262703
0.1262549
0.1262209
0.12620617
0.12619208
0.12616478
0.12611128
0.12609163
0.12606868
0.12606458
0.12606339
0.12606339
0.12606339
0.12605996
0.12594579
0.12594411
0.12594193
0.12591624
0.12590675
0.12590675
0.12584715
0.12576973
0.12576735
0.12572075
0.12571502
0.12567592
0.12567294
0.12564418
0.12563705
0.12562642
0.12561868
0.12560584
0.12559897
0.12559593
0.12558386
0.1255397
0.12552331
0.12550798
0.12546363
0.12545265
0.1254453
0.12543416
0.12543206
0.12542677
0.12538488
0.12538369
0.12536879
0.12536606
0.12535122
0.12534097
0.12528513
0.12528452
0.12526032
0.12525882
0.12524873
0.12523589
0.12518221
0.1251696
0.12511101
0.12509862
0.12506828
0.12504435
0.12502544
0.12500611
0.12498802
0.12498039
0.12496597
0.124919705
0.124886304
0.12488617
0.12488568
0.12488099
0.12487726
0.124865554
0.124829926
0.12479492
0.12478435
0.12478033
0.12475874
0.12475285
0.1247341
0.124715395
0.124692425
0.12469082
0.124660045
0.12463335
0.1246216
0.124564104
0.1245421
0.12453065
0.12449266
0.12447696
0.124476515
0.12446357
0.1244609
0.12442937
0.12442562
0.12442168
0.12441449
0.12440796
0.12438298
0.12437296
0.12435125
0.124348864
0.12430489
0.12430489
0.12429783
0.12422088
0.12421449
0.12418563
0.12417186
0.124142416
0.12413608
0.1241265
0.12411416
0.12410708
0.12410077
0.12402934
0.12399972
0.12397492
0.12389946
0.12388901
0.12386448
0.123849414
0.123807795
0.123795606
0.12378619
0.12378476
0.12377193
0.123756655
0.12374675
0.12373241
0.123712204
0.123712204
0.12362891
0.12360891
0.123504825
0.12345452
0.12343923
0.12341723
0.12341256
0.12337985
0.12337129
0.12337117
0.12333713
0.123307146
0.12322158
0.12321323
0.123211406
0.12318616
0.123186
0.123184584
0.12317503
0.12314574
0.12311412
0.12309714
0.12309478
0.12308886
0.12306534
0.123050176
0.12302641
0.123009
0.12300782
0.12294869
0.12289194
0.12284783
0.12283713
0.12282876
0.12272474
0.122702435
0.12267416
0.12266807
0.12264188
0.122618034
0.122569546
0.12256555
0.12253433
0.122534074
0.12253112
0.1225189
0.12251238
0.12250875
0.12249018
0.122485116
0.12244045
0.12239182
0.12235914
0.12234892
0.1223145
0.12230405
0.12230277
0.12229592
0.122281946
0.12226743
0.122246765
0.12224602
0.12220972
0.12220755
0.12220396
0.122151546
0.12215115
0.12214362
0.122089736
0.12208209
0.12205719
0.122039124
0.12200886
0.121971324
0.12196563
0.12194446
0.12193328
0.12191043
0.12190863
0.1218826
0.12185657
0.12182112
0.12181313
0.12174796
0.121729165
0.12167402
0.12164957
0.12164548
0.1216381
0.12159791
0.12159154
0.121582784
0.121572055
0.121538535
0.12150079
0.12149081
0.12148878
0.12146365
0.121441424
0.12142823
0.12142767
0.12142767
0.121418335
0.12141767
0.12138169
0.12137437
0.12136856
0.12136829
0.12133219
0.12132599
0.1213252
0.12131486
0.12130967
0.1212997
0.1212836
0.12126665
0.12123844
0.1212272
0.12122406
0.121192925
0.121182196
0.12115254
0.12114295
0.121122286
0.12108413
0.1210758
0.12104935
0.121014126
0.120986365
0.12097065
0.1209589
0.12093298
0.12092518
0.12091591
0.12089735
0.12087116
0.12084066
0.12081546
0.12081098
0.1207998
0.1207897
0.12072327
0.12072107
0.120704174
0.120662086
0.12061053
0.12060869
0.12060816
0.12059604
0.12059065
0.12058625
0.12058504
0.120575264
0.1205591
0.12054837
0.12053581
0.12051321
0.12050459
0.120453514
0.12040886
0.12040411
0.12035916
0.12029134
0.12026369
0.12015345
0.120147556
0.120124705
0.12011988
0.12011988
0.12008355
0.12008103
0.120077126
0.12007106
0.12004617
0.120045
0.12002334
0.11996408
0.11992402
0.11991707
0.11988883
0.11987911
0.11987627
0.119866535
0.1198495
0.11984145
0.11980057
0.119797304
0.119748764
0.11974097
0.11970645
0.11968148
0.11965152
0.119639404
0.11963425
0.119609684
0.11960706
0.11960637
0.119569615
0.11953333
0.11950036
0.11949916
0.119498916
0.11945609
0.11945499
0.119448446
0.11941743
0.1194053
0.11937403
0.119365714
0.11932819
0.11926127
0.11921798
0.1192099
0.11920394
0.11917714
0.11917484
0.11916985
0.11915666
0.11912883
0.11911101
0.11910155
0.11909108
0.11908461
0.119063385
0.11904811
0.119045585
0.11901741
0.118941285
0.118940786
0.118933745
0.11893049
0.11889078
0.11883124
0.118825756
0.11882176
0.11876994
0.118751705
0.11867575
0.11865917
0.118638866
0.118609734
0.11859353
0.11858357
0.11857866
0.11848228
0.11847311
0.11844249
0.11843711
0.11842407
0.11842168
0.11842168
0.11842094
0.118404254
0.11840027
0.118385755
0.118384525
0.11829547
0.11826257
0.1182183
0.11821692
0.11821055
0.11820186
0.11818577
0.11816689
0.11814017
0.11812903
0.11812556
0.11810446
0.11809501
0.11808634
0.11807644
0.11807597
0.11807509
0.11806959
0.11804467
0.11803337
0.11802047
0.118017584
0.11800813
0.11799256
0.11799183
0.11798131
0.117953256
0.1179413
0.117919445
0.11791605
0.11789126
0.11788773
0.11786914
0.11786339
0.11785005
0.11782799
0.117825314
0.11781327
0.11779065
0.11773871
0.11771456
0.11769145
0.11769003
0.117615916
0.1176042
0.117564805
0.11755065
0.117530964
0.11752628
0.11752316
0.117519215
0.11750156
0.117461406
0.11745395
0.117440924
0.117418356
0.11741565
0.11741507
0.11741135
0.11739104
0.11738855
0.11736353
0.11731954
0.11729696
0.11728592
0.11726876
0.11725983
0.11725905
0.11724671
0.11724503
0.11723798
0.117224686
0.117224686
0.117205895
0.11718083
0.11716983
0.11716441
0.11713144
0.11712949
0.11712748
0.117120884
0.117074475
0.117060974
0.117052816
0.11704101
0.11698406
0.116980605
0.11696555
0.11694264
0.11692655
0.11692655
0.11689979
0.11689657
0.11687978
0.11684742
0.11684376
0.116836414
0.11682503
0.11680635
0.116753474
0.11669273
0.11667459
0.11666058
0.116644815
0.11660858
0.11659618
0.116590485
0.11654812
0.11653684
0.11653312
0.11652502
0.11651391
0.11651291
0.116494074
0.11647271
0.11644423
0.116435155
0.11643368
0.11641379
0.11637454
0.11636642
0.116364114
0.116360255
0.116354905
0.11633335
0.11632161
0.11627084
0.11625064
0.11624273
0.116220064
0.11621941
0.116186015
0.116179325
0.116157226
0.11613211
0.11613017
0.116073385
0.116021566
0.1160056
0.11599128
0.11598375
0.11596942
0.115959466
0.11595806
0.11591888
0.11591721
0.11590632
0.11589905
0.115884855
0.115872614
0.115868166
0.11586273
0.11585959
0.11584993
0.11583291
0.115819015
0.11579701
0.11579059
0.11578769
0.11575311
0.115687884
0.115658276
0.11562493
0.115614995
0.115606815
0.11559807
0.11553261
0.115519546
0.11551682
0.11547975
0.11547446
0.115474
0.115469046
0.115413375
0.11541226
0.115402184
0.11539245
0.11538894
0.11536853
0.115347914
0.115251206
0.11523254
0.115131475
0.115111805
0.11511133
0.11511133
0.11510061
0.11508342
0.1150394
0.115015276
0.11497607
0.11497068
0.11495003
0.114941865
0.114809796
0.114801496
0.11479278
0.11479278
0.11474763
0.11472826
0.11471509
0.11471509
0.11471509
0.114658415
0.1146414
0.11459269
0.11459129
0.11455049
0.11454861
0.11453308
0.11452623
0.11452623
0.11448639
0.11446682
0.11446667
0.1144414
0.11442982
0.114427164
0.11438959
0.11437799
0.114327535
0.11432499
0.114322595
0.114283696
0.114278145
0.114245445
0.114233494
0.11422161
0.11416328
0.11413979
0.11412649
0.11410804
0.11410638
0.114094816
0.1140914
0.11407224
0.1140714
0.11405559
0.11405043
0.11404673
0.11404094
0.11399653
0.11398165
0.11393602
0.113864906
0.11386011
0.113845006
0.11381285
0.11380932
0.113804676
0.1137797
0.11377793
0.113761716
0.113755204
0.11373695
0.113716945
0.1137115
0.11366089
0.1136529
0.11365263
0.11364302
0.11361757
0.113612145
0.11360658
0.11359416
0.11355681
0.1135386
0.113531545
0.11352154
0.11351031
0.11347972
0.11347699
0.113360524
0.11330435
0.11320634
0.113197446
0.11317896
0.11312061
0.11309904
0.11309595
0.11309428
0.11308873
0.113075055
0.11307036
0.11306848
0.11306442
0.113062866
0.11298689
0.112981
0.112970896
0.11282616
0.11281044
0.11278596
0.11277095
0.11276802
0.11275988
0.112757094
0.11275615
0.11273759
0.11271305
0.11265734
0.1126275
0.11262051
0.11261763
0.1126105
0.11258866
0.11258833
0.112583995
0.1125757
0.11256659
0.11255789
0.112541795
0.11253542
0.11251685
0.11246073
0.11245169
0.11243102
0.112421356
0.11240846
0.11239253
0.112392195
0.11239175
0.112384036
0.11236124
0.11232709
0.11231112
0.11229526
0.112277694
0.11227356
0.11225529
0.11223537
0.112233795
0.1122326
0.11222415
0.11220263
0.11217173
0.11216113
0.11214304
0.112138905
0.1121075
0.112082504
0.11204648
0.11203757
0.11203348
0.11194693
0.111905605
0.111898616
0.111898616
0.11188264
0.111877464
0.11187227
0.11186013
0.11185341
0.111813016
0.11176682
0.111743845
0.111701034
0.11168409
0.11168356
0.11166223
0.11163962
0.11163479
0.111597724
0.11156188
0.11152738
0.11151735
0.111515544
0.1115137
0.111510254
0.11150554
0.111504994
0.111436285
0.11140008
0.11139495
0.11138739
0.11135218
0.111323066
0.11132297
0.111308634
0.1113047
0.111291446
0.11124884
0.1112428
0.11123367
0.11122199
0.111177415
0.1111589
0.11115412
0.11115019
0.11114743
0.11114626
0.11112397
0.11108375
0.11107725
0.111072145
0.111068256
0.1110675
0.11102989
0.11101103
0.11099808
0.11093199
0.11092899
0.11091168
0.110897005
0.11086807
0.11084925
0.11081725
0.110802874
0.11077779
0.11071556
0.110698976
0.11065774
0.11064423
0.11064388
0.11059671
0.11059483
0.11058551
0.11047849
0.110469446
0.11045424
0.11042103
0.11033497
0.11027568
0.11027064
0.11026964
0.11024864
0.110196374
0.110174544
0.11015409
0.11011598
0.110092856
0.11007881
0.11004278
0.11002009
0.11001003
0.10999768
0.109968185
0.109958924
0.10991931
0.109844945
0.10981079
0.10977491
0.10973456
0.10972035
0.10971863
0.1097088
0.109694436
0.10966194
0.10963005
0.109624624
0.10960163
0.10960082
0.1095994
0.109598055
0.10959414
0.10959368
0.10958996
0.10958802
0.109585024
0.1095273
0.109514035
0.109429486
0.10942361
0.10940731
0.10939097
0.10935778
0.10931903
0.10925211
0.109240696
0.109233536
0.10917912
0.109173514
0.109161966
0.10914508
0.1091439
0.10911519
0.10907213
0.10906129
0.109060965
0.10905452
0.109050915
0.10901008
0.10899598
0.1089947
0.108971365
0.10894162
0.108929075
0.108893126
0.10887605
0.10883957
0.10880478
0.10880274
0.10877762
0.10876997
0.10876779
0.10871977
0.10868589
0.10868439
0.10865908
0.10865344
0.108614914
0.10854552
0.10846927
0.10844751
0.10844493
0.10842178
0.10842128
0.108396664
0.10835748
0.10834622
0.10830318
0.10828207
0.108153075
0.10814494
0.10811511
0.108053766
0.108046554
0.10802983
0.10799624
0.107966594
0.10789988
0.107844815
0.10784479
0.107813366
0.10775977
0.10774837
0.10773937
0.107690394
0.10763895
0.10762842
0.107626334
0.10761978
0.1075889
0.10756263
0.10756122
0.107559144
0.10754453
0.1074962
0.107436426
0.10742321
0.107422024
0.107393175
0.107384264
0.107367486
0.10734345
0.10733889
0.10732035
0.10729755
0.107293405
0.10724394
0.10723978
0.10717488
0.10712641
0.10711006
0.10710258
0.10707531
0.10705888
0.10703918
0.10699693
0.10690595
0.10689871
0.10688383
0.10687936
0.10685295
0.10682851
0.10680897
0.10679858
0.10678241
0.10675001
0.10673555
0.10672377
0.106647976
0.10657295
0.10656945
0.10656745
0.10656613
0.106511146
0.10646161
0.10645437
0.10642833
0.106400564
0.10638961
0.10637883
0.10633602
0.10629662
0.10626021
0.10625835
0.10624896
0.10624246
0.10620987
0.10620584
0.106204934
0.10618248
0.10618126
0.10618017
0.10615637
0.10612741
0.10609648
0.10606001
0.1060555
0.10603441
0.106029846
0.106026456
0.106012754
0.105993964
0.105966315
0.1059594
0.10591425
0.105908185
0.10588295
0.1058562
0.10585164
0.10582066
0.10581227
0.105789
0.105778754
0.10576875
0.10576809
0.10573974
0.105698206
0.105693765
0.10567488
0.1055576
0.105500884
0.105461195
0.10546026
0.10545854
0.105450876
0.105388165
0.105345465
0.10531683
0.10530994
0.10527947
0.10526442
0.10524799
0.105214216
0.10520713
0.10519693
0.1051766
0.10512594
0.10509994
0.10505041
0.10501157
0.10495517
0.10494983
0.1049473
0.104928665
0.10491495
0.10491181
0.10490558
0.104863904
0.10484873
0.104830116
0.104800634
0.10480028
0.10477343
0.104765385
0.104765385
0.10474754
0.10473336
0.1047278
0.10466204
0.10466185
0.104653
0.10464979
0.104636796
0.10462265
0.104618944
0.10461369
0.10460954
0.10459918
0.10458369
0.10455863
0.104542814
0.10454029
0.104530334
0.10453001
0.104519315
0.104503274
0.10445081
0.10440467
0.1044036
0.104356654
0.104303375
0.104272164
0.10421137
0.10420997
0.104195304
0.10418034
0.10416103
0.10415854
0.10415641
0.10413025
0.10412322
0.10411791
0.10411608
0.10404239
0.104019456
0.104002655
0.10399211
0.10396382
0.103908755
0.103906184
0.10388856
0.103848204
0.10380674
0.103783175
0.103778206
0.10372593
0.1037202
0.10367528
0.10366924
0.103646316
0.10359533
0.103579156
0.10354846
0.10351979
0.103517935
0.103503995
0.10347714
0.10346494
0.10341064
0.103410125
0.1033985
0.10338234
0.10333389
0.10329553
0.10326712
0.10325719
0.10323529
0.10312531
0.103096455
0.10308375
0.103070855
0.103050515
0.103046246
0.10303146
0.10302972
0.10299999
0.10294749
0.10293631
0.10290454
0.10287755
0.10286696
0.10280225
0.10277267
0.102768734
0.10276254
0.1027594
0.10275542
0.10275502
0.1027273
0.10271546
0.10270412
0.1026598
0.10254231
0.10252605
0.10252324
0.10251194
0.10251163
0.10245611
0.10245541
0.10242717
0.10242362
0.10241459
0.10240793
0.10237142
0.102360845
0.10235504
0.10235153
0.10235118
0.10227423
0.10226874
0.102251075
0.10223615
0.10217939
0.10216916
0.10215978
0.1021504
0.102037534
0.10199475
0.101930015
0.10187154
0.10184906
0.101841025
0.10183763
0.10182352
0.101803854
0.1017719
0.101751365
0.10167194
0.10165536
0.101649776
0.101593815
0.10155886
0.10155559
0.10154554
0.10152187
0.101516314
0.10148037
0.10147891
0.1014767
0.1014598
0.10144935
0.10143422
0.10139694
0.101377346
0.101362415
0.101280525
0.1012668
0.10124088
0.101203986
0.101146355
0.1011141
0.10110576
0.101099625
0.101085894
0.10105028
0.10104851
0.10102867
0.10091911
0.100910544
0.100895055
0.10085611
0.10081992
0.1008199
0.10077446
0.10069146
0.10062764
0.10056993
0.10055009
0.10050138
0.100486755
0.10048538
0.10043884
0.10043139
0.10042256
0.10041046
0.100408345
0.100408345
0.100382425
0.10037351
0.10037017
0.100365885
0.10032835
0.1003166
0.10029182
0.10026527
0.100221395
0.10020934
0.10019893
0.100182496
0.10007203
0.10004073
0.10002614
0.10002317
0.10000534
0.1
0.099981435
0.09996454
0.099932276
0.09992449
0.09988515
0.099872656
0.09984915
0.09984466
0.09984055
0.09976914
0.09976091
0.099749774
0.09973711
0.09972713
0.09970014
0.09968916
0.09958344
0.0995741
0.09956615
0.09956486
0.09953697
0.099509135
0.09948765
0.099479884
0.09946367
0.09944032
0.09943684
0.09941129
0.09938151
0.09934049
0.09933473
0.09927647
0.099245
0.099230506
0.09922708
0.09922079
0.09918376
0.099165104
0.09915058
0.09913806
0.09910718
0.09907476
0.09903273
0.0990316
0.09898156
0.09897269
0.09895822
0.098905906
0.0988918
0.0988873
0.09888105
0.09886949
0.098846935
0.09880902
0.098800644
0.098785326
0.09873478
0.09873047
0.09871418
0.098670304
0.09866907
0.09862057
0.09861437
0.09860942
0.09860475
0.09852172
0.098495424
0.09849354
0.09847836
0.09846448
0.098432295
0.09841225
0.09841039
0.09840305
0.09837672
0.0983081
0.09828929
0.098267145
0.09826307
0.098165154
0.098109655
0.09806928
0.09804919
0.09803532
0.09796109
0.09793432
0.09793287
0.09791353
0.09790431
0.09782043
0.09781899
0.0977167
0.09770651
0.09764845
0.09764597
0.09760684
0.09759695
0.09755614
0.09751133
0.097400084
0.097333364
0.09726568
0.09712217
0.09712121
0.09707731
0.09705051
0.09701639
0.096995905
0.096909046
0.09690045
0.09687208
0.096864864
0.09685347
0.09682953
0.09681644
0.0967709
0.09674127
0.09661876
0.09659801
0.09659788
0.096557215
0.09655336
0.0964816
0.09641424
0.09640011
0.09636606
0.0963497
0.09633493
0.09628205
0.096261434
0.096248284
0.096230015
0.09622844
0.09612506
0.096084245
0.096083224
0.09607474
0.09603571
0.09602261
0.095974594
0.09593873
0.09592934
0.09592313
0.09588919
0.09588892
0.09587982
0.0958789
0.09580741
0.09575909
0.09574935
0.09573362
0.0957068
0.09569514
0.095688984
0.095672384
0.09564491
0.095637396
0.095626846
0.0955974
0.095547326
0.09553463
0.09550143
0.095435254
0.09539283
0.09531457
0.095311835
0.09514639
0.09513198
0.09511618
0.09504065
0.09503007
0.09492578
0.09491306
0.094907895
0.09488125
0.09483923
0.09481915
0.094794124
0.09478478
0.09476035
0.0947424
0.0947184
0.09470636
0.09464709
0.09464538
0.09462324
0.09461461
0.094607465
0.09457803
0.09451691
0.09449818
0.09442678
0.09434712
0.09428755
0.09424629
0.09416593
0.09410339
0.0940877
0.09407657
0.09405795
0.09388464
0.093825124
0.09380086
0.09379426
0.09375179
0.09373122
0.09369049
0.09368805
0.09368181
0.093629226
0.09360635
0.093599394
0.09354623
0.09343788
0.09343538
0.09339677
0.09338477
0.09337238
0.09335887
0.09335765
0.09334139
0.0931911
0.093190655
0.093122415
0.0931099
0.09310732
0.09310232
0.09309186
0.09306032
0.09294106
0.092909776
0.09281758
0.09266019
0.09262484
0.09250708
0.09246114
0.092416495
0.09239566
0.092386246
0.09237595
0.09236963
0.09235288
0.09235284
0.092310525
0.092227794
0.09220342
0.092180304
0.0921467
0.09210283
0.09201644
0.09195706
0.09195332
0.09194561
0.09193113
0.09187571
0.09184138
0.09179477
0.09176183
0.09172172
0.09162716
0.091574065
0.09154089
0.09147365
0.09146991
0.09145199
0.09144662
0.091437906
0.09141524
0.09139579
0.09138381
0.09137192
0.0913074
0.09129282
0.09125964
0.091233045
0.09121133
0.09120909
0.0911884
0.09115688
0.09106262
0.09102107
0.090992846
0.09097553
0.09086989
0.090845875
0.09083129
0.09081351
0.09073118
0.090701275
0.09067884
0.0905445
0.09053666
0.09048614
0.090449594
0.09042835
0.09041859
0.090414256
0.09040761
0.09038895
0.0903773
0.09031599
0.090296656
0.090295665
0.09025954
0.09025584
0.09023186
0.09022826
0.09022622
0.09022317
0.09015132
0.090021506
0.090014435
0.090012774
0.08994698
0.08992509
0.08983858
0.08983612
0.08979367
0.08977192
0.08966565
0.08965817
0.089592405
0.089552335
0.08954432
0.08946227
0.08944247
0.08944173
0.0894268
0.089366786
0.08935018
0.089273684
0.08921919
0.08920495
0.08908635
0.08906136
0.08902181
0.0889706
0.08890664
0.08887082
0.088810936
0.08875359
0.08865378
0.08861586
0.0885406
0.088495225
0.08842207
0.088306226
0.08828925
0.08828023
0.08825844
0.08825776
0.08820581
0.0881675
0.0881509
0.08813837
0.08813404
0.08812668
0.08808115
0.088080384
0.08807447
0.08804215
0.08788385
0.0876795
0.08762505
0.08754621
0.08754057
0.087533616
0.08746288
0.087439075
0.08741419
0.087383576
0.0873068
0.087199025
0.08701436
0.086995214
0.08693112
0.08690839
0.086898685
0.08681974
0.086793125
0.086767316
0.08676323
0.086678304
0.08659851
0.08654212
0.08650093
0.086488985
0.08648413
0.086462654
0.08642321
0.08640561
0.08640163
0.0862438
0.08621344
0.0861783
0.08616081
0.086066015
0.08604961
0.08596126
0.08580787
0.08577649
0.08576195
0.0857459
0.08570482
0.08564361
0.08560072
0.08559833
0.08558165
0.08557872
0.085487545
0.08542606
0.08537168
0.08528357
0.08520993
0.0851136
0.08511207
0.08508856
0.08500354
0.08500185
0.08485858
0.08481798
0.084737755
0.08409363
0.08402074
0.08390937
0.08374776
0.0835911
0.08346298
0.08340869
0.083343014
0.08313684
0.08307308
0.08292584
0.082906425
0.08256772
0.0825577
0.08249006
0.08244651
0.08244186
0.082430676
0.0821877
0.08192074
0.081768624
0.08176616
0.08168779
0.08154288
0.08151233
0.081494525
0.08145302
0.08124683
0.08100495
0.08100351
0.08098697
0.08096277
0.080748565
0.08068592
0.08046639
0.08037858
0.080368906
0.08033129
0.080176815
0.08017173
0.08012058
0.080051206
0.079890154
0.079889715
0.07959124
0.07951364
0.079498544
0.07946734
0.079389066
0.07938469
0.07938242
0.079324946
0.079277925
0.079087935
0.07875566
0.07871786
0.07864259
0.07845195
0.07832941
0.07821825
0.078026816
0.078026384
0.077880695
0.077680476
0.077590935
0.077516034
0.07746533
0.07742479
0.07720087
0.07717166
0.07715092
0.07703099
0.07678572
0.07661766
0.07655401
0.07647005
0.076266825
0.076257505
0.076177165
0.07602124
0.07563818
0.07551871
0.07550163
0.07540318
0.07519328
0.07497905
0.07494368
0.07489931
0.07476998
0.07476985
0.07468073
0.074450396
0.0739782
0.07368009
0.07364345
0.07363396
0.07358521
0.07329741
0.073106185
0.0730727
0.07254076
0.072340384
0.072261125
0.07191093
0.07183335
0.071814835
0.07161243
0.07104427
0.0708376
0.07080695
0.070793726
0.07074722
0.07073868
0.07069894
0.07062583
0.07061913
0.07055519
0.07049186
0.07046084
0.07035095
0.07010587
0.070084035
0.069945596
0.069824
0.069782235
0.069678895
0.06962426
0.06961975
0.06956853
0.06948401
0.06939933
0.06928655
0.06918582
0.069059566
0.06900816
0.06900462
0.06896404
0.06896361
0.06887078
0.068821125
0.068740994
0.0687196
0.06869738
0.068628035
0.06854273
0.06853189
0.06847031
0.06832923
0.06819964
0.06814853
0.0681159
0.06808031
0.0680385
0.06774018
0.067737006
0.06754447
0.06753818
0.06753427
0.06718638
