0.75844306
0.6752012
0.63703245
0.60742754
0.6060294
0.59726244
0.56655306
0.55632555
0.55590785
0.5468737
0.5439055
0.5303238
0.5128522
0.50584286
0.50565386
0.4963663
0.48221898
0.47948116
0.46433237
0.4611776
0.45913342
0.44580573
0.4438641
0.4390754
0.43083414
0.42818153
0.4275233
0.4202025
0.41763565
0.417485
0.4168262
0.41520384
0.4145507
0.41131833
0.4084116
0.40314162
0.3956177
0.3944982
0.3944869
0.39273143
0.381886
0.37861198
0.3768294
0.37664828
0.37558794
0.37488064
0.3701279
0.369714
0.36970577
0.36959141
0.3690455
0.36846012
0.36428425
0.36344573
0.3623943
0.36222214
0.3611721
0.3608107
0.3563286
0.35560843
0.3554007
0.3547997
0.35388952
0.35348788
0.35158947
0.3503012
0.34971672
0.3494137
0.34680408
0.34668523
0.34570974
0.3445708
0.34364527
0.34183425
0.34030965
0.34009007
0.3393861
0.33872288
0.33825704
0.33817422
0.33792418
0.33736685
0.333281
0.33229336
0.33201966
0.3293701
0.32861876
0.32818264
0.3281637
0.32781476
0.32678488
0.32553098
0.3252831
0.32451287
0.32406086
0.3228604
0.32271284
0.32094207
0.32050595
0.32012135
0.31942707
0.31899422
0.3179492
0.3170464
0.3169469
0.3169014
0.31582877
0.3154299
0.31389
0.3138886
0.31380817
0.3136975
0.31242573
0.3123388
0.3118463
0.31163418
0.31162673
0.31099957
0.31090015
0.31080782
0.31041116
0.30847147
0.30762017
0.30710757
0.30653098
0.30610204
0.3051038
0.3047491
0.30419725
0.30362332
0.3031001
0.30222943
0.30220258
0.30193838
0.30084768
0.30078807
0.3007442
0.29969963
0.29969668
0.29911056
0.2990309
0.29901206
0.2984112
0.29767135
0.29753044
0.29736704
0.2970393
0.2967955
0.2966788
0.2961523
0.29521096
0.29521096
0.29478297
0.29478297
0.29465115
0.29457107
0.29451805
0.29369023
0.2929939
0.29226497
0.2919891
0.291509
0.2910957
0.2907635
0.29029223
0.28909653
0.28878063
0.28783938
0.28728753
0.2866558
0.28662565
0.28635916
0.28625888
0.28621832
0.28621656
0.28493863
0.28455374
0.28408524
0.28391325
0.28388858
0.2830297
0.2826623
0.28242472
0.2823213
0.2823213
0.28168
0.2815319
0.28142953
0.28139982
0.28127986
0.2811413
0.28102645
0.28048936
0.279973
0.27979207
0.2797068
0.27942976
0.2789902
0.27845505
0.2778713
0.2777756
0.27773556
0.27690193
0.27686614
0.27642232
0.27628946
0.2762514
0.27550206
0.2748827
0.27472875
0.27371815
0.2736577
0.27351078
0.27307227
0.27288124
0.2725795
0.27254754
0.27238467
0.27159876
0.27090418
0.27068517
0.27063447
0.2705074
0.26986206
0.2698329
0.26968434
0.26922482
0.26873124
0.2684111
0.26822293
0.26819366
0.26783293
0.267247
0.26703778
0.26686904
0.26659754
0.26646402
0.26577345
0.26574603
0.2657033
0.26556253
0.2654073
0.2652982
0.26525512
0.26519164
0.2651108
0.26499394
0.26496065
0.26423237
0.26384744
0.26369774
0.26347414
0.26312116
0.26300618
0.26299015
0.2628763
0.2625145
0.262433
0.262433
0.26218593
0.2621652
0.26200557
0.26193237
0.26181865
0.2615893
0.26147163
0.26130608
0.26119414
0.26103675
0.26085508
0.26085508
0.25984025
0.25984025
0.25967762
0.25967675
0.25956503
0.2594843
0.259439
0.25931647
0.25922638
0.25914636
0.25902364
0.25876948
0.25844526
0.25826195
0.25819445
0.2579036
0.25780377
0.257763
0.25731233
0.25729442
0.25714532
0.25703603
0.25686145
0.25679103
0.25611198
0.25519782
0.25510266
0.25490364
0.25468507
0.25454316
0.25428128
0.25409108
0.2540189
0.25401044
0.25364104
0.25338912
0.252901
0.25267062
0.25265157
0.2525592
0.2524463
0.25202513
0.2519474
0.25183222
0.25183222
0.25166678
0.25163525
0.2514714
0.25137928
0.25130418
0.25130418
0.25130123
0.25107718
0.25065276
0.25061488
0.2505554
0.250413
0.25038344
0.25028354
0.24974741
0.24969451
0.24966869
0.24940692
0.24918312
0.24852905
0.2482669
0.24817598
0.24809834
0.24760997
0.247456
0.24744946
0.24720992
0.24718213
0.24704956
0.24688345
0.24686354
0.24680734
0.24675828
0.24663167
0.24623829
0.24586947
0.24583413
0.2458316
0.24580924
0.24556433
0.24555233
0.24531284
0.24525142
0.24519803
0.24502078
0.24493515
0.24476135
0.24470273
0.24435917
0.24430816
0.24427025
0.24403314
0.24402575
0.24398082
0.24353433
0.24341978
0.24317817
0.24303822
0.24298364
0.24287969
0.24263309
0.24263309
0.24261282
0.24212532
0.24202673
0.24182697
0.24167949
0.24167776
0.24155684
0.24155472
0.24137203
0.2413244
0.24114583
0.24108471
0.24108429
0.24093747
0.24041493
0.24038433
0.2403645
0.2402731
0.23968534
0.23901325
0.23898312
0.23891208
0.23878562
0.23874377
0.23870105
0.23856753
0.23854794
0.2385293
0.2384353
0.23839153
0.2381722
0.23809569
0.23805653
0.23783787
0.23781817
0.23731998
0.2373098
0.23719248
0.23709594
0.23698454
0.23666216
0.23650745
0.23648086
0.23642994
0.23640329
0.23640008
0.23632134
0.23630139
0.23577437
0.23577197
0.23566617
0.23542042
0.23522964
0.23501952
0.23487128
0.23486386
0.23483367
0.2347739
0.23468529
0.23467088
0.23455574
0.23444515
0.2343987
0.2337865
0.2335937
0.23278168
0.23277538
0.23274136
0.2326901
0.2325947
0.23246576
0.23244368
0.23214701
0.23201443
0.2317672
0.2317547
0.23163567
0.23163322
0.23158656
0.23145202
0.23139699
0.23136798
0.23129566
0.23128165
0.23122127
0.23116235
0.23111871
0.23106033
0.2308604
0.2307532
0.23068066
0.2305232
0.23043588
0.23041563
0.230354
0.23024413
0.23017444
0.23014541
0.22992088
0.22986141
0.22984445
0.22970088
0.22959873
0.22901402
0.22901143
0.2290023
0.22900103
0.22899164
0.22887091
0.22884974
0.22882321
0.22880913
0.22863378
0.22862348
0.22848134
0.22844733
0.228327
0.22831917
0.22810256
0.2280954
0.22781724
0.22752154
0.2275129
0.22726117
0.22722872
0.22711115
0.22706796
0.22701865
0.22699268
0.22696303
0.22693415
0.22679023
0.22678342
0.22666222
0.22654735
0.22650492
0.22632168
0.22628394
0.22625151
0.22624098
0.22563948
0.22561722
0.22560786
0.22556546
0.2255097
0.22550443
0.2253991
0.22539088
0.22523282
0.22521463
0.22501448
0.22496673
0.22482507
0.22476959
0.22474112
0.22453491
0.22452971
0.22452772
0.22422902
0.22411962
0.22406447
0.22403531
0.22403345
0.2239754
0.22378628
0.2236603
0.22357377
0.22351268
0.22346602
0.22338688
0.22335953
0.22335893
0.2233222
0.22329153
0.22320324
0.22318739
0.22316186
0.22315717
0.22308108
0.22295761
0.22292891
0.22262435
0.22261068
0.22253267
0.22224008
0.22221354
0.22211361
0.22170484
0.22146149
0.22140631
0.22140454
0.22134642
0.22112314
0.22096916
0.2208628
0.22086237
0.22085802
0.22082917
0.2208283
0.2208283
0.22061098
0.2204564
0.22045206
0.22010076
0.22001535
0.22000694
0.21990503
0.21965942
0.21963285
0.21958314
0.21942957
0.21917322
0.21917276
0.2190586
0.2188352
0.21881981
0.21865167
0.21860959
0.21858907
0.21838646
0.21800676
0.21799257
0.21780813
0.21777126
0.21774773
0.21766776
0.21754603
0.21747467
0.21718834
0.21717876
0.2170802
0.21704698
0.2170239
0.21682997
0.21682121
0.21679942
0.21665107
0.21663876
0.216638
0.21655677
0.21643056
0.21641466
0.21629919
0.21617834
0.21608588
0.21605368
0.21575196
0.21552445
0.21544018
0.2153685
0.2152084
0.21519153
0.21512689
0.21502547
0.21491525
0.21490648
0.21477735
0.21469377
0.21468793
0.2143408
0.21430841
0.21420446
0.21400471
0.21394403
0.21392924
0.2137867
0.21375844
0.21370612
0.21354726
0.2134804
0.21344583
0.21344517
0.21341285
0.21335274
0.21306981
0.21298261
0.21295653
0.21273942
0.21261922
0.21253955
0.21253616
0.21248585
0.21246815
0.21243806
0.2123619
0.21230721
0.21230221
0.21228985
0.21228622
0.2122136
0.21217443
0.21216226
0.21203128
0.2118899
0.21184836
0.21178767
0.21177702
0.21162106
0.21154614
0.21151017
0.21130544
0.21129844
0.21129844
0.21128458
0.21124585
0.21123429
0.21111995
0.21107715
0.21094722
0.21090432
0.21090432
0.2104171
0.21038015
0.21034893
0.2103084
0.21005659
0.21005309
0.21005309
0.20974079
0.20959146
0.20958745
0.20940308
0.20936967
0.20936239
0.20929518
0.2091601
0.20901467
0.20883666
0.20862709
0.20838678
0.20838074
0.20837626
0.20836748
0.20816551
0.20811947
0.20803528
0.20801368
0.20791619
0.2077277
0.20759848
0.20758632
0.20755744
0.20737286
0.2073442
0.20718654
0.20707172
0.20703658
0.20697136
0.20688093
0.20684998
0.2068161
0.2068161
0.20680757
0.20679864
0.20672928
0.20667069
0.20656247
0.20647281
0.20628212
0.206183
0.20613404
0.20613341
0.20608968
0.20596655
0.20595202
0.20591079
0.20590639
0.20584378
0.20565948
0.20553903
0.20550822
0.20541073
0.20538911
0.20518737
0.20502196
0.20501558
0.20479856
0.20477486
0.2046245
0.20460673
0.2045528
0.20450343
0.20433912
0.20433088
0.20418191
0.2039688
0.20370214
0.20368934
0.20368497
0.20353611
0.2035209
0.20349811
0.20342816
0.20335624
0.20325567
0.20324805
0.20318036
0.20316936
0.20315008
0.20305279
0.2029774
0.20282726
0.20275979
0.20265925
0.20264837
0.20262058
0.20256835
0.20251991
0.20237848
0.20213082
0.20203827
0.20202123
0.20192143
0.20192143
0.2019081
0.20186767
0.20173256
0.20169698
0.20168285
0.2016425
0.20149404
0.20148197
0.20148127
0.2014799
0.20139407
0.20128334
0.20126447
0.20117635
0.2011253
0.20108669
0.20089653
0.20085025
0.2007278
0.20072412
0.20072213
0.20059666
0.20048404
0.20041162
0.20039895
0.2003626
0.20035742
0.20019703
0.20006667
0.19991553
0.1997385
0.19972736
0.19971035
0.19958493
0.19943741
0.19942066
0.1991951
0.19911154
0.19894148
0.19892956
0.19888744
0.1988562
0.19881329
0.19873507
0.19847862
0.198437
0.19836648
0.19826576
0.19817258
0.19813304
0.19812763
0.19812763
0.19810717
0.19803695
0.19790848
0.19785325
0.19778804
0.19766997
0.19764048
0.19762813
0.19750701
0.19728042
0.19722834
0.19712834
0.19710961
0.19708426
0.19708386
0.19703725
0.1970135
0.1968536
0.19683273
0.19680241
0.19675477
0.19671883
0.19648744
0.19646029
0.19634062
0.19633162
0.19633162
0.19619997
0.1961768
0.19613141
0.19604678
0.19601995
0.19585235
0.19571957
0.19566226
0.19550318
0.19544469
0.19542968
0.19542888
0.19539005
0.19521254
0.19490784
0.19473793
0.19473438
0.19473079
0.19467877
0.19464226
0.19462425
0.19458988
0.19455995
0.19448438
0.19448425
0.19442433
0.1943725
0.19431983
0.1943111
0.1942524
0.19413099
0.19407377
0.19400983
0.19382279
0.19371222
0.19356774
0.19348694
0.19348614
0.19344187
0.19333833
0.19323643
0.19322354
0.19310571
0.19305518
0.19302668
0.19299914
0.19298649
0.19295199
0.19287412
0.19284183
0.19282529
0.19264996
0.19256842
0.19251764
0.19251035
0.19250834
0.19246018
0.19228148
0.19228148
0.19222449
0.19216973
0.19216865
0.19211087
0.19209272
0.19202636
0.19199467
0.19198176
0.19196235
0.19189917
0.19184023
0.19182833
0.19181359
0.19176725
0.19165146
0.19148321
0.19120735
0.19112416
0.1910384
0.19087495
0.1908244
0.19076784
0.19069646
0.19068176
0.1906733
0.19059019
0.1904515
0.19044726
0.19041072
0.19038194
0.19037075
0.19019197
0.19015995
0.19012102
0.19007
0.18991613
0.18989465
0.189882
0.1898721
0.1897513
0.189728
0.18966489
0.18961085
0.18952912
0.1894942
0.18949316
0.18949316
0.18948434
0.18940991
0.18935934
0.18934613
0.18930306
0.18926388
0.18922754
0.18916865
0.18910159
0.1890921
0.18908606
0.1890394
0.18892175
0.18890005
0.18885863
0.18884084
0.18881766
0.18870506
0.18870506
0.18869865
0.18863364
0.18861534
0.18853112
0.18836041
0.18835638
0.18828562
0.1882352
0.1882097
0.18820475
0.18811002
0.18808493
0.18806079
0.18804665
0.18801248
0.18794088
0.18793635
0.18790266
0.18786038
0.18785582
0.18784256
0.18783964
0.18783937
0.18782495
0.18780851
0.18773831
0.18773414
0.18770956
0.18760353
0.18759736
0.187534
0.18744428
0.18738776
0.187362
0.1873147
0.18730009
0.18726598
0.18721169
0.18717898
0.18716124
0.1871371
0.18707523
0.18702379
0.1869784
0.18692178
0.18680137
0.18679132
0.18678768
0.18677498
0.18677498
0.18675676
0.18674687
0.18674397
0.18674397
0.18674397
0.1866993
0.18663485
0.18658648
0.18648581
0.18634556
0.1863138
0.18625957
0.1862454
0.18622342
0.18621494
0.18619864
0.18616764
0.18609627
0.18600489
0.18596694
0.18588372
0.1858285
0.18579425
0.1857694
0.18576714
0.18570812
0.18568607
0.18566303
0.18565743
0.18565223
0.18563192
0.18560407
0.18552803
0.18548577
0.18547772
0.18546532
0.1854294
0.18528503
0.18526374
0.18523858
0.18519172
0.18517976
0.18509977
0.18501154
0.18495877
0.18495551
0.18494529
0.18477762
0.1847221
0.18469013
0.18455051
0.18451843
0.18451135
0.18450357
0.18438691
0.18435745
0.1841748
0.18400656
0.18397471
0.18380429
0.18373469
0.18372458
0.18371692
0.18366218
0.18366218
0.18364446
0.18364029
0.1836104
0.18358423
0.18357198
0.18354851
0.18349339
0.1834591
0.18342158
0.18341993
0.1833991
0.18332781
0.18330394
0.18326096
0.1832298
0.1831009
0.18306765
0.18299168
0.18298708
0.18290259
0.18289164
0.18282923
0.18282421
0.18278895
0.18257718
0.18256152
0.18249838
0.18244196
0.18236524
0.18232359
0.18224815
0.18213242
0.18210302
0.18208073
0.182058
0.18183671
0.18182017
0.181703
0.18169522
0.18161878
0.18158646
0.18157247
0.181489
0.1814485
0.18144065
0.18143554
0.18142296
0.18136528
0.18135141
0.18132229
0.18130605
0.1812658
0.18122232
0.18115215
0.18107602
0.18101174
0.18098296
0.1807965
0.1806607
0.1806357
0.18061027
0.18058954
0.18057922
0.18057634
0.1805438
0.18054007
0.1805034
0.18050198
0.1804837
0.18030941
0.18029557
0.1802503
0.18017606
0.1801418
0.18014127
0.18010706
0.18007715
0.18002011
0.17998928
0.17995682
0.17987418
0.17986038
0.17985758
0.17977399
0.17977303
0.17976324
0.17974557
0.1797437
0.17970832
0.17968261
0.1796637
0.17965265
0.17960209
0.17953873
0.17952949
0.1794453
0.17940451
0.17930156
0.1792685
0.17924695
0.17922966
0.1792021
0.1791742
0.17905608
0.17903012
0.17897186
0.17889257
0.17886496
0.17879573
0.17877743
0.17874584
0.17859541
0.17859513
0.17859313
0.17859209
0.1785318
0.17851219
0.17842376
0.17839338
0.17825335
0.17825182
0.17822301
0.17819834
0.17815793
0.17815793
0.17814334
0.17810641
0.17808178
0.17808151
0.17802474
0.17802252
0.1780155
0.17801003
0.17798011
0.17797302
0.17796469
0.17795183
0.17792091
0.17791234
0.17789271
0.17785816
0.17785098
0.17783305
0.17782953
0.17782147
0.17779505
0.17775935
0.17772825
0.17764048
0.17748782
0.17745696
0.17744942
0.17742951
0.17728771
0.17724426
0.17716338
0.17708135
0.17703408
0.17699152
0.17698328
0.17674308
0.17668982
0.1766312
0.17655712
0.17642716
0.1764212
0.17641388
0.17641214
0.17638369
0.1763294
0.17623074
0.17620428
0.17617168
0.17615215
0.17614488
0.1760517
0.17599258
0.17597175
0.17595008
0.17592108
0.17589167
0.17584904
0.17576095
0.17570369
0.17563346
0.1756324
0.1756097
0.17559534
0.17559008
0.17552985
0.17550838
0.17544736
0.17543837
0.17535457
0.17511532
0.17508379
0.17505722
0.17489943
0.17486347
0.17478317
0.17467421
0.17457993
0.17457855
0.17455283
0.17441991
0.17439426
0.17438573
0.17438376
0.17437848
0.17436244
0.17431027
0.17424838
0.17422633
0.17420667
0.17420147
0.17419025
0.17418428
0.17417194
0.17412537
0.17411986
0.17409419
0.1740091
0.17393616
0.17390615
0.17386036
0.17385077
0.17384382
0.17378725
0.17372034
0.1737056
0.17362125
0.17358993
0.1735708
0.17351219
0.17348988
0.17345592
0.17335343
0.1733326
0.17331493
0.1732567
0.17322972
0.17318295
0.17311375
0.17308216
0.17305541
0.17303948
0.17300469
0.1729584
0.17294323
0.17291012
0.17290387
0.17287385
0.17286643
0.17281789
0.17278758
0.1727192
0.17266962
0.1726597
0.17265452
0.17262425
0.17260921
0.17259848
0.1725243
0.17249309
0.17249309
0.17243059
0.17240004
0.1723897
0.17233592
0.17233592
0.17229094
0.17227258
0.17224997
0.17224501
0.17221431
0.17221431
0.17221431
0.17219964
0.17218797
0.17217788
0.17210276
0.17209916
0.17209002
0.172087
0.1720821
0.17202161
0.17201354
0.17198725
0.17197272
0.1719105
0.17189471
0.1718676
0.17182054
0.17180368
0.17178886
0.17178094
0.1717662
0.17175592
0.17172569
0.1715971
0.17158537
0.17156234
0.1715571
0.17154846
0.17151332
0.17147341
0.17146759
0.171464
0.1714323
0.17134169
0.17132622
0.171325
0.17129022
0.17126818
0.17114821
0.17112528
0.17112467
0.17109269
0.17107469
0.17105246
0.17104867
0.17104687
0.17102587
0.17101014
0.17097045
0.1709683
0.17096092
0.1709197
0.17091672
0.17080858
0.17080155
0.17077522
0.17075975
0.17071709
0.17066754
0.17064422
0.17063153
0.17061473
0.17061473
0.17061473
0.17060328
0.17060035
0.17054491
0.17053598
0.17048499
0.17043826
0.17043173
0.17038655
0.17033526
0.17032374
0.17032233
0.1702656
0.17018713
0.17015205
0.17006598
0.17000952
0.16999187
0.1699913
0.16994028
0.1699085
0.16979592
0.16977184
0.16975027
0.16972558
0.16971734
0.16970357
0.16970357
0.16966742
0.16960825
0.16958246
0.16954237
0.1695395
0.16952537
0.16948918
0.16946766
0.16945714
0.16942492
0.16940637
0.16938227
0.16936849
0.1693128
0.16929863
0.16928178
0.16928178
0.16923444
0.16919224
0.16906878
0.16901721
0.16897164
0.16896032
0.16891366
0.16889381
0.16888691
0.1688653
0.1688653
0.16883358
0.16883358
0.16881698
0.1687721
0.16869977
0.16862999
0.16861248
0.16857518
0.16855587
0.16850422
0.16844983
0.16840273
0.16839932
0.16839194
0.1683846
0.168311
0.16826695
0.16826683
0.168214
0.16817334
0.16815743
0.168025
0.1680133
0.16800211
0.16789815
0.1678463
0.1678463
0.16782765
0.16780065
0.16779815
0.16777445
0.16772681
0.16767305
0.16765614
0.16764966
0.16759422
0.16755731
0.16749355
0.16749208
0.16741244
0.16740505
0.16736774
0.167362
0.167362
0.16735631
0.16734695
0.16732764
0.16730885
0.16722211
0.16721809
0.16719092
0.16718881
0.16717932
0.16715574
0.16709107
0.1670766
0.1670623
0.16701189
0.16697842
0.16692522
0.16689323
0.16685839
0.16683553
0.16676389
0.16674939
0.1667417
0.16665247
0.16664648
0.16664648
0.16657273
0.16655388
0.1665175
0.16651194
0.16645053
0.1664453
0.16641124
0.16640845
0.16640131
0.16635789
0.16632956
0.16630909
0.16630712
0.1661846
0.1661636
0.16609715
0.16606398
0.16606398
0.16602412
0.16600563
0.16599043
0.1659551
0.16594958
0.1658997
0.1658997
0.16579945
0.16572867
0.1657104
0.16570045
0.1656878
0.16567963
0.16564727
0.16562776
0.16559505
0.16557531
0.16557033
0.16556048
0.16555841
0.16547222
0.16543378
0.16542476
0.16542476
0.16529153
0.16529085
0.16527554
0.1651855
0.16518304
0.16507494
0.16503537
0.16499126
0.16496229
0.16488282
0.16486421
0.16481616
0.16480908
0.16478279
0.16475585
0.16474321
0.16473272
0.16469488
0.16467384
0.16464593
0.164635
0.164635
0.16463256
0.16462156
0.16462156
0.16460474
0.16453238
0.16452228
0.1645091
0.1644614
0.16441567
0.16435952
0.1643581
0.16432667
0.16432168
0.16432168
0.16430916
0.16428436
0.1642737
0.16425616
0.16423516
0.16415471
0.16409427
0.16399992
0.16397639
0.16397329
0.16394539
0.16390388
0.16385227
0.16385093
0.16379179
0.16374183
0.16371506
0.1637144
0.16369696
0.16369672
0.1636951
0.16369352
0.16365544
0.16365227
0.16365208
0.1636187
0.16360776
0.163582
0.16354689
0.16345945
0.16345945
0.16342597
0.16334954
0.16325377
0.16321847
0.16321847
0.16318761
0.16318671
0.16314802
0.16312939
0.16309425
0.16305514
0.16305467
0.16300914
0.16300113
0.16292842
0.16290517
0.162837
0.16281837
0.1627851
0.16276719
0.16272685
0.16272314
0.16271108
0.16266331
0.16252743
0.16250384
0.16250147
0.16249304
0.16244374
0.16235012
0.1623489
0.16234675
0.16228017
0.16222583
0.16220777
0.1621609
0.16215338
0.1620886
0.16208859
0.16208771
0.16200978
0.16196434
0.16195844
0.16195832
0.1618512
0.16179626
0.1617583
0.16169173
0.16167511
0.16166142
0.16164571
0.16163678
0.16163221
0.16162981
0.16162981
0.16162981
0.16162978
0.16157469
0.1614779
0.16147621
0.16138642
0.16136861
0.16135432
0.16132025
0.16132025
0.16131628
0.16129531
0.16128352
0.16123632
0.16120161
0.16118273
0.16117944
0.16110557
0.16108634
0.16105923
0.16105695
0.160997
0.16099359
0.16097729
0.16097462
0.16096684
0.1609509
0.16090441
0.16085619
0.16073263
0.16066754
0.16062488
0.16062488
0.1606011
0.16059104
0.16051722
0.16050807
0.16049851
0.160414
0.16032998
0.16032225
0.1603015
0.16027449
0.16016527
0.16011049
0.16004513
0.16004513
0.16004491
0.1600306
0.16001411
0.15989794
0.15988459
0.15987402
0.15984905
0.15983707
0.15983076
0.15981159
0.15977788
0.15977381
0.15974532
0.15967208
0.15964253
0.15956622
0.1595576
0.1595459
0.15953356
0.15953189
0.15947177
0.15946674
0.15945621
0.15941067
0.15937975
0.15937889
0.15935615
0.1592836
0.15922818
0.15921037
0.15918241
0.15917705
0.15912262
0.15912262
0.15912262
0.159112
0.15909053
0.15907583
0.15907481
0.15899357
0.15897103
0.15891492
0.15887758
0.15886861
0.15883674
0.15881407
0.15880293
0.15878712
0.15875669
0.15872175
0.15871695
0.15869574
0.1586837
0.15866865
0.15863132
0.15863088
0.15863088
0.15857726
0.15857387
0.15856369
0.15849788
0.15849519
0.15849328
0.15846364
0.15838134
0.15835918
0.15828618
0.15823479
0.1581972
0.158169
0.15814164
0.15813634
0.15813307
0.15812333
0.15810578
0.15810578
0.15809648
0.15800749
0.15800196
0.15798102
0.15795662
0.15795326
0.15789472
0.15787025
0.15778631
0.15777984
0.15777116
0.15775158
0.15773286
0.15770818
0.15770306
0.15769951
0.15769711
0.15768954
0.15767612
0.15765569
0.15763184
0.1576131
0.15759732
0.15752833
0.15752554
0.15752025
0.15748428
0.15747686
0.1574684
0.15746483
0.15745312
0.15740702
0.15739459
0.1573945
0.15730098
0.1572752
0.15725036
0.15718935
0.15710254
0.15708995
0.15708701
0.15708695
0.15706988
0.15705596
0.15703912
0.15700266
0.15700266
0.1569768
0.15694658
0.15687208
0.15683237
0.15677826
0.15673257
0.15673165
0.1567245
0.15666956
0.15664008
0.1566272
0.1565805
0.15655719
0.15654573
0.1564992
0.15649128
0.15640236
0.15639716
0.15639716
0.15639243
0.15639116
0.15636176
0.1562437
0.1562346
0.15622792
0.15616195
0.1561241
0.15611959
0.15608999
0.1560791
0.15605894
0.15604654
0.15601005
0.1559948
0.15598264
0.15596335
0.1559319
0.15590894
0.15588342
0.15582462
0.15581068
0.15578325
0.155783
0.15571697
0.15570305
0.15568103
0.15567262
0.15562572
0.15559255
0.155578
0.15556648
0.1555626
0.15555465
0.15554084
0.15553959
0.15551256
0.15548545
0.15547079
0.15544356
0.15541714
0.15540443
0.15538949
0.15531999
0.15531093
0.15525855
0.15522054
0.15521574
0.15521415
0.15518034
0.15517464
0.15510051
0.15509427
0.155073
0.155073
0.155073
0.15493755
0.15491618
0.154907
0.15490304
0.15488873
0.15487753
0.1548629
0.15484858
0.15484338
0.15481822
0.15480623
0.15480156
0.15478766
0.15473956
0.15466304
0.15465389
0.15458803
0.1545225
0.15446945
0.15446547
0.154454
0.15444635
0.15440696
0.15440008
0.15439697
0.15439673
0.15436509
0.15429403
0.15422961
0.15419766
0.15419425
0.15417162
0.15415041
0.15411809
0.15410422
0.15406577
0.15399653
0.15398318
0.1539661
0.15394352
0.1538439
0.15378311
0.15377183
0.15373698
0.15373087
0.15372203
0.15372115
0.1537041
0.15365666
0.15362385
0.1536236
0.15361816
0.15358491
0.15356174
0.15355325
0.15351814
0.15349658
0.15348753
0.15348262
0.15346017
0.15345907
0.1534304
0.1534076
0.15339603
0.15333527
0.15330662
0.15325698
0.15321293
0.1531807
0.15316777
0.15315501
0.15314081
0.15305728
0.15304953
0.15304953
0.15304196
0.15302086
0.15301947
0.1529945
0.15299366
0.15297535
0.1529725
0.1529424
0.15293589
0.15292382
0.15292382
0.15286681
0.15283255
0.15281303
0.15273546
0.15273546
0.1527234
0.15268773
0.15261668
0.1525619
0.15255897
0.15253548
0.15251447
0.15250506
0.1524989
0.15249045
0.15246753
0.15246427
0.15244621
0.15242799
0.15236855
0.15235537
0.15234964
0.15234964
0.15234596
0.15234207
0.15233436
0.15233436
0.15231079
0.15217909
0.15216133
0.15215422
0.1521232
0.15209761
0.15205152
0.15202959
0.15201494
0.15200125
0.15196653
0.15194643
0.15192856
0.15189925
0.15188758
0.15185566
0.15183437
0.15178938
0.15178932
0.15178932
0.15178755
0.1517752
0.1517061
0.15170544
0.15168959
0.15167786
0.15166812
0.15166186
0.15164633
0.15164329
0.15159361
0.15159014
0.15158488
0.15158206
0.15156181
0.15154852
0.15152028
0.15147348
0.15144548
0.15144353
0.1514035
0.15139346
0.15136112
0.15135866
0.15131377
0.15131034
0.15126865
0.15121377
0.15120521
0.15118633
0.15117186
0.15114613
0.15108441
0.15102604
0.15098976
0.1509835
0.15092781
0.15090875
0.15089528
0.15088746
0.15088154
0.15086636
0.15086608
0.15085705
0.15084125
0.15083706
0.15082772
0.15081334
0.15079542
0.1507521
0.15071349
0.15059705
0.15059233
0.15049432
0.1504686
0.15044093
0.15041357
0.1503767
0.15033577
0.15024428
0.15024428
0.15023725
0.1501731
0.1501714
0.15015608
0.15014632
0.15011749
0.15004513
0.1500445
0.15004322
0.15002413
0.15002175
0.15001574
0.15000875
0.14997646
0.14991772
0.14990348
0.14988561
0.14988464
0.14988427
0.14983334
0.14983076
0.14973977
0.14969954
0.14969264
0.14968315
0.14967687
0.14967687
0.14966154
0.14964332
0.14963327
0.14962089
0.14959869
0.14955854
0.14952724
0.14951818
0.14951712
0.14951536
0.14949672
0.14949259
0.1494797
0.1494797
0.14947489
0.14947489
0.14946985
0.14944138
0.14943655
0.14943121
0.14942873
0.14942849
0.14936395
0.14932376
0.14930767
0.14926495
0.14918429
0.14914674
0.14907686
0.14902912
0.14900953
0.14900339
0.14897731
0.14897731
0.14894822
0.14892815
0.1488806
0.14884943
0.14882332
0.14881797
0.14881474
0.14878105
0.1487804
0.14877637
0.14873564
0.1487267
0.14872444
0.14872444
0.14872132
0.14871004
0.14863876
0.14863876
0.14862356
0.14860651
0.148604
0.14859346
0.14854425
0.1485177
0.14849056
0.14848709
0.14837497
0.1483537
0.14828418
0.14824697
0.14817293
0.14816776
0.14812392
0.14809726
0.14805116
0.1480477
0.14803913
0.14802434
0.14801332
0.14797635
0.14796817
0.14793167
0.14792436
0.1479237
0.14791837
0.14791834
0.14788955
0.14788376
0.14786957
0.14782652
0.14777921
0.14777824
0.14774425
0.1476772
0.14766897
0.14765243
0.14757724
0.14755994
0.14754401
0.14753228
0.1475191
0.14751871
0.14749204
0.14749204
0.14747398
0.14745864
0.1474542
0.14736742
0.14734097
0.14731662
0.14731342
0.14730628
0.14730628
0.14730628
0.14730482
0.1472936
0.14726493
0.14726235
0.14724422
0.14721844
0.14721291
0.14717573
0.14717315
0.14715123
0.1471485
0.14714184
0.1471011
0.14706744
0.14705941
0.1469711
0.14695372
0.14691652
0.14689945
0.14689502
0.14689475
0.14687826
0.14686991
0.14684123
0.14683945
0.14681968
0.1468069
0.14677352
0.14675654
0.1466792
0.14662614
0.1466241
0.14662185
0.14659509
0.14659509
0.14656743
0.14653344
0.14649051
0.1464755
0.1464755
0.1464755
0.14646798
0.14645341
0.14638042
0.14634418
0.14628
0.14627291
0.14624994
0.14624536
0.1462141
0.14620619
0.14618951
0.14614527
0.1461376
0.1461356
0.1461356
0.14607851
0.14607793
0.1460517
0.14604673
0.1459925
0.14599107
0.14585178
0.14580414
0.14575824
0.14574738
0.14570199
0.14569408
0.14569102
0.14565262
0.14564577
0.14560567
0.1456049
0.14560317
0.14559706
0.14558764
0.14554153
0.14548965
0.14545573
0.14544208
0.14542049
0.14539953
0.1453962
0.1453758
0.14535604
0.14533898
0.14532351
0.14527988
0.14526436
0.1452381
0.14522241
0.14521576
0.14521502
0.14518091
0.14515842
0.14515546
0.14512488
0.14510106
0.14509074
0.1450176
0.14500333
0.1449788
0.14496948
0.14493911
0.14490317
0.1448988
0.1448788
0.1448645
0.14485975
0.14483695
0.14478658
0.14477704
0.14475623
0.14474833
0.14472112
0.14471397
0.14470315
0.14468142
0.14468127
0.14467685
0.14466137
0.14465475
0.14464772
0.14460416
0.14459132
0.14457378
0.14457318
0.14453134
0.14453098
0.14451584
0.14450829
0.14450699
0.14450352
0.14449002
0.14448549
0.14444414
0.14439532
0.14439252
0.14438531
0.14435485
0.14435144
0.14431848
0.14431222
0.14431222
0.14428478
0.14427386
0.14427283
0.14426377
0.14426103
0.14424369
0.14421165
0.14420997
0.14418843
0.1441599
0.14406629
0.1440635
0.14403346
0.14402494
0.14402047
0.1440163
0.14399649
0.14397985
0.14394447
0.14393763
0.14392339
0.1439198
0.14390095
0.14389384
0.14389342
0.14389126
0.14388585
0.14387923
0.14385813
0.14382975
0.1438251
0.14382295
0.14381754
0.14380187
0.14375244
0.14375244
0.14374751
0.14374223
0.14372855
0.14365178
0.14365178
0.14364496
0.14364234
0.14361504
0.14361504
0.14361483
0.14360756
0.14359683
0.14359304
0.14356129
0.14356104
0.14356057
0.14355078
0.14352797
0.14350438
0.14350031
0.14349586
0.14345536
0.1434321
0.14337462
0.14337344
0.14337102
0.14337072
0.14331588
0.14331588
0.14331238
0.14328027
0.14327575
0.1432735
0.14327312
0.14317447
0.14316615
0.14312738
0.1430902
0.14306842
0.1430659
0.14305909
0.14303741
0.14300801
0.14300701
0.1429981
0.14298691
0.14296994
0.14294776
0.14294654
0.14294523
0.14293002
0.14292756
0.14289679
0.14288054
0.1428702
0.1428702
0.1428702
0.14286143
0.14284837
0.1428355
0.14282659
0.14274059
0.14273478
0.14264986
0.14260624
0.14259182
0.14256963
0.1425414
0.14254107
0.1425258
0.1425119
0.14250782
0.14250168
0.14249147
0.14247057
0.14247057
0.14246544
0.14246544
0.1424595
0.14245886
0.1424497
0.14242242
0.14239283
0.1423768
0.14234364
0.14233936
0.14233854
0.14232446
0.14227295
0.1422245
0.14219466
0.14214368
0.14213744
0.1421102
0.14210808
0.14209999
0.1420663
0.14206289
0.14206076
0.14205919
0.14205779
0.1420489
0.14201857
0.14200386
0.14195499
0.1419173
0.14181092
0.14177959
0.14177719
0.1417614
0.1417559
0.14170969
0.14168794
0.14165759
0.1416473
0.14161642
0.14161141
0.14154676
0.14150104
0.14144723
0.14144613
0.14137271
0.14135166
0.14133999
0.14131728
0.14131652
0.14125696
0.14125207
0.14120042
0.14118569
0.14115655
0.14114597
0.14113007
0.14109875
0.14109562
0.14109528
0.14109448
0.14109054
0.14103083
0.14100677
0.14100057
0.140979
0.14096746
0.1409499
0.14094715
0.1409185
0.14088668
0.14088103
0.14088063
0.14087524
0.14084548
0.14084513
0.14081807
0.14077447
0.14076994
0.140766
0.14073825
0.14072119
0.14071539
0.1407008
0.14068967
0.14067696
0.14067385
0.14063773
0.14062203
0.14057277
0.14056014
0.1405515
0.14054303
0.14052308
0.14050315
0.14046322
0.14043567
0.14041711
0.14037709
0.14037456
0.14036281
0.14035851
0.14033832
0.14033832
0.14033069
0.14033069
0.14032131
0.14031
0.14030512
0.14028786
0.14020547
0.14014354
0.14010732
0.14008796
0.14001818
0.14000681
0.13999969
0.13996135
0.1399592
0.139957
0.1399371
0.13992663
0.13992347
0.13990895
0.13990322
0.13989346
0.13988356
0.13987109
0.13985729
0.13984665
0.13984665
0.13981642
0.13981631
0.13979733
0.13977784
0.13974178
0.13961615
0.13959189
0.13955429
0.13955404
0.13955025
0.13954929
0.13950063
0.1394937
0.13947293
0.13946433
0.13946143
0.13938574
0.13937481
0.1393408
0.13933294
0.1392824
0.13927348
0.13927098
0.13922001
0.1392041
0.1392041
0.13914938
0.13912949
0.1390909
0.13907228
0.13907228
0.13906817
0.13903388
0.13903117
0.13902667
0.13902569
0.13902424
0.13902007
0.13900658
0.13900547
0.13898896
0.13898201
0.13896978
0.13894707
0.13894024
0.13890813
0.13890111
0.13890108
0.13889515
0.13889419
0.13887945
0.13887092
0.13884982
0.13884936
0.13884647
0.138818
0.13880256
0.1387715
0.13875726
0.13875376
0.13875042
0.13870399
0.13868596
0.13865535
0.13865204
0.13864923
0.13863915
0.1386119
0.13855088
0.13854969
0.13854593
0.13853814
0.13852334
0.13851593
0.13847205
0.1384434
0.13842958
0.13842908
0.13842219
0.13841355
0.1384124
0.13838552
0.1383651
0.13831407
0.13826242
0.1382013
0.1381494
0.13813895
0.13813452
0.13810486
0.13805863
0.13802391
0.13800256
0.13796768
0.13796768
0.13795903
0.13793258
0.13793258
0.1378469
0.13783514
0.13782956
0.13780513
0.13780513
0.13777268
0.13773388
0.1377112
0.1377037
0.13765314
0.13761449
0.13760255
0.1375767
0.13757521
0.13753007
0.13751069
0.13750345
0.1374686
0.1374686
0.13744006
0.13740093
0.13734935
0.13731952
0.13730574
0.13729693
0.13728145
0.13727768
0.13726124
0.13724424
0.13723877
0.13721585
0.13717662
0.13716637
0.13716026
0.13714597
0.1371357
0.13713509
0.13712804
0.13710007
0.13708499
0.13707365
0.1370617
0.13705862
0.13702808
0.137018
0.13700283
0.13698585
0.13696168
0.13695845
0.1369349
0.1368869
0.13688667
0.13688667
0.13684808
0.13683066
0.13682388
0.13676295
0.13674676
0.13674124
0.13670677
0.13667378
0.13662474
0.13659275
0.1365904
0.13658933
0.1365457
0.13653716
0.13652578
0.13639756
0.13638581
0.13638143
0.13638143
0.13638143
0.1363568
0.13635656
0.13633364
0.13628875
0.13628875
0.13627739
0.13625601
0.13622291
0.13619614
0.13619454
0.1361657
0.1361448
0.13610232
0.13608228
0.13603634
0.13603193
0.13603193
0.13603193
0.1358813
0.13585389
0.1358533
0.13585031
0.13584706
0.13583103
0.13582195
0.13579722
0.13579498
0.13576768
0.1357557
0.13574739
0.13573757
0.13573271
0.13572419
0.13571623
0.1357078
0.13568588
0.13567886
0.13567825
0.13563709
0.13562685
0.1356183
0.135547
0.13552509
0.1355175
0.1355175
0.13551085
0.13550906
0.13550448
0.13548207
0.13547419
0.13544455
0.13543305
0.13541692
0.13541341
0.13538945
0.1353778
0.1353566
0.1353123
0.13530251
0.13528332
0.13525236
0.13524216
0.13522694
0.13521166
0.13519962
0.13518801
0.13515691
0.13515636
0.13515173
0.13513473
0.13512437
0.13512273
0.1351072
0.13509946
0.13503696
0.13503042
0.13501196
0.13500987
0.13497926
0.1349638
0.13489304
0.13489078
0.13488916
0.13487928
0.13486092
0.13486056
0.13485411
0.1348314
0.13483024
0.1348221
0.13478112
0.13475795
0.1347341
0.13473076
0.13472725
0.13470972
0.13469708
0.13467029
0.13467029
0.1346177
0.13460563
0.13456894
0.13452455
0.13450317
0.13445793
0.13444848
0.13444263
0.13441288
0.13437295
0.13433388
0.13430572
0.1342998
0.13429631
0.13427064
0.13424464
0.13422276
0.13421379
0.13416786
0.13413967
0.13410528
0.13408121
0.13404928
0.13404928
0.1340362
0.1339823
0.13397731
0.1338732
0.13383627
0.13383292
0.13382104
0.13378628
0.13376954
0.1336957
0.13368618
0.13368188
0.13365683
0.13365258
0.133643
0.13363141
0.133625
0.133625
0.13360696
0.13353863
0.13350227
0.13349152
0.13347597
0.13345137
0.13341355
0.13340849
0.1333995
0.13338085
0.13336933
0.13335548
0.13333572
0.13332278
0.13330543
0.1332858
0.13328096
0.13327621
0.13326164
0.13324316
0.13323264
0.1332259
0.13321821
0.13321267
0.13319285
0.13311617
0.13310653
0.13308644
0.13306342
0.13304247
0.13287896
0.13287416
0.13285278
0.13283038
0.13281159
0.13281137
0.13281044
0.13280511
0.13280511
0.13270497
0.13270283
0.1326974
0.13267931
0.13264944
0.13260792
0.13251986
0.13251851
0.13251701
0.13251701
0.13251701
0.13251092
0.13249184
0.13246231
0.13245061
0.13244894
0.13241832
0.13240567
0.13239849
0.1323924
0.13237531
0.1323631
0.1323446
0.13233745
0.13230869
0.13229705
0.13228685
0.13226259
0.13226259
0.13224225
0.13223091
0.13222465
0.13217981
0.1321575
0.13213481
0.13212967
0.13211797
0.13209946
0.13209784
0.13206661
0.13206218
0.13205402
0.1320358
0.13198875
0.1319603
0.13193202
0.13191675
0.13191126
0.13190138
0.13189912
0.13188389
0.13187286
0.13185918
0.13185038
0.13183682
0.13177703
0.13176212
0.13174076
0.13173746
0.13169383
0.13169155
0.13168928
0.13159408
0.13157877
0.1315598
0.13155283
0.13154987
0.13154502
0.13151808
0.1314847
0.13145769
0.13145752
0.13144784
0.13143618
0.13140379
0.13139969
0.1313909
0.13138388
0.13137965
0.13137501
0.13135216
0.13129392
0.13128239
0.13126098
0.13125232
0.13121612
0.13120495
0.13119683
0.13119541
0.13119277
0.13112903
0.13105188
0.13104835
0.13103385
0.13094082
0.13093212
0.13090658
0.13085677
0.13085026
0.13078474
0.13070293
0.13070077
0.13068494
0.1306693
0.13065873
0.13065287
0.13062173
0.13061002
0.13060814
0.13058436
0.13054253
0.13054232
0.130541
0.13053696
0.13052501
0.1305015
0.13049735
0.13049525
0.13037813
0.13033636
0.13031648
0.13031188
0.13027585
0.1302666
0.1302665
0.13023819
0.1302348
0.13018735
0.13017724
0.13017021
0.13013433
0.13013028
0.13012215
0.13010332
0.13010105
0.13006313
0.13005368
0.12998532
0.1299762
0.1299762
0.12995987
0.12995717
0.12993324
0.1299217
0.12989192
0.12985517
0.1298508
0.12978585
0.12977664
0.12975785
0.12974045
0.12972225
0.12968929
0.12967946
0.12964778
0.12962012
0.12959382
0.12959056
0.12957601
0.1295454
0.12953621
0.12952992
0.12952992
0.1295125
0.12950036
0.12946682
0.12943807
0.12943564
0.129435
0.12941857
0.12940355
0.12932499
0.12930547
0.12930025
0.12927921
0.12926461
0.12926456
0.12923735
0.12922904
0.12922087
0.12920141
0.12919877
0.12915988
0.1291586
0.12908931
0.12908246
0.12902871
0.12897469
0.12897347
0.12896372
0.12895481
0.12892966
0.12892751
0.12890647
0.12888797
0.12887295
0.12879066
0.12877138
0.1287632
0.12875833
0.12869097
0.12868801
0.1286319
0.12862016
0.12861608
0.12854265
0.12846407
0.12839706
0.12837741
0.12834701
0.1283401
0.12831946
0.12828615
0.12828346
0.12827975
0.12827858
0.12826365
0.12825032
0.12825008
0.1282246
0.1282246
0.12820262
0.12818538
0.12817688
0.12816148
0.12815759
0.12806834
0.12804458
0.12803318
0.12802637
0.12799433
0.12795718
0.12795599
0.12793805
0.12787335
0.12786765
0.1278508
0.12784326
0.12784326
0.12778595
0.12774517
0.12774035
0.12770429
0.12769733
0.12769228
0.12767985
0.12767513
0.12764868
0.12764534
0.12764534
0.12764263
0.12764145
0.1275791
0.12757877
0.12757176
0.12756935
0.12755924
0.12747413
0.12736917
0.12733164
0.12731089
0.12731089
0.12729011
0.12727253
0.12724285
0.12721187
0.12720972
0.12720972
0.12720364
0.12720358
0.12717967
0.12717909
0.12715659
0.12715499
0.12714179
0.12712531
0.12712356
0.12711458
0.12707493
0.12706953
0.12705708
0.12703581
0.1270227
0.1270144
0.12699494
0.12698184
0.12698184
0.12694833
0.12688233
0.12678067
0.12677774
0.12675399
0.12675391
0.12675163
0.12674579
0.12673889
0.1267069
0.12670067
0.1266544
0.12663285
0.12662034
0.12659012
0.12658738
0.1265716
0.12652305
0.12652059
0.12651317
0.1264971
0.12648956
0.1264702
0.12645786
0.12644681
0.12643974
0.1263955
0.12639466
0.12638989
0.12637602
0.12630264
0.12629955
0.12628882
0.12628533
0.12625366
0.12620077
0.12619476
0.12618962
0.12618004
0.126171
0.12612621
0.12611397
0.12609048
0.12608865
0.12606952
0.12606128
0.12601826
0.12601222
0.12596884
0.12592727
0.12588121
0.12588121
0.12585428
0.12585191
0.12585126
0.12580405
0.12579936
0.12577592
0.12563565
0.12562825
0.12555216
0.12554164
0.12547183
0.12545778
0.12545085
0.12540957
0.12540916
0.12537697
0.12534343
0.12530577
0.12526542
0.12523727
0.12520951
0.1251635
0.12515186
0.12509608
0.12509608
0.12509608
0.12509337
0.12509277
0.12508449
0.12507315
0.12500955
0.124994904
0.12492341
0.124895036
0.12487424
0.124852695
0.124835856
0.12482587
0.124824844
0.124819405
0.12481924
0.12479839
0.12478487
0.12478413
0.12477529
0.1247493
0.124740556
0.12473322
0.12472179
0.124698505
0.124698445
0.12463305
0.124606125
0.12457258
0.12456832
0.12453252
0.12452181
0.12451297
0.12450741
0.1244783
0.12441168
0.124399595
0.124394976
0.12439439
0.12438537
0.1243506
0.12432981
0.12432843
0.124324664
0.12431345
0.12429748
0.12428168
0.12427993
0.12427788
0.124276
0.12425968
0.12421751
0.12421714
0.12418477
0.124150865
0.12411888
0.12410789
0.12408778
0.12408426
0.12408155
0.12401876
0.12394716
0.12393997
0.12393626
0.12393021
0.12391733
0.12391237
0.12388746
0.12387674
0.123873554
0.123849146
0.12383367
0.123815164
0.12378652
0.12378371
0.12375978
0.123747
0.123743
0.12372257
0.12367752
0.123657465
0.12364494
0.123576
0.123563
0.123515286
0.123499244
0.12341476
0.123413034
0.12338223
0.12331707
0.123309515
0.123309515
0.12328081
0.12328081
0.12327846
0.123277664
0.12327534
0.12325537
0.12322984
0.123202085
0.12317635
0.12317242
0.12315371
0.1231494
0.12310646
0.123103164
0.12307246
0.12306245
0.12306212
0.123058856
0.12305049
0.12304645
0.12300113
0.12298956
0.122978136
0.12294908
0.122943126
0.12292342
0.122902244
0.12289706
0.12288445
0.12282567
0.12281206
0.122792184
0.12277434
0.12273352
0.12271329
0.12269153
0.12268159
0.12263261
0.122601494
0.12256627
0.12255335
0.12251433
0.122512795
0.1225067
0.12249644
0.12248286
0.12247563
0.12243262
0.1223957
0.12236595
0.122336045
0.12233073
0.122311525
0.122216724
0.12215869
0.1221485
0.1221253
0.12206753
0.12204538
0.1219827
0.121973306
0.121969566
0.12195651
0.12190768
0.12189419
0.12185668
0.12183816
0.12183795
0.12174521
0.12173473
0.12173473
0.12172264
0.12172264
0.12170478
0.12169048
0.12166734
0.121658124
0.121644184
0.12163102
0.12162638
0.12162638
0.12162592
0.1216167
0.12146351
0.12146067
0.121436924
0.121405974
0.12139143
0.12138197
0.12137906
0.121335745
0.121307746
0.12129757
0.12128492
0.121281855
0.12125951
0.12124879
0.12124607
0.12123502
0.12122929
0.1211457
0.12113438
0.121125184
0.12111704
0.12111068
0.12110367
0.12108296
0.1210448
0.12103267
0.120960824
0.12094479
0.120943636
0.1208771
0.12087032
0.12085803
0.12079927
0.12074935
0.120739855
0.12069003
0.12062102
0.120620795
0.12056398
0.12052332
0.12052225
0.12051566
0.1205151
0.12048505
0.12046566
0.12043446
0.12041901
0.12040059
0.12038821
0.120387435
0.12038401
0.120333
0.120291434
0.12027368
0.120222874
0.120220326
0.120219596
0.12021753
0.120186016
0.12017523
0.12015306
0.120126635
0.120102495
0.120031506
0.119992785
0.119987346
0.11995888
0.11991828
0.11989165
0.11988266
0.119863585
0.119830996
0.11981893
0.11977722
0.11976347
0.119691245
0.119668365
0.11963174
0.11963174
0.11959854
0.11959397
0.119586535
0.11951707
0.11949916
0.11948391
0.11945787
0.1194429
0.119441174
0.11940016
0.11934702
0.11931155
0.11930157
0.11928081
0.1192576
0.11922969
0.11919264
0.1191844
0.11918169
0.11913069
0.11910538
0.11910499
0.11897404
0.11896819
0.11896217
0.11893275
0.11891947
0.118912175
0.118834406
0.11882355
0.1188049
0.11876667
0.118739255
0.1187366
0.11872587
0.11871406
0.118708536
0.11867457
0.11864455
0.118600935
0.11859921
0.11857851
0.11853847
0.1185287
0.11851971
0.11848544
0.11848544
0.118477486
0.118476175
0.11847194
0.1184584
0.118445635
0.118423775
0.11837895
0.118304275
0.118273094
0.118232615
0.118230775
0.11818033
0.118140146
0.11811555
0.118089974
0.118089974
0.11807993
0.11807775
0.11806286
0.11805248
0.118043296
0.118010335
0.11796804
0.11796236
0.11794216
0.11793273
0.11792549
0.11792346
0.11788378
0.117861524
0.11786033
0.117827445
0.11780522
0.11779655
0.11778868
0.117780395
0.11777489
0.11772165
0.1176789
0.11767811
0.11764904
0.11762124
0.11762003
0.117592044
0.117585175
0.11750865
0.11746307
0.11746087
0.11744919
0.11734631
0.11732726
0.11730439
0.117284544
0.117251545
0.1172381
0.11720291
0.117192656
0.117185846
0.11716656
0.11716286
0.117125526
0.11711492
0.11708653
0.11705896
0.11705891
0.117058635
0.117028624
0.11701745
0.11701745
0.1170164
0.117004946
0.1169983
0.116983734
0.11698115
0.116972804
0.116916224
0.116876915
0.116861194
0.11684433
0.11683512
0.116831884
0.11681778
0.116643466
0.11660224
0.11659291
0.11657398
0.116573416
0.11656921
0.11656693
0.11656564
0.11655981
0.116544105
0.11652628
0.11650759
0.11650294
0.11647482
0.11647115
0.116444916
0.11641829
0.116378956
0.11636954
0.11636179
0.116354756
0.116312705
0.11631051
0.11630081
0.11625458
0.11623259
0.116216585
0.11620713
0.11620082
0.11616586
0.11615755
0.11615755
0.116153695
0.11613647
0.116121076
0.11610761
0.11609921
0.1160684
0.11603792
0.11597355
0.11597029
0.11596837
0.11596807
0.11595228
0.11595228
0.11594476
0.11592888
0.11592589
0.115924776
0.11591739
0.11585187
0.11583982
0.11582087
0.115811385
0.115796834
0.11578862
0.1157729
0.11576011
0.11572222
0.11572222
0.11570264
0.11569133
0.115686834
0.11566726
0.115637735
0.11562934
0.11562218
0.11561876
0.1155979
0.115571775
0.11554019
0.115523405
0.115514874
0.11549911
0.11545562
0.115434825
0.115430325
0.11539831
0.115355685
0.11533953
0.115339234
0.11533203
0.1152066
0.11519651
0.1151342
0.11512803
0.11506903
0.11503725
0.11501244
0.11500552
0.11498424
0.11497481
0.114974685
0.114944935
0.11486687
0.11483884
0.114824116
0.11481733
0.114802696
0.11477653
0.114758454
0.11472054
0.114717826
0.11471343
0.11470716
0.11469727
0.11469413
0.11469115
0.11469022
0.11467226
0.114659294
0.11464763
0.114621595
0.11459778
0.114597246
0.114565805
0.11454399
0.11451755
0.11450519
0.11444244
0.11442261
0.114416
0.11440297
0.114215404
0.11417978
0.11417623
0.11416805
0.11415351
0.114097014
0.11405951
0.11402459
0.113975674
0.11397253
0.11395177
0.11394323
0.11393196
0.11391884
0.113911964
0.11389894
0.11380781
0.11379882
0.1137858
0.11375799
0.11366083
0.11365435
0.113644995
0.11362821
0.11361111
0.11353725
0.11347179
0.1134463
0.11341823
0.113390334
0.11335072
0.11334249
0.11333665
0.113322645
0.113301605
0.11328913
0.11326578
0.113234155
0.11319617
0.11319114
0.113176115
0.11315635
0.113155805
0.113139026
0.11309326
0.11309184
0.11307923
0.113040745
0.11298222
0.11296547
0.112965226
0.11293336
0.11287959
0.1128061
0.11277928
0.11277771
0.112747245
0.11272106
0.11270428
0.112639405
0.11263193
0.11262502
0.11261843
0.112602174
0.1125859
0.11257606
0.11255313
0.11253612
0.11253612
0.11247919
0.112397075
0.112397075
0.1123967
0.11236176
0.11233579
0.11224503
0.11221026
0.11216618
0.11212673
0.11212525
0.11210086
0.112099566
0.11206198
0.11205845
0.11204344
0.112035036
0.11202754
0.1120015
0.11198249
0.11197102
0.11195756
0.11192829
0.11192309
0.111882575
0.11184231
0.1118388
0.1118375
0.11182426
0.11182277
0.111813664
0.111756936
0.11174714
0.11166868
0.111657806
0.111657046
0.11161393
0.111608505
0.11158843
0.11158769
0.111583665
0.111546405
0.111437775
0.11142805
0.1114064
0.11139566
0.111392364
0.11138271
0.111382306
0.111344725
0.11132482
0.11128018
0.11125613
0.11125225
0.11125118
0.1112293
0.11120215
0.1111776
0.111172654
0.111131765
0.11111408
0.11107642
0.11102818
0.111009024
0.11100838
0.11099199
0.11087677
0.11087277
0.11086591
0.110861495
0.11080364
0.11077471
0.11076118
0.110761136
0.1107309
0.11070408
0.11068362
0.11065222
0.11059339
0.11058198
0.11054884
0.11052479
0.11052381
0.11049372
0.11045815
0.11043473
0.11042723
0.1103609
0.11030099
0.110290624
0.11027837
0.110259786
0.11023986
0.11018349
0.110122204
0.11012099
0.11011676
0.11002275
0.11002037
0.10995507
0.10995073
0.10993785
0.109924816
0.109920375
0.10990044
0.10989438
0.10988594
0.10986686
0.10980627
0.109784395
0.10977006
0.10974919
0.109745786
0.10971188
0.10965427
0.10964937
0.10963823
0.10963358
0.10961916
0.109581575
0.10954987
0.10949965
0.10948069
0.109470926
0.1094538
0.1094184
0.10939073
0.109336905
0.10932747
0.10929189
0.10928958
0.10928082
0.109255224
0.109254904
0.10924999
0.10923212
0.10922091
0.10922091
0.109169684
0.109166555
0.10911236
0.109098405
0.10902773
0.10899559
0.10898162
0.10897789
0.10892672
0.108884834
0.10887928
0.108851366
0.108838744
0.108819276
0.108735114
0.108728
0.10871167
0.1086688
0.10865638
0.108631164
0.10857508
0.10856058
0.108546466
0.108545266
0.108491436
0.10846022
0.10839549
0.10839448
0.10836844
0.108275324
0.10818318
0.108156614
0.10814942
0.108147815
0.10810773
0.10808908
0.10808114
0.1080765
0.108060524
0.10804021
0.10802358
0.10801127
0.10799779
0.10798606
0.10791752
0.10791246
0.1079031
0.10784402
0.10780073
0.10778586
0.10775111
0.10771455
0.10768543
0.10767477
0.10766616
0.10766126
0.107660756
0.10764552
0.10762509
0.10761845
0.10757113
0.10752546
0.10751581
0.10750686
0.10748438
0.10745115
0.10744321
0.10744216
0.10734554
0.10729207
0.107234694
0.10722712
0.10715934
0.10712438
0.1071153
0.107108526
0.107090294
0.10708771
0.107079305
0.10707512
0.10704273
0.107012786
0.10699335
0.106936246
0.10692027
0.10692015
0.10691173
0.106881365
0.10687108
0.106865115
0.10684855
0.10684145
0.106786005
0.10675108
0.10675016
0.106741026
0.10673178
0.10670457
0.106675036
0.106673144
0.10664391
0.10664164
0.10661479
0.10659085
0.10658993
0.10656126
0.10654232
0.106526986
0.106516145
0.10651589
0.10649141
0.10647315
0.106407434
0.10637728
0.10637189
0.10637001
0.106369026
0.10628768
0.106229834
0.10619024
0.1061826
0.106159925
0.106125094
0.106111154
0.10610886
0.10606436
0.10595319
0.10593223
0.10589195
0.105886586
0.1058744
0.10577535
0.10576565
0.105763264
0.10575168
0.105737045
0.105724975
0.10570858
0.10568915
0.105627574
0.10558152
0.10555357
0.1055342
0.10547494
0.10547489
0.10546176
0.10542687
0.105414264
0.105359755
0.10535573
0.105327465
0.10529283
0.10526637
0.10524605
0.105240926
0.10524087
0.10518444
0.105174646
0.105143875
0.10512862
0.10508825
0.10508753
0.10502455
0.105023734
0.104919195
0.10490946
0.10490547
0.1048941
0.104848176
0.10484484
0.10482459
0.10481716
0.104805395
0.10475956
0.1047582
0.104697496
0.104639806
0.10460642
0.104584605
0.10457449
0.10456424
0.10453609
0.104510814
0.1044527
0.104436286
0.10438599
0.10434211
0.10433293
0.10429611
0.10427738
0.104249254
0.10417276
0.10416186
0.104155056
0.104138985
0.10411286
0.104104966
0.10409309
0.10404462
0.10398957
0.103979565
0.10394257
0.10392472
0.10389937
0.10389737
0.1038489
0.103827596
0.103816524
0.1038063
0.103774816
0.10373109
0.10369419
0.10361079
0.103606634
0.103558235
0.1035539
0.103539735
0.10347993
0.10347849
0.10341344
0.10335704
0.10328671
0.10327149
0.10325024
0.10324211
0.10322194
0.10320923
0.10311729
0.103110895
0.10310715
0.10310688
0.10309833
0.10304838
0.10300617
0.10298744
0.10298314
0.102975525
0.10297227
0.102959976
0.10295582
0.10291903
0.10291529
0.102912664
0.10289068
0.10286509
0.102849424
0.10278723
0.10274333
0.102724016
0.102702826
0.1027008
0.102645494
0.10261993
0.10259041
0.1025896
0.102573484
0.10253873
0.102513544
0.10251052
0.10248981
0.10245503
0.102443986
0.10236958
0.102346025
0.102338105
0.10232851
0.10227959
0.10225038
0.10224527
0.102232106
0.10220602
0.10220417
0.102175355
0.10214163
0.102137394
0.102135815
0.102089696
0.10207466
0.102069244
0.10206848
0.10206343
0.10205751
0.10205582
0.10205369
0.102043234
0.102043055
0.10197844
0.10197099
0.101947546
0.10193799
0.10192794
0.10190501
0.10184349
0.101832524
0.101800255
0.10179926
0.10169346
0.101650365
0.101600826
0.1015959
0.10159342
0.10158503
0.10158199
0.10157062
0.1015371
0.10153171
0.10150702
0.10140286
0.1013187
0.101285726
0.101242915
0.101228036
0.10121529
0.101205885
0.10120318
0.10119295
0.10116546
0.101151705
0.101139
0.10109617
0.10109617
0.101021074
0.10101503
0.10100298
0.10099607
0.1009324
0.10091645
0.10091442
0.10089119
0.100856416
0.1008381
0.10083644
0.1008024
0.100790754
0.10077083
0.10074655
0.10073357
0.10069808
0.10067196
0.10066603
0.10065733
0.100649945
0.100646846
0.10062237
0.10047821
0.10047758
0.10044645
0.10042615
0.1003889
0.1002944
0.10028837
0.10028805
0.10027755
0.100244984
0.10021876
0.100179374
0.100173526
0.10016412
0.10016115
0.10014117
0.100130044
0.10009993
0.10007278
0.10002114
0.09998749
0.09998217
0.099946775
0.09994261
0.09977738
0.0997497
0.09972384
0.099718936
0.09966043
0.09964819
0.09963638
0.09962878
0.09961209
0.0996067
0.09960538
0.09958541
0.099531434
0.09946558
0.099458106
0.09944188
0.099439375
0.099415146
0.09940281
0.099394545
0.09934755
0.099341385
0.09933223
0.09927904
0.099272735
0.09925203
0.099232465
0.099218085
0.09914892
0.09908682
0.09908656
0.099065535
0.09901193
0.0989082
0.09887436
0.09886588
0.09878838
0.09874761
0.098744266
0.09866337
0.09864085
0.098570004
0.09854533
0.098479904
0.09840678
0.09838681
0.098347925
0.098330826
0.09832114
0.0982928
0.09827405
0.09823654
0.098216936
0.09820292
0.0981848
0.098155335
0.09814689
0.098124534
0.0980831
0.09807823
0.09806688
0.09805802
0.098039344
0.097932965
0.097906075
0.09790332
0.097843125
0.097793944
0.097761385
0.09766574
0.09765658
0.09762183
0.0975672
0.097550444
0.09750059
0.097466946
0.0974401
0.097417235
0.09736031
0.09735429
0.09732815
0.09731058
0.097298026
0.09725026
0.09717099
0.097132206
0.097129084
0.09712144
0.097109966
0.09708024
0.09691971
0.096916825
0.09687022
0.09687006
0.09683009
0.09678208
0.09677202
0.096764356
0.09675581
0.09675252
0.09672666
0.09658669
0.09657651
0.09652756
0.09652519
0.09648715
0.09641447
0.09641231
0.09640678
0.09636687
0.09635907
0.09632785
0.09627719
0.096235484
0.096230716
0.09621235
0.09613836
0.09613331
0.09612887
0.096095644
0.095910974
0.09587369
0.09578761
0.09573635
0.09560748
0.095544375
0.09554223
0.09545574
0.09544125
0.095422275
0.095386945
0.09536038
0.095274776
0.0952721
0.095264874
0.09512338
0.09505063
0.09500549
0.094986714
0.09490317
0.0949015
0.09477762
0.094758675
0.0947395
0.09470597
0.09468308
0.094631
0.09456975
0.094545074
0.09444285
0.09441802
0.09439667
0.094268166
0.094267786
0.0941476
0.09413177
0.0941279
0.09399083
0.093984716
0.093964435
0.09394386
0.093941286
0.09390474
0.093885265
0.09385793
0.09377794
0.093766354
0.093736365
0.093693554
0.093630806
0.09359682
0.09357314
0.09357035
0.09347176
0.09345315
0.0933722
0.09334694
0.093326926
0.093323976
0.09323666
0.09323319
0.093079664
0.09292117
0.09289798
0.09287387
0.09286572
0.09285101
0.09283406
0.092778064
0.09277646
0.09273663
0.09272189
0.09269055
0.09265915
0.0926178
0.09247664
0.09247441
0.092452556
0.092423595
0.09240926
0.0924069
0.09237257
0.092338234
0.09231206
0.09230839
0.092285775
0.09218153
0.092149936
0.092059456
0.092026785
0.09199161
0.09194625
0.09187621
0.09186992
0.091850825
0.091736935
0.09171309
0.09166243
0.09160615
0.091588095
0.09156826
0.09148432
0.09145684
0.09140729
0.09140014
0.09110907
0.091080405
0.0909942
0.090937965
0.09082906
0.09079422
0.090765394
0.09075772
0.09075459
0.09068202
0.090622544
0.09061354
0.09060518
0.09045715
0.090390414
0.09031826
0.09019923
0.09019158
0.09015925
0.09012805
0.09001006
0.08995313
0.08989296
0.08987584
0.089617364
0.08956306
0.08954209
0.089484066
0.08937036
0.08925941
0.0892492
0.08923108
0.0891478
0.089140326
0.08910796
0.089064896
0.08904136
0.088958114
0.08895451
0.08895285
0.08888389
0.08884654
0.08869123
0.08853279
0.08852775
0.08849491
0.08848876
0.08848707
0.08845336
0.088415675
0.08839522
0.088326186
0.0883215
0.08822669
0.08818337
0.08817415
0.08813977
0.08806915
0.08803001
0.08800723
0.08799697
0.087885074
0.08788295
0.08770811
0.08764615
0.08740555
0.08731274
0.08727773
0.08723902
0.08702463
0.08691413
0.08689331
0.086889856
0.08686901
0.086855106
0.08683495
0.0867693
0.0864504
0.08636202
0.08631262
0.08616191
0.08608573
0.08594543
0.08577528
0.08573856
0.08547528
0.08543434
0.085367024
0.08525346
0.085216045
0.08514892
0.08510159
0.08447813
0.08439287
0.08410847
0.08402842
0.08401505
0.083981186
0.0839319
0.08366855
0.08364425
0.08360308
0.08359414
0.08333823
0.08322956
0.0829786
0.08282039
0.08275824
0.08266398
0.082523756
0.082378484
0.082370594
0.0821505
0.08213137
0.08192744
0.08189483
0.081882946
0.08186092
0.08170695
0.081695996
0.081583865
0.08157627
0.08121913
0.0812076
0.08104022
0.08097243
0.08091977
0.08076315
0.08060452
0.08047828
0.08021162
0.080049165
0.0800179
0.07969246
0.07941094
0.07932496
0.079140395
0.079096
0.078964286
0.07885953
0.078778915
0.07876909
0.07865183
0.07864912
0.07817647
0.07785705
0.07773073
0.077500165
0.077462114
0.07738575
0.07735202
0.07728241
0.07713889
0.07693828
0.07691947
0.076891646
0.07668725
0.07650519
0.076469995
0.07631256
0.07602738
0.07597226
0.07596624
0.07593579
0.07580733
0.07569039
0.075616464
0.07561113
0.07559084
0.07556325
0.075555146
0.075247064
0.07502813
0.07500477
0.07493958
0.074852206
0.074801564
0.074713804
0.074641384
0.07463601
0.074575275
0.07447549
0.07412594
0.07408956
0.074062854
0.07402455
0.073893346
0.073584095
0.07355504
0.07352272
0.0734825
0.07345455
0.073421344
0.07331657
0.07321979
0.073139034
0.07292826
0.07276605
0.07274959
0.07273835
0.07245039
0.07240426
0.072389975
0.07227096
0.072226174
0.07220203
0.07216483
0.07206492
0.07198234
0.071979664
0.0717119
0.07170076
0.07127723
0.0711791
0.07111666
0.07105168
0.071008354
0.0709851
0.07095666
0.070926994
0.070860595
0.07083377
0.07077993
0.07067741
0.07064162
0.07061775
0.070582815
0.07054584
0.07052225
0.07031844
0.07029676
0.070252426
0.07023147
0.07013376
0.07008808
0.070045725
0.06994249
0.06991323
0.06984663
0.069827765
0.06982668
0.06973547
0.0697288
0.0696845
0.069639325
0.06958728
0.069561504
0.06954558
0.06947194
0.06946583
0.069457665
0.069446586
0.06943533
0.069391035
0.06934148
0.06932523
0.069303356
0.06926996
0.06926594
0.069166586
0.06915242
0.069147944
0.06912046
0.06903119
0.06902305
0.069002494
0.06899156
0.0689512
0.068851694
0.068788834
0.068759695
0.06870857
0.06853779
0.06850223
0.06846348
0.06834576
0.06816136
0.0679741
0.0678196
