[0.4473336]
[0.28108805]
[0.27813166]
[0.27439275]
[0.2701344]
[0.2681307]
[0.26525766]
[0.2605114]
[0.25961196]
[0.25767428]
[0.25760928]
[0.25617453]
[0.2554151]
[0.25436375]
[0.253117]
[0.25309202]
[0.25286272]
[0.24612577]
[0.24577703]
[0.24518959]
[0.2446651]
[0.2420033]
[0.24159499]
[0.24138996]
[0.24085946]
[0.24060918]
[0.23850733]
[0.23795925]
[0.23754276]
[0.23679091]
[0.23581833]
[0.23550487]
[0.2326618]
[0.23096378]
[0.23025703]
[0.22997554]
[0.22993015]
[0.22952223]
[0.22911306]
[0.22853608]
[0.22772776]
[0.22591901]
[0.22466023]
[0.22438303]
[0.22304201]
[0.22271867]
[0.22206165]
[0.22184187]
[0.22152932]
[0.22108789]
[0.2210039]
[0.22084919]
[0.22060186]
[0.22059865]
[0.22026908]
[0.22025613]
[0.2189937]
[0.21846451]
[0.21845894]
[0.21839312]
[0.21774647]
[0.21722871]
[0.2171769]
[0.21716744]
[0.21711747]
[0.21709108]
[0.21693769]
[0.21613967]
[0.21584372]
[0.21539198]
[0.21514167]
[0.21409634]
[0.21377417]
[0.21318863]
[0.21314625]
[0.21162349]
[0.21121064]
[0.21092528]
[0.21020116]
[0.20984408]
[0.20977767]
[0.20873241]
[0.20812577]
[0.20792212]
[0.20742506]
[0.20724685]
[0.2066136]
[0.20634983]
[0.20630763]
[0.20617951]
[0.20611653]
[0.20574833]
[0.20452493]
[0.2040149]
[0.20393485]
[0.20343275]
[0.20341681]
[0.2031784]
[0.2031703]
[0.20316947]
[0.20304179]
[0.20300971]
[0.20271172]
[0.20263457]
[0.20259044]
[0.20236428]
[0.202086]
[0.20197617]
[0.20179017]
[0.20178773]
[0.20159544]
[0.20156579]
[0.20103124]
[0.20099363]
[0.20089364]
[0.2008898]
[0.20085877]
[0.20023893]
[0.20011878]
[0.19952194]
[0.19941683]
[0.19901428]
[0.19895169]
[0.19893831]
[0.19862102]
[0.19834974]
[0.19801472]
[0.19785084]
[0.19766282]
[0.19766282]
[0.19716212]
[0.19711326]
[0.1965905]
[0.1963581]
[0.19612588]
[0.19610284]
[0.19600539]
[0.19593127]
[0.19561617]
[0.19540952]
[0.19537495]
[0.19518927]
[0.19510436]
[0.19506371]
[0.19504711]
[0.19483139]
[0.19479288]
[0.19464087]
[0.19443764]
[0.19420059]
[0.19410299]
[0.19408216]
[0.19400913]
[0.19386275]
[0.19386044]
[0.19349161]
[0.19316943]
[0.19298232]
[0.1929244]
[0.19291049]
[0.19290069]
[0.1928692]
[0.1926625]
[0.19253765]
[0.19247998]
[0.19224733]
[0.19222634]
[0.19217496]
[0.19212084]
[0.1920494]
[0.19191433]
[0.19173408]
[0.19167134]
[0.19154352]
[0.19154271]
[0.191285]
[0.1911474]
[0.19110149]
[0.19081154]
[0.19077428]
[0.19064672]
[0.19063391]
[0.19057138]
[0.1905629]
[0.19041815]
[0.19037518]
[0.19030795]
[0.19020508]
[0.19014227]
[0.18990743]
[0.18990079]
[0.18990071]
[0.18985066]
[0.18982348]
[0.18981178]
[0.18977773]
[0.18954217]
[0.18950759]
[0.18910716]
[0.18904838]
[0.18903413]
[0.18894956]
[0.18891574]
[0.18876207]
[0.18874522]
[0.18856788]
[0.18842933]
[0.18828537]
[0.18823965]
[0.1880756]
[0.18794464]
[0.18789034]
[0.1878166]
[0.18776996]
[0.18770808]
[0.18766889]
[0.18760028]
[0.18755458]
[0.18736526]
[0.18727176]
[0.18725446]
[0.18719591]
[0.18714784]
[0.18682313]
[0.18676293]
[0.18674731]
[0.18663515]
[0.18641664]
[0.18631873]
[0.18631864]
[0.18629427]
[0.18624218]
[0.18618898]
[0.18613186]
[0.18612018]
[0.18603534]
[0.18590437]
[0.18583433]
[0.18582661]
[0.18575671]
[0.18557242]
[0.18555692]
[0.18479861]
[0.18479641]
[0.18474607]
[0.18473805]
[0.18473318]
[0.18467245]
[0.1845534]
[0.1844085]
[0.18435386]
[0.18427329]
[0.18420489]
[0.1840856]
[0.18406597]
[0.18388079]
[0.1837018]
[0.18367416]
[0.18366097]
[0.1835829]
[0.18351312]
[0.18348305]
[0.1833716]
[0.18329094]
[0.1832673]
[0.18326685]
[0.18323022]
[0.18318748]
[0.18314472]
[0.18314447]
[0.18297812]
[0.1829276]
[0.18283689]
[0.18247549]
[0.18239708]
[0.18230048]
[0.18227412]
[0.18225797]
[0.18224792]
[0.18218619]
[0.18218593]
[0.1821535]
[0.18198669]
[0.18175739]
[0.18161955]
[0.18153326]
[0.18132308]
[0.18116058]
[0.18113823]
[0.1811213]
[0.18107879]
[0.18105398]
[0.18103687]
[0.18094607]
[0.18092749]
[0.18087322]
[0.18085949]
[0.18076381]
[0.18054141]
[0.18051021]
[0.18035127]
[0.18023291]
[0.17996229]
[0.1799002]
[0.17975593]
[0.17968504]
[0.17966872]
[0.17964423]
[0.17960192]
[0.17949782]
[0.179484]
[0.17947944]
[0.17946205]
[0.17941698]
[0.17932332]
[0.17931646]
[0.17929207]
[0.17917934]
[0.17915197]
[0.17915197]
[0.17909873]
[0.17908728]
[0.17906103]
[0.17903812]
[0.17887416]
[0.17887327]
[0.17885453]
[0.17849025]
[0.17843714]
[0.17841153]
[0.17841029]
[0.17838]
[0.17826577]
[0.1782628]
[0.17814925]
[0.17813686]
[0.17805678]
[0.17803161]
[0.17800015]
[0.17792556]
[0.17791179]
[0.17787856]
[0.17787258]
[0.17785808]
[0.17783774]
[0.17783283]
[0.17776309]
[0.17764468]
[0.17757855]
[0.17751859]
[0.17747754]
[0.17741571]
[0.17736958]
[0.17726107]
[0.17720176]
[0.17716269]
[0.17712542]
[0.17709146]
[0.1770403]
[0.17703104]
[0.17698716]
[0.17674358]
[0.17672127]
[0.1766859]
[0.17655678]
[0.17647548]
[0.17642072]
[0.17638467]
[0.17635679]
[0.17633383]
[0.17630953]
[0.17630804]
[0.1761713]
[0.17610462]
[0.1760302]
[0.17600992]
[0.17599513]
[0.17595816]
[0.17589444]
[0.17587204]
[0.17577948]
[0.17575441]
[0.17561735]
[0.17556071]
[0.17545791]
[0.17538698]
[0.17537096]
[0.1752824]
[0.17527123]
[0.17525859]
[0.175215]
[0.17505828]
[0.1749849]
[0.17491056]
[0.17487742]
[0.17485298]
[0.17484523]
[0.17476146]
[0.17476039]
[0.17465465]
[0.17461774]
[0.1745715]
[0.17446265]
[0.1743617]
[0.17420024]
[0.17419693]
[0.17418766]
[0.17414771]
[0.17393133]
[0.1738918]
[0.17386931]
[0.17386428]
[0.17371376]
[0.1736946]
[0.17367756]
[0.17367704]
[0.17362322]
[0.17360282]
[0.1735474]
[0.17351347]
[0.17348446]
[0.17332987]
[0.17330548]
[0.1731996]
[0.17300062]
[0.17287996]
[0.172857]
[0.17284682]
[0.17284214]
[0.17281626]
[0.17276353]
[0.17275001]
[0.17270301]
[0.17260197]
[0.17258373]
[0.17247006]
[0.1724634]
[0.1724634]
[0.17243014]
[0.17234051]
[0.17226498]
[0.17225046]
[0.17220658]
[0.17202798]
[0.17198956]
[0.17195654]
[0.17191182]
[0.17190292]
[0.171889]
[0.17184465]
[0.17179307]
[0.17178985]
[0.17176895]
[0.17176168]
[0.17175867]
[0.17170851]
[0.17167437]
[0.17160101]
[0.17155087]
[0.17144816]
[0.17137514]
[0.17137057]
[0.17134874]
[0.17130172]
[0.17127244]
[0.17121245]
[0.17119026]
[0.1710913]
[0.17105661]
[0.1710049]
[0.17092197]
[0.17089438]
[0.1708799]
[0.1708527]
[0.17079219]
[0.17076229]
[0.17063497]
[0.17056058]
[0.1705521]
[0.17051016]
[0.17041902]
[0.17037795]
[0.1703675]
[0.1703664]
[0.17021504]
[0.17021464]
[0.17017533]
[0.1701101]
[0.17003986]
[0.17003374]
[0.1699909]
[0.16986215]
[0.16984023]
[0.16972291]
[0.16968255]
[0.16966178]
[0.16959469]
[0.16957808]
[0.16955426]
[0.16947085]
[0.16943257]
[0.16940661]
[0.16940068]
[0.16933653]
[0.1693126]
[0.16930468]
[0.16930404]
[0.16915646]
[0.16911197]
[0.1690711]
[0.16906996]
[0.1688871]
[0.16885388]
[0.16883646]
[0.16879098]
[0.16878542]
[0.16876316]
[0.16875215]
[0.16873518]
[0.16872682]
[0.1687064]
[0.16867724]
[0.16866685]
[0.1686238]
[0.16858496]
[0.16853209]
[0.16851722]
[0.16849464]
[0.16845511]
[0.16844656]
[0.16844656]
[0.16841228]
[0.16840807]
[0.16839133]
[0.16837446]
[0.16837099]
[0.16832855]
[0.16829675]
[0.1682545]
[0.16824085]
[0.16819125]
[0.16816622]
[0.168129]
[0.16811776]
[0.16809402]
[0.16795756]
[0.16790159]
[0.16789764]
[0.16776109]
[0.16767259]
[0.16760916]
[0.16755953]
[0.16755538]
[0.16750897]
[0.16749266]
[0.16749007]
[0.16747202]
[0.16741249]
[0.16737252]
[0.16732799]
[0.16730747]
[0.16729379]
[0.16727005]
[0.1672575]
[0.16724372]
[0.1672354]
[0.167222]
[0.16713762]
[0.16711932]
[0.16706623]
[0.1670514]
[0.16704436]
[0.16701956]
[0.16696154]
[0.16695666]
[0.16693191]
[0.16689442]
[0.16685498]
[0.16683213]
[0.16682342]
[0.16678438]
[0.1667785]
[0.16673936]
[0.16665053]
[0.16663806]
[0.1666222]
[0.16661382]
[0.16654795]
[0.16642547]
[0.16642301]
[0.16640745]
[0.16637975]
[0.1663298]
[0.16625662]
[0.16623966]
[0.1661327]
[0.16602391]
[0.16596602]
[0.16594015]
[0.16586897]
[0.16584575]
[0.16580307]
[0.16573125]
[0.16571161]
[0.1656792]
[0.16566432]
[0.16566028]
[0.1655988]
[0.16555528]
[0.16555473]
[0.16547327]
[0.16541438]
[0.16540326]
[0.16540326]
[0.16530803]
[0.16530287]
[0.1652764]
[0.16525349]
[0.16522786]
[0.16522786]
[0.16520971]
[0.16513431]
[0.16510099]
[0.16509262]
[0.16507387]
[0.16505872]
[0.16505842]
[0.16504267]
[0.16501391]
[0.164963]
[0.1648502]
[0.16474018]
[0.1646613]
[0.16463518]
[0.1646343]
[0.1646172]
[0.16458263]
[0.16456465]
[0.16456196]
[0.16454078]
[0.16440457]
[0.16439407]
[0.1643881]
[0.16432399]
[0.1643231]
[0.16431303]
[0.16425078]
[0.1642437]
[0.16416831]
[0.1641597]
[0.16414367]
[0.16407876]
[0.1640523]
[0.16401392]
[0.16396917]
[0.16395973]
[0.16395444]
[0.16394512]
[0.16392453]
[0.16390717]
[0.16387798]
[0.16387627]
[0.1638129]
[0.16379806]
[0.1637449]
[0.16372508]
[0.16371988]
[0.1636489]
[0.16358179]
[0.16354093]
[0.16353728]
[0.16352586]
[0.16351752]
[0.16348259]
[0.16345014]
[0.16342151]
[0.163402]
[0.16339661]
[0.16330485]
[0.16330433]
[0.16327985]
[0.16326739]
[0.16322841]
[0.16322368]
[0.16321623]
[0.16321138]
[0.16319087]
[0.1631892]
[0.1631773]
[0.16312455]
[0.16302004]
[0.1628803]
[0.16282414]
[0.16276051]
[0.1627559]
[0.16272765]
[0.16272412]
[0.16271558]
[0.16269149]
[0.1626766]
[0.16261119]
[0.16259065]
[0.16257872]
[0.16257486]
[0.16254817]
[0.16248722]
[0.16247438]
[0.16241886]
[0.16241121]
[0.16238657]
[0.16233122]
[0.16231218]
[0.16228779]
[0.16225904]
[0.16225018]
[0.16224146]
[0.16223058]
[0.16218922]
[0.16218336]
[0.16218336]
[0.16217294]
[0.16216487]
[0.16216172]
[0.16215886]
[0.1621441]
[0.16214307]
[0.16210978]
[0.16207562]
[0.162068]
[0.16206697]
[0.16205253]
[0.16204092]
[0.16203663]
[0.16203572]
[0.1620321]
[0.16201207]
[0.16191724]
[0.16186345]
[0.16186227]
[0.16185865]
[0.16182566]
[0.16180912]
[0.16178809]
[0.16178279]
[0.16174841]
[0.16171877]
[0.16169961]
[0.16168159]
[0.16165255]
[0.16163814]
[0.1615943]
[0.16158654]
[0.16155598]
[0.16148432]
[0.16142587]
[0.16141404]
[0.16139172]
[0.16132252]
[0.16130929]
[0.16128632]
[0.16128512]
[0.16119264]
[0.16113925]
[0.1611138]
[0.16109534]
[0.16108237]
[0.16106606]
[0.16106106]
[0.16099828]
[0.16088217]
[0.16087443]
[0.16084781]
[0.16081734]
[0.16080488]
[0.16079065]
[0.16077052]
[0.16075383]
[0.16071253]
[0.16067633]
[0.1606749]
[0.16066252]
[0.16065305]
[0.16065213]
[0.16064967]
[0.16063033]
[0.16059378]
[0.1605914]
[0.16058703]
[0.16044708]
[0.16044402]
[0.1603681]
[0.16033185]
[0.16029789]
[0.16029197]
[0.16023578]
[0.16022108]
[0.16021861]
[0.16011506]
[0.16008754]
[0.16008274]
[0.16005972]
[0.16004312]
[0.15999998]
[0.15999605]
[0.15988813]
[0.15987949]
[0.15987949]
[0.15981676]
[0.15980321]
[0.15980196]
[0.15974055]
[0.15973401]
[0.15969706]
[0.15969373]
[0.15963261]
[0.15957583]
[0.1595189]
[0.15951835]
[0.15949807]
[0.15940386]
[0.15933684]
[0.15931478]
[0.15930943]
[0.15930581]
[0.15928185]
[0.15927905]
[0.15927514]
[0.15924327]
[0.15917435]
[0.15913752]
[0.15913185]
[0.15911354]
[0.15907234]
[0.15904462]
[0.15901102]
[0.15894093]
[0.15892537]
[0.15892103]
[0.15889862]
[0.15889679]
[0.15888213]
[0.15886916]
[0.15885533]
[0.15884794]
[0.15877245]
[0.15872481]
[0.15870327]
[0.15867637]
[0.15865909]
[0.15865909]
[0.1586048]
[0.1586041]
[0.15860373]
[0.15849319]
[0.15848893]
[0.15847774]
[0.1584742]
[0.15843056]
[0.1584111]
[0.15840848]
[0.15835586]
[0.15834539]
[0.15828924]
[0.15823427]
[0.15815508]
[0.15814517]
[0.15805098]
[0.15798038]
[0.15792967]
[0.15792255]
[0.15792178]
[0.15791401]
[0.15789674]
[0.15786079]
[0.1578555]
[0.15785457]
[0.15784852]
[0.15779632]
[0.15778407]
[0.15775028]
[0.1577502]
[0.15767185]
[0.15765159]
[0.15765108]
[0.15762904]
[0.15760362]
[0.15756907]
[0.1575289]
[0.15751036]
[0.157508]
[0.15750274]
[0.15746984]
[0.15744953]
[0.15744567]
[0.15732452]
[0.15730976]
[0.15728763]
[0.15727477]
[0.15727222]
[0.15725604]
[0.15724611]
[0.1572408]
[0.15722355]
[0.1571775]
[0.15708068]
[0.157075]
[0.15701333]
[0.15699941]
[0.15697932]
[0.15693893]
[0.15689805]
[0.15688822]
[0.15685117]
[0.15681987]
[0.15680782]
[0.15680467]
[0.15679325]
[0.15677641]
[0.15674336]
[0.15674308]
[0.1567058]
[0.15670392]
[0.15665755]
[0.15664466]
[0.15662347]
[0.15658489]
[0.15655346]
[0.15653439]
[0.15650423]
[0.15649132]
[0.15648602]
[0.15648046]
[0.15644567]
[0.15637542]
[0.15636793]
[0.15634246]
[0.15632756]
[0.15621722]
[0.1561929]
[0.15617125]
[0.15614973]
[0.15612708]
[0.1560991]
[0.15609884]
[0.15609358]
[0.15608831]
[0.15608232]
[0.15606955]
[0.15604213]
[0.15603575]
[0.15602773]
[0.15600368]
[0.15596628]
[0.15593627]
[0.15589969]
[0.15588905]
[0.1558166]
[0.1557888]
[0.15576333]
[0.15571636]
[0.15571244]
[0.15568045]
[0.1556023]
[0.1555961]
[0.15557611]
[0.15554498]
[0.15552704]
[0.15551837]
[0.15546596]
[0.15545669]
[0.15545532]
[0.15542503]
[0.15540008]
[0.15539278]
[0.1553775]
[0.15533659]
[0.15524465]
[0.15519857]
[0.15515658]
[0.15513693]
[0.15513684]
[0.15510556]
[0.15509656]
[0.1550569]
[0.15505202]
[0.15502341]
[0.1550198]
[0.15501653]
[0.15499224]
[0.15498509]
[0.15498021]
[0.15496327]
[0.15496276]
[0.15490577]
[0.15490323]
[0.15485883]
[0.15480849]
[0.15480614]
[0.1547761]
[0.1547755]
[0.15477234]
[0.1547628]
[0.15474837]
[0.15472052]
[0.15467139]
[0.1546022]
[0.15454511]
[0.15449989]
[0.15445411]
[0.15439683]
[0.15438472]
[0.15436661]
[0.15435441]
[0.15428987]
[0.15427834]
[0.15427494]
[0.15427274]
[0.15427274]
[0.15427274]
[0.15426126]
[0.15419787]
[0.15415369]
[0.15415093]
[0.1541506]
[0.15407735]
[0.15406068]
[0.15405446]
[0.15404823]
[0.15400825]
[0.15394767]
[0.15393728]
[0.15393472]
[0.15390022]
[0.1538844]
[0.15386282]
[0.15385589]
[0.15384655]
[0.15381384]
[0.15379019]
[0.15378107]
[0.15377553]
[0.15376823]
[0.15374707]
[0.15374571]
[0.15370972]
[0.15366884]
[0.15366451]
[0.15364672]
[0.15353563]
[0.15347992]
[0.15342991]
[0.15342572]
[0.15340164]
[0.15338671]
[0.15335706]
[0.15333728]
[0.15332459]
[0.1532803]
[0.15327123]
[0.15325366]
[0.15324728]
[0.15324046]
[0.15323655]
[0.15323605]
[0.15322529]
[0.15322177]
[0.15321048]
[0.15318075]
[0.15316424]
[0.1531613]
[0.15315907]
[0.15309672]
[0.15309644]
[0.15306497]
[0.15304102]
[0.15301497]
[0.15293252]
[0.1529314]
[0.15290412]
[0.1528763]
[0.15286168]
[0.15285757]
[0.15282975]
[0.15280615]
[0.15279135]
[0.15278198]
[0.15277608]
[0.15274896]
[0.15274645]
[0.15274407]
[0.1527257]
[0.15271273]
[0.15268454]
[0.15268427]
[0.15267955]
[0.15266892]
[0.15265961]
[0.15265237]
[0.15265225]
[0.15259738]
[0.15259512]
[0.15255445]
[0.15254909]
[0.15251435]
[0.15251201]
[0.15250732]
[0.15250653]
[0.15249331]
[0.15248998]
[0.15239526]
[0.15239526]
[0.15239526]
[0.15235758]
[0.15235005]
[0.15233442]
[0.15230437]
[0.15227202]
[0.1522679]
[0.15225762]
[0.15224566]
[0.15224448]
[0.1522381]
[0.15219934]
[0.15218516]
[0.152169]
[0.1521616]
[0.1521388]
[0.15212819]
[0.15212743]
[0.15212327]
[0.15211147]
[0.15206206]
[0.15206087]
[0.15204169]
[0.15203437]
[0.15202785]
[0.15198182]
[0.1519804]
[0.15196885]
[0.15196173]
[0.15194716]
[0.15191202]
[0.15191148]
[0.15188676]
[0.15188137]
[0.15187024]
[0.15186864]
[0.15186322]
[0.15185715]
[0.1518563]
[0.15184653]
[0.15182357]
[0.15180543]
[0.15180194]
[0.15178986]
[0.15178491]
[0.15178473]
[0.151775]
[0.15173683]
[0.15172336]
[0.1516873]
[0.15161546]
[0.15161473]
[0.15160646]
[0.15160608]
[0.15158728]
[0.15155654]
[0.1515382]
[0.15153758]
[0.15152189]
[0.15151954]
[0.15151681]
[0.15147425]
[0.151437]
[0.1514193]
[0.15141709]
[0.15140247]
[0.1513998]
[0.1513989]
[0.15139109]
[0.15135938]
[0.15135308]
[0.15135136]
[0.15134177]
[0.1513181]
[0.15131438]
[0.15130384]
[0.15128516]
[0.15128474]
[0.15127984]
[0.15127861]
[0.15127677]
[0.1512739]
[0.15127277]
[0.15124714]
[0.15123156]
[0.15122591]
[0.1511936]
[0.1511853]
[0.15116441]
[0.1511373]
[0.15112484]
[0.15109992]
[0.15109076]
[0.15106654]
[0.15102679]
[0.15101512]
[0.15100858]
[0.15100805]
[0.15096322]
[0.15092796]
[0.15092008]
[0.15087254]
[0.15086928]
[0.1508662]
[0.15085593]
[0.15085427]
[0.15084866]
[0.15084065]
[0.1508395]
[0.15074125]
[0.15066288]
[0.15066256]
[0.15065221]
[0.15063202]
[0.15061854]
[0.15061752]
[0.15061085]
[0.15060794]
[0.15059651]
[0.15058169]
[0.15052159]
[0.15049636]
[0.1504813]
[0.15043744]
[0.15042816]
[0.15042135]
[0.15036519]
[0.15036519]
[0.15036365]
[0.15035169]
[0.15033683]
[0.15033634]
[0.1503255]
[0.15029812]
[0.15028466]
[0.15026414]
[0.15025352]
[0.15024911]
[0.15024126]
[0.15023936]
[0.15023297]
[0.15022196]
[0.15019627]
[0.15015054]
[0.15011051]
[0.15009472]
[0.15009454]
[0.15009229]
[0.15008718]
[0.15007417]
[0.15006517]
[0.15005915]
[0.15005854]
[0.15005285]
[0.15004799]
[0.15004154]
[0.15000544]
[0.15000027]
[0.14998296]
[0.14997765]
[0.14993444]
[0.14992484]
[0.14989185]
[0.1498871]
[0.14986533]
[0.14984494]
[0.14981645]
[0.14981051]
[0.14978762]
[0.1497723]
[0.14976992]
[0.14976351]
[0.14969528]
[0.14967816]
[0.1496653]
[0.14960918]
[0.14958517]
[0.14957675]
[0.14957498]
[0.14955944]
[0.14955857]
[0.14952965]
[0.14952877]
[0.14952813]
[0.14949533]
[0.14946575]
[0.14945598]
[0.1494518]
[0.14944701]
[0.14941184]
[0.14940996]
[0.14940073]
[0.14937799]
[0.14937742]
[0.14937527]
[0.14936894]
[0.14934658]
[0.14933881]
[0.1493305]
[0.14929543]
[0.14926383]
[0.14923729]
[0.14920911]
[0.14919457]
[0.14919238]
[0.14917456]
[0.14916666]
[0.14915779]
[0.14914863]
[0.14914687]
[0.14914687]
[0.14913236]
[0.14912789]
[0.14906478]
[0.14905964]
[0.14900579]
[0.14900579]
[0.14900143]
[0.14895274]
[0.1489498]
[0.14894433]
[0.14894189]
[0.14891888]
[0.14889961]
[0.14889841]
[0.14887236]
[0.1488413]
[0.14882857]
[0.14881521]
[0.14880869]
[0.14876553]
[0.14876406]
[0.14874347]
[0.1487285]
[0.1487285]
[0.14870128]
[0.14869463]
[0.14869101]
[0.14865993]
[0.14865822]
[0.14861171]
[0.14858125]
[0.14857244]
[0.148567]
[0.14856556]
[0.14853005]
[0.14852095]
[0.14849317]
[0.14847827]
[0.14844684]
[0.14842144]
[0.14837073]
[0.14833283]
[0.14828652]
[0.14828593]
[0.14826734]
[0.14826195]
[0.14825912]
[0.14824584]
[0.14822038]
[0.14821804]
[0.14821391]
[0.14819777]
[0.14814357]
[0.1481178]
[0.14811489]
[0.14810486]
[0.14806388]
[0.14806046]
[0.14804254]
[0.14803632]
[0.14803268]
[0.14801656]
[0.14798276]
[0.14797856]
[0.1479755]
[0.14797042]
[0.14795193]
[0.14789742]
[0.14788516]
[0.14788173]
[0.147881]
[0.14780633]
[0.14780633]
[0.14776431]
[0.14775805]
[0.14775032]
[0.14774334]
[0.14772734]
[0.14771727]
[0.14771213]
[0.14768682]
[0.14768589]
[0.147672]
[0.14765383]
[0.14764212]
[0.14760822]
[0.14759694]
[0.14758436]
[0.14758143]
[0.14757188]
[0.14755192]
[0.14750296]
[0.1475022]
[0.14748344]
[0.14747249]
[0.14746156]
[0.14746116]
[0.14745808]
[0.14743958]
[0.14742702]
[0.14741765]
[0.14740965]
[0.14740846]
[0.14739993]
[0.1473613]
[0.14735655]
[0.14734428]
[0.14733985]
[0.14733277]
[0.14730334]
[0.1472998]
[0.14728463]
[0.1472721]
[0.14723983]
[0.1472207]
[0.14721967]
[0.14720166]
[0.14716525]
[0.14716482]
[0.14715369]
[0.1471286]
[0.14710966]
[0.14709267]
[0.14708017]
[0.1470712]
[0.14705387]
[0.14700463]
[0.14699958]
[0.14699255]
[0.14694798]
[0.14694726]
[0.14691198]
[0.14686814]
[0.14685825]
[0.14685078]
[0.14682014]
[0.14679451]
[0.14677332]
[0.14676216]
[0.14675583]
[0.1467549]
[0.14675328]
[0.1467138]
[0.1467024]
[0.14667249]
[0.1466593]
[0.14663692]
[0.14663652]
[0.14663301]
[0.14662965]
[0.14662339]
[0.14661133]
[0.1465871]
[0.14658204]
[0.14657882]
[0.14656878]
[0.14656283]
[0.14655937]
[0.14653379]
[0.14652622]
[0.14651473]
[0.14648245]
[0.14646597]
[0.14646111]
[0.14646022]
[0.14640929]
[0.14639685]
[0.14639015]
[0.146388]
[0.14633045]
[0.14632848]
[0.14631873]
[0.14629708]
[0.14629023]
[0.14628404]
[0.14628276]
[0.14627689]
[0.14627689]
[0.1462501]
[0.1462501]
[0.14620325]
[0.14620075]
[0.14618856]
[0.14616072]
[0.14615203]
[0.14613761]
[0.14613675]
[0.1461255]
[0.14607807]
[0.14606173]
[0.14605483]
[0.14601424]
[0.14600806]
[0.14600271]
[0.14597902]
[0.14597587]
[0.14597254]
[0.14596502]
[0.14595468]
[0.14594553]
[0.14593765]
[0.14589207]
[0.14587392]
[0.1458667]
[0.14586453]
[0.14585197]
[0.14584644]
[0.1458153]
[0.14580858]
[0.14580284]
[0.14578994]
[0.1457619]
[0.14575934]
[0.1457042]
[0.14569311]
[0.14565839]
[0.14563182]
[0.14563099]
[0.14560728]
[0.14560689]
[0.14559221]
[0.1455713]
[0.14555828]
[0.1455536]
[0.14554872]
[0.14553791]
[0.1455333]
[0.14551565]
[0.14551064]
[0.14544016]
[0.14543702]
[0.14543606]
[0.14541243]
[0.1454026]
[0.14536694]
[0.1453645]
[0.14532973]
[0.14532113]
[0.14529786]
[0.14528923]
[0.14527223]
[0.14526288]
[0.14526257]
[0.14525038]
[0.14524096]
[0.14522395]
[0.14522125]
[0.14520225]
[0.1451974]
[0.1451897]
[0.14515786]
[0.14514226]
[0.14514226]
[0.14514089]
[0.14511278]
[0.1451044]
[0.14509451]
[0.14509389]
[0.14508139]
[0.1450598]
[0.14505687]
[0.14502819]
[0.14499801]
[0.14499748]
[0.14498991]
[0.14496703]
[0.14490972]
[0.14486517]
[0.1448403]
[0.14483555]
[0.14483555]
[0.14483473]
[0.14482541]
[0.14482541]
[0.14481322]
[0.14480498]
[0.14479265]
[0.14479195]
[0.1447714]
[0.14475416]
[0.14474541]
[0.14473946]
[0.14472017]
[0.14471208]
[0.14469324]
[0.14465368]
[0.14465368]
[0.14465368]
[0.14465094]
[0.14464353]
[0.14463854]
[0.14463772]
[0.14463772]
[0.1446276]
[0.1446194]
[0.14461778]
[0.1446094]
[0.14459142]
[0.14458965]
[0.14456859]
[0.14456812]
[0.14456493]
[0.14455606]
[0.14454322]
[0.14452669]
[0.14452496]
[0.1445056]
[0.14450528]
[0.14447744]
[0.1444412]
[0.14444067]
[0.14442179]
[0.14440598]
[0.14440116]
[0.14439353]
[0.14438601]
[0.14437993]
[0.14437214]
[0.14434071]
[0.14434071]
[0.14430661]
[0.14429802]
[0.14429796]
[0.1442752]
[0.14426075]
[0.14426075]
[0.14424144]
[0.1442293]
[0.14422084]
[0.14420713]
[0.14418371]
[0.14412993]
[0.14411956]
[0.14410706]
[0.14406542]
[0.14406542]
[0.14406542]
[0.14403768]
[0.14402074]
[0.14402074]
[0.14400361]
[0.14397138]
[0.14394493]
[0.14394085]
[0.14392452]
[0.1438927]
[0.14387397]
[0.14387256]
[0.14384201]
[0.14383988]
[0.14382613]
[0.1438161]
[0.14381571]
[0.14380518]
[0.14380285]
[0.14377743]
[0.14375624]
[0.14374094]
[0.14372562]
[0.14369562]
[0.14366294]
[0.14364664]
[0.14364664]
[0.14362547]
[0.14361359]
[0.14360453]
[0.14357391]
[0.14357062]
[0.14357008]
[0.14356454]
[0.14354348]
[0.14353389]
[0.14353001]
[0.14352524]
[0.14350927]
[0.14342631]
[0.14341238]
[0.14341235]
[0.14341071]
[0.14340602]
[0.1434004]
[0.14339325]
[0.14338845]
[0.14335601]
[0.14332594]
[0.14332081]
[0.14328709]
[0.14328563]
[0.14326684]
[0.14326617]
[0.14324974]
[0.14324489]
[0.14321135]
[0.14320792]
[0.14320692]
[0.14320078]
[0.14318977]
[0.14318499]
[0.1431782]
[0.14316939]
[0.14315738]
[0.14315693]
[0.14315322]
[0.1431408]
[0.14313555]
[0.14308223]
[0.14308059]
[0.14306214]
[0.1430582]
[0.14305426]
[0.14304915]
[0.1430484]
[0.1430289]
[0.14302395]
[0.14300834]
[0.14299956]
[0.14299102]
[0.14298427]
[0.14297594]
[0.14297329]
[0.14296757]
[0.14295453]
[0.14292276]
[0.14291161]
[0.14291026]
[0.14290439]
[0.14285734]
[0.14284888]
[0.14283514]
[0.1428341]
[0.14281683]
[0.14277364]
[0.14277197]
[0.14270534]
[0.14270204]
[0.14268997]
[0.14266238]
[0.14262985]
[0.14262909]
[0.142624]
[0.14262305]
[0.14259976]
[0.14258705]
[0.14256251]
[0.14256163]
[0.14254887]
[0.14254566]
[0.14252456]
[0.142522]
[0.14250323]
[0.14250042]
[0.1424985]
[0.1424924]
[0.14248899]
[0.14246905]
[0.14246899]
[0.14246362]
[0.14246064]
[0.14245099]
[0.14245099]
[0.14241196]
[0.1423983]
[0.1423974]
[0.1423917]
[0.14238347]
[0.14237143]
[0.14235477]
[0.1423355]
[0.1423319]
[0.14232264]
[0.14230758]
[0.14230758]
[0.14229266]
[0.14229214]
[0.14228226]
[0.1422808]
[0.14226626]
[0.14223826]
[0.14223813]
[0.14222163]
[0.14221577]
[0.14221458]
[0.14221033]
[0.1421993]
[0.14216714]
[0.14216237]
[0.14213945]
[0.14213584]
[0.14213303]
[0.14210689]
[0.14210196]
[0.14210021]
[0.1420858]
[0.14207824]
[0.1420672]
[0.14205411]
[0.1420278]
[0.14199209]
[0.14195819]
[0.14195706]
[0.14195004]
[0.1419363]
[0.14193621]
[0.14193447]
[0.14192937]
[0.14192574]
[0.14192237]
[0.14190565]
[0.14189115]
[0.14186959]
[0.14186828]
[0.1418578]
[0.14185275]
[0.14184359]
[0.14183964]
[0.1418347]
[0.14183287]
[0.1418223]
[0.14181177]
[0.14179774]
[0.14179373]
[0.1417853]
[0.14178036]
[0.14177553]
[0.1417615]
[0.14176087]
[0.14174813]
[0.14174779]
[0.1417309]
[0.14172782]
[0.14170375]
[0.14168575]
[0.14168121]
[0.1416799]
[0.1416799]
[0.14167969]
[0.14165366]
[0.14165273]
[0.14165074]
[0.14164437]
[0.14163679]
[0.14163186]
[0.14163186]
[0.14163157]
[0.1416041]
[0.14159806]
[0.1415841]
[0.14157042]
[0.1415703]
[0.14156955]
[0.14155275]
[0.14155176]
[0.14155026]
[0.14154418]
[0.14153016]
[0.14150287]
[0.14149591]
[0.14147878]
[0.14147507]
[0.14147507]
[0.14147413]
[0.14146705]
[0.14144652]
[0.14143123]
[0.14142403]
[0.14140426]
[0.14140023]
[0.14139533]
[0.14134851]
[0.14134787]
[0.14133607]
[0.1413349]
[0.14132959]
[0.14131367]
[0.14128788]
[0.14127046]
[0.14126964]
[0.14125048]
[0.14123985]
[0.1412328]
[0.14122488]
[0.14121932]
[0.14121895]
[0.14117712]
[0.14115144]
[0.14112607]
[0.14111637]
[0.14109665]
[0.14109418]
[0.14107735]
[0.14105846]
[0.14105548]
[0.14105268]
[0.14101641]
[0.14101571]
[0.14099325]
[0.14098968]
[0.14098866]
[0.1409644]
[0.14095812]
[0.14093213]
[0.14091201]
[0.14091201]
[0.14090307]
[0.14089637]
[0.1408221]
[0.14082135]
[0.14080815]
[0.14077586]
[0.1407601]
[0.1407558]
[0.14075352]
[0.14072993]
[0.14072768]
[0.14072762]
[0.14072414]
[0.14072287]
[0.14071868]
[0.14071392]
[0.14069949]
[0.14069366]
[0.14069182]
[0.14068821]
[0.14068231]
[0.14067969]
[0.14067656]
[0.14067493]
[0.14065087]
[0.14063822]
[0.14063205]
[0.14063148]
[0.140619]
[0.140619]
[0.14060691]
[0.1406033]
[0.14060168]
[0.14060149]
[0.14059748]
[0.14059229]
[0.14058112]
[0.14056379]
[0.14053905]
[0.14053905]
[0.14053905]
[0.14051794]
[0.14051597]
[0.14050311]
[0.14050232]
[0.14050232]
[0.1404982]
[0.14049639]
[0.1404907]
[0.14047658]
[0.14046375]
[0.14046194]
[0.1404539]
[0.14044861]
[0.1404311]
[0.14041534]
[0.14040855]
[0.14039364]
[0.14038599]
[0.14037152]
[0.14035659]
[0.14035055]
[0.14033121]
[0.14030859]
[0.14030498]
[0.1403018]
[0.1403013]
[0.14029956]
[0.14024006]
[0.14021434]
[0.14019106]
[0.14018965]
[0.14018907]
[0.14018546]
[0.1401776]
[0.14017563]
[0.14017372]
[0.14016414]
[0.1401629]
[0.14014715]
[0.14014494]
[0.14014201]
[0.14011107]
[0.14008902]
[0.14008383]
[0.14007106]
[0.1400524]
[0.1400524]
[0.14004803]
[0.14004676]
[0.14003885]
[0.14003167]
[0.14003167]
[0.14002126]
[0.14002126]
[0.14001869]
[0.14000812]
[0.14000623]
[0.13997954]
[0.13996619]
[0.13995975]
[0.13995928]
[0.1399222]
[0.13992038]
[0.13991427]
[0.13990878]
[0.1399004]
[0.13988048]
[0.13987136]
[0.13986856]
[0.13985874]
[0.13985863]
[0.13982601]
[0.13981314]
[0.1398033]
[0.13980165]
[0.13977192]
[0.1397032]
[0.13969631]
[0.13968685]
[0.13964291]
[0.13963272]
[0.13962178]
[0.13962178]
[0.13961318]
[0.13960367]
[0.13958251]
[0.13958193]
[0.13958003]
[0.13957894]
[0.13956797]
[0.13955359]
[0.13954152]
[0.13954152]
[0.13953722]
[0.13953656]
[0.13953644]
[0.13953209]
[0.13952431]
[0.13952179]
[0.13951343]
[0.13950926]
[0.13950884]
[0.1395057]
[0.13950059]
[0.13949987]
[0.13949133]
[0.1394796]
[0.139478]
[0.13947074]
[0.1394653]
[0.1394653]
[0.13946232]
[0.13946232]
[0.13945846]
[0.1394545]
[0.13945036]
[0.13943228]
[0.1394164]
[0.13937971]
[0.1393667]
[0.13934657]
[0.13933322]
[0.13933173]
[0.13932429]
[0.13932283]
[0.13930565]
[0.13930334]
[0.13930257]
[0.13929851]
[0.13927956]
[0.13926515]
[0.13924429]
[0.13922065]
[0.13921118]
[0.13918224]
[0.13918224]
[0.13917255]
[0.1391577]
[0.13914433]
[0.13914427]
[0.13914101]
[0.13913691]
[0.13913082]
[0.13911538]
[0.13911375]
[0.13910812]
[0.1390794]
[0.13906018]
[0.13904057]
[0.13903978]
[0.13903205]
[0.13899289]
[0.13898546]
[0.13896137]
[0.13894013]
[0.13893795]
[0.1389329]
[0.13892534]
[0.13888654]
[0.13888209]
[0.13887456]
[0.13885893]
[0.13882717]
[0.13882627]
[0.1388229]
[0.1388192]
[0.1387733]
[0.1387703]
[0.13875265]
[0.1387373]
[0.13872044]
[0.13869144]
[0.13867003]
[0.13866593]
[0.138659]
[0.13865383]
[0.1386489]
[0.13864496]
[0.13864274]
[0.13863939]
[0.13863198]
[0.13860722]
[0.13860159]
[0.13860159]
[0.13857125]
[0.13856256]
[0.13855918]
[0.13855836]
[0.13852964]
[0.13852029]
[0.13849095]
[0.13847639]
[0.1384598]
[0.1384569]
[0.13843526]
[0.1384248]
[0.1384161]
[0.13841194]
[0.13840677]
[0.1384027]
[0.13839982]
[0.1383954]
[0.13836014]
[0.13834542]
[0.13832803]
[0.13831328]
[0.13831048]
[0.13831013]
[0.13830604]
[0.13830155]
[0.13830121]
[0.13829058]
[0.13828984]
[0.13828285]
[0.13825966]
[0.13825966]
[0.13825354]
[0.13825166]
[0.13825166]
[0.13823214]
[0.13821979]
[0.13821615]
[0.1381714]
[0.1381714]
[0.13816956]
[0.1381676]
[0.13816252]
[0.13816233]
[0.138137]
[0.13813056]
[0.13812219]
[0.13812026]
[0.1381202]
[0.13811582]
[0.13810647]
[0.1381039]
[0.13809931]
[0.13809511]
[0.13809216]
[0.13809194]
[0.13806744]
[0.13806134]
[0.13805783]
[0.13804671]
[0.1380334]
[0.13802578]
[0.13801357]
[0.13799548]
[0.13798492]
[0.1379842]
[0.1379826]
[0.13797463]
[0.13796982]
[0.13796377]
[0.13796028]
[0.13795736]
[0.13794807]
[0.13794382]
[0.13794087]
[0.13792293]
[0.13791876]
[0.13791074]
[0.13790557]
[0.13789694]
[0.13788708]
[0.13788708]
[0.13788451]
[0.13788332]
[0.13786632]
[0.13783005]
[0.13780612]
[0.13780177]
[0.13779993]
[0.1377883]
[0.13777356]
[0.13774711]
[0.13774315]
[0.13774315]
[0.13774315]
[0.137735]
[0.13773338]
[0.1377243]
[0.13769558]
[0.13768919]
[0.13768472]
[0.13768296]
[0.13767622]
[0.13767603]
[0.13767484]
[0.13764995]
[0.13763978]
[0.1376377]
[0.13762811]
[0.13762483]
[0.1376203]
[0.1375704]
[0.13756678]
[0.13756672]
[0.13754703]
[0.13754584]
[0.13754562]
[0.13754024]
[0.13752848]
[0.1375189]
[0.13750659]
[0.13750444]
[0.13750385]
[0.13750009]
[0.13748015]
[0.13747057]
[0.13745806]
[0.13743915]
[0.13743383]
[0.13742492]
[0.13740495]
[0.1373985]
[0.1373972]
[0.13738307]
[0.1373767]
[0.13736273]
[0.13735783]
[0.13734832]
[0.13733524]
[0.13732275]
[0.13731839]
[0.1373107]
[0.13730133]
[0.13729802]
[0.13729064]
[0.13728991]
[0.13727687]
[0.13727038]
[0.13724926]
[0.13722068]
[0.13722058]
[0.13721894]
[0.13721405]
[0.1371921]
[0.13717514]
[0.13717079]
[0.13716382]
[0.13716097]
[0.13715585]
[0.13714918]
[0.13714215]
[0.13713416]
[0.13713335]
[0.1371322]
[0.13713016]
[0.13712807]
[0.13712192]
[0.13712086]
[0.13711303]
[0.13711233]
[0.13708943]
[0.13707502]
[0.13706517]
[0.13705362]
[0.13704857]
[0.13703638]
[0.1370257]
[0.13699171]
[0.13699149]
[0.13698782]
[0.13697685]
[0.13697685]
[0.13697429]
[0.13697313]
[0.13695048]
[0.1369487]
[0.13694611]
[0.13694611]
[0.1369385]
[0.13691844]
[0.13687979]
[0.13686554]
[0.13685831]
[0.13685703]
[0.1368519]
[0.13685083]
[0.13684238]
[0.1368421]
[0.13684015]
[0.1368384]
[0.13683122]
[0.1368252]
[0.13682391]
[0.13681868]
[0.13681425]
[0.13681011]
[0.1368077]
[0.13680758]
[0.13679603]
[0.13679364]
[0.13679339]
[0.13678674]
[0.13677825]
[0.13676226]
[0.13674222]
[0.13672353]
[0.1367076]
[0.136704]
[0.13668872]
[0.13668828]
[0.13667779]
[0.13665578]
[0.13664767]
[0.13664442]
[0.13661623]
[0.1366018]
[0.1365914]
[0.13657704]
[0.1365747]
[0.13657108]
[0.136569]
[0.13656788]
[0.13655585]
[0.13655269]
[0.1365113]
[0.1365032]
[0.13648675]
[0.13648303]
[0.13648294]
[0.13647754]
[0.13647518]
[0.13646641]
[0.13646282]
[0.13646111]
[0.13645302]
[0.1364483]
[0.13644569]
[0.13643967]
[0.13642393]
[0.1364188]
[0.13641192]
[0.13640268]
[0.13638687]
[0.13638383]
[0.13637507]
[0.13636789]
[0.13635065]
[0.1363498]
[0.13634887]
[0.13634786]
[0.13633391]
[0.13632073]
[0.13627861]
[0.13627565]
[0.1362699]
[0.13625428]
[0.13625163]
[0.13622983]
[0.13622469]
[0.13622208]
[0.13621823]
[0.13620842]
[0.13619265]
[0.13618715]
[0.13618393]
[0.13615233]
[0.13614248]
[0.13614078]
[0.13613163]
[0.1361261]
[0.13611487]
[0.13610771]
[0.13610427]
[0.13609299]
[0.13608965]
[0.13608436]
[0.13606642]
[0.1360632]
[0.1360587]
[0.13605309]
[0.13604586]
[0.13603969]
[0.13603431]
[0.13603075]
[0.13599268]
[0.13599268]
[0.13598675]
[0.13597946]
[0.1359682]
[0.13596563]
[0.13596348]
[0.13594165]
[0.13592935]
[0.13592651]
[0.13592415]
[0.13592182]
[0.13587596]
[0.13586059]
[0.13583806]
[0.1358323]
[0.13581869]
[0.1358014]
[0.1357962]
[0.13578103]
[0.13577963]
[0.13577466]
[0.13577291]
[0.13575938]
[0.13573113]
[0.13572627]
[0.13572095]
[0.13572034]
[0.13571844]
[0.13571106]
[0.13570355]
[0.13570216]
[0.13569652]
[0.13568455]
[0.13568074]
[0.13567084]
[0.13564113]
[0.13563573]
[0.13562448]
[0.13561065]
[0.1356004]
[0.13557981]
[0.13557841]
[0.13556078]
[0.13555911]
[0.1355528]
[0.135549]
[0.13554054]
[0.13552287]
[0.13552262]
[0.13551114]
[0.13549486]
[0.13548028]
[0.13547951]
[0.13547553]
[0.13546549]
[0.13546252]
[0.13546146]
[0.13544582]
[0.1354434]
[0.1354246]
[0.13542354]
[0.13542354]
[0.1354218]
[0.13541669]
[0.13541669]
[0.13539737]
[0.13537431]
[0.13534799]
[0.13534734]
[0.13533308]
[0.13533]
[0.13531567]
[0.1352987]
[0.13529406]
[0.1352797]
[0.1352745]
[0.1352619]
[0.13525541]
[0.13524273]
[0.13524164]
[0.13523395]
[0.13522257]
[0.13520727]
[0.13520691]
[0.13520083]
[0.1351993]
[0.13519299]
[0.13517506]
[0.1351748]
[0.13515852]
[0.13514581]
[0.13514242]
[0.1351177]
[0.13511677]
[0.13509847]
[0.13509847]
[0.13509834]
[0.13509549]
[0.13508937]
[0.13508512]
[0.1350819]
[0.1350536]
[0.13505127]
[0.13503695]
[0.13502999]
[0.1350159]
[0.13501205]
[0.1349969]
[0.13499585]
[0.13497627]
[0.13497463]
[0.13496205]
[0.13495326]
[0.13493001]
[0.13492154]
[0.13488552]
[0.1348784]
[0.13487695]
[0.13487396]
[0.13487235]
[0.13486744]
[0.13486587]
[0.13486587]
[0.13486366]
[0.13485242]
[0.13484369]
[0.13484369]
[0.1348418]
[0.13482213]
[0.13481677]
[0.1348109]
[0.13480806]
[0.13480806]
[0.13480772]
[0.13480578]
[0.13480502]
[0.13479958]
[0.13479953]
[0.13479635]
[0.13479027]
[0.13479006]
[0.13478597]
[0.13477083]
[0.13474818]
[0.13474025]
[0.13474025]
[0.13473625]
[0.13471921]
[0.13471352]
[0.1347005]
[0.1346999]
[0.13469963]
[0.13468239]
[0.13468064]
[0.1346731]
[0.134654]
[0.13465238]
[0.13465238]
[0.13464427]
[0.1346436]
[0.13463672]
[0.13462555]
[0.13462172]
[0.13458961]
[0.13458318]
[0.13457623]
[0.13457406]
[0.13455312]
[0.13454854]
[0.1345402]
[0.1345232]
[0.13451082]
[0.13449568]
[0.13448784]
[0.13448739]
[0.13447599]
[0.1344729]
[0.13446791]
[0.13443165]
[0.1344243]
[0.13442211]
[0.13439222]
[0.13437992]
[0.13437244]
[0.13436694]
[0.1343644]
[0.13435185]
[0.13434476]
[0.13433695]
[0.13432923]
[0.13432746]
[0.13429502]
[0.13429414]
[0.13429195]
[0.13428202]
[0.13428117]
[0.13427867]
[0.134273]
[0.13426675]
[0.13426378]
[0.13426146]
[0.13426039]
[0.13422473]
[0.13421732]
[0.13420951]
[0.13419627]
[0.13417383]
[0.13417344]
[0.13417242]
[0.1341401]
[0.13412897]
[0.13412872]
[0.13412823]
[0.13412343]
[0.13412143]
[0.13412017]
[0.13411729]
[0.13411625]
[0.13411418]
[0.1340688]
[0.13405213]
[0.13405213]
[0.13404787]
[0.13403523]
[0.13403235]
[0.13403092]
[0.13403009]
[0.13402566]
[0.134023]
[0.1339913]
[0.13398378]
[0.13397534]
[0.13397409]
[0.13393238]
[0.13392541]
[0.13392387]
[0.13392046]
[0.133919]
[0.13388504]
[0.13388433]
[0.1338798]
[0.13386378]
[0.13385798]
[0.13384336]
[0.13381688]
[0.13380961]
[0.1338089]
[0.13379118]
[0.13377765]
[0.13375919]
[0.1337187]
[0.13371499]
[0.13371032]
[0.13369945]
[0.13369708]
[0.13369362]
[0.13369362]
[0.13369235]
[0.13369042]
[0.13368954]
[0.13368832]
[0.13367799]
[0.1336643]
[0.13365784]
[0.13365471]
[0.13365151]
[0.13362126]
[0.13361497]
[0.1336039]
[0.13358353]
[0.13357785]
[0.1335452]
[0.13353117]
[0.1335197]
[0.13350828]
[0.13350703]
[0.13349143]
[0.13348095]
[0.13347484]
[0.13345301]
[0.13345185]
[0.13344088]
[0.13343474]
[0.13342842]
[0.13341762]
[0.13341123]
[0.13340932]
[0.13340604]
[0.13340083]
[0.13339777]
[0.13338561]
[0.13338245]
[0.13337228]
[0.13336936]
[0.13336134]
[0.13333778]
[0.13333759]
[0.13332045]
[0.13331853]
[0.13331254]
[0.13330491]
[0.13329124]
[0.13326451]
[0.13326065]
[0.13324015]
[0.13323915]
[0.13323821]
[0.133237]
[0.13323651]
[0.13323364]
[0.13323304]
[0.13322979]
[0.13322423]
[0.13322414]
[0.13319267]
[0.13319081]
[0.1331903]
[0.13316986]
[0.13315877]
[0.13315739]
[0.13315156]
[0.13314539]
[0.13312005]
[0.1330937]
[0.13309303]
[0.13309163]
[0.1330897]
[0.13307828]
[0.13306896]
[0.1330659]
[0.13306163]
[0.1330481]
[0.13303842]
[0.13303776]
[0.13302393]
[0.13301972]
[0.13300511]
[0.13299105]
[0.1329895]
[0.13298935]
[0.13297065]
[0.1329658]
[0.1329547]
[0.13295382]
[0.13294926]
[0.1329378]
[0.13293344]
[0.13293338]
[0.13292876]
[0.13292176]
[0.13291268]
[0.13290523]
[0.13288689]
[0.13288575]
[0.13288002]
[0.13286969]
[0.13284731]
[0.13284157]
[0.13282146]
[0.13280764]
[0.13280147]
[0.13279839]
[0.13277869]
[0.1327745]
[0.13276726]
[0.1327671]
[0.13274695]
[0.13273737]
[0.13273664]
[0.13272321]
[0.13271672]
[0.13270225]
[0.13268095]
[0.13266516]
[0.1326536]
[0.13261959]
[0.1326192]
[0.13261728]
[0.13261117]
[0.13260625]
[0.1326055]
[0.13260467]
[0.1325864]
[0.13257639]
[0.13257363]
[0.13257308]
[0.13256183]
[0.13255575]
[0.13254501]
[0.13254474]
[0.13254298]
[0.13252895]
[0.13251963]
[0.13250181]
[0.13249381]
[0.13249217]
[0.1324779]
[0.13247074]
[0.13246329]
[0.13246246]
[0.13245147]
[0.13244674]
[0.13244314]
[0.13244084]
[0.1324328]
[0.13243173]
[0.13242818]
[0.1324186]
[0.1324114]
[0.13240579]
[0.13238046]
[0.13238046]
[0.13236058]
[0.13234511]
[0.13233851]
[0.13233851]
[0.13232657]
[0.1323182]
[0.13231327]
[0.1322966]
[0.13228835]
[0.1322882]
[0.13228732]
[0.1322768]
[0.1322744]
[0.13226789]
[0.13226318]
[0.13225432]
[0.13224426]
[0.13224141]
[0.13222335]
[0.13222335]
[0.13222335]
[0.13222061]
[0.13220333]
[0.1322008]
[0.13219868]
[0.13217898]
[0.13217288]
[0.13215758]
[0.13213621]
[0.132112]
[0.13211079]
[0.13210584]
[0.13210216]
[0.13209844]
[0.1320944]
[0.13208602]
[0.13208441]
[0.13206391]
[0.13206367]
[0.13206138]
[0.13205822]
[0.13205822]
[0.13205554]
[0.13205492]
[0.13205104]
[0.13205044]
[0.13204692]
[0.1320431]
[0.13204175]
[0.13203667]
[0.13200913]
[0.13200425]
[0.13200247]
[0.13198389]
[0.13197903]
[0.13196073]
[0.13193233]
[0.13191514]
[0.1318845]
[0.13187964]
[0.13185851]
[0.1318546]
[0.13185088]
[0.13184738]
[0.13183974]
[0.1318339]
[0.13183264]
[0.13182162]
[0.13181977]
[0.13181245]
[0.13180077]
[0.13178274]
[0.13175571]
[0.13175508]
[0.1317218]
[0.13171197]
[0.13171007]
[0.1317054]
[0.13170482]
[0.13170335]
[0.13168782]
[0.13166869]
[0.13166246]
[0.13166246]
[0.13164875]
[0.13164699]
[0.13164213]
[0.13164017]
[0.13163625]
[0.13162465]
[0.13162465]
[0.13162316]
[0.13162175]
[0.13161097]
[0.13159047]
[0.13158087]
[0.13157828]
[0.1315762]
[0.1315705]
[0.13156968]
[0.13156222]
[0.13155206]
[0.13154136]
[0.13152836]
[0.13152333]
[0.13152122]
[0.13150086]
[0.13148092]
[0.13148081]
[0.13147858]
[0.13143834]
[0.13143818]
[0.13139835]
[0.13139132]
[0.13139132]
[0.13138354]
[0.13137612]
[0.13137566]
[0.1313743]
[0.13137363]
[0.13136534]
[0.13135526]
[0.131346]
[0.131346]
[0.13134426]
[0.1313292]
[0.13131788]
[0.13130233]
[0.13129677]
[0.13129407]
[0.13128527]
[0.13128252]
[0.13127983]
[0.13126571]
[0.1312643]
[0.13126318]
[0.13126148]
[0.13125873]
[0.1312543]
[0.13123989]
[0.13122809]
[0.13121806]
[0.1312101]
[0.13120583]
[0.13120218]
[0.13119565]
[0.13119249]
[0.13118635]
[0.13118623]
[0.13117577]
[0.13117333]
[0.13116755]
[0.13116749]
[0.13116375]
[0.13115342]
[0.13114825]
[0.13112025]
[0.13110107]
[0.13109519]
[0.13108519]
[0.13107894]
[0.13107854]
[0.13106743]
[0.13106719]
[0.13104364]
[0.13104223]
[0.13103555]
[0.13101926]
[0.13101867]
[0.131009]
[0.13100857]
[0.13100854]
[0.1310038]
[0.1310038]
[0.13099605]
[0.13098778]
[0.13098577]
[0.13094878]
[0.13093509]
[0.13092005]
[0.13092005]
[0.13091289]
[0.13090643]
[0.13090362]
[0.13090011]
[0.13089876]
[0.13088605]
[0.13085754]
[0.13084795]
[0.13083896]
[0.130838]
[0.13083309]
[0.13083108]
[0.13082774]
[0.13081884]
[0.1308163]
[0.1308163]
[0.13081615]
[0.13081191]
[0.13079329]
[0.1307786]
[0.13077536]
[0.13075678]
[0.13074307]
[0.13072632]
[0.13071536]
[0.13071434]
[0.13070366]
[0.13069277]
[0.13068303]
[0.13068138]
[0.13067803]
[0.13067512]
[0.1306487]
[0.13064712]
[0.13062847]
[0.13062786]
[0.13062659]
[0.13061756]
[0.13060868]
[0.13060212]
[0.13059695]
[0.13059506]
[0.13059486]
[0.13059357]
[0.13058968]
[0.13058428]
[0.13058119]
[0.13057543]
[0.13056721]
[0.13056713]
[0.13055755]
[0.13055679]
[0.13055265]
[0.1305501]
[0.13053697]
[0.13053697]
[0.13052331]
[0.13049255]
[0.13049053]
[0.13048604]
[0.13048409]
[0.13047808]
[0.13047348]
[0.13047072]
[0.13045502]
[0.13043448]
[0.13043368]
[0.1304248]
[0.13042216]
[0.1304215]
[0.13041317]
[0.1303988]
[0.13039847]
[0.13038103]
[0.13038103]
[0.13036646]
[0.13036616]
[0.13036592]
[0.13036586]
[0.13036214]
[0.13036111]
[0.13035387]
[0.13034423]
[0.13033451]
[0.13032806]
[0.13031101]
[0.13030015]
[0.13028583]
[0.13026051]
[0.13024263]
[0.13022758]
[0.13022019]
[0.1302025]
[0.1302025]
[0.13020167]
[0.13019465]
[0.13019395]
[0.13018447]
[0.13018422]
[0.13016993]
[0.13016666]
[0.13016188]
[0.13013624]
[0.13012928]
[0.13012928]
[0.13012728]
[0.13010372]
[0.13009715]
[0.13009508]
[0.13008823]
[0.13007867]
[0.13007584]
[0.13005804]
[0.13005759]
[0.13005526]
[0.13003975]
[0.13003975]
[0.13003102]
[0.13002454]
[0.13001002]
[0.13000742]
[0.13000652]
[0.13000545]
[0.12999806]
[0.129998]
[0.1299896]
[0.12998126]
[0.12996598]
[0.12996188]
[0.12995559]
[0.12993479]
[0.12992333]
[0.12991859]
[0.12990937]
[0.12990646]
[0.12989892]
[0.12989073]
[0.1298786]
[0.12987413]
[0.12987396]
[0.12984799]
[0.12984118]
[0.12983531]
[0.12982897]
[0.1298228]
[0.12981693]
[0.1298141]
[0.12981406]
[0.12981406]
[0.12981017]
[0.12981004]
[0.12980963]
[0.12980947]
[0.12980829]
[0.12979509]
[0.12979375]
[0.12979078]
[0.12979078]
[0.12979078]
[0.12979078]
[0.12977636]
[0.12977247]
[0.12976693]
[0.12976462]
[0.1297591]
[0.1297591]
[0.12973952]
[0.12973249]
[0.12972611]
[0.12972517]
[0.12971707]
[0.12970774]
[0.12970126]
[0.1296996]
[0.12969834]
[0.12969533]
[0.12968305]
[0.12967977]
[0.12967919]
[0.12966177]
[0.12964743]
[0.12962747]
[0.12961106]
[0.1296073]
[0.1296073]
[0.1296041]
[0.12959756]
[0.1295948]
[0.12959138]
[0.12958062]
[0.12956282]
[0.12955438]
[0.12955126]
[0.12953877]
[0.1295323]
[0.12952238]
[0.12951908]
[0.12951657]
[0.12950751]
[0.12949878]
[0.12947503]
[0.12945753]
[0.12943682]
[0.12942833]
[0.12940969]
[0.12940128]
[0.12939593]
[0.12939525]
[0.12939131]
[0.12939046]
[0.12938823]
[0.12938683]
[0.1293834]
[0.12936574]
[0.12935732]
[0.12935181]
[0.12934352]
[0.12933823]
[0.12933211]
[0.12933001]
[0.12932287]
[0.12930773]
[0.12930164]
[0.12930131]
[0.1293008]
[0.12930046]
[0.1292932]
[0.12929235]
[0.1292878]
[0.12928317]
[0.12926285]
[0.12926063]
[0.12925269]
[0.12925002]
[0.12924856]
[0.12924273]
[0.12924008]
[0.1292382]
[0.12923187]
[0.12921599]
[0.1292071]
[0.12919039]
[0.1291772]
[0.12917575]
[0.12917395]
[0.12914939]
[0.12914282]
[0.12914033]
[0.129138]
[0.12913726]
[0.12913617]
[0.12913266]
[0.12912679]
[0.12912]
[0.12910582]
[0.12909907]
[0.12909321]
[0.12908465]
[0.12907992]
[0.12907419]
[0.12907073]
[0.1290616]
[0.12906058]
[0.12905066]
[0.12905034]
[0.12904505]
[0.12904438]
[0.12904197]
[0.12902866]
[0.1290193]
[0.12901618]
[0.12899478]
[0.12899348]
[0.128984]
[0.12898128]
[0.12897497]
[0.1289744]
[0.12896204]
[0.12896097]
[0.12894033]
[0.12893416]
[0.1289331]
[0.12892096]
[0.1289204]
[0.12891294]
[0.12889174]
[0.12889034]
[0.12886007]
[0.12884945]
[0.12884681]
[0.12883927]
[0.1288382]
[0.1288362]
[0.12883301]
[0.12883216]
[0.12883106]
[0.12882014]
[0.1288163]
[0.1287986]
[0.12879603]
[0.12878677]
[0.12878619]
[0.12878619]
[0.12877811]
[0.12877029]
[0.12876901]
[0.1287675]
[0.1287609]
[0.12875222]
[0.12875034]
[0.12875023]
[0.12875023]
[0.12874462]
[0.12874462]
[0.12874462]
[0.1287398]
[0.128726]
[0.12871467]
[0.12871419]
[0.12870264]
[0.12869741]
[0.1286744]
[0.12866804]
[0.12866777]
[0.12866426]
[0.12866247]
[0.128655]
[0.128655]
[0.12865052]
[0.12864774]
[0.12862384]
[0.12861021]
[0.12860776]
[0.12860776]
[0.12860289]
[0.12859969]
[0.12858735]
[0.12858583]
[0.12858583]
[0.12858583]
[0.1285813]
[0.1285773]
[0.12856625]
[0.12855032]
[0.12852938]
[0.12851934]
[0.12851909]
[0.12851587]
[0.12849644]
[0.12849614]
[0.12849553]
[0.12849273]
[0.12848224]
[0.12848148]
[0.12847182]
[0.12847027]
[0.12846568]
[0.12846163]
[0.1284509]
[0.12844284]
[0.12843925]
[0.1284284]
[0.1284279]
[0.12842281]
[0.12841575]
[0.12839311]
[0.12838204]
[0.1283784]
[0.12833568]
[0.12833068]
[0.12832285]
[0.12830912]
[0.12830633]
[0.12830563]
[0.12829836]
[0.12829708]
[0.1282912]
[0.12829033]
[0.12828545]
[0.1282813]
[0.1282808]
[0.1282735]
[0.12826867]
[0.12826401]
[0.12825242]
[0.12823597]
[0.12823538]
[0.12823538]
[0.12822413]
[0.12822413]
[0.12822153]
[0.1282183]
[0.12821048]
[0.12820567]
[0.12820317]
[0.12818848]
[0.12815417]
[0.12815043]
[0.12814945]
[0.12813826]
[0.12813687]
[0.12813407]
[0.12813267]
[0.12813233]
[0.1281286]
[0.12811437]
[0.12810473]
[0.1281009]
[0.12809312]
[0.1280875]
[0.1280839]
[0.12807885]
[0.12807539]
[0.12807044]
[0.12805681]
[0.12802446]
[0.12802404]
[0.12802036]
[0.12801757]
[0.12800528]
[0.12799814]
[0.1279949]
[0.1279933]
[0.12798595]
[0.12797366]
[0.12797366]
[0.12795234]
[0.12793994]
[0.127937]
[0.1279228]
[0.12791951]
[0.12791881]
[0.12791406]
[0.12789935]
[0.12789425]
[0.1278899]
[0.12787776]
[0.12785333]
[0.12784941]
[0.12783962]
[0.12783799]
[0.12781893]
[0.12781419]
[0.12780938]
[0.1278092]
[0.12779221]
[0.1277674]
[0.12774871]
[0.12772669]
[0.12772034]
[0.12771648]
[0.12770788]
[0.12770492]
[0.12769929]
[0.12769929]
[0.12767468]
[0.12766284]
[0.12766284]
[0.12766184]
[0.12766038]
[0.12765498]
[0.12764814]
[0.12763466]
[0.12762852]
[0.12762702]
[0.1276241]
[0.12762144]
[0.12762111]
[0.12762107]
[0.12761718]
[0.1276154]
[0.12761334]
[0.12761283]
[0.12760209]
[0.12758422]
[0.1275832]
[0.12758274]
[0.1275613]
[0.12756076]
[0.12755853]
[0.12754016]
[0.12753768]
[0.12752473]
[0.12750055]
[0.12749603]
[0.12749599]
[0.12747753]
[0.12747678]
[0.12747172]
[0.12746508]
[0.1274546]
[0.12742929]
[0.12741978]
[0.12741809]
[0.12741491]
[0.12741405]
[0.12740986]
[0.12740125]
[0.12740032]
[0.12739713]
[0.12738644]
[0.12738432]
[0.12736809]
[0.12735546]
[0.1273553]
[0.12735522]
[0.12733218]
[0.12733108]
[0.12733066]
[0.12729064]
[0.1272733]
[0.12726717]
[0.12725206]
[0.12725152]
[0.12723912]
[0.12723094]
[0.12722743]
[0.12722275]
[0.12722275]
[0.12721673]
[0.12721488]
[0.12721395]
[0.12720072]
[0.12717563]
[0.12717222]
[0.127139]
[0.12713106]
[0.12712842]
[0.12712647]
[0.12712197]
[0.12710853]
[0.12710612]
[0.12710151]
[0.12710144]
[0.12708668]
[0.12708457]
[0.12708329]
[0.12707594]
[0.12707594]
[0.12707411]
[0.12705876]
[0.12704712]
[0.12703209]
[0.12702115]
[0.12701274]
[0.12700796]
[0.12696786]
[0.12694569]
[0.12694319]
[0.12694223]
[0.12693894]
[0.12693301]
[0.12693031]
[0.12692986]
[0.12692331]
[0.12691459]
[0.12689161]
[0.12687045]
[0.12685226]
[0.12684771]
[0.12683953]
[0.12683111]
[0.12681946]
[0.12681764]
[0.12678911]
[0.12677991]
[0.12677991]
[0.12677422]
[0.12677114]
[0.12674291]
[0.12673189]
[0.12673189]
[0.12672846]
[0.12671125]
[0.12669829]
[0.12668994]
[0.12668726]
[0.12668638]
[0.12668635]
[0.12668635]
[0.12667833]
[0.1266781]
[0.12667514]
[0.12666336]
[0.12666066]
[0.12666035]
[0.12665555]
[0.12665492]
[0.12664482]
[0.12664123]
[0.12662718]
[0.12662575]
[0.12661067]
[0.12660022]
[0.12659441]
[0.12659119]
[0.1265795]
[0.1265599]
[0.1265575]
[0.12654954]
[0.12654625]
[0.1265156]
[0.12651274]
[0.12648381]
[0.12646842]
[0.12645386]
[0.12643592]
[0.12641422]
[0.12639974]
[0.12639748]
[0.1263948]
[0.1263789]
[0.12637027]
[0.12636332]
[0.12636323]
[0.12636052]
[0.12635441]
[0.12634526]
[0.12634107]
[0.12633282]
[0.12632376]
[0.12632184]
[0.12629043]
[0.12626785]
[0.12625024]
[0.12623358]
[0.1262248]
[0.12620637]
[0.12619963]
[0.12616085]
[0.12614292]
[0.12613136]
[0.12612462]
[0.12612095]
[0.1261074]
[0.1260685]
[0.12606522]
[0.12606052]
[0.12604715]
[0.12604707]
[0.12604707]
[0.12604539]
[0.12604305]
[0.12603231]
[0.1260263]
[0.12602207]
[0.1260208]
[0.12601697]
[0.12601452]
[0.12601256]
[0.12600905]
[0.12598075]
[0.12596445]
[0.12596326]
[0.1259579]
[0.12595494]
[0.1259506]
[0.12595035]
[0.12594825]
[0.12594718]
[0.12594147]
[0.1259378]
[0.12592323]
[0.12591927]
[0.12591894]
[0.12591167]
[0.1259102]
[0.12589104]
[0.12587687]
[0.12587363]
[0.1258589]
[0.12583373]
[0.12580207]
[0.12579098]
[0.1257881]
[0.12576985]
[0.12576585]
[0.12576045]
[0.1257453]
[0.12574151]
[0.1257249]
[0.12572427]
[0.12570696]
[0.12570074]
[0.12566847]
[0.12566781]
[0.12566003]
[0.1256385]
[0.12563078]
[0.12562603]
[0.12562288]
[0.12562175]
[0.12562129]
[0.12561917]
[0.12559453]
[0.12559399]
[0.12559377]
[0.12559359]
[0.12558801]
[0.12557591]
[0.12556727]
[0.12556668]
[0.12555934]
[0.12555055]
[0.12554869]
[0.12554681]
[0.12554346]
[0.12553167]
[0.1255177]
[0.12549882]
[0.12548594]
[0.1254533]
[0.12542586]
[0.12542292]
[0.12540138]
[0.12539601]
[0.12538572]
[0.12538011]
[0.125373]
[0.12535116]
[0.1253413]
[0.12533505]
[0.12533408]
[0.12529616]
[0.1252914]
[0.12526627]
[0.12526113]
[0.12524875]
[0.12522696]
[0.12521581]
[0.12521581]
[0.12520944]
[0.1252016]
[0.12519507]
[0.12519]
[0.12518156]
[0.12517826]
[0.12517688]
[0.12517226]
[0.12517074]
[0.12515649]
[0.1251542]
[0.12515226]
[0.12514262]
[0.12514098]
[0.1251313]
[0.12511037]
[0.12510031]
[0.12509948]
[0.12506717]
[0.1250584]
[0.12505487]
[0.12503174]
[0.12502004]
[0.12501533]
[0.12499958]
[0.12497682]
[0.12497238]
[0.12496407]
[0.12496302]
[0.12496074]
[0.12495442]
[0.12495403]
[0.12495033]
[0.12493664]
[0.12491167]
[0.12489578]
[0.12489168]
[0.12488868]
[0.12487341]
[0.12487024]
[0.12486071]
[0.12485524]
[0.12483966]
[0.12482565]
[0.12481046]
[0.12480427]
[0.12480427]
[0.12479757]
[0.12479467]
[0.12478579]
[0.12477017]
[0.12476965]
[0.12473511]
[0.12470686]
[0.1246988]
[0.12468819]
[0.12468226]
[0.12460743]
[0.12460143]
[0.12459979]
[0.12459698]
[0.12459698]
[0.1245894]
[0.12457827]
[0.12457827]
[0.12457452]
[0.12456562]
[0.12456276]
[0.12455358]
[0.124552]
[0.12454009]
[0.1245302]
[0.12451727]
[0.12449971]
[0.12449094]
[0.12449094]
[0.12448926]
[0.12448234]
[0.12448069]
[0.12447374]
[0.12447345]
[0.12446275]
[0.12446037]
[0.12445428]
[0.12445117]
[0.12444898]
[0.12444782]
[0.12443566]
[0.12443559]
[0.12442967]
[0.12441794]
[0.1243966]
[0.12438894]
[0.12438847]
[0.1243685]
[0.12436038]
[0.12435912]
[0.1243409]
[0.12433379]
[0.12433285]
[0.12432273]
[0.12430768]
[0.1243001]
[0.12429182]
[0.12429045]
[0.12427654]
[0.12426844]
[0.12426844]
[0.12426799]
[0.12426253]
[0.12424784]
[0.12422766]
[0.12421837]
[0.12421837]
[0.12421255]
[0.12418642]
[0.12416752]
[0.1241606]
[0.12415998]
[0.12415598]
[0.12415137]
[0.12413961]
[0.12412299]
[0.12410203]
[0.12409518]
[0.12405711]
[0.12405126]
[0.12404662]
[0.12403812]
[0.12403724]
[0.12403248]
[0.12402115]
[0.12399645]
[0.12398232]
[0.12397727]
[0.12397483]
[0.12395075]
[0.12395052]
[0.12394375]
[0.12394158]
[0.12393901]
[0.123932]
[0.12391762]
[0.12390521]
[0.12390363]
[0.12389776]
[0.12389486]
[0.12388179]
[0.12387199]
[0.12386774]
[0.12385949]
[0.12384614]
[0.12384614]
[0.12383822]
[0.12382884]
[0.12379699]
[0.12377868]
[0.12377787]
[0.12377716]
[0.12377209]
[0.12376873]
[0.12375519]
[0.12372864]
[0.12367586]
[0.12367516]
[0.12365907]
[0.12363157]
[0.12360846]
[0.12359701]
[0.12357795]
[0.12357093]
[0.12356231]
[0.12355711]
[0.12355621]
[0.12353412]
[0.12352601]
[0.12351861]
[0.12349308]
[0.12348913]
[0.12346397]
[0.12346013]
[0.12345437]
[0.12344547]
[0.12344344]
[0.12344179]
[0.12344173]
[0.12343647]
[0.12343368]
[0.12341505]
[0.12341424]
[0.123386]
[0.12337916]
[0.1233759]
[0.12337346]
[0.12337013]
[0.12337004]
[0.12336823]
[0.12332141]
[0.12331128]
[0.12330812]
[0.12330494]
[0.12330353]
[0.12329806]
[0.12329675]
[0.12329232]
[0.12328365]
[0.12328009]
[0.12327566]
[0.12327132]
[0.12326423]
[0.12325742]
[0.12324905]
[0.12324519]
[0.12321515]
[0.12320825]
[0.1232082]
[0.12320212]
[0.1231758]
[0.1231691]
[0.12316325]
[0.12316071]
[0.12314645]
[0.12313203]
[0.12311871]
[0.12311273]
[0.12311082]
[0.12310094]
[0.12308935]
[0.12308123]
[0.12307218]
[0.12307068]
[0.12306223]
[0.12305821]
[0.12304314]
[0.12303679]
[0.12303568]
[0.12302364]
[0.12302364]
[0.12302188]
[0.12300107]
[0.1229945]
[0.12296265]
[0.12294728]
[0.12293848]
[0.12293616]
[0.12293616]
[0.12292995]
[0.1229049]
[0.12289334]
[0.12287962]
[0.1228717]
[0.12285734]
[0.12283721]
[0.12282548]
[0.12282403]
[0.12282171]
[0.12281832]
[0.12281775]
[0.12280563]
[0.12280087]
[0.12279475]
[0.12277998]
[0.12275343]
[0.12274832]
[0.122739]
[0.12272553]
[0.12272518]
[0.12271885]
[0.12271855]
[0.12271312]
[0.12270691]
[0.12268861]
[0.12267788]
[0.12267404]
[0.12266854]
[0.12266418]
[0.12266087]
[0.12265868]
[0.12265679]
[0.12265526]
[0.12264997]
[0.12264495]
[0.12262633]
[0.1226234]
[0.12262171]
[0.12261313]
[0.12260826]
[0.12258457]
[0.12258401]
[0.12257911]
[0.12255664]
[0.12253574]
[0.12253035]
[0.12253035]
[0.12251947]
[0.12251391]
[0.12248372]
[0.12247931]
[0.12247199]
[0.12246173]
[0.122456]
[0.12245066]
[0.12244928]
[0.12242807]
[0.1224274]
[0.12239526]
[0.12239288]
[0.12239165]
[0.12237682]
[0.12236907]
[0.12235857]
[0.12234038]
[0.12232347]
[0.12227282]
[0.12227128]
[0.12226228]
[0.12225261]
[0.12223072]
[0.12222462]
[0.12221529]
[0.12220764]
[0.12220257]
[0.12218688]
[0.12218244]
[0.12218092]
[0.12216626]
[0.12216595]
[0.12215435]
[0.12213873]
[0.12213615]
[0.12213609]
[0.12207931]
[0.12207364]
[0.12207062]
[0.12206924]
[0.12206507]
[0.12205637]
[0.12204577]
[0.12202147]
[0.1220146]
[0.12199931]
[0.12199277]
[0.12198316]
[0.12196602]
[0.12196492]
[0.12195008]
[0.12191828]
[0.12191489]
[0.12190119]
[0.12188437]
[0.12188031]
[0.12186648]
[0.12186342]
[0.12185014]
[0.12184773]
[0.12184116]
[0.12183272]
[0.12179381]
[0.12177992]
[0.12177075]
[0.12175639]
[0.12174706]
[0.12174344]
[0.12168468]
[0.12167758]
[0.12167043]
[0.121666]
[0.12166493]
[0.1216511]
[0.12162616]
[0.1216009]
[0.12159942]
[0.12157626]
[0.1215656]
[0.12155619]
[0.12155492]
[0.12155038]
[0.12154325]
[0.12151641]
[0.12151108]
[0.12151057]
[0.12148477]
[0.12147828]
[0.12147828]
[0.12147337]
[0.12146518]
[0.12144846]
[0.12144238]
[0.12142409]
[0.12141751]
[0.121396]
[0.1213907]
[0.12138791]
[0.12137412]
[0.12136447]
[0.12134347]
[0.12133253]
[0.12133147]
[0.12132867]
[0.12132541]
[0.12131926]
[0.12131733]
[0.12131391]
[0.12131327]
[0.12129746]
[0.12129614]
[0.12128749]
[0.12128236]
[0.12128174]
[0.12127515]
[0.12127484]
[0.12126124]
[0.1212346]
[0.12121902]
[0.12121724]
[0.12119905]
[0.1211924]
[0.12117229]
[0.12117181]
[0.12117071]
[0.12117022]
[0.12116828]
[0.12115999]
[0.1211472]
[0.12113603]
[0.12111428]
[0.12109308]
[0.12109143]
[0.12107027]
[0.12106923]
[0.12106009]
[0.12105931]
[0.12101228]
[0.12100862]
[0.12098484]
[0.12098201]
[0.12097485]
[0.12097237]
[0.12096821]
[0.12094722]
[0.1209457]
[0.12093559]
[0.12091295]
[0.12091026]
[0.12088917]
[0.1208829]
[0.12088067]
[0.12086962]
[0.12085924]
[0.12085857]
[0.12085511]
[0.12081516]
[0.12078428]
[0.12076993]
[0.12076648]
[0.12075911]
[0.12073413]
[0.12072661]
[0.12071871]
[0.12066714]
[0.12064914]
[0.12064539]
[0.12064166]
[0.12062958]
[0.12059433]
[0.12058689]
[0.12055843]
[0.12049947]
[0.1204782]
[0.12047576]
[0.1204745]
[0.12047322]
[0.12038934]
[0.1203718]
[0.12035643]
[0.12032998]
[0.12030154]
[0.1202843]
[0.1202527]
[0.12023618]
[0.120226]
[0.12020769]
[0.12019421]
[0.12019338]
[0.12017944]
[0.12016831]
[0.12015373]
[0.12014721]
[0.12012771]
[0.12011637]
[0.12010752]
[0.1200918]
[0.12008898]
[0.12008882]
[0.12008383]
[0.12005971]
[0.12005195]
[0.12003694]
[0.12001507]
[0.12001503]
[0.12000483]
[0.11999235]
[0.11997628]
[0.11997379]
[0.11997078]
[0.11996045]
[0.11994632]
[0.11992899]
[0.11992656]
[0.1199242]
[0.11988455]
[0.11987311]
[0.11986672]
[0.11985686]
[0.11985068]
[0.11985042]
[0.11984783]
[0.11984194]
[0.1198177]
[0.11980423]
[0.11978209]
[0.1197754]
[0.11977308]
[0.11976431]
[0.1197428]
[0.11973763]
[0.11972757]
[0.11972119]
[0.11971744]
[0.11971098]
[0.11970491]
[0.11970431]
[0.1196739]
[0.11961045]
[0.11959809]
[0.11958392]
[0.11958392]
[0.11956127]
[0.11949406]
[0.11948784]
[0.11947116]
[0.11946358]
[0.11945927]
[0.1194522]
[0.11944923]
[0.11944779]
[0.11944143]
[0.11943106]
[0.11942665]
[0.11941373]
[0.11939608]
[0.1193924]
[0.11938999]
[0.11937031]
[0.11936884]
[0.1193471]
[0.11934125]
[0.11933613]
[0.11929513]
[0.11927816]
[0.11927751]
[0.11922492]
[0.11921136]
[0.11918072]
[0.11917967]
[0.11916848]
[0.11910629]
[0.11910345]
[0.11909571]
[0.11908469]
[0.11907648]
[0.11901803]
[0.11901113]
[0.11900663]
[0.11899494]
[0.11899344]
[0.11899059]
[0.11898009]
[0.11897673]
[0.11897269]
[0.11897115]
[0.11896993]
[0.11895698]
[0.11894172]
[0.11893425]
[0.11892434]
[0.11891927]
[0.11891586]
[0.11891586]
[0.11888985]
[0.1188885]
[0.11888498]
[0.1188597]
[0.11885037]
[0.11884844]
[0.11883841]
[0.11882939]
[0.1188279]
[0.11875033]
[0.11874362]
[0.11874279]
[0.11873703]
[0.11873418]
[0.1187286]
[0.11870081]
[0.11868878]
[0.11865743]
[0.1186562]
[0.11865502]
[0.11863663]
[0.11861764]
[0.11861052]
[0.11860134]
[0.11859141]
[0.11856206]
[0.11855829]
[0.1185495]
[0.11849655]
[0.11848353]
[0.11844637]
[0.11837003]
[0.11836671]
[0.11834481]
[0.11834317]
[0.11833925]
[0.11833725]
[0.11831269]
[0.11830497]
[0.11828394]
[0.11824077]
[0.118238]
[0.11822376]
[0.11821567]
[0.11820672]
[0.11819703]
[0.11817969]
[0.11817832]
[0.11816204]
[0.11812931]
[0.11811188]
[0.11809842]
[0.1180888]
[0.11805507]
[0.11802548]
[0.11800762]
[0.11797466]
[0.11796712]
[0.11796539]
[0.11795854]
[0.11792759]
[0.11788516]
[0.11788389]
[0.11788126]
[0.11786706]
[0.1178656]
[0.1178408]
[0.1178183]
[0.1178178]
[0.11779199]
[0.11777431]
[0.11775999]
[0.11774765]
[0.11774622]
[0.11772689]
[0.11771154]
[0.11768001]
[0.11764629]
[0.11762851]
[0.11762733]
[0.11761528]
[0.11760686]
[0.11759972]
[0.11759447]
[0.11758398]
[0.11757617]
[0.11755113]
[0.11753721]
[0.11752717]
[0.117525]
[0.11752082]
[0.11750752]
[0.11748529]
[0.11746509]
[0.11744577]
[0.11744063]
[0.11742036]
[0.11741399]
[0.11738823]
[0.11737414]
[0.11736671]
[0.11732522]
[0.11732204]
[0.11728351]
[0.1172799]
[0.11726464]
[0.11726154]
[0.11724732]
[0.11723756]
[0.11723192]
[0.11723138]
[0.11722285]
[0.11721332]
[0.11719694]
[0.11716025]
[0.11715883]
[0.11715146]
[0.11714354]
[0.11713933]
[0.11713415]
[0.11712106]
[0.11711542]
[0.11709708]
[0.11709368]
[0.11709263]
[0.11705153]
[0.11699739]
[0.11699359]
[0.11695492]
[0.11693021]
[0.11691573]
[0.11690973]
[0.11690407]
[0.11689456]
[0.11689427]
[0.11686725]
[0.11686125]
[0.11685411]
[0.11680742]
[0.11680353]
[0.1167981]
[0.11679652]
[0.11677061]
[0.11674314]
[0.11667664]
[0.1166556]
[0.11664814]
[0.11663757]
[0.11657322]
[0.11656296]
[0.11652245]
[0.11651976]
[0.11650661]
[0.11649581]
[0.11647803]
[0.11646581]
[0.11644316]
[0.11642687]
[0.11641613]
[0.11637069]
[0.11635409]
[0.11634543]
[0.11630625]
[0.11630414]
[0.11626996]
[0.11625241]
[0.11625215]
[0.11619461]
[0.1161855]
[0.11618462]
[0.1161795]
[0.11617111]
[0.11616944]
[0.11616514]
[0.11616179]
[0.11613531]
[0.11610854]
[0.11608941]
[0.11608389]
[0.11607312]
[0.11603692]
[0.11601043]
[0.11599506]
[0.11597514]
[0.11594991]
[0.1159481]
[0.115933]
[0.11593147]
[0.11590171]
[0.11590122]
[0.11589208]
[0.11588968]
[0.11588378]
[0.11583947]
[0.11583132]
[0.11578418]
[0.11578418]
[0.11576936]
[0.11574026]
[0.11573538]
[0.11572583]
[0.11572079]
[0.11571477]
[0.11570308]
[0.11568972]
[0.11568934]
[0.11567806]
[0.11565331]
[0.1156132]
[0.11559555]
[0.11555135]
[0.11554258]
[0.11551153]
[0.11549202]
[0.11548319]
[0.11547851]
[0.11547749]
[0.11546849]
[0.11544263]
[0.11542166]
[0.11540344]
[0.11540312]
[0.11539938]
[0.11539384]
[0.11533693]
[0.11531298]
[0.11527888]
[0.11526656]
[0.11523481]
[0.11522742]
[0.11522605]
[0.11521491]
[0.11520249]
[0.11518697]
[0.11518069]
[0.11514837]
[0.11512327]
[0.11512179]
[0.1151195]
[0.1150703]
[0.11506919]
[0.11504667]
[0.11503574]
[0.11502457]
[0.1150002]
[0.11499526]
[0.11496064]
[0.11492981]
[0.11490575]
[0.11488179]
[0.11483753]
[0.11482602]
[0.11481602]
[0.11481485]
[0.11480623]
[0.11479829]
[0.11478401]
[0.11476223]
[0.11474867]
[0.11473874]
[0.11470992]
[0.11468606]
[0.11467075]
[0.11462986]
[0.11460744]
[0.11460541]
[0.11460102]
[0.11456276]
[0.1144945]
[0.11449119]
[0.11447503]
[0.11446074]
[0.11443329]
[0.11442763]
[0.1144231]
[0.11441276]
[0.11436312]
[0.1143382]
[0.11432098]
[0.11431387]
[0.11430662]
[0.11430662]
[0.11423925]
[0.11421388]
[0.11421347]
[0.11419585]
[0.11419262]
[0.11415645]
[0.11411545]
[0.11411413]
[0.11408829]
[0.11407775]
[0.11407492]
[0.11407378]
[0.11402728]
[0.11400915]
[0.11396617]
[0.11395717]
[0.11388723]
[0.1138713]
[0.11384369]
[0.11382402]
[0.11380324]
[0.1137531]
[0.11373409]
[0.11372889]
[0.11371177]
[0.11370041]
[0.11368408]
[0.11367869]
[0.11360115]
[0.11360048]
[0.11359454]
[0.11356905]
[0.11353848]
[0.11351743]
[0.11349842]
[0.11347994]
[0.11346975]
[0.11346067]
[0.11344042]
[0.11343545]
[0.11339204]
[0.11339204]
[0.11337361]
[0.11336305]
[0.1133606]
[0.11334169]
[0.11331555]
[0.11329982]
[0.1132246]
[0.11318347]
[0.11317721]
[0.11317161]
[0.11316302]
[0.11313889]
[0.11312024]
[0.11311487]
[0.11308526]
[0.11303774]
[0.1129852]
[0.11297061]
[0.11295816]
[0.11295104]
[0.11294841]
[0.11294729]
[0.11293664]
[0.11293396]
[0.11288653]
[0.11288173]
[0.11285409]
[0.11282416]
[0.11281964]
[0.11280106]
[0.11279583]
[0.11279285]
[0.11275928]
[0.11274138]
[0.11273721]
[0.11263803]
[0.11258192]
[0.11256374]
[0.11254515]
[0.11253577]
[0.1125351]
[0.11249401]
[0.11241687]
[0.11241291]
[0.11240721]
[0.11240012]
[0.11238552]
[0.11238533]
[0.11238518]
[0.11238444]
[0.11235707]
[0.11234128]
[0.11232597]
[0.11229797]
[0.1122266]
[0.11222622]
[0.11220021]
[0.11215103]
[0.11212561]
[0.11211329]
[0.11205297]
[0.11199126]
[0.11196197]
[0.11194717]
[0.11192466]
[0.11190096]
[0.11184809]
[0.11178368]
[0.11172631]
[0.11171339]
[0.11170877]
[0.11165246]
[0.11162073]
[0.11158931]
[0.11152694]
[0.11151226]
[0.11147887]
[0.11146446]
[0.11143716]
[0.11142255]
[0.11139845]
[0.11135764]
[0.11133945]
[0.11125109]
[0.11120696]
[0.11116648]
[0.11112833]
[0.11112639]
[0.11111457]
[0.11110158]
[0.11107416]
[0.11106367]
[0.11101376]
[0.11099801]
[0.11094633]
[0.11091445]
[0.11090042]
[0.11089557]
[0.11088399]
[0.11087602]
[0.11083699]
[0.11082911]
[0.11078796]
[0.11077697]
[0.11067951]
[0.11063412]
[0.11063186]
[0.11055074]
[0.11053721]
[0.11050782]
[0.11049976]
[0.11023678]
[0.11014032]
[0.11011082]
[0.11007455]
[0.11000206]
[0.10993897]
[0.10993771]
[0.10992908]
[0.10991261]
[0.10983497]
[0.10981706]
[0.10978649]
[0.10978176]
[0.1097532]
[0.10973421]
[0.10966603]
[0.10950742]
[0.10943264]
[0.10940855]
[0.10937494]
[0.10926163]
[0.10923342]
[0.10919888]
[0.10894489]
[0.10893889]
[0.10887486]
[0.10884242]
[0.10880013]
[0.10877133]
[0.10875027]
[0.10874868]
[0.10872624]
[0.1087037]
[0.10868367]
[0.10865635]
[0.10864137]
[0.10861442]
[0.10858874]
[0.10839324]
[0.10837747]
[0.10832584]
[0.1083227]
[0.10832259]
[0.10816271]
[0.1081387]
[0.10812521]
[0.1080302]
[0.10800476]
[0.10798579]
[0.10797668]
[0.10795636]
[0.10794098]
[0.10782813]
[0.10778102]
[0.10766825]
[0.10765515]
[0.10755871]
[0.10752267]
[0.10749852]
[0.10747093]
[0.10739251]
[0.107381]
[0.1073688]
[0.10736178]
[0.10732735]
[0.10728104]
[0.10727049]
[0.10726969]
[0.10725261]
[0.10722214]
[0.10717034]
[0.10696123]
[0.10690702]
[0.1069024]
[0.10689461]
[0.10674194]
[0.10656522]
[0.10652353]
[0.10639378]
[0.10635657]
[0.1063416]
[0.10627414]
[0.10625235]
[0.10620681]
[0.10610972]
[0.10579719]
[0.10575553]
[0.10564661]
[0.1056412]
[0.10560971]
[0.10549597]
[0.105366]
[0.10533132]
[0.10519472]
[0.10515603]
[0.10506897]
[0.1050579]
[0.10502122]
[0.10499423]
[0.10491358]
[0.10491028]
[0.10479663]
[0.10470475]
[0.10458402]
[0.10452183]
[0.10435405]
[0.10424723]
[0.10414937]
[0.10409304]
[0.10401774]
[0.10369994]
[0.10366539]
[0.10362131]
[0.10343939]
[0.10329185]
[0.10328417]
[0.10298899]
[0.10295196]
[0.10269555]
[0.10261023]
[0.1025889]
[0.10257788]
[0.10245403]
[0.10204754]
[0.10202388]
[0.10187998]
[0.10186914]
[0.1017106]
[0.10164684]
[0.10148337]
[0.10137451]
[0.10127463]
[0.10117759]
[0.10116287]
[0.10112934]
[0.10099582]
[0.10091139]
[0.10079572]
[0.10063557]
[0.10037301]
[0.10030986]
[0.10030866]
[0.10022785]
[0.1001664]
[0.10002954]
[0.09986852]
[0.0997294]
[0.09970733]
[0.0996535]
[0.09958725]
[0.09951007]
[0.09942704]
[0.0993002]
[0.09919497]
[0.09908589]
[0.09903605]
[0.09885664]
[0.09875342]
[0.09874158]
[0.09860268]
[0.09854282]
[0.0983476]
[0.09823973]
[0.09813562]
[0.09804147]
[0.09796705]
[0.09777812]
[0.09773161]
[0.09754715]
[0.09748049]
[0.09745078]
[0.09744138]
[0.09736676]
[0.09736338]
[0.09734428]
[0.09728107]
[0.097119]
[0.0970483]
[0.09691729]
[0.09686046]
[0.09666858]
[0.09664752]
[0.09663092]
[0.09662957]
[0.09662785]
[0.0966]
[0.09659041]
[0.09648933]
[0.09645618]
[0.09644384]
[0.09639543]
[0.09619605]
[0.0961867]
[0.09610231]
[0.09575531]
[0.09566893]
[0.09540552]
[0.09537725]
[0.09511347]
[0.09509201]
[0.09501168]
[0.09477283]
[0.09444237]
[0.09427515]
[0.09419395]
[0.09395552]
[0.09334299]
