0.7221131
0.6847989
0.67409563
0.6513857
0.63596797
0.6233914
0.6064207
0.60401016
0.6010625
0.5703281
0.56982684
0.5397293
0.5068627
0.4951347
0.49191508
0.4823624
0.4670585
0.466748
0.4617267
0.46113193
0.4568084
0.45569715
0.45207915
0.45047942
0.44749963
0.44600412
0.43240786
0.43235597
0.43033534
0.42598248
0.4242256
0.42333925
0.42058492
0.41829723
0.41798058
0.41699615
0.41699615
0.4158124
0.41410345
0.41325945
0.41144326
0.40889087
0.40804565
0.4078425
0.40592083
0.40026292
0.39982766
0.394486
0.39165977
0.3911015
0.38997445
0.38849118
0.38657618
0.38554427
0.3843624
0.38410932
0.38226685
0.38184723
0.38184723
0.3810398
0.3805317
0.38019225
0.3786348
0.37845492
0.37790015
0.3772578
0.3770221
0.36992708
0.36734554
0.365207
0.36289352
0.36285532
0.36220658
0.3616525
0.35945666
0.35829192
0.3576208
0.35609466
0.35546902
0.35482278
0.354811
0.35468966
0.35374504
0.3533706
0.35216758
0.3519354
0.35153443
0.35106543
0.35055673
0.34751123
0.34739488
0.34710044
0.3455963
0.34521943
0.34418705
0.34364963
0.34322357
0.34140217
0.34123304
0.34116685
0.3390499
0.33869833
0.33832422
0.33791748
0.33770537
0.33767354
0.33756843
0.33756164
0.3362725
0.33554915
0.3349125
0.3335596
0.33322886
0.33315414
0.33200347
0.33194533
0.33145922
0.3286148
0.32814762
0.32760754
0.3274149
0.32645965
0.32398692
0.32331255
0.32260558
0.32182753
0.32128087
0.3212319
0.32074347
0.32029176
0.32028726
0.31962144
0.3188077
0.31833637
0.3178583
0.31770188
0.31764984
0.31718534
0.31661716
0.31654832
0.3163867
0.3158591
0.31513724
0.31477663
0.31429553
0.31407464
0.31407464
0.31407464
0.31400776
0.31397992
0.31243527
0.3120828
0.3113275
0.31031904
0.30986086
0.30949828
0.30822533
0.30735162
0.3070936
0.3070936
0.30707285
0.30647552
0.3062472
0.30573732
0.30547595
0.30517358
0.30367106
0.3035532
0.30333242
0.30324483
0.30280483
0.3024219
0.30237764
0.30132452
0.30115342
0.301082
0.30102432
0.30090585
0.29911068
0.2978462
0.2978188
0.29775766
0.29762298
0.29715163
0.29706445
0.2967534
0.29649988
0.29596305
0.29583126
0.2952429
0.29518536
0.29487848
0.29487848
0.2948681
0.2944682
0.2938692
0.29382205
0.29377902
0.2933179
0.29329666
0.2920824
0.29206026
0.29188675
0.29184315
0.2914643
0.2914537
0.29143488
0.29122382
0.29091343
0.29088566
0.2907311
0.29039192
0.28948608
0.2894183
0.2893131
0.28807878
0.28794637
0.28766143
0.28733698
0.28666735
0.2862144
0.28591698
0.2858864
0.28585872
0.2857246
0.28568882
0.28562778
0.28523138
0.28517932
0.2849814
0.28439352
0.28384763
0.28380194
0.2836845
0.28362212
0.2834386
0.28332427
0.28322417
0.28290042
0.28275013
0.2827222
0.28199223
0.28176492
0.28176096
0.28131247
0.28109908
0.28103873
0.2809714
0.28090385
0.2805622
0.2796193
0.27958673
0.27945346
0.2792202
0.27885118
0.2786589
0.27845296
0.27802783
0.27798337
0.27790365
0.2778049
0.27701458
0.27688238
0.27647528
0.27643
0.27628365
0.2759905
0.27565387
0.27543414
0.2753878
0.2753351
0.27512717
0.27505323
0.2749928
0.2745168
0.27433243
0.27365637
0.27333152
0.2730441
0.27288225
0.2728449
0.27241197
0.2723651
0.27203542
0.2719594
0.2718903
0.27146438
0.27123806
0.27119556
0.2711347
0.27102226
0.27091214
0.27081147
0.2707653
0.27067515
0.26967794
0.26961175
0.26948634
0.26894152
0.2688294
0.26880288
0.2687021
0.2687021
0.26765227
0.2673192
0.26714015
0.26705596
0.26700294
0.26696452
0.2668462
0.26683903
0.266125
0.26567563
0.26566377
0.26523623
0.2646917
0.2646917
0.26455212
0.26397747
0.2638174
0.26374742
0.26363513
0.26359612
0.26356632
0.2635263
0.26351377
0.2634991
0.26340646
0.26333046
0.26319948
0.2630711
0.26302052
0.26278427
0.26265413
0.2621068
0.2619318
0.26158643
0.26153684
0.26129282
0.26101494
0.2610018
0.26082054
0.26076138
0.2607082
0.2606962
0.2606499
0.26053202
0.2602795
0.25995404
0.2598101
0.25972134
0.25960565
0.2595845
0.25945678
0.25940567
0.25903913
0.25901407
0.2589333
0.258757
0.25823554
0.25817445
0.2581303
0.25780895
0.25773785
0.25770932
0.25713685
0.257053
0.25693554
0.2568574
0.25676462
0.2566983
0.25664604
0.25664154
0.25658107
0.25646693
0.25620595
0.25614494
0.25590608
0.25584033
0.25568825
0.2555791
0.25539523
0.2552654
0.2552223
0.25520286
0.25507495
0.2549901
0.25493884
0.25487432
0.25442064
0.25434348
0.2541864
0.25402635
0.25362885
0.25347677
0.25346705
0.25337464
0.25330916
0.25322002
0.25309423
0.25295568
0.2529489
0.2527118
0.2524768
0.25243095
0.25234923
0.25152177
0.2513015
0.25125918
0.25117213
0.2509961
0.25098106
0.2509559
0.2505818
0.25056964
0.2505668
0.2504814
0.25033653
0.2499223
0.2499119
0.24980739
0.24974687
0.24974687
0.24970879
0.24968104
0.24960943
0.24959332
0.2493101
0.24906547
0.24899055
0.2484665
0.24829318
0.24828625
0.24828625
0.24800763
0.24797572
0.24794993
0.24754772
0.24738824
0.24738273
0.24733555
0.2473268
0.2471861
0.24709155
0.24707958
0.24697728
0.24682876
0.24647705
0.24615498
0.24613434
0.24597037
0.24587506
0.24582973
0.24577853
0.24577565
0.24563165
0.2453697
0.2453238
0.2453177
0.2452908
0.24516478
0.2447877
0.24473798
0.24468116
0.24463542
0.24456602
0.24452999
0.24438019
0.24426146
0.24422199
0.24419263
0.24418186
0.24417157
0.24384697
0.24376327
0.24369152
0.24337484
0.24314022
0.24313718
0.24292628
0.24282603
0.24277055
0.24277055
0.2427534
0.24274188
0.24264805
0.24235785
0.2420849
0.24170227
0.24161698
0.24161519
0.24155232
0.2415195
0.24142733
0.24131612
0.24116464
0.24113563
0.24044542
0.24043766
0.24035944
0.24033386
0.24027471
0.24027471
0.24024837
0.24016285
0.24012928
0.24006191
0.2398635
0.23972465
0.2396192
0.2390415
0.23903216
0.23893635
0.23893635
0.23846318
0.23824556
0.23795849
0.23787136
0.2377279
0.23763603
0.23753561
0.23743172
0.23730823
0.23730685
0.23720917
0.23695664
0.23693131
0.23687805
0.2368693
0.2367538
0.2364628
0.23645459
0.23643197
0.23635504
0.23614952
0.23610488
0.23604195
0.23601073
0.23570505
0.23559627
0.23536249
0.23522297
0.23512259
0.23511809
0.23472115
0.23471566
0.23454133
0.23443231
0.23438466
0.23438014
0.23428635
0.23428635
0.23424694
0.23416738
0.23400673
0.2339669
0.23388433
0.23388433
0.23383349
0.23373385
0.23373339
0.23356073
0.23339899
0.23328507
0.23320755
0.23309848
0.23295456
0.23291673
0.23291539
0.23270032
0.23265521
0.23240899
0.23231134
0.23231134
0.23230569
0.23228373
0.23226635
0.23220518
0.23212399
0.23211266
0.23204231
0.23187755
0.23184474
0.23182884
0.23175593
0.23168777
0.23166177
0.23164724
0.23164338
0.2316192
0.23159595
0.23145813
0.23140706
0.2312715
0.23123127
0.23118737
0.23117629
0.23116261
0.2311461
0.2311196
0.23103039
0.23089948
0.23086396
0.23085396
0.23078555
0.23078407
0.2306989
0.23057717
0.23057717
0.23050685
0.23049504
0.23044461
0.23028274
0.23025596
0.23012587
0.22975934
0.22966596
0.22966272
0.22961195
0.22960924
0.22960468
0.22960411
0.22958685
0.22944005
0.22938517
0.22937177
0.22927116
0.22911546
0.2290633
0.22900477
0.22894062
0.22893283
0.2288655
0.22881806
0.22870526
0.22866763
0.22864982
0.22861443
0.22853994
0.22846445
0.22830737
0.22814429
0.22801222
0.22785023
0.22774443
0.22759648
0.22758847
0.22757322
0.22746064
0.22727746
0.22698371
0.22693947
0.22685952
0.2265665
0.22652581
0.22644578
0.22641143
0.22633615
0.22625296
0.22592637
0.22592637
0.22585306
0.22584668
0.22574048
0.2256641
0.22561407
0.22561188
0.22557114
0.225388
0.22536488
0.22533707
0.22529805
0.22508872
0.22507806
0.22502118
0.22501539
0.22487591
0.22476275
0.2246467
0.22462392
0.2245163
0.22440678
0.22439311
0.22437437
0.22423802
0.22417729
0.22415973
0.22413385
0.2237481
0.223683
0.22368099
0.223652
0.22364593
0.22350782
0.22345677
0.22345677
0.223449
0.22342108
0.22342108
0.22333512
0.22331123
0.22325756
0.2232312
0.22319166
0.22313018
0.22302066
0.22298549
0.22295304
0.2228739
0.22281992
0.22273526
0.22271217
0.22268926
0.22257222
0.22254983
0.22232303
0.22222738
0.22219966
0.2221101
0.22206287
0.22199865
0.22194254
0.22186889
0.22182587
0.22178444
0.22167332
0.22162703
0.22124653
0.221216
0.22115374
0.22109313
0.22097647
0.22086446
0.22084422
0.2208329
0.22076067
0.2207603
0.22072998
0.22068766
0.22048283
0.22032829
0.22032504
0.22021756
0.2200419
0.22003838
0.21999735
0.2199877
0.21987672
0.21986906
0.21986906
0.21986906
0.21985431
0.21981522
0.21978399
0.21975085
0.21974489
0.21974489
0.21965855
0.21957122
0.21943177
0.21941483
0.21935004
0.21931878
0.21921542
0.21917208
0.21912514
0.21902615
0.21893378
0.21882883
0.21876161
0.21875645
0.2187202
0.21850736
0.21849455
0.21844698
0.21841024
0.2183638
0.2183617
0.21831086
0.21826708
0.21825886
0.21821561
0.21797918
0.21788083
0.21786194
0.21780826
0.21777056
0.21776727
0.21775943
0.21775669
0.21770902
0.21760795
0.2173985
0.21724968
0.21711653
0.21702103
0.21701376
0.21687198
0.21681915
0.21678369
0.21673365
0.21672526
0.21670793
0.21653229
0.21628033
0.2162187
0.21612376
0.2160823
0.21607563
0.21598002
0.21594633
0.21594633
0.21592312
0.215864
0.21586153
0.21584682
0.21580416
0.21576668
0.21573351
0.21559502
0.2155672
0.21554965
0.21550664
0.21548146
0.21524365
0.21523218
0.21510187
0.21509558
0.21490566
0.21483515
0.21476525
0.21472244
0.21461916
0.21461011
0.2145651
0.21442321
0.21441944
0.21441944
0.21441944
0.2144068
0.2143887
0.21437766
0.2143408
0.21431929
0.21431574
0.21428019
0.21420883
0.21420059
0.2141811
0.21411411
0.21408561
0.21381256
0.21371777
0.21364598
0.21363041
0.21356288
0.21356288
0.21345256
0.2134256
0.21327902
0.2132652
0.21316567
0.21306506
0.21305293
0.21302179
0.21301329
0.21287706
0.21270369
0.21265106
0.21256036
0.21256036
0.21239491
0.21210897
0.21209703
0.21198416
0.21190271
0.21190271
0.21189214
0.21187882
0.21172771
0.21166827
0.2116609
0.21162324
0.21153924
0.21142009
0.21140991
0.21139495
0.211256
0.21121563
0.21121031
0.2110811
0.21101408
0.21095647
0.21085536
0.21082295
0.2107516
0.21073635
0.21067259
0.21062753
0.21061262
0.21049006
0.21046753
0.210293
0.2100148
0.20999108
0.20999092
0.20994328
0.2099385
0.20984547
0.20975047
0.2096524
0.20963812
0.20962816
0.20959774
0.20953973
0.20944355
0.2094025
0.20933701
0.20930901
0.20920213
0.20917147
0.20913887
0.20909373
0.20909373
0.20907499
0.20905903
0.20902754
0.20900661
0.20897922
0.20895836
0.2088856
0.20886812
0.2087174
0.20867684
0.20856816
0.20856202
0.208538
0.20850769
0.20840701
0.20837173
0.20835494
0.20834705
0.20829245
0.20826949
0.20824577
0.20824318
0.2082426
0.20821859
0.20819072
0.20819072
0.2081228
0.20809154
0.20807144
0.20805869
0.20801125
0.2079879
0.20798476
0.20795506
0.20793071
0.20777091
0.20775491
0.20763423
0.20760013
0.20755324
0.2074249
0.20737383
0.20721585
0.20717163
0.20710705
0.20704842
0.2070305
0.20701641
0.20692825
0.20692718
0.2067728
0.20662093
0.20661005
0.20646262
0.20641568
0.20626213
0.20623596
0.20619714
0.20617408
0.20615567
0.20615105
0.20613916
0.20610508
0.20609044
0.20607509
0.20599133
0.20595318
0.20593676
0.20576344
0.20575681
0.2056934
0.20558915
0.20552392
0.205513
0.20537263
0.20530492
0.20526083
0.20522594
0.20520978
0.20520066
0.20515715
0.20508176
0.20506823
0.20506555
0.20504461
0.20501386
0.20492984
0.20484419
0.2047824
0.20476992
0.20470628
0.20462151
0.2045675
0.20447737
0.20447248
0.20440102
0.20423098
0.20412964
0.20408784
0.20405999
0.20400141
0.20397533
0.20397204
0.20390956
0.2038068
0.2036619
0.20364118
0.20355316
0.2035218
0.20346755
0.20340604
0.20338058
0.20334598
0.20328997
0.203268
0.20324458
0.20324071
0.20319532
0.20318913
0.20318812
0.20317535
0.2031101
0.20308591
0.20307659
0.20306545
0.20296924
0.20294368
0.20293282
0.20287275
0.20281489
0.20270334
0.20265363
0.20259793
0.2025893
0.20256224
0.20255625
0.20255242
0.20253575
0.20247738
0.20247103
0.2023517
0.20230962
0.20227991
0.20220342
0.2021837
0.20215316
0.20214047
0.20212492
0.20212442
0.20209244
0.20201261
0.20200889
0.20193143
0.20189258
0.20185299
0.20174223
0.20171836
0.20169523
0.20167917
0.2016789
0.20166835
0.20166835
0.20166649
0.20163934
0.20163934
0.20161235
0.20159756
0.2014913
0.20148723
0.20146412
0.201461
0.20143858
0.20142943
0.20137969
0.20137426
0.201374
0.20135769
0.201354
0.20134535
0.20134512
0.20131621
0.2012511
0.20105466
0.20100458
0.20100076
0.20100076
0.20100076
0.20098203
0.20097438
0.20096338
0.20085639
0.20081723
0.2008032
0.20077701
0.20077597
0.20068327
0.20064983
0.20062561
0.20058785
0.20056659
0.20055887
0.20055406
0.20049116
0.20040908
0.2003647
0.20035857
0.20033829
0.20031498
0.20030664
0.20030154
0.20026813
0.20023717
0.20023717
0.20016019
0.20013824
0.20009317
0.2000804
0.20001563
0.19996983
0.19991548
0.19991308
0.19980423
0.19980341
0.19979793
0.19975238
0.19975151
0.19974904
0.19966327
0.19965361
0.19962612
0.1996177
0.19960707
0.19957243
0.19957243
0.19946498
0.19946423
0.1993747
0.19932693
0.19931811
0.19930449
0.19929107
0.19923477
0.19921677
0.19920519
0.19916165
0.19914113
0.19912583
0.19912288
0.19912277
0.19899313
0.19893084
0.19890556
0.19887845
0.19883955
0.19877282
0.1986792
0.19861984
0.19856055
0.19852947
0.19852304
0.1984902
0.19848645
0.19846982
0.19844007
0.19838227
0.19834282
0.19830507
0.19830418
0.19822036
0.19814762
0.19809215
0.19808829
0.1980686
0.19804828
0.19788326
0.19776586
0.19776358
0.1977252
0.197711
0.19764967
0.19762541
0.19761099
0.19761099
0.19757627
0.19757605
0.19756961
0.1975384
0.19751771
0.19749986
0.19749366
0.19748451
0.19746482
0.19735932
0.19733873
0.1973122
0.1973072
0.1972974
0.19727
0.1972657
0.19723034
0.19717851
0.19717814
0.19715405
0.19713323
0.19709058
0.19702522
0.19700955
0.19694665
0.19691804
0.1969008
0.19689083
0.19687213
0.19686891
0.19686681
0.19682741
0.19670923
0.19670716
0.19656135
0.19645055
0.19628938
0.19627227
0.19625454
0.19619328
0.1961283
0.19610763
0.19609365
0.19596623
0.19594292
0.19594292
0.19594142
0.19587147
0.19582388
0.19576952
0.19572482
0.19566104
0.19565614
0.195594
0.19559112
0.19555858
0.19554752
0.19553337
0.19552116
0.1954323
0.19542144
0.19538218
0.19536275
0.19536275
0.19529577
0.19527026
0.19518259
0.1951152
0.19498692
0.19498524
0.19490786
0.1949053
0.19480793
0.19480145
0.19476993
0.19475335
0.19471563
0.19463852
0.1945961
0.19458456
0.19455379
0.1945235
0.19446854
0.19438684
0.1943764
0.19437146
0.19430931
0.19423725
0.19421154
0.19420728
0.19406942
0.19403137
0.19402435
0.19402374
0.19401109
0.1939901
0.19390452
0.19386971
0.19381763
0.19381304
0.193813
0.19371592
0.19370487
0.19370434
0.19367489
0.19362815
0.19360201
0.19358568
0.19355069
0.19354527
0.19353144
0.19350222
0.19349124
0.1933893
0.19333683
0.19333231
0.19321598
0.19316074
0.19310126
0.19307639
0.19302833
0.19302124
0.19295034
0.19295034
0.19295034
0.1929012
0.1929012
0.19288836
0.19285376
0.19277091
0.19269668
0.19260472
0.19256897
0.19248842
0.19248083
0.192469
0.19246867
0.1924656
0.19240738
0.19239813
0.1923438
0.19231741
0.19228937
0.1922488
0.1922478
0.19222203
0.19219413
0.19218922
0.1920534
0.1919896
0.19196682
0.19193926
0.19191647
0.19183384
0.19175392
0.19172077
0.19169839
0.1916346
0.19159527
0.19158565
0.19155924
0.19153814
0.19153024
0.19152245
0.19143283
0.19139719
0.19139464
0.19136748
0.19131128
0.1913061
0.19129159
0.19123034
0.19122379
0.19120981
0.19116272
0.19102916
0.19100972
0.19095753
0.19093171
0.1909141
0.19090597
0.19090597
0.19088908
0.19087252
0.19079083
0.19077665
0.19077165
0.19070074
0.19069716
0.19067307
0.19065604
0.19062689
0.19059214
0.19059214
0.19056822
0.19055827
0.19054091
0.19053042
0.19041976
0.19035895
0.19034366
0.19029376
0.19025476
0.19024464
0.19022326
0.19020315
0.19014332
0.19004405
0.18998192
0.18998177
0.18994185
0.18989891
0.1898977
0.18985075
0.18978725
0.18978482
0.18978408
0.18977472
0.18974555
0.18971321
0.18970324
0.18966451
0.18963483
0.18959078
0.18950757
0.18940192
0.18935493
0.18933417
0.18933417
0.18932484
0.18929404
0.18928052
0.18912223
0.18905604
0.1890401
0.18897006
0.18889657
0.18888174
0.18881157
0.18879613
0.18879613
0.18874359
0.18872234
0.18868235
0.18867518
0.18865597
0.18857324
0.18856296
0.18856002
0.18855138
0.18854927
0.18851717
0.18844934
0.18844934
0.1884299
0.18839236
0.1882543
0.18817796
0.18817796
0.18814594
0.18814583
0.18809427
0.18809128
0.18805581
0.18798307
0.18779108
0.1877228
0.18761751
0.18761751
0.18760124
0.18757649
0.18757321
0.18755934
0.18753324
0.18747523
0.1874633
0.18737166
0.1872919
0.18728778
0.18728778
0.18727408
0.1872614
0.18725507
0.18722743
0.18720558
0.18715267
0.18715148
0.18712571
0.18711273
0.18700364
0.18698955
0.18689583
0.1868909
0.18672228
0.18665084
0.18661954
0.18657489
0.18650392
0.18650322
0.18648827
0.18648687
0.18641704
0.18641704
0.18641704
0.1864081
0.18639332
0.1863858
0.18636157
0.186332
0.18628109
0.18624187
0.18622763
0.1861863
0.18617286
0.18611102
0.18610843
0.18609236
0.1860722
0.18602993
0.18599531
0.1859777
0.1859244
0.18590209
0.18583263
0.18573025
0.18572043
0.18570548
0.18570268
0.18563724
0.18563724
0.18562557
0.1855662
0.18548943
0.18544653
0.18543963
0.1854069
0.18540217
0.18535036
0.18534076
0.18534076
0.18530248
0.18529695
0.18529479
0.18526848
0.18524355
0.1852018
0.18515359
0.18515359
0.18515359
0.18507202
0.18504702
0.18501493
0.18500163
0.18499926
0.18496428
0.18492715
0.18489328
0.1847933
0.18475369
0.18474704
0.18462132
0.18454292
0.18452476
0.1845107
0.18450363
0.18442091
0.18439794
0.18438858
0.18425961
0.18422079
0.18420699
0.18417247
0.18417011
0.18415333
0.18414785
0.18411674
0.18411285
0.1840892
0.18401851
0.18398833
0.18391782
0.18391195
0.18386298
0.18385385
0.18373697
0.18369071
0.18363458
0.18361893
0.1835331
0.1835213
0.18335772
0.1833204
0.18330115
0.1832976
0.1832976
0.18328914
0.18326293
0.18321677
0.18321677
0.18320014
0.1831461
0.1831358
0.18303362
0.18300717
0.1829432
0.1829432
0.1829206
0.18290685
0.18287235
0.18286882
0.18285291
0.18283391
0.18278748
0.18261114
0.1824858
0.18244253
0.18241888
0.18239
0.18234347
0.18232054
0.18231396
0.18229093
0.18228959
0.18228674
0.18220015
0.1821646
0.18213263
0.18206964
0.18205827
0.18195513
0.18193312
0.18189824
0.18188465
0.18186283
0.18184122
0.18184122
0.1818248
0.18182145
0.18182111
0.18177654
0.1817731
0.1817688
0.18174598
0.18173882
0.18171528
0.18171528
0.18165678
0.18164955
0.18162747
0.18162334
0.18161517
0.18158257
0.18152542
0.18150705
0.18149062
0.18147111
0.18145464
0.18144575
0.1814001
0.18136115
0.18132801
0.18132801
0.18131427
0.18120568
0.18117508
0.18100916
0.18097222
0.18094423
0.18091667
0.18087885
0.18087406
0.18085931
0.1808586
0.1808308
0.18081392
0.18080851
0.18054146
0.18053088
0.18049124
0.18042073
0.18040758
0.18040597
0.18035972
0.18034056
0.1803179
0.18031317
0.18029971
0.18029615
0.18022731
0.18018815
0.18018259
0.18011972
0.17999478
0.17995818
0.17992225
0.17986809
0.17986141
0.17986098
0.17986098
0.17983201
0.1798107
0.17979042
0.17971388
0.17961591
0.17960481
0.17957363
0.17954312
0.17949235
0.17942604
0.1793789
0.1793099
0.17929463
0.17928037
0.17924578
0.1792389
0.17921849
0.17916869
0.17914598
0.17912266
0.17908092
0.1790474
0.17904583
0.17901464
0.1789858
0.17895637
0.17895637
0.178943
0.17889687
0.17888486
0.17885597
0.17884757
0.17882481
0.17879634
0.17877083
0.17876646
0.17874347
0.17871745
0.1786876
0.17868452
0.17866598
0.1786572
0.17858507
0.17858297
0.1785324
0.17851423
0.17851177
0.17849602
0.17846839
0.17846839
0.17844276
0.17842153
0.17839517
0.17839126
0.17838615
0.17838483
0.17833985
0.17829528
0.17826822
0.17825453
0.17821862
0.17820543
0.17816646
0.17808643
0.17808405
0.17806602
0.17799522
0.17799285
0.17797607
0.17793186
0.17792952
0.17792888
0.17785676
0.17784032
0.17774442
0.17770736
0.17769545
0.17769453
0.17768753
0.17766295
0.17757823
0.17757778
0.17752652
0.17748842
0.17746568
0.17743795
0.17743795
0.17742132
0.17740455
0.17738673
0.17730485
0.17721382
0.17714892
0.17709738
0.17705967
0.17702787
0.17702354
0.1769932
0.17697227
0.17695206
0.17690793
0.17690706
0.17690554
0.17681606
0.17679204
0.17676806
0.17676368
0.17670158
0.17667934
0.1765974
0.17659026
0.17659026
0.17659026
0.17658047
0.17649925
0.17638817
0.17638575
0.17638512
0.17637539
0.17633282
0.17626016
0.17624621
0.17623112
0.17623055
0.17621395
0.17615984
0.17612827
0.17611215
0.17606531
0.17604157
0.17602997
0.17602153
0.17601427
0.17601018
0.17599909
0.17599909
0.17599909
0.17596081
0.17594463
0.17590675
0.17590675
0.17580137
0.1757939
0.17576268
0.17573632
0.17567407
0.17560758
0.17559011
0.175577
0.17556065
0.1754973
0.17548604
0.17548156
0.1754782
0.17542186
0.17541203
0.17540796
0.17538434
0.17533992
0.17533687
0.17533618
0.17531934
0.1753068
0.17528188
0.17528006
0.1752242
0.17510277
0.17506465
0.1750233
0.17500581
0.17500113
0.17497222
0.17495842
0.17492512
0.17491493
0.17491028
0.17490718
0.17489779
0.17489555
0.17484939
0.1748089
0.17480728
0.17476313
0.17473893
0.17473057
0.17470358
0.17466728
0.17464763
0.17455709
0.17454943
0.17453308
0.17449735
0.17447576
0.17445691
0.17444979
0.17443596
0.17439085
0.17438789
0.1743789
0.17436141
0.17434609
0.17434609
0.17432818
0.17428772
0.17424357
0.17422353
0.1742119
0.17415158
0.17407146
0.17404976
0.17404571
0.17402172
0.17399912
0.17398547
0.17398547
0.17393778
0.17393696
0.17390603
0.1738984
0.1738975
0.17389496
0.17386428
0.17384054
0.17383435
0.17381829
0.17380354
0.1737958
0.173742
0.17364536
0.17361511
0.17359322
0.17358057
0.17356381
0.17356381
0.17356381
0.17356275
0.17343499
0.17341842
0.17329572
0.17328575
0.17324968
0.17323162
0.17323162
0.17322612
0.17322482
0.17308098
0.17303154
0.17302315
0.17302182
0.17300487
0.17295946
0.1729525
0.17294961
0.17293347
0.17290123
0.172861
0.17285916
0.17281851
0.17280455
0.17275749
0.17275313
0.17275174
0.17274734
0.17274144
0.17272711
0.17272711
0.17271763
0.17271453
0.17270584
0.17262822
0.17259328
0.17259084
0.17258689
0.17256224
0.17254603
0.17254603
0.17253841
0.17252377
0.17251301
0.1724038
0.17239991
0.17238542
0.17234263
0.17227307
0.17226273
0.17225105
0.1722057
0.17219727
0.17219482
0.17218837
0.17209466
0.1720709
0.17205094
0.17203861
0.17197765
0.1719507
0.17194583
0.17191619
0.17190316
0.17188042
0.17185639
0.17183094
0.17178033
0.17175448
0.17175081
0.17174709
0.17169382
0.17169055
0.17168353
0.17163788
0.17153792
0.17151943
0.1715191
0.17146985
0.17146076
0.17145547
0.17145073
0.17143834
0.17142878
0.17140411
0.17137218
0.17136608
0.17135671
0.17130603
0.17128389
0.17126359
0.17124934
0.17124274
0.1711936
0.17118712
0.17109743
0.17109227
0.17106724
0.17105335
0.17104445
0.17104442
0.1710404
0.17102073
0.1710068
0.17099659
0.17095114
0.17088726
0.17080508
0.17079476
0.17077155
0.17075309
0.1707483
0.1707145
0.17071123
0.1706844
0.17063466
0.17062686
0.17060973
0.1706094
0.17060402
0.17054038
0.17052951
0.17050786
0.17046425
0.17045142
0.17044562
0.17039238
0.17036569
0.1703643
0.1703643
0.1703587
0.17035261
0.17032559
0.17023961
0.17023079
0.17022423
0.17017695
0.17011158
0.17011158
0.17010795
0.17008595
0.17007102
0.17003797
0.17001839
0.17001839
0.17001839
0.17000806
0.17000127
0.16999108
0.16998152
0.16996764
0.16996494
0.16995764
0.16993383
0.16991062
0.16991062
0.1698928
0.16988702
0.16988511
0.16982698
0.16977915
0.16974054
0.16969593
0.16966617
0.16961613
0.16958578
0.1695093
0.16949964
0.16949964
0.16949236
0.16948815
0.16947734
0.16946329
0.16946152
0.16937405
0.16934209
0.16927238
0.16916244
0.16910383
0.16909766
0.16903363
0.16903363
0.16900101
0.16898628
0.16893922
0.16892241
0.16891746
0.16891019
0.16889109
0.1688855
0.1688679
0.16884317
0.16883822
0.16882524
0.16882221
0.16874054
0.16869825
0.16868222
0.16867507
0.16862158
0.1686087
0.16859792
0.16858643
0.16857737
0.16856337
0.16852269
0.16849983
0.16848099
0.16844729
0.16840626
0.16829406
0.16819814
0.16817945
0.16812773
0.16800644
0.16800644
0.1679711
0.16795623
0.16794607
0.16790357
0.16789953
0.16784438
0.16781558
0.16778599
0.1677832
0.1677485
0.16773257
0.16771619
0.16766177
0.16762371
0.1675782
0.1675782
0.16756564
0.16755547
0.16755547
0.16755366
0.16755201
0.16754097
0.16753875
0.16746211
0.16743492
0.16734143
0.1673276
0.1672913
0.16726652
0.16725276
0.16721383
0.16720805
0.1671872
0.16717309
0.16707902
0.16707727
0.16707456
0.16705874
0.16705479
0.16702281
0.16701007
0.16700801
0.16694905
0.16694848
0.1669346
0.16687466
0.16686103
0.1668525
0.16682707
0.16672197
0.16669269
0.16666172
0.16665259
0.16661757
0.16660343
0.16659482
0.16659482
0.16658582
0.16658449
0.16656506
0.16653048
0.16653048
0.16653048
0.16650712
0.16649415
0.16648796
0.16646682
0.16640057
0.16638038
0.16635616
0.16631018
0.16630234
0.16629778
0.16624965
0.16624239
0.16623788
0.16621545
0.16618145
0.16616714
0.16616714
0.1661563
0.16613369
0.16611658
0.16606301
0.16606301
0.16606301
0.16606301
0.1660619
0.16603898
0.16602552
0.16598652
0.16593412
0.16593412
0.16593343
0.1658756
0.16579905
0.16577448
0.16576086
0.16572084
0.16572025
0.1656532
0.16563918
0.16562824
0.16558251
0.16555922
0.16555668
0.16551743
0.16551702
0.16550063
0.16547094
0.16544239
0.16534927
0.16528141
0.16525605
0.1652554
0.16523442
0.16509254
0.16507153
0.16506584
0.16505632
0.16504912
0.16502333
0.16502284
0.16502209
0.16501722
0.16500099
0.1650007
0.16499478
0.16497537
0.16495882
0.16493984
0.16489978
0.16489893
0.1648677
0.16482697
0.16480793
0.16469419
0.16468313
0.16463597
0.16463421
0.16462821
0.16462149
0.16461575
0.16460386
0.16451754
0.16450502
0.16450381
0.16449682
0.16448744
0.16445456
0.16445199
0.16430593
0.16426075
0.16421585
0.164116
0.16411568
0.16399588
0.16395967
0.16395126
0.16394155
0.16392939
0.16390671
0.1638849
0.16388065
0.16387744
0.1637992
0.16379306
0.16378534
0.16375308
0.16370103
0.16368343
0.16366726
0.1636383
0.16361962
0.16359101
0.16354997
0.1635324
0.16351737
0.16347486
0.16346765
0.16346765
0.1634657
0.1633927
0.16338737
0.16338664
0.16337629
0.16335884
0.16333379
0.16331789
0.16330391
0.16330023
0.16326557
0.16316743
0.16311178
0.16310793
0.16308917
0.16308005
0.16305944
0.16304746
0.16304551
0.16304551
0.1630411
0.16302194
0.16300233
0.16299857
0.16295493
0.16295096
0.16286978
0.16286398
0.16286343
0.16286343
0.16283873
0.16281745
0.16280364
0.16279987
0.16275974
0.16274473
0.16273774
0.16271913
0.16271412
0.16270792
0.16270061
0.16265853
0.16259219
0.16258805
0.16256866
0.16256317
0.16252066
0.16239965
0.16236447
0.16234103
0.1623316
0.16230664
0.16226389
0.16211832
0.16200523
0.16199462
0.16194315
0.16192798
0.16190715
0.16189103
0.16181852
0.16180061
0.16173275
0.16170491
0.1616752
0.16164818
0.1615961
0.16157769
0.16157365
0.1615666
0.1615379
0.16153625
0.16153076
0.16152976
0.16148049
0.16145864
0.16143279
0.1613878
0.16138263
0.16137631
0.1613448
0.16131379
0.16129643
0.16129282
0.16126327
0.16125354
0.16124058
0.16120276
0.1611802
0.16114224
0.16113234
0.16112486
0.16112486
0.16111371
0.16106564
0.16101938
0.16099435
0.16098736
0.16097222
0.16095747
0.16094889
0.16093135
0.16093135
0.16090178
0.16087565
0.16086543
0.16085738
0.16085738
0.16084623
0.16084193
0.16078387
0.16074795
0.16074781
0.16071929
0.16071138
0.16071132
0.16068946
0.16068885
0.16067077
0.16065994
0.16064785
0.16064078
0.1606135
0.16060928
0.16056313
0.16047648
0.1604697
0.1604411
0.16034986
0.16027156
0.160268
0.16026513
0.16022535
0.16017108
0.16016537
0.16013525
0.16013107
0.16006681
0.16006236
0.16005144
0.16004847
0.16004212
0.16001509
0.16001323
0.15995814
0.15995036
0.15993774
0.15992403
0.15991844
0.15990645
0.15990074
0.15989745
0.15989648
0.15989648
0.15987407
0.15986554
0.15986003
0.15985514
0.15985018
0.15984371
0.15984176
0.15983008
0.1598222
0.15980811
0.1598033
0.15975085
0.159703
0.1596876
0.15964127
0.15961479
0.1596052
0.15960321
0.15957028
0.15956958
0.15955038
0.15954898
0.15953945
0.15950403
0.15950164
0.15945482
0.1594345
0.15943433
0.1594214
0.1594061
0.15940434
0.15938632
0.15937878
0.15937501
0.15935317
0.15935317
0.15933454
0.15929869
0.15929827
0.15928318
0.15923072
0.15914555
0.1590847
0.15901133
0.1589908
0.15896194
0.15896018
0.15890531
0.15877505
0.15875055
0.15874772
0.15874618
0.15869802
0.15869802
0.15865067
0.15865067
0.15864925
0.15862416
0.15861747
0.15859745
0.15859745
0.15854459
0.15852503
0.15849666
0.15848051
0.15835927
0.1583052
0.1582692
0.15825577
0.15825462
0.15825374
0.15824072
0.15822323
0.15816946
0.15815036
0.15811661
0.15806556
0.15801993
0.1579881
0.15797623
0.1579194
0.15785417
0.1578516
0.15782726
0.15782711
0.15782711
0.15782335
0.1578027
0.1578027
0.15772654
0.15772623
0.157723
0.15770641
0.15765668
0.15765592
0.15760046
0.15754552
0.15752634
0.15752356
0.1574839
0.15745915
0.15745674
0.15742385
0.15740114
0.15738054
0.1573771
0.15737142
0.1573689
0.15735847
0.15734851
0.15734088
0.1573386
0.1573321
0.1572888
0.1572859
0.15727288
0.15726523
0.15726279
0.15725148
0.1572462
0.15722576
0.15718491
0.15717842
0.15717413
0.15717109
0.15712282
0.15711549
0.15704663
0.15704663
0.15704037
0.1570161
0.15681271
0.156811
0.15676983
0.15675357
0.1566286
0.1566192
0.15660585
0.15659499
0.15658388
0.15653583
0.15651755
0.15650027
0.15649788
0.15649274
0.15649237
0.1564782
0.15640816
0.1563626
0.15633287
0.15627798
0.15624057
0.15616207
0.15614209
0.1561083
0.15603352
0.15590481
0.1558944
0.15588875
0.15587525
0.15587199
0.15586528
0.1558472
0.15584254
0.15584187
0.15583165
0.15582497
0.15579264
0.15577282
0.15575947
0.15575024
0.15573207
0.15564713
0.15562777
0.15561527
0.15557565
0.15557565
0.1555157
0.1555157
0.15546358
0.15544936
0.15539977
0.15537705
0.15536328
0.15531279
0.15530637
0.15525863
0.15522367
0.15521967
0.15518822
0.15515348
0.15511414
0.15508859
0.15504323
0.15502174
0.15500501
0.15499695
0.1549907
0.15497316
0.154947
0.15494445
0.15491872
0.15491566
0.15482707
0.15482101
0.15481667
0.1547901
0.15476334
0.15468772
0.15467592
0.15467478
0.15466002
0.15463427
0.15462053
0.15459089
0.15457736
0.1544352
0.1544306
0.1544197
0.15441093
0.15439922
0.15439792
0.1542691
0.15420285
0.15417048
0.15414098
0.1540559
0.1540539
0.15405017
0.15404141
0.1540324
0.15402298
0.15398978
0.15398791
0.15398462
0.15395062
0.15392765
0.15391187
0.15384646
0.1538323
0.15381014
0.1538089
0.15377964
0.1537138
0.15368044
0.15365577
0.15362409
0.15360536
0.15357573
0.15350214
0.15349582
0.1534856
0.15344907
0.15344396
0.15340164
0.15338376
0.15336637
0.15336135
0.15336135
0.15335207
0.1533447
0.15332459
0.15329327
0.15326783
0.15322328
0.15320478
0.15317807
0.15314923
0.15313552
0.15311833
0.15310311
0.15307893
0.15306914
0.15305217
0.15304974
0.15304902
0.15304719
0.15303734
0.1529953
0.15293887
0.15291648
0.1529108
0.15268038
0.15264392
0.15264349
0.15262444
0.15260474
0.15258522
0.15257989
0.1525784
0.15250286
0.15249178
0.15244377
0.15243638
0.15239184
0.15238516
0.15234399
0.1522686
0.15226705
0.15223582
0.152224
0.152221
0.15221862
0.15220968
0.15215597
0.15215129
0.15211922
0.15211272
0.15209253
0.15209219
0.1520555
0.15199395
0.15198706
0.15198694
0.15195867
0.15194355
0.15193251
0.15190442
0.15188126
0.15185958
0.15185532
0.1518502
0.15183441
0.15182771
0.15182163
0.15182145
0.15181504
0.15178806
0.1517692
0.1517401
0.1516885
0.15167598
0.15164913
0.15162553
0.15159774
0.15155283
0.15154822
0.15151003
0.15144409
0.15144166
0.15142667
0.15142295
0.1514143
0.1513811
0.1513574
0.1513397
0.15133816
0.15129478
0.15127546
0.1512376
0.15123238
0.15121147
0.15117958
0.15117279
0.15117052
0.15115196
0.15111743
0.15107177
0.15102853
0.1509946
0.15098825
0.15098025
0.1509693
0.1509473
0.15089126
0.15084344
0.15084237
0.15083562
0.15083446
0.15079626
0.15076162
0.15074489
0.15072441
0.15070967
0.15069129
0.15065286
0.15065286
0.15057139
0.15056708
0.15051427
0.15051031
0.150428
0.15042394
0.15041797
0.15041584
0.15036969
0.15035495
0.15034413
0.15029693
0.15026504
0.15026411
0.15025407
0.15019618
0.15009773
0.15009707
0.15008563
0.15004835
0.1500225
0.14997745
0.1499625
0.14995347
0.14992464
0.14991604
0.14986879
0.14984183
0.14981952
0.14981379
0.14980228
0.14979117
0.14974508
0.14974496
0.14971752
0.14970872
0.14970638
0.14970222
0.14967145
0.14955376
0.14954235
0.14953806
0.14951581
0.14945869
0.1494503
0.1494419
0.14943138
0.149426
0.14941795
0.14941795
0.14940056
0.14937094
0.14934038
0.14933671
0.14932339
0.14927167
0.14927167
0.14926136
0.1492357
0.1491506
0.14914542
0.14912197
0.14909136
0.14907297
0.14898148
0.14894694
0.14892092
0.14889094
0.14887983
0.14887865
0.14886521
0.14886406
0.14886121
0.1488405
0.14881307
0.14876127
0.14874679
0.14872316
0.148672
0.14867064
0.1486418
0.14863649
0.14862913
0.14862779
0.14860517
0.14859177
0.14852254
0.14851406
0.14850259
0.14849456
0.1484734
0.14847201
0.1484667
0.14846314
0.14845887
0.14841852
0.14841457
0.14837721
0.14836356
0.14835317
0.1483346
0.14833322
0.14832154
0.14829703
0.14829119
0.1482815
0.14823231
0.14819677
0.14819491
0.14819461
0.14817968
0.14816067
0.1481313
0.14812511
0.1481088
0.14806607
0.14805159
0.14798737
0.14796801
0.14796393
0.14796236
0.14794727
0.14787889
0.14786479
0.14785291
0.14784673
0.14779982
0.14774157
0.14772506
0.14770444
0.14769913
0.14769718
0.14768626
0.14766891
0.14766075
0.14765057
0.147641
0.14763083
0.14761907
0.14757381
0.14755407
0.147528
0.1475156
0.14750871
0.14750138
0.14749064
0.14747378
0.14747195
0.14747159
0.1474421
0.1474398
0.14742874
0.14740479
0.14739187
0.14735682
0.1473154
0.14731435
0.14730804
0.14728546
0.1472534
0.14723675
0.14718723
0.1471723
0.14716192
0.14715372
0.14715001
0.14713189
0.1470841
0.14707631
0.14707103
0.14707103
0.14707103
0.14703295
0.14703102
0.14697234
0.14691947
0.14689124
0.14688386
0.14688386
0.14687254
0.14687012
0.14683725
0.14682452
0.14681579
0.14681487
0.14679034
0.14677179
0.14674443
0.14671126
0.14671037
0.14668578
0.14667647
0.14664531
0.14664036
0.14662994
0.14661303
0.14661011
0.14660856
0.14660856
0.14653674
0.14652374
0.14651945
0.1465049
0.14649177
0.14647876
0.14643502
0.14641783
0.14639129
0.14637277
0.14637187
0.14620328
0.14616066
0.14612235
0.14607261
0.14606221
0.14602369
0.14602219
0.14599417
0.14597802
0.14596851
0.14596166
0.1459499
0.14590473
0.1459022
0.14582251
0.14576365
0.1457503
0.14572555
0.14570358
0.1456512
0.14560063
0.14558686
0.14558272
0.14556855
0.14554618
0.14551657
0.14548227
0.14545245
0.14544493
0.14544289
0.14542748
0.14541636
0.14537287
0.14536631
0.14536102
0.14525545
0.14521536
0.14515272
0.14515181
0.14510004
0.14500102
0.1449773
0.14493208
0.1449262
0.14491887
0.14489922
0.14488478
0.14487955
0.14484541
0.14479975
0.14471838
0.14471395
0.14468256
0.14467274
0.14466156
0.14462064
0.14459166
0.1445891
0.14458124
0.14450012
0.14447795
0.14446235
0.14439145
0.1443284
0.14432304
0.14431666
0.144314
0.14427735
0.1442383
0.14422604
0.14418899
0.14417286
0.14410636
0.14395562
0.14393644
0.14389946
0.14387456
0.1438686
0.14383084
0.14382292
0.14380811
0.1437671
0.14370035
0.14367875
0.14367488
0.14366339
0.14358436
0.14357378
0.14350507
0.14348163
0.14347129
0.14337401
0.14336734
0.14333077
0.14332956
0.1433031
0.14328964
0.1432662
0.1432662
0.14322257
0.14322233
0.1432097
0.1431963
0.14317013
0.14315517
0.14313495
0.14312465
0.14309637
0.1430591
0.14301288
0.14299114
0.14297004
0.14295526
0.1429462
0.1429451
0.14293838
0.14291848
0.14290823
0.14288318
0.1428787
0.1428713
0.14286105
0.14274338
0.142704
0.14269157
0.14268562
0.14265183
0.14261977
0.14255711
0.1425169
0.1425037
0.14246131
0.14246109
0.1424308
0.14242467
0.14232118
0.14231767
0.14231767
0.14228624
0.14216408
0.14210084
0.1420948
0.14204459
0.14203355
0.14203323
0.1419997
0.14197762
0.14194226
0.14192559
0.14187247
0.14185412
0.14183985
0.141809
0.14180897
0.14180018
0.14175417
0.14174329
0.14161414
0.14158376
0.14157306
0.14155973
0.14153382
0.14153141
0.14150904
0.141479
0.14145763
0.14144889
0.14140595
0.14139403
0.14136066
0.14130697
0.14130287
0.14129238
0.14125398
0.14122774
0.1412194
0.14116679
0.1411413
0.14112662
0.14112401
0.14110397
0.14105017
0.141027
0.14095967
0.1409575
0.14093404
0.14071581
0.14066811
0.14065906
0.14064644
0.14064315
0.14057918
0.14050935
0.14048497
0.14046419
0.14046112
0.14043404
0.14042693
0.14040366
0.1404034
0.14038737
0.14032975
0.14032471
0.14031336
0.14027943
0.14024612
0.14024256
0.14019392
0.14017913
0.14015272
0.14012544
0.14012508
0.14006335
0.14004548
0.14002652
0.14001353
0.13999225
0.13989075
0.13987592
0.13985613
0.13985613
0.13984036
0.1398343
0.13982378
0.1397749
0.13977464
0.13972701
0.13968843
0.13963635
0.1396234
0.13961262
0.1395891
0.13956259
0.13953593
0.1395193
0.13949375
0.13947825
0.13946661
0.13942699
0.13942178
0.13937336
0.13936532
0.1393504
0.13934901
0.13928884
0.1392668
0.13926114
0.13925572
0.13925527
0.13925295
0.13923106
0.13917749
0.13909023
0.13905112
0.1390106
0.13900252
0.13898861
0.13894965
0.13890994
0.13886416
0.1387921
0.13875118
0.13873431
0.13873416
0.13872537
0.13860369
0.13860281
0.13854665
0.1385308
0.13852046
0.13850646
0.13843529
0.13842891
0.13842878
0.13842562
0.13842306
0.13840996
0.13839173
0.13838162
0.13834412
0.13833039
0.13832538
0.13831243
0.13830873
0.1382905
0.13825817
0.13825817
0.13823727
0.13823056
0.1382067
0.13820201
0.1381933
0.13815857
0.13815695
0.13815531
0.13815469
0.13813813
0.13813414
0.13810056
0.13809909
0.13808486
0.13805085
0.1380367
0.13802628
0.13801922
0.13797693
0.13796665
0.13791606
0.13791129
0.13790342
0.1378952
0.1378838
0.13787737
0.1378627
0.13785419
0.13784844
0.13784495
0.13783547
0.13775706
0.13772295
0.13768002
0.13766813
0.13763134
0.13762118
0.13760024
0.13758186
0.13757195
0.1375459
0.1374943
0.13744782
0.13743383
0.137432
0.13734716
0.13734384
0.13733688
0.13730931
0.1373053
0.13729545
0.13724722
0.13723856
0.1372232
0.13721177
0.13720879
0.13719785
0.1371825
0.13716438
0.13713521
0.1370638
0.13701034
0.13694653
0.13690218
0.1368984
0.13684627
0.1368379
0.13682143
0.13682143
0.13680054
0.13679764
0.1367843
0.13671601
0.13671365
0.13667144
0.13664217
0.13660856
0.13652973
0.13652383
0.13650392
0.13646981
0.13643739
0.13643739
0.1364356
0.13639402
0.13635121
0.13634782
0.13634747
0.13632962
0.1363272
0.13628179
0.13619874
0.1361943
0.13619065
0.13613245
0.13612129
0.13611478
0.13608994
0.1360632
0.13605289
0.13605241
0.13604796
0.13602526
0.13600062
0.13594352
0.1358943
0.1358653
0.13582209
0.13577609
0.13561244
0.13558073
0.13557467
0.13557431
0.13552958
0.13551812
0.13543539
0.13540414
0.13538648
0.1353388
0.13533586
0.13530836
0.13529287
0.13522868
0.13520224
0.13512374
0.13510692
0.135105
0.13508749
0.13506316
0.13505358
0.13500823
0.13497661
0.1349755
0.13495311
0.13487843
0.13486992
0.13485162
0.13485162
0.13482164
0.13481207
0.13479237
0.13474657
0.13474245
0.13472463
0.13468772
0.13468772
0.13464613
0.13460408
0.13457859
0.13456906
0.13455687
0.13451418
0.13446721
0.13445185
0.13438392
0.13437033
0.13437033
0.13432837
0.13432455
0.13427454
0.1342665
0.13426226
0.1342593
0.13425265
0.1342239
0.13422209
0.13421783
0.13420092
0.13419026
0.13416846
0.13415214
0.13414234
0.1341353
0.13413514
0.13412336
0.13408874
0.13408667
0.13406327
0.13401219
0.13399631
0.13399602
0.13398181
0.13393053
0.1339094
0.13388385
0.13386688
0.13385865
0.13385859
0.13384303
0.13383529
0.13383205
0.13381998
0.13373049
0.13372551
0.13371521
0.13369828
0.13363852
0.13363333
0.1335487
0.13352832
0.13351409
0.13351075
0.13350634
0.13349953
0.13348801
0.1334821
0.13340358
0.13340238
0.13339557
0.13339058
0.13334973
0.13334115
0.13333856
0.13332646
0.13332263
0.13329199
0.13327669
0.13326588
0.13323742
0.13323012
0.13320151
0.13316287
0.13313355
0.13307945
0.1330594
0.13293709
0.13287975
0.1328751
0.13283898
0.13281666
0.13281529
0.1328049
0.13280255
0.13271852
0.13268194
0.1326559
0.13264233
0.13261522
0.1326126
0.13254534
0.13250206
0.13249746
0.13246131
0.13245729
0.13245504
0.13244769
0.13241571
0.13240395
0.13239866
0.13239588
0.13239272
0.1323818
0.13235709
0.13234924
0.13234809
0.13229118
0.13227542
0.1322609
0.13223471
0.13223471
0.13223065
0.13218576
0.13215698
0.13210444
0.13209873
0.13209191
0.13208398
0.13207348
0.13203801
0.13203222
0.13201599
0.13199414
0.1319787
0.13197409
0.1319302
0.13192661
0.13191707
0.13191052
0.13190947
0.13189253
0.13188611
0.13188584
0.13187678
0.13185254
0.13184422
0.13183981
0.13182995
0.13180642
0.13178673
0.13178457
0.13177952
0.13175005
0.13174838
0.13172215
0.13169223
0.1316874
0.13167399
0.13165022
0.13164096
0.13160314
0.13158587
0.13151622
0.13147779
0.13145493
0.13145009
0.13144828
0.1314153
0.13138433
0.13137954
0.13135609
0.13129315
0.13128111
0.13127814
0.13127238
0.13126905
0.13126455
0.13119969
0.13114214
0.13113514
0.13112801
0.1310147
0.13099682
0.13099578
0.13099286
0.13097022
0.13097017
0.13096848
0.13094765
0.13094765
0.13094765
0.13094273
0.13087955
0.13086753
0.13085504
0.13083324
0.13078974
0.13078032
0.13074556
0.13073434
0.13072851
0.13072015
0.13070911
0.13066146
0.13062988
0.13061541
0.13060959
0.13060403
0.13058588
0.13052058
0.13051058
0.13042115
0.130385
0.13038488
0.13034347
0.13033392
0.1302881
0.13025554
0.13025074
0.13024415
0.13023445
0.1302303
0.13021167
0.13019055
0.13012487
0.13006292
0.13004172
0.13002543
0.12996732
0.1299075
0.1298913
0.12985972
0.1298067
0.12980261
0.12978141
0.12977827
0.12970768
0.12966593
0.1296482
0.12962228
0.12960254
0.12958334
0.1295743
0.12951887
0.12950704
0.12948957
0.12948285
0.12937835
0.12935998
0.12933044
0.12928806
0.12925668
0.1292363
0.12920284
0.12918088
0.12918025
0.1291183
0.12910843
0.1290478
0.12903515
0.12903333
0.129018
0.12899657
0.12896849
0.12894534
0.12893325
0.12886468
0.12883116
0.12882325
0.12880318
0.12875555
0.12872459
0.12870026
0.12868749
0.12864707
0.1286364
0.12860885
0.128601
0.12855439
0.128527
0.12852621
0.1285247
0.12851961
0.12848477
0.12848343
0.12848006
0.1284785
0.12845305
0.128415
0.1284112
0.12838282
0.12837818
0.12837474
0.1283243
0.12831353
0.12829806
0.12827165
0.12825066
0.12823083
0.12822469
0.12822416
0.12817663
0.12816031
0.12807877
0.12804976
0.12804879
0.12803814
0.128013
0.12801163
0.12800755
0.12799434
0.12798119
0.12797447
0.12796307
0.12796174
0.12795699
0.1279424
0.12792538
0.1279184
0.1278556
0.12784387
0.1277865
0.12776938
0.12775664
0.12775476
0.12775373
0.12775306
0.12774803
0.12773283
0.12770706
0.12769814
0.12769149
0.12766357
0.12765783
0.12764837
0.12760776
0.12760776
0.12760739
0.12753204
0.1275288
0.12751031
0.12745963
0.12744299
0.12741151
0.12739678
0.12735997
0.12735339
0.12735307
0.12734787
0.12732795
0.1273095
0.1273056
0.127284
0.1272771
0.12725227
0.1272492
0.12720655
0.12715983
0.12711897
0.12707856
0.12705392
0.12702245
0.12700179
0.12697558
0.12695637
0.12693365
0.12690823
0.12689291
0.12682004
0.12679897
0.12672025
0.12666994
0.12666017
0.12663206
0.12662926
0.12659362
0.12656899
0.12652937
0.12650976
0.12648578
0.12648304
0.12646677
0.12640749
0.12638281
0.12633081
0.12631221
0.1263075
0.12629803
0.1262762
0.12625074
0.1262399
0.12623057
0.12619089
0.12616013
0.12614562
0.12606779
0.12605461
0.12604834
0.12601963
0.12595618
0.12594905
0.12592696
0.12588042
0.12577787
0.12576658
0.12576382
0.12574904
0.12573211
0.12568705
0.12563722
0.12563467
0.1255895
0.12555641
0.12555426
0.12548633
0.12543061
0.12539876
0.12534799
0.12534344
0.1253413
0.12532383
0.12524666
0.12522148
0.12519589
0.12506428
0.12506011
0.12500574
0.12492287
0.12480186
0.12478979
0.12474781
0.12473177
0.12469367
0.12467357
0.12466006
0.12464206
0.12460554
0.12457383
0.12456586
0.12454111
0.124533564
0.124445036
0.124363355
0.124355115
0.124319464
0.12429356
0.12423933
0.12421134
0.12420678
0.124196984
0.12419584
0.12417704
0.12416713
0.12416328
0.12415804
0.12413091
0.124119975
0.1241049
0.124067605
0.12405525
0.12404145
0.12400007
0.12398748
0.12391011
0.12390087
0.123858616
0.12385705
0.1238335
0.12383268
0.12382554
0.12375896
0.12363513
0.123590015
0.12358634
0.12344581
0.12343252
0.12337679
0.12336011
0.12330682
0.12329698
0.12326092
0.12319612
0.12315397
0.12311293
0.12310264
0.12303646
0.12303426
0.12297131
0.12296462
0.12291053
0.12290165
0.12289269
0.122863084
0.12284558
0.12282918
0.12282774
0.122817725
0.12281665
0.122767024
0.12272991
0.1226906
0.12267145
0.122665934
0.12265456
0.12262756
0.12262296
0.122607745
0.12260634
0.122576326
0.12250939
0.12245827
0.12244751
0.12238919
0.12226994
0.12225965
0.12224958
0.12219969
0.1221969
0.12218241
0.12217902
0.122151636
0.122141
0.12212068
0.12199803
0.12196677
0.12188004
0.121858776
0.121856935
0.12182467
0.12176702
0.12176094
0.121721946
0.12171585
0.12170349
0.121670686
0.12165962
0.12162745
0.12162141
0.121603906
0.121592835
0.121584125
0.1215219
0.12149164
0.12147838
0.121412806
0.121382825
0.121336475
0.121286824
0.121281296
0.12127856
0.12125709
0.12122826
0.12117388
0.1211387
0.12113662
0.121085644
0.12107917
0.12106805
0.12101437
0.12100581
0.12096917
0.12096073
0.12092495
0.12091281
0.12090532
0.120904565
0.12086186
0.12084202
0.12081017
0.12080714
0.12076794
0.120736726
0.120689504
0.12065959
0.12061371
0.12057027
0.12053623
0.120507404
0.12046417
0.120420836
0.12038912
0.12037324
0.12034043
0.12033444
0.12032455
0.120317645
0.12031507
0.12030858
0.120307446
0.1202238
0.12020383
0.12019606
0.12016914
0.12015155
0.12014337
0.12013093
0.12001999
0.12001017
0.119993754
0.11997437
0.119967565
0.119940035
0.119937345
0.1199348
0.1199303
0.119919956
0.11989643
0.11988266
0.11985505
0.11983282
0.11980898
0.119731076
0.11970782
0.1196447
0.119627535
0.11959855
0.1195854
0.11958382
0.119572096
0.119478524
0.11947109
0.1194577
0.119440384
0.11940644
0.11938087
0.11937015
0.11935014
0.119343124
0.119325735
0.11926241
0.11922195
0.11921351
0.11919239
0.119153574
0.119127505
0.119124986
0.119121574
0.11901647
0.119015805
0.11894633
0.11894421
0.11885267
0.11882475
0.118777975
0.11875276
0.118735395
0.11873321
0.11871713
0.11861948
0.11861203
0.11857073
0.11855384
0.11854375
0.11850943
0.11850943
0.118503116
0.11848208
0.118481904
0.11843322
0.11839538
0.118394054
0.11832014
0.11821025
0.1181939
0.118183285
0.11818279
0.11816754
0.11814265
0.11812705
0.118084475
0.11807581
0.117944814
0.11788275
0.11787493
0.11787142
0.117866896
0.11785836
0.11783048
0.1178298
0.11779573
0.11770127
0.117680766
0.117654026
0.11764718
0.11763534
0.117603354
0.11758554
0.11757322
0.11756109
0.1175375
0.11749825
0.11744073
0.11743656
0.117429644
0.11739357
0.11732789
0.11732017
0.11731912
0.11728196
0.117271885
0.11725812
0.11724241
0.117224894
0.117221095
0.11721764
0.11719188
0.11718321
0.11713844
0.11708719
0.117076196
0.117054716
0.11705026
0.117025696
0.1169513
0.11694865
0.11691393
0.11691251
0.116891146
0.11686574
0.116854385
0.116755605
0.11671146
0.11670191
0.11663857
0.11663062
0.11657129
0.1165703
0.11655654
0.11654798
0.11654084
0.116530634
0.11652421
0.116512015
0.11649757
0.11648559
0.11645578
0.11638628
0.11637211
0.11633945
0.11626354
0.116239004
0.11623547
0.116234645
0.116207
0.11620041
0.116194114
0.11615031
0.11613524
0.11607439
0.116045386
0.11603831
0.115998566
0.11596092
0.11589331
0.11588341
0.1158373
0.11583554
0.115818016
0.11577032
0.115751006
0.11573873
0.11573763
0.115729585
0.11568901
0.115648866
0.11558927
0.115575925
0.11554484
0.11554024
0.11553622
0.11550153
0.115435354
0.11543439
0.1154258
0.11542132
0.1153943
0.115393616
0.11539268
0.115392596
0.115381554
0.11531866
0.115263306
0.1151926
0.11512682
0.11511885
0.11504585
0.114962734
0.11495167
0.114936545
0.11486609
0.11484469
0.11481677
0.11480374
0.114738576
0.114601426
0.11454334
0.11450289
0.114496164
0.11441456
0.11433921
0.11423215
0.11419963
0.11419675
0.11417978
0.11408151
0.11406581
0.114055134
0.11404296
0.11396376
0.11392094
0.11389146
0.11385821
0.11382209
0.11372521
0.11371177
0.11370962
0.1136369
0.113627605
0.113551736
0.11354095
0.11352764
0.113521345
0.11348886
0.11347898
0.11345919
0.1134436
0.11342062
0.113415845
0.11339422
0.113371655
0.11336661
0.11336192
0.11334798
0.11331405
0.11315533
0.113150835
0.11312935
0.11309246
0.11305163
0.11302433
0.11293664
0.11288143
0.11285364
0.11282419
0.11281946
0.11281748
0.11279941
0.112796925
0.112764485
0.11274116
0.112715736
0.11264357
0.112626545
0.11250946
0.11250837
0.11249445
0.11249237
0.112489775
0.1124867
0.11246564
0.11246081
0.11234882
0.11232059
0.11229679
0.112295516
0.11229419
0.11227701
0.11227518
0.11225478
0.112253994
0.11222381
0.11216327
0.11212793
0.11209708
0.112083174
0.11207755
0.11197256
0.111959994
0.111928806
0.11190226
0.11187937
0.11179072
0.11174891
0.11162508
0.1114609
0.1114482
0.11140925
0.111407205
0.11131737
0.11114984
0.11114536
0.11104049
0.11091274
0.11090979
0.11088208
0.11085588
0.110830195
0.11081597
0.11080007
0.11078066
0.11069444
0.11068667
0.1106579
0.11065459
0.110641696
0.110624276
0.11054826
0.11052761
0.110493675
0.11044351
0.11041083
0.11039804
0.11039269
0.110387355
0.110358275
0.11034714
0.11027432
0.110263534
0.11025509
0.11024303
0.11021609
0.11020943
0.11018646
0.11012294
0.110083655
0.110032864
0.10997964
0.109962
0.10995514
0.10982399
0.10980772
0.10976226
0.109674804
0.10966042
0.10964552
0.10964022
0.1096375
0.10954597
0.10953473
0.10946892
0.10941355
0.10934744
0.10930802
0.109263815
0.10926364
0.10925683
0.109237246
0.10922695
0.10913894
0.10900964
0.109002315
0.1089847
0.10895493
0.10895187
0.10885729
0.10883321
0.108821616
0.10877405
0.108771354
0.10872241
0.108503185
0.10849035
0.1084299
0.108387105
0.10837187
0.10834412
0.108308144
0.10828185
0.10825186
0.10820663
0.10820511
0.108202964
0.10817289
0.10816377
0.10814364
0.10812097
0.108083434
0.10807148
0.108063094
0.10802939
0.107952334
0.10787696
0.10783955
0.107838556
0.10780911
0.10777682
0.107696235
0.10760819
0.10757702
0.1075729
0.10755885
0.10747148
0.10745812
0.107448384
0.10744152
0.10739743
0.1073796
0.10733834
0.10730999
0.10730396
0.10726023
0.107231125
0.10716138
0.10711202
0.107103586
0.107053146
0.107043594
0.106969565
0.10689533
0.10687948
0.10681835
0.106806085
0.10677301
0.10675312
0.1067456
0.106676914
0.106660604
0.10664351
0.10663936
0.106601685
0.106568635
0.10656191
0.10652582
0.106515214
0.10644371
0.106376745
0.10635324
0.106339484
0.10632553
0.10631692
0.10624835
0.106214166
0.10610905
0.10608868
0.10605352
0.10588936
0.1058889
0.10588354
0.10583687
0.105788454
0.1057652
0.10575625
0.10574901
0.1056198
0.105552524
0.10551654
0.105458744
0.105445564
0.10542342
0.10542076
0.10535171
0.105327666
0.10525763
0.105211414
0.10517499
0.105173886
0.10517132
0.1051325
0.10512232
0.1049996
0.10497108
0.104955606
0.10488575
0.10477237
0.10476897
0.10475564
0.104737416
0.1047115
0.10469783
0.10467721
0.104578555
0.10456178
0.10452248
0.104490444
0.104382865
0.10436803
0.10433224
0.10428704
0.10416643
0.1041601
0.10414788
0.10414602
0.104144484
0.10410494
0.104056075
0.10403302
0.10392349
0.103912085
0.103907555
0.10390163
0.10386636
0.10386609
0.10384049
0.10383099
0.10380685
0.10378625
0.10377856
0.10374486
0.10362962
0.10358243
0.10357774
0.103546195
0.103532895
0.10348648
0.103480175
0.103468925
0.103419565
0.10332711
0.10321689
0.10314739
0.1030704
0.10305039
0.103046134
0.103001826
0.10296341
0.102916606
0.102903426
0.10284041
0.10280312
0.1027847
0.10269815
0.102674685
0.10261284
0.102500096
0.1023996
0.10238803
0.10233186
0.102235645
0.10215281
0.10205471
0.10205139
0.1020305
0.10199499
0.10194207
0.10192725
0.10184995
0.101823
0.10181857
0.101798475
0.1017303
0.101714335
0.1017029
0.101670876
0.10163339
0.10163293
0.1016162
0.10160205
0.101601675
0.101527706
0.10149663
0.10149361
0.10142566
0.10142049
0.101416625
0.10140379
0.10129853
0.10126776
0.10125882
0.101166345
0.10115376
0.101121254
0.101079434
0.10105098
0.10103969
0.100979745
0.100923955
0.10091297
0.1009001
0.10069936
0.10051358
0.10050807
0.10046222
0.1004594
0.10044919
0.10040953
0.100367256
0.10034802
0.10023761
0.10023177
0.10021301
0.100098506
0.100087106
0.09999416
0.09995211
0.099931374
0.09982508
0.09980754
0.09973173
0.099703036
0.099488966
0.099486485
0.099427335
0.099376924
0.099331655
0.099257626
0.09919666
0.09914198
0.099122055
0.09911958
0.099088885
0.09894217
0.0989268
0.09876495
0.09873652
0.09869473
0.09863379
0.09846778
0.0982389
0.098235376
0.098227225
0.098205395
0.09813603
0.09810818
0.09804845
0.09798943
0.097956374
0.097940914
0.0978594
0.097755305
0.09773995
0.097711846
0.097632565
0.09756527
0.09755626
0.09748765
0.09748215
0.09740329
0.09736582
0.097363286
0.09731581
0.09718646
0.09712719
0.09712681
0.09712151
0.09709311
0.09703797
0.09699004
0.0969305
0.09685097
0.09678021
0.09668287
0.096628964
0.09655975
0.09637408
0.09636166
0.09631637
0.09617733
0.09615533
0.096059024
0.09588555
0.095884606
0.09579271
0.095615365
0.09560198
0.095557004
0.09544728
0.09543913
0.09540422
0.0953339
0.095303014
0.09525634
0.09525565
0.09524268
0.095239006
0.095235
0.095117375
0.095101
0.09508495
0.09508234
0.095064566
0.095057055
0.09505475
0.095020056
0.094992794
0.0949477
0.0949169
0.09489796
0.094826296
0.094822034
0.09475641
0.094704315
0.094631486
0.09462711
0.09453367
0.094487906
0.09446942
0.09444279
0.09443675
0.094435774
0.09443023
0.09429844
0.09427969
0.094242215
0.094008595
0.093995884
0.093941405
0.09394011
0.09391239
0.09373657
0.09372729
0.09370337
0.09340476
0.09337376
0.09335412
0.09316254
0.09314465
0.093110055
0.09306257
0.0930401
0.09302131
0.09298089
0.09296474
0.092829265
0.09281885
0.092814535
0.092683166
0.09265376
0.09259663
0.092587255
0.09249918
0.09248219
0.092384845
0.09233019
0.09232389
0.09222757
0.09221543
0.09218734
0.09203258
0.09199864
0.091791436
0.09172556
0.09167049
0.09164573
0.0916068
0.09152381
0.09149346
0.09143446
0.09141988
0.09138626
0.0911939
0.09107964
0.09099208
0.09096704
0.09090862
0.09079265
0.09076856
0.09072576
0.090616636
0.09044993
0.09043665
0.09037023
0.09033035
0.09005842
0.089780085
0.08951957
0.08942303
0.08913702
0.08898881
0.08873061
0.08871199
0.088698804
0.08862329
0.08845875
0.08834262
0.08833484
0.08824912
0.08819977
0.08806704
0.08806689
0.0880154
0.088008575
0.08796618
0.08793084
0.0879174
0.08778838
0.087736234
0.087523796
0.08732549
0.08715212
0.087088354
0.08667635
0.08658375
0.08652931
0.08651336
0.08648752
0.08646089
0.08622358
0.08609739
0.085989706
0.08597932
0.08593296
0.08586152
0.08572632
0.08570286
0.08526462
0.08519407
0.08518294
0.08517908
0.08515217
0.08509345
0.0848183
0.084763385
0.08468309
0.084601864
0.08442624
0.08437704
0.08416006
0.08378868
0.0835651
0.08353684
0.08348144
0.08347473
0.083468236
0.08346645
0.08329005
0.08324466
0.083178505
0.08309698
0.08299912
0.08296971
0.082831964
0.08280648
0.08271288
0.08260306
0.08248584
0.082400456
0.08221245
0.0821081
0.08206309
0.08202118
0.082019806
0.0819513
0.081946224
0.081822954
0.08176261
0.08173646
0.08145862
0.08133204
0.08084776
0.080782056
0.080712736
0.08067656
0.080661006
0.08064054
0.0805961
0.080482796
0.08025615
0.0801377
0.079896815
0.0798906
0.0798511
0.07984519
0.07971744
0.07968273
0.07966756
0.07964639
0.079609595
0.07959594
0.07954898
0.07936603
0.07923288
0.07919523
0.07917506
0.0791426
0.07906764
0.07894938
0.078948006
0.078831375
0.07878793
0.07873358
0.07871004
0.07865779
0.078593165
0.078566335
0.078510016
0.07840897
0.07840857
0.07837631
0.07833364
0.07818972
0.07798436
0.07797899
0.07796312
0.07761062
0.07721897
0.07713813
0.07712474
0.07711445
0.077109195
0.07700173
0.07693337
0.076913394
0.076703794
0.076518565
0.0761166
