0.2782388
0.2664602
0.25708532
0.24346788
0.24209927
0.24043822
0.24039862
0.23737144
0.23533805
0.23462144
0.23375045
0.2329007
0.23203148
0.23134126
0.2312723
0.23090602
0.23073097
0.22854477
0.22769299
0.22670786
0.22656737
0.22579695
0.22561519
0.22395846
0.22355564
0.22329406
0.22243872
0.22187673
0.22186211
0.2217378
0.22154176
0.22121198
0.2208242
0.22072928
0.22045803
0.2203786
0.21996191
0.21988474
0.21896951
0.21891986
0.21847883
0.2183009
0.2181673
0.21806395
0.21764491
0.21740021
0.21681339
0.21673286
0.21643391
0.21639101
0.2163627
0.21629971
0.21621849
0.2161066
0.21580163
0.21556666
0.21530557
0.21510632
0.21495618
0.21495323
0.21486998
0.214721
0.21472012
0.21454722
0.21438032
0.2138827
0.21382737
0.2134508
0.21337675
0.21330035
0.21281356
0.21276215
0.21257325
0.21243054
0.2124016
0.21236001
0.21225485
0.21225475
0.21196486
0.21155143
0.21152402
0.2113667
0.21125047
0.2112087
0.21113424
0.21080646
0.21076357
0.21025817
0.21016508
0.21013081
0.20994955
0.20932333
0.20916352
0.2090211
0.20898908
0.2089592
0.20887381
0.20879658
0.20860559
0.20847872
0.20845965
0.20842041
0.20827402
0.20823693
0.2081139
0.20807543
0.20792209
0.20790845
0.20783664
0.20770603
0.2076169
0.20753923
0.20749517
0.2073409
0.20693907
0.20686606
0.2067922
0.2065974
0.20654508
0.2065137
0.20640622
0.20635277
0.20630924
0.2062917
0.2061864
0.20610616
0.20608604
0.20581904
0.2056664
0.20556384
0.2055006
0.2054562
0.20527875
0.2052324
0.20518565
0.20502913
0.20486777
0.20483929
0.20469657
0.20468184
0.20467688
0.20463294
0.20462127
0.20461108
0.20459074
0.20453131
0.20446646
0.20438278
0.20429437
0.20415099
0.20410496
0.20401305
0.2037725
0.20374255
0.20366386
0.20357907
0.20356311
0.20347399
0.20346528
0.20340069
0.20338142
0.20336801
0.20329246
0.20320608
0.2031216
0.20304826
0.2030357
0.20303148
0.20299836
0.20294581
0.20290153
0.20284823
0.2025306
0.20244062
0.20238131
0.2022778
0.20227613
0.20224027
0.20221326
0.20218883
0.20213337
0.2021049
0.20196402
0.20193835
0.20187132
0.20184514
0.2017927
0.20178838
0.2015276
0.2015014
0.20137958
0.20129572
0.20122631
0.20106657
0.2010612
0.20101896
0.20099495
0.20096684
0.20095329
0.20093776
0.20089304
0.20087487
0.20062374
0.20057753
0.20048633
0.20048244
0.20048179
0.20048028
0.20047376
0.2004608
0.20041989
0.20034865
0.20026502
0.20019726
0.20010696
0.2000809
0.19990788
0.19985059
0.19974345
0.19973251
0.19970052
0.19968209
0.19968179
0.19967878
0.19961116
0.19958672
0.19953282
0.19953248
0.19953027
0.1994913
0.19943753
0.19937454
0.19933443
0.1993287
0.1992886
0.19924082
0.1991103
0.19896102
0.19895081
0.19893874
0.1989315
0.19887343
0.19880964
0.19868843
0.1986551
0.19857137
0.1985136
0.19848517
0.19833441
0.1982122
0.19818245
0.19817865
0.19811592
0.19801527
0.19793826
0.19791354
0.19791056
0.19790111
0.19788392
0.19778824
0.19777602
0.19772443
0.19772424
0.1976871
0.19766821
0.19766074
0.19761118
0.19759518
0.19751252
0.1975108
0.19748123
0.19745907
0.19736904
0.19729644
0.19729434
0.1972535
0.19720867
0.19720373
0.19719289
0.19707978
0.19706993
0.19704695
0.1970328
0.19690232
0.1968154
0.19678861
0.1967678
0.1967454
0.19674067
0.19673042
0.19672301
0.19668907
0.19668873
0.19663234
0.19648363
0.19633944
0.19626313
0.19596441
0.19595441
0.1959538
0.19593595
0.19591424
0.19589771
0.19585621
0.19583759
0.19570783
0.19566064
0.19557025
0.19556494
0.19556056
0.19555704
0.19550227
0.1954772
0.19543085
0.19539858
0.19539452
0.19539206
0.19534706
0.19534159
0.19529003
0.19527797
0.19527775
0.19515482
0.19511679
0.19509579
0.19501022
0.19497636
0.19496325
0.1947573
0.19470482
0.19468091
0.1945706
0.1945648
0.19456004
0.19455644
0.19448657
0.1944723
0.19445236
0.19443507
0.19440539
0.19435649
0.19433463
0.19426186
0.19423097
0.19416903
0.19415721
0.19414197
0.19412652
0.19402881
0.19401751
0.1940117
0.1939634
0.19387318
0.19384435
0.19375424
0.19371961
0.19367315
0.19366151
0.19359107
0.1934706
0.19344047
0.19341695
0.19339785
0.19337508
0.19335154
0.19333725
0.19332631
0.19332294
0.1933215
0.19331509
0.19331035
0.19330496
0.19328737
0.1932589
0.19324397
0.19323184
0.1932223
0.19321398
0.19321305
0.19320042
0.1930638
0.19306214
0.19305436
0.19304061
0.19301267
0.19298236
0.19296722
0.19292067
0.19290039
0.1928674
0.1928635
0.19285896
0.19285461
0.19284637
0.19284527
0.192836
0.19283451
0.19281468
0.1928141
0.19278355
0.19278285
0.1927508
0.19271362
0.19269007
0.1926771
0.19265746
0.19265704
0.19265679
0.19259624
0.192596
0.19258262
0.19255826
0.192557
0.19254497
0.19252461
0.19252309
0.1925227
0.19249968
0.19245961
0.19240607
0.19240248
0.19236754
0.19234022
0.19229749
0.19226553
0.19219871
0.19216149
0.19211277
0.19208641
0.19207893
0.19206284
0.19202861
0.19202113
0.19197555
0.19197513
0.19196226
0.19192229
0.19191132
0.19189933
0.19184294
0.19181709
0.19172941
0.19172587
0.19170573
0.19160761
0.1915959
0.19156894
0.19155371
0.19150104
0.19149879
0.1914553
0.19145185
0.19144802
0.1914352
0.19139692
0.19138284
0.19131559
0.19131036
0.19118325
0.19117196
0.19113284
0.1911278
0.19105601
0.19101138
0.19098687
0.19095725
0.19093052
0.19092388
0.19090146
0.19088557
0.1908407
0.19080475
0.19079414
0.19077505
0.19073243
0.19072205
0.19071929
0.19069247
0.19069152
0.19067335
0.19067281
0.19066781
0.19065315
0.19063857
0.19063722
0.19063665
0.19062392
0.19061138
0.19060722
0.19059783
0.1905811
0.19056329
0.19053476
0.19051795
0.19051659
0.19049397
0.19044213
0.19044094
0.19041905
0.1904017
0.19033657
0.19030382
0.1903016
0.19027792
0.1902731
0.19025697
0.19025573
0.19025323
0.19019207
0.19014108
0.19013709
0.190126
0.19011708
0.19011468
0.19009493
0.19009241
0.19007781
0.18997633
0.18996558
0.18994142
0.189927
0.1899211
0.18992065
0.18991524
0.18990831
0.18989292
0.18989232
0.18982771
0.18981636
0.1898113
0.18979669
0.18965432
0.18964444
0.18964092
0.18957883
0.18957138
0.18955742
0.18954301
0.18953969
0.18951817
0.1894994
0.18947406
0.18945676
0.18942273
0.18936293
0.18935484
0.18934253
0.18932441
0.18932386
0.18931736
0.18930244
0.18929559
0.18927637
0.18926147
0.18925698
0.18924838
0.18922052
0.18921804
0.1892083
0.18919814
0.18919191
0.18916771
0.18915224
0.18915118
0.18914385
0.1891187
0.1891187
0.18910952
0.18910743
0.18909197
0.1890693
0.18901698
0.18901633
0.18901302
0.18891221
0.18887335
0.18886733
0.18886401
0.18886271
0.18883497
0.18883342
0.18882596
0.18878494
0.18878494
0.1887531
0.18874043
0.18871653
0.1886776
0.18865623
0.18863139
0.18862559
0.1886056
0.18859787
0.1885931
0.18857276
0.18855976
0.188528
0.18848121
0.18847983
0.18847679
0.18843709
0.18840688
0.18833768
0.1883334
0.1882692
0.18826273
0.18824144
0.18823965
0.1882303
0.18819742
0.18817891
0.1881643
0.188098
0.1880801
0.18804368
0.18803146
0.18801773
0.18798204
0.18789712
0.18787433
0.18785816
0.1878201
0.18777284
0.18773966
0.18771824
0.18770625
0.18767738
0.18766728
0.18765646
0.18762808
0.18762381
0.1875975
0.1875338
0.18749395
0.18746872
0.18746556
0.18745114
0.18744966
0.18744715
0.18743655
0.18742377
0.18740663
0.18740346
0.18736291
0.18733498
0.18732087
0.18729752
0.18729548
0.1872817
0.18727201
0.18723321
0.18720865
0.18715982
0.18712926
0.18711105
0.18709266
0.18707265
0.1870676
0.18704307
0.18703063
0.18701926
0.18700762
0.18700652
0.1869995
0.18698612
0.1869661
0.18695596
0.18695407
0.1869132
0.18690798
0.18687998
0.18687297
0.18684757
0.18682434
0.1868217
0.18679978
0.18679442
0.18679038
0.1867363
0.1867342
0.18671975
0.18671969
0.18670034
0.18667255
0.18664835
0.1866437
0.18657139
0.18653037
0.18652081
0.18650329
0.18650079
0.18648197
0.1864797
0.18645632
0.1864278
0.18642366
0.18642117
0.18641278
0.18640223
0.18639359
0.18638216
0.18637435
0.18630157
0.18630107
0.18628545
0.18626873
0.18625575
0.18625137
0.18624888
0.18621887
0.18619339
0.18615597
0.18612076
0.18611972
0.18611574
0.18611518
0.18610589
0.18604651
0.18602933
0.1860119
0.18600717
0.18598603
0.18596314
0.18596244
0.18595985
0.18594822
0.18593739
0.18590441
0.18587299
0.18585047
0.1858028
0.1857772
0.18576814
0.18576208
0.18575008
0.18573305
0.18573081
0.18572229
0.18569069
0.18566293
0.18563682
0.18562225
0.1856152
0.18561393
0.18560399
0.18559723
0.18554725
0.18553805
0.18553561
0.18553543
0.18553163
0.18553114
0.18553089
0.1854982
0.18548733
0.18545511
0.1854471
0.1854345
0.18543361
0.18543223
0.18541296
0.18539341
0.18539135
0.18538739
0.18538228
0.18537875
0.18537655
0.1853607
0.1852981
0.18527275
0.18526319
0.18525566
0.18524846
0.18522877
0.18522446
0.18520091
0.18520008
0.18516132
0.18515897
0.18515806
0.18514429
0.1851284
0.1851147
0.18509707
0.18508556
0.18506941
0.18504885
0.18504691
0.18504594
0.18502796
0.18500535
0.18500252
0.18499005
0.18498293
0.18498047
0.18496585
0.18492165
0.18492056
0.18492056
0.18492056
0.18487877
0.1848785
0.18485428
0.18485263
0.18484177
0.1848379
0.18483326
0.18475103
0.18474407
0.18464135
0.18462327
0.18462026
0.18459818
0.18457974
0.18455875
0.18454066
0.18453237
0.18452281
0.18450008
0.1844827
0.18446979
0.18439732
0.18438028
0.18436068
0.18435046
0.18434916
0.18434268
0.18432403
0.18432347
0.184295
0.18428479
0.18427528
0.18418486
0.18417758
0.18414569
0.18414415
0.18412541
0.18412523
0.18412066
0.18406783
0.18406783
0.18405826
0.18403146
0.18401022
0.18399416
0.18399416
0.18399069
0.18398508
0.18397868
0.18397535
0.18394734
0.18394446
0.18391357
0.18389551
0.18389094
0.18388857
0.18388739
0.18388052
0.18387802
0.18386428
0.18385394
0.18384926
0.18384899
0.18383344
0.1838172
0.18379276
0.1837815
0.18378036
0.18377854
0.18377547
0.18375279
0.18374309
0.18374181
0.18373562
0.18372655
0.18370329
0.18368997
0.18367913
0.18365423
0.18364441
0.18363181
0.18363148
0.18362503
0.18360491
0.18357955
0.1835478
0.18352635
0.18352231
0.18351203
0.18350832
0.18347785
0.18345477
0.18343294
0.18342113
0.1833926
0.18338111
0.18337253
0.18337068
0.18335208
0.18332562
0.18331492
0.18330875
0.18330069
0.1832922
0.18328163
0.18327732
0.18324901
0.18324119
0.18323886
0.18322152
0.18321949
0.18321769
0.18320806
0.1831811
0.18317716
0.18315098
0.18314986
0.18314311
0.18314265
0.18313707
0.18312608
0.1831225
0.18309723
0.18308485
0.18302575
0.18301265
0.18300314
0.18298766
0.18298502
0.18298261
0.18297924
0.18297908
0.1829568
0.18295597
0.18294722
0.18293525
0.18289824
0.18288992
0.18286704
0.18286604
0.18286547
0.18285352
0.18284313
0.18278952
0.18278946
0.1827809
0.18276507
0.18273658
0.18272874
0.18272482
0.18270381
0.18270077
0.18269779
0.18267661
0.1826286
0.18262148
0.18257877
0.18254687
0.18252634
0.18250883
0.18249817
0.18246254
0.18245538
0.18245308
0.18243812
0.18243699
0.1824358
0.18241853
0.18241349
0.18241039
0.18240564
0.18240349
0.18240207
0.18238856
0.18238498
0.18235582
0.18235269
0.18231966
0.18230012
0.18229721
0.18227339
0.18226773
0.18225667
0.18225524
0.18225414
0.18225291
0.18222186
0.1821983
0.18219772
0.18218523
0.18217862
0.18214437
0.18214415
0.182138
0.18207097
0.18206535
0.18206453
0.18205854
0.182054
0.18204589
0.18203135
0.18202819
0.18202075
0.18200971
0.18199958
0.18199714
0.18199684
0.18199384
0.18199131
0.18197317
0.1819709
0.18196638
0.181959
0.18195751
0.1819545
0.18193108
0.18192029
0.18191542
0.18189463
0.18188761
0.18188244
0.1818722
0.18186906
0.18186797
0.18186626
0.18184945
0.18184026
0.18182325
0.18181866
0.18181089
0.18180592
0.18179837
0.18178628
0.1817771
0.18176806
0.18175144
0.18174829
0.18171728
0.18169181
0.18168995
0.18168221
0.18167777
0.18167613
0.18166324
0.18166324
0.18166189
0.18164663
0.18164067
0.18163586
0.18162653
0.1816067
0.18160222
0.18160164
0.181592
0.18153842
0.18153834
0.18152507
0.18149439
0.18148173
0.18147713
0.18147713
0.18147352
0.1814697
0.18145703
0.18145534
0.18145427
0.18144491
0.18143593
0.18138713
0.1813807
0.18136922
0.18136334
0.18136114
0.1813511
0.18135068
0.18134001
0.18132734
0.1813244
0.18131305
0.1813112
0.18130867
0.18129307
0.18129292
0.18126935
0.18126397
0.18126379
0.18126014
0.1812513
0.18124862
0.18123041
0.18122697
0.18122697
0.18122657
0.18122311
0.18122175
0.18121363
0.18120821
0.18119645
0.18119197
0.18119185
0.18118306
0.1811611
0.18115185
0.1811432
0.18112743
0.18110521
0.18109824
0.18109818
0.1810897
0.18106763
0.18105488
0.1810529
0.18103777
0.18101642
0.18101186
0.18099749
0.18099493
0.1809872
0.18096958
0.18095095
0.18094744
0.18094744
0.18094486
0.18094486
0.18093328
0.18090868
0.18089567
0.18089074
0.18087162
0.18086922
0.18084693
0.18083577
0.18081594
0.18079044
0.18077868
0.18076584
0.1807582
0.1807355
0.18072288
0.18070357
0.18066359
0.18060988
0.18059441
0.18058074
0.18057844
0.18057784
0.18055867
0.18054232
0.18053739
0.1805371
0.18051653
0.18051618
0.1805087
0.18050733
0.1805011
0.18047754
0.18046902
0.18045807
0.18045396
0.1804319
0.18042454
0.18042178
0.1804038
0.18039833
0.18037258
0.18036051
0.18035865
0.18035416
0.1803503
0.18032616
0.18030566
0.18028416
0.18028113
0.18025544
0.1802311
0.18020892
0.18020852
0.18018697
0.18018624
0.180186
0.18016267
0.18015467
0.18013951
0.180139
0.18011872
0.18011457
0.18010692
0.18009521
0.18007046
0.18005131
0.1800453
0.18003012
0.18001333
0.18001188
0.18000963
0.18000963
0.17994826
0.17993122
0.17992793
0.17992768
0.17991939
0.1799065
0.1798943
0.17989188
0.17988415
0.17987916
0.17987742
0.1798642
0.17985587
0.17985587
0.17985117
0.17984535
0.17983797
0.17983703
0.17983209
0.17982522
0.17981644
0.17980826
0.17980808
0.1797943
0.1797896
0.17978857
0.17978092
0.17977351
0.17975284
0.17974077
0.17973907
0.17973486
0.17973077
0.17973006
0.17972237
0.1797184
0.17971188
0.1796974
0.17969619
0.17968686
0.17967954
0.17964134
0.17963447
0.17961878
0.17961621
0.1795748
0.17957233
0.17957233
0.17954507
0.17950544
0.17950483
0.17949355
0.1794896
0.17947818
0.17946944
0.17946574
0.17942913
0.1794138
0.1794025
0.17939855
0.17939232
0.1793742
0.1793742
0.17937396
0.17937174
0.1793692
0.17936647
0.17934111
0.17932186
0.1792895
0.17928453
0.17927235
0.17926449
0.17925777
0.1792572
0.17924705
0.17924316
0.17921996
0.17921254
0.17921194
0.17920706
0.17918932
0.1791879
0.17917816
0.17917533
0.17914812
0.1791469
0.17914672
0.17914456
0.17914195
0.17914179
0.17912652
0.17911696
0.17910412
0.17909268
0.17908952
0.1790868
0.17908537
0.1790775
0.17907684
0.1790745
0.179064
0.17906043
0.17905916
0.17905737
0.17905375
0.17903554
0.17902564
0.17901649
0.17899297
0.17899181
0.17899035
0.1789885
0.17896223
0.17895415
0.17891197
0.17890996
0.17890932
0.17890836
0.1788757
0.17886919
0.17886497
0.17886072
0.17885776
0.17885609
0.17885609
0.17885433
0.17883186
0.17882086
0.17881806
0.17881367
0.17881013
0.1788048
0.17879657
0.1787802
0.178771
0.17876998
0.17874877
0.17873389
0.178733
0.1787321
0.17872798
0.17871523
0.17871484
0.17871432
0.17871068
0.1787042
0.17870355
0.17870212
0.17866173
0.1786525
0.1786447
0.17862833
0.1786241
0.17861822
0.17861554
0.17861483
0.17860419
0.17859071
0.17855375
0.17855081
0.17854802
0.17854525
0.17854117
0.1785272
0.17851424
0.17851402
0.1785045
0.17849225
0.17849019
0.17848033
0.1784766
0.17847393
0.17845336
0.17845176
0.17844954
0.17844447
0.17844163
0.17843862
0.17843638
0.17843194
0.17841695
0.1784124
0.17839922
0.17838754
0.17838094
0.17837402
0.17833416
0.17833093
0.17831822
0.17831728
0.17830072
0.17829478
0.17827779
0.17827389
0.17825677
0.17824125
0.17824088
0.17823666
0.17823525
0.17823128
0.17821814
0.17821506
0.1782124
0.17821208
0.17818907
0.17817336
0.17816722
0.17814815
0.17812572
0.17811039
0.178109
0.17810595
0.17809132
0.17807981
0.17807981
0.17805512
0.17804395
0.17803992
0.1780293
0.17801082
0.17799956
0.17799456
0.17799303
0.17799067
0.1779885
0.17796697
0.17796297
0.17796037
0.17794943
0.17794167
0.17793557
0.17793106
0.17791566
0.1779103
0.17790143
0.17789607
0.17789525
0.17788206
0.1778777
0.17787667
0.17786263
0.17783965
0.17782891
0.17782466
0.17782131
0.17779931
0.17779619
0.17778559
0.17776953
0.17775108
0.17774446
0.17773043
0.177711
0.17770523
0.17770132
0.17769967
0.17768931
0.17768584
0.17767861
0.1776766
0.17766126
0.17765294
0.17765172
0.17765085
0.1776452
0.17764176
0.1776299
0.17762697
0.17761657
0.17761417
0.17761233
0.17761141
0.17759946
0.1775809
0.17757921
0.177564
0.1775617
0.17755996
0.17755927
0.17755732
0.17752962
0.17752814
0.17751941
0.17751043
0.17749806
0.17748673
0.17745979
0.17745622
0.17745535
0.17743176
0.17741945
0.177418
0.17741676
0.17739941
0.17739616
0.1773781
0.17737713
0.17734967
0.17734243
0.17732243
0.17731892
0.1773075
0.17730708
0.17730424
0.17730205
0.17729868
0.17729142
0.17728372
0.17727055
0.17725396
0.17723978
0.17722656
0.1772203
0.17720906
0.17719986
0.17718893
0.17718655
0.17718655
0.17717835
0.17715526
0.17714342
0.17713611
0.17713211
0.1771295
0.17712541
0.17709717
0.17708807
0.17708659
0.17708302
0.17707868
0.17707513
0.17706986
0.17704596
0.1770175
0.17701618
0.17700545
0.17699198
0.17698337
0.17695841
0.17695211
0.17695095
0.17694965
0.17694803
0.17694572
0.17693822
0.176935
0.17693105
0.17692852
0.17692825
0.17692554
0.17691664
0.17691638
0.17690517
0.17690319
0.17690232
0.17690012
0.17688261
0.17687964
0.17687705
0.17687206
0.17686908
0.17683746
0.17681472
0.17681469
0.17679787
0.17679699
0.1767924
0.17679155
0.17678255
0.17678098
0.1767772
0.17675631
0.17673786
0.17673472
0.17672276
0.17671779
0.1767062
0.17669992
0.17669187
0.17668216
0.17668168
0.17667824
0.17666902
0.17665523
0.17665422
0.17665355
0.17665355
0.1766524
0.17664099
0.17664099
0.1766401
0.17663445
0.17662317
0.17661247
0.17660627
0.17658563
0.17658205
0.1765686
0.17656086
0.17655966
0.1765583
0.1765582
0.17655396
0.17654075
0.17653875
0.17653565
0.17653406
0.17653054
0.17652126
0.17651652
0.1764971
0.17649241
0.17649153
0.17648956
0.1764824
0.17647706
0.17647344
0.17647168
0.1764656
0.17643517
0.17642559
0.17642376
0.17642254
0.17641689
0.1763976
0.17637193
0.17636678
0.17636587
0.17635654
0.17633241
0.17632183
0.17630957
0.17630513
0.17630476
0.17630143
0.17630124
0.17629662
0.1762953
0.1762953
0.1762922
0.17627738
0.17626779
0.17626719
0.17625734
0.17625709
0.17625134
0.17624949
0.1762461
0.176241
0.1762406
0.17623915
0.17623475
0.17622913
0.17621756
0.17620948
0.17620797
0.17619929
0.1761957
0.17619371
0.1761873
0.17615964
0.1761583
0.17612915
0.17612241
0.17611232
0.1761119
0.17610729
0.1761064
0.17606954
0.17606868
0.17606267
0.17605697
0.17604333
0.17604254
0.17603979
0.17603514
0.17603181
0.17603154
0.17603074
0.17600358
0.17600347
0.17600247
0.17600028
0.17599389
0.17597033
0.17596851
0.17596559
0.17596087
0.17595018
0.17594454
0.17594345
0.17593424
0.17592926
0.1759237
0.17591509
0.17588778
0.1758868
0.17586942
0.17586517
0.17585965
0.17585894
0.17584577
0.17584261
0.17583175
0.17582944
0.17579803
0.17579454
0.17578715
0.17577837
0.17577575
0.17576863
0.1757651
0.17576246
0.17575607
0.17575227
0.17574756
0.17574146
0.1757263
0.17572169
0.17571282
0.17570886
0.17570294
0.17570184
0.17569563
0.17568761
0.17568399
0.17568055
0.17566678
0.17566659
0.17565733
0.17565468
0.17563944
0.17563483
0.17562516
0.17562477
0.17561333
0.17560498
0.1755959
0.1755795
0.1755554
0.17554775
0.17554168
0.17553085
0.17551444
0.17548561
0.17547332
0.1754668
0.17546047
0.17545818
0.17544205
0.17543852
0.175432
0.17543076
0.175409
0.1754088
0.17540853
0.17539674
0.1753962
0.1753872
0.17536053
0.17535728
0.17535329
0.17534877
0.1753365
0.17531541
0.17530924
0.17530671
0.17530246
0.17529969
0.17528653
0.17528506
0.175281
0.17526837
0.17525464
0.17525174
0.17524537
0.17522845
0.175228
0.17522478
0.17522186
0.17521381
0.17521319
0.17520426
0.17518903
0.17518163
0.17515789
0.1751563
0.17515182
0.17514414
0.17512143
0.17511784
0.17510362
0.17508125
0.1750717
0.17506787
0.17506413
0.17505781
0.1750454
0.17503835
0.17502739
0.17502604
0.17502458
0.175009
0.17500728
0.17500338
0.17499389
0.17498648
0.17498255
0.17497602
0.1749592
0.17495865
0.17495489
0.17494507
0.17492901
0.174929
0.1749288
0.17492774
0.17491266
0.17490435
0.17489213
0.17488655
0.17487895
0.17486365
0.17486311
0.17486063
0.17484452
0.17484412
0.17483553
0.1748338
0.17481966
0.1747914
0.17477381
0.1747689
0.17476343
0.17476194
0.17475264
0.17474242
0.17473885
0.17473465
0.17473376
0.17472942
0.17472924
0.17472102
0.17470923
0.17469981
0.17467186
0.17466764
0.17466635
0.17464168
0.17463925
0.17463775
0.17463054
0.17462917
0.17461702
0.17461437
0.17459151
0.17459056
0.17458625
0.17458165
0.17456628
0.17455669
0.17455457
0.17454545
0.17454545
0.17454399
0.17454335
0.17454335
0.17453551
0.17453492
0.1745235
0.17452338
0.17451662
0.17450768
0.17450374
0.17450209
0.17449954
0.17445856
0.17445204
0.17443399
0.17441805
0.17441076
0.17438602
0.17438118
0.17438118
0.17436291
0.17436104
0.17436013
0.1743546
0.1743506
0.17434998
0.17432357
0.17431854
0.17431195
0.17431195
0.17430644
0.1742797
0.17427686
0.17427681
0.17427078
0.17426783
0.17426169
0.17423426
0.17422853
0.17421879
0.17421843
0.17420372
0.1741853
0.17418116
0.17414929
0.17414665
0.17414509
0.1741446
0.17414024
0.17413549
0.17413093
0.17412893
0.17412451
0.17412333
0.1741201
0.17411077
0.17409515
0.17408733
0.17408681
0.17408577
0.17407732
0.1740658
0.17400454
0.1739965
0.17399473
0.1739894
0.17398456
0.17398204
0.17397918
0.17397815
0.17396821
0.1739616
0.17395712
0.17395513
0.17395481
0.17395313
0.17394048
0.173934
0.17393206
0.17392574
0.17391738
0.17391333
0.17390913
0.1739086
0.17390828
0.17390673
0.17390266
0.17389916
0.17389256
0.17388819
0.17388336
0.17388302
0.1738799
0.17387784
0.17387763
0.17387065
0.17384323
0.17384149
0.17384136
0.17383204
0.17379254
0.17379189
0.17378896
0.1737878
0.17378773
0.17377575
0.17377098
0.17375815
0.17375512
0.17374584
0.17374562
0.17372306
0.17371322
0.17370932
0.17370473
0.17370331
0.17369516
0.17368993
0.17367959
0.17367546
0.17365882
0.17364958
0.17364442
0.17364442
0.17364328
0.1736406
0.17363916
0.1736242
0.17362218
0.17361635
0.17361252
0.17360316
0.17360248
0.17360054
0.17359346
0.17358641
0.17357787
0.17357787
0.17357787
0.1735607
0.17354687
0.17353944
0.17353638
0.17351852
0.17350744
0.173499
0.17346217
0.17346025
0.17345735
0.17345399
0.173444
0.17344198
0.17343313
0.17343023
0.17341724
0.17341654
0.17339374
0.17339323
0.1733893
0.17336623
0.17335095
0.17334686
0.17334625
0.17334561
0.17333429
0.17333195
0.17332914
0.17332847
0.17331877
0.17331268
0.1733061
0.17329809
0.17328675
0.17328194
0.1732805
0.1732707
0.17327036
0.17327012
0.17326015
0.17325923
0.17324185
0.17323947
0.17323929
0.1732374
0.173227
0.17322017
0.17321688
0.17321421
0.17321303
0.173212
0.17320624
0.17320278
0.17320152
0.17319432
0.17318635
0.17317782
0.17316273
0.17315847
0.17315714
0.17315133
0.17314847
0.17314598
0.17313726
0.17313643
0.1731298
0.17311274
0.17310922
0.17310224
0.17310123
0.17310123
0.17308936
0.17308557
0.17305243
0.17304626
0.17303938
0.17303663
0.17303367
0.17303355
0.1730227
0.17302208
0.1730199
0.17301345
0.17301334
0.172996
0.17299256
0.17298265
0.17297816
0.17297764
0.1729764
0.1729605
0.17295562
0.17294824
0.17292742
0.17292482
0.17291535
0.17291042
0.17290767
0.17290767
0.17290734
0.17290597
0.17290498
0.17289387
0.1728902
0.1728896
0.17287837
0.17287591
0.17287235
0.17287101
0.17285162
0.17284536
0.1728444
0.17283954
0.17283097
0.17282648
0.17282505
0.1728165
0.17281547
0.17280501
0.1727982
0.17279649
0.17278221
0.17277743
0.1727744
0.1727704
0.1727704
0.17276272
0.1727597
0.17275476
0.17275311
0.17273985
0.17273985
0.17273389
0.17272872
0.17272076
0.17270967
0.1727047
0.17270076
0.1727001
0.17269488
0.17269033
0.17268364
0.17267291
0.17265299
0.17265067
0.17264189
0.17263742
0.17263076
0.17261824
0.17261647
0.17261223
0.17260957
0.17260368
0.17259167
0.17258714
0.1725866
0.17258368
0.17257568
0.17256565
0.17256042
0.17254587
0.17254291
0.1725406
0.17253977
0.17253941
0.17252928
0.17252095
0.17251338
0.17251235
0.17249958
0.17248985
0.1724869
0.1724847
0.17248036
0.17247255
0.1724702
0.17246825
0.17246825
0.17246348
0.1724573
0.17245604
0.17244539
0.17244336
0.17244312
0.1724399
0.17243528
0.17243212
0.17242447
0.17242335
0.17241326
0.17240877
0.17240296
0.17240253
0.17238697
0.17238562
0.1723816
0.17238095
0.1723769
0.17237629
0.17237274
0.17236488
0.17234626
0.17232184
0.17232184
0.17231093
0.1722925
0.17229202
0.1722912
0.17229111
0.17228802
0.17227298
0.17226389
0.1722508
0.17224552
0.17224383
0.17223413
0.17221761
0.17220983
0.17220634
0.17220344
0.17219879
0.17219073
0.172178
0.17216733
0.17216703
0.1721669
0.17215784
0.17215668
0.1721498
0.1721498
0.1721421
0.17214078
0.17213911
0.17213744
0.17213675
0.17213264
0.1721299
0.17211477
0.17210823
0.17210388
0.17210284
0.17210011
0.17208283
0.17207743
0.17207351
0.17206952
0.17206231
0.17205647
0.17205177
0.17204939
0.17204721
0.17204309
0.17204261
0.17204106
0.17203143
0.17201558
0.17201406
0.17199141
0.17198816
0.1719708
0.17197038
0.17196572
0.1719657
0.17196466
0.17196162
0.17196134
0.17196003
0.1719565
0.17195489
0.17195477
0.17195342
0.1719451
0.1719451
0.17193857
0.17192608
0.17192332
0.17192246
0.17191863
0.17191501
0.17191376
0.1719125
0.17190252
0.17190143
0.17189904
0.17189768
0.17189424
0.17189166
0.17188275
0.17186782
0.17186166
0.17185327
0.17184767
0.17184456
0.17184192
0.17182747
0.17182663
0.17182101
0.17181982
0.17181495
0.17180996
0.17180637
0.17179687
0.17179523
0.17179416
0.17178093
0.17176928
0.17176352
0.17176344
0.17176108
0.17176037
0.17175771
0.1717571
0.1717571
0.17175318
0.17175059
0.17174801
0.17174774
0.17174262
0.17172797
0.17171974
0.17170864
0.17170577
0.17169836
0.17169514
0.17169295
0.17168993
0.17168935
0.17168732
0.17168342
0.17168026
0.17167579
0.17167448
0.17166945
0.17166466
0.17165528
0.17165518
0.17164949
0.17164223
0.1716413
0.1716376
0.17163573
0.17163377
0.17162934
0.17162709
0.17162628
0.17161636
0.17160915
0.17159857
0.17159623
0.17158942
0.17158727
0.17157397
0.17157288
0.1715702
0.17156354
0.1715607
0.1715606
0.1715602
0.17155841
0.17155236
0.17155008
0.17154297
0.17152968
0.17152435
0.17151904
0.17151345
0.17150165
0.17149957
0.1714976
0.17149624
0.17148866
0.1714602
0.17144127
0.17144063
0.17143211
0.17140652
0.17138852
0.17138512
0.17138435
0.17137702
0.17137386
0.17133206
0.17131448
0.17131111
0.17129792
0.1712929
0.17129223
0.17129098
0.17128696
0.17128667
0.17127249
0.17126733
0.17125836
0.17125583
0.17125523
0.17124294
0.1712334
0.17123339
0.1712226
0.17122252
0.1712051
0.17119442
0.17117558
0.17117263
0.17117068
0.17116757
0.17115718
0.17115015
0.17114913
0.1711358
0.17111859
0.17111504
0.17110603
0.17110479
0.17109749
0.17109437
0.1710911
0.17108974
0.17108616
0.17108616
0.17106567
0.17105927
0.17105827
0.17105563
0.17104518
0.1710421
0.1710421
0.1710421
0.17103398
0.1710266
0.17102453
0.17101945
0.17101684
0.17101216
0.17100799
0.17100044
0.17099364
0.17098685
0.17098092
0.17097647
0.17097558
0.17097117
0.17097008
0.17097008
0.17096998
0.17096263
0.17096227
0.17096224
0.17096223
0.17093799
0.17093761
0.17093453
0.17093447
0.17093122
0.17092901
0.17092879
0.17092839
0.17092647
0.17092092
0.17091909
0.17091848
0.17091636
0.170914
0.17090535
0.17090325
0.17089616
0.17088519
0.17088409
0.17087223
0.17086135
0.17085117
0.17084786
0.17084579
0.17083177
0.17083094
0.17082721
0.17082274
0.17081384
0.17081
0.17080422
0.17079931
0.1707945
0.1707889
0.1707638
0.17076147
0.17075284
0.17075197
0.17074502
0.17074361
0.1707417
0.17071651
0.17070772
0.17070685
0.17070591
0.17070535
0.17070419
0.17069876
0.1706963
0.1706963
0.17069113
0.17068955
0.17068775
0.1706863
0.17068069
0.17067723
0.17067443
0.17065792
0.17065284
0.1706458
0.17063646
0.17063418
0.170632
0.1706316
0.17062712
0.17062578
0.17062186
0.17061725
0.17061561
0.17061251
0.17061199
0.17060873
0.17060868
0.17060651
0.17060296
0.17060266
0.17058356
0.17056106
0.17055905
0.17054349
0.17054234
0.17054221
0.170538
0.1705366
0.17053533
0.17052305
0.17051302
0.17050168
0.17050141
0.17049812
0.17049032
0.17048937
0.17048836
0.17048687
0.17047569
0.17044234
0.1704405
0.1704402
0.17043294
0.17043014
0.17042762
0.17042664
0.17042108
0.17041342
0.17039908
0.17039216
0.17038783
0.17038167
0.17038137
0.17037968
0.17037287
0.17036465
0.17035547
0.17034706
0.17033966
0.17033929
0.17033836
0.17031863
0.17031603
0.17031085
0.17030075
0.17029528
0.17027622
0.17027046
0.17026779
0.17025131
0.17025013
0.17024691
0.17022279
0.1702079
0.17020595
0.17020409
0.17019635
0.17019531
0.17019193
0.17017381
0.17016329
0.17015992
0.17015658
0.1701532
0.17012896
0.17012727
0.17012417
0.17012072
0.1701181
0.1701181
0.17011547
0.17011464
0.17011316
0.17011303
0.17008814
0.17008583
0.17008162
0.17006378
0.1700637
0.17006184
0.17005697
0.17005327
0.17004384
0.1700385
0.17003193
0.17003153
0.17002913
0.17002065
0.17001365
0.17001164
0.17000954
0.16999672
0.16997798
0.16997468
0.16997176
0.16995418
0.16995181
0.16994138
0.16992901
0.16991715
0.16991438
0.16991334
0.16990909
0.16990682
0.16990076
0.16988958
0.16988748
0.16988695
0.16988488
0.1698839
0.1698828
0.16987802
0.16987802
0.16987477
0.16987395
0.16986993
0.16986316
0.16985804
0.16985594
0.16983014
0.16982974
0.16982895
0.16981822
0.16981304
0.16980596
0.16979147
0.16978346
0.16978154
0.16978031
0.1697801
0.1697687
0.1697626
0.16974881
0.16973498
0.16973405
0.16973248
0.16973132
0.16971338
0.16970089
0.16969681
0.16968986
0.16966517
0.16966434
0.16965955
0.16965955
0.16965786
0.16965055
0.16964874
0.16964541
0.16964385
0.16964294
0.16962716
0.16962554
0.16961412
0.16961412
0.16961205
0.16960824
0.16960557
0.16959272
0.1695782
0.16956732
0.16956416
0.16956231
0.16953912
0.16953237
0.16951804
0.16950846
0.16950649
0.16949694
0.1694956
0.16949469
0.16948554
0.16948505
0.16948196
0.16948104
0.16947877
0.1694785
0.16947688
0.16947097
0.16946183
0.16945985
0.169457
0.16945007
0.16944805
0.16944186
0.16943678
0.16943021
0.16942649
0.16942526
0.16941993
0.16940889
0.16940553
0.16939962
0.1693961
0.16939503
0.16939399
0.16938794
0.1693736
0.16937307
0.16935277
0.16935256
0.16935162
0.16934215
0.1693308
0.16933039
0.16929568
0.1692945
0.16928753
0.1692845
0.16928422
0.16928034
0.16927801
0.16927248
0.16925813
0.16924095
0.16923964
0.16923916
0.1692373
0.169234
0.1692209
0.16922082
0.16920827
0.16920312
0.16919881
0.16918123
0.16917476
0.16915604
0.16915561
0.16914862
0.16913995
0.16913128
0.16912553
0.16911434
0.16911304
0.16911215
0.16910018
0.1690965
0.16909611
0.1690941
0.16909052
0.16908674
0.16908315
0.16907349
0.16906855
0.16906479
0.16905129
0.16904934
0.16904934
0.16903856
0.16903712
0.16903712
0.16903251
0.16902758
0.16902527
0.16902477
0.16902298
0.1690171
0.16901158
0.16900988
0.16900073
0.16899233
0.16899028
0.16897629
0.16896088
0.16895667
0.16895634
0.1689559
0.16895081
0.16894616
0.16894281
0.16893932
0.16892928
0.16892037
0.1689062
0.16890259
0.1688965
0.16889518
0.16888851
0.16888738
0.16888598
0.1688842
0.16887206
0.16886415
0.16885737
0.16884896
0.16884871
0.16884562
0.168842
0.16884157
0.16884011
0.16882502
0.16882448
0.16881314
0.16881289
0.16881223
0.16880381
0.16880144
0.16880043
0.168795
0.16879375
0.16879179
0.16879135
0.16878732
0.16877608
0.16877608
0.16877188
0.16876711
0.16876274
0.16876228
0.16875564
0.1687518
0.16875029
0.16874756
0.16874714
0.16874582
0.16874582
0.16874582
0.16872948
0.16872597
0.16872485
0.16872233
0.16871956
0.16871437
0.16870993
0.16870861
0.16870697
0.1687024
0.1687024
0.16869906
0.16869438
0.16869368
0.168689
0.1686853
0.16867405
0.16867398
0.16866793
0.16866416
0.16864796
0.16864464
0.16864176
0.16864124
0.16862781
0.16860603
0.16860218
0.1685971
0.16858827
0.16857217
0.16856663
0.1685544
0.16854672
0.16853228
0.16853087
0.16852468
0.16852336
0.16852006
0.1685088
0.1684932
0.16848978
0.16848697
0.16848257
0.16847989
0.16847774
0.16847567
0.16847546
0.16847543
0.16847436
0.16847436
0.16847149
0.16845626
0.16845542
0.16844806
0.16844411
0.1684429
0.16844122
0.16843344
0.16841586
0.16841403
0.16840895
0.1684079
0.16840158
0.16839278
0.168389
0.16838542
0.16838542
0.16838542
0.16838416
0.16837785
0.16837476
0.16836873
0.16835968
0.1683534
0.16835316
0.16834748
0.16834714
0.16834153
0.16834053
0.16833903
0.1683358
0.16833448
0.16832732
0.16832551
0.16831903
0.16831556
0.16830796
0.16830748
0.16829601
0.16829601
0.16828896
0.16827211
0.16826873
0.1682633
0.16826217
0.16825679
0.16825223
0.16824591
0.16823478
0.16821931
0.1682131
0.16820823
0.1682078
0.16820256
0.16819985
0.16819094
0.16818471
0.16818441
0.1681785
0.16816697
0.1681666
0.1681666
0.1681546
0.16815029
0.1681444
0.16814055
0.1681309
0.16812521
0.16811511
0.16811347
0.16810861
0.16809067
0.168081
0.16807319
0.16807298
0.1680706
0.16806537
0.16805805
0.16805805
0.1680565
0.16804217
0.16803823
0.16803668
0.16803478
0.16803174
0.1680292
0.16802837
0.16802816
0.16802748
0.16802396
0.16802
0.16800748
0.16800532
0.16799814
0.16799796
0.16799527
0.16799378
0.16798915
0.1679867
0.167986
0.16797484
0.16797115
0.16796798
0.16796575
0.16796477
0.16796477
0.16795151
0.16794346
0.16793619
0.16793552
0.16792764
0.16792656
0.16792217
0.1679136
0.16791062
0.16791062
0.16790998
0.16789533
0.16789533
0.16789533
0.16788745
0.16788253
0.16787899
0.16787834
0.16786267
0.16786139
0.16785859
0.16785611
0.1678472
0.16783242
0.16783038
0.1678168
0.16779992
0.16779426
0.16779253
0.16779001
0.16779001
0.16777954
0.16776796
0.16776636
0.1677596
0.16775468
0.16775084
0.16774786
0.167737
0.16773541
0.16773202
0.16770573
0.16770385
0.16770257
0.16770145
0.16770035
0.167698
0.16768348
0.16767618
0.16766849
0.16766049
0.16765861
0.16765112
0.16764472
0.16763963
0.16763519
0.16762464
0.16762254
0.16762207
0.16761637
0.16760945
0.16760454
0.16759792
0.16759759
0.16759203
0.16759174
0.1675812
0.16757065
0.16757065
0.16756223
0.16755283
0.16755195
0.16755125
0.16754864
0.16754594
0.16754211
0.16753393
0.16753356
0.16753162
0.16752979
0.16752295
0.16751324
0.16749679
0.16749147
0.1674908
0.16748914
0.16748883
0.1674823
0.16746
0.16745794
0.16745766
0.1674486
0.16744778
0.167444
0.16744202
0.16742794
0.16742359
0.16742167
0.16740267
0.16740048
0.1673994
0.16739824
0.16739725
0.16739692
0.16739646
0.16739526
0.1673934
0.16739118
0.16738936
0.16738155
0.16738021
0.16738012
0.16737466
0.16737066
0.16737066
0.16736938
0.16736653
0.16736595
0.16736463
0.16735798
0.16733588
0.16733262
0.167329
0.16732226
0.16730963
0.1673068
0.1673034
0.16729674
0.16729477
0.16729443
0.16729268
0.16729213
0.16729113
0.16726586
0.16725053
0.16724418
0.16723031
0.16721758
0.16720288
0.16719149
0.1671899
0.1671862
0.16718441
0.16718404
0.16716607
0.16716447
0.16715398
0.16715339
0.16715142
0.16714522
0.16713987
0.16713816
0.16712102
0.16711254
0.16709842
0.16708845
0.16707888
0.16707765
0.1670597
0.16704203
0.1670377
0.16702946
0.16702278
0.16702011
0.16701256
0.1670098
0.16700274
0.16700205
0.16698664
0.16698508
0.16696943
0.16696711
0.1669418
0.16693252
0.16689818
0.16689464
0.16689217
0.16689081
0.1668854
0.16688286
0.16688275
0.1668806
0.16687332
0.16687016
0.16686834
0.16685541
0.16684501
0.1668362
0.16683452
0.16682938
0.16682625
0.16681632
0.16680734
0.16680442
0.16680247
0.16679443
0.16679086
0.1667872
0.166783
0.16678263
0.16677473
0.16676243
0.1667582
0.16675809
0.16675718
0.16675447
0.16674481
0.16674276
0.16672258
0.16672139
0.16669525
0.1666907
0.1666828
0.16667105
0.1666708
0.16666934
0.16666143
0.16666079
0.16665623
0.16664836
0.16664042
0.16663896
0.16661718
0.16660896
0.16660528
0.16659914
0.1665957
0.16659015
0.16658741
0.16658461
0.16657907
0.16657664
0.1665756
0.16656981
0.16656657
0.16656156
0.16655985
0.16655985
0.16655259
0.16654539
0.16654024
0.16651607
0.16651203
0.16650967
0.16650634
0.16649513
0.16648827
0.16648708
0.16648501
0.16648477
0.16648477
0.16647851
0.16647851
0.1664728
0.16647144
0.16646808
0.1664675
0.16646203
0.16645667
0.16644388
0.16643819
0.16643813
0.1664332
0.16641943
0.16641897
0.166407
0.16640487
0.1663855
0.16637273
0.16636461
0.16636056
0.16636015
0.16633686
0.16633654
0.16633068
0.16632292
0.16630986
0.16630797
0.16629963
0.16629921
0.16629288
0.16629194
0.16629113
0.16629107
0.16628185
0.16627383
0.1662716
0.16626565
0.16624828
0.16624399
0.16623498
0.16623199
0.16622019
0.1662169
0.16620848
0.16620456
0.16620182
0.16619837
0.16619118
0.16618702
0.16618232
0.16616878
0.16616593
0.1661658
0.16614936
0.1661485
0.16614325
0.16612737
0.16612312
0.16612205
0.16612054
0.16611789
0.16611184
0.16610873
0.16609733
0.16609378
0.16609345
0.16608357
0.16607703
0.1660745
0.16607425
0.16607425
0.16606499
0.16606379
0.16605571
0.16605031
0.16603911
0.1660329
0.16603148
0.16603024
0.16601579
0.16601142
0.16601065
0.16599981
0.16598208
0.1659802
0.16597898
0.16596727
0.16595195
0.1659452
0.1659385
0.16593695
0.16593535
0.16593535
0.16593137
0.16593064
0.1659301
0.16592558
0.1659229
0.16591507
0.16591068
0.16590972
0.1658951
0.16589059
0.16588855
0.16588831
0.16588688
0.16588555
0.1658809
0.16587871
0.16587089
0.16586502
0.1658618
0.16585928
0.16585779
0.16585007
0.16584226
0.1658343
0.16582309
0.16581954
0.16581771
0.16581266
0.16581218
0.1658076
0.1657952
0.16578881
0.16577663
0.16576838
0.1657619
0.16575791
0.16575542
0.16574875
0.16574596
0.16574493
0.16574003
0.1657377
0.16573648
0.16572525
0.16571492
0.16569674
0.16568436
0.16568273
0.16567641
0.1656697
0.16566615
0.16566044
0.16564986
0.16564986
0.16564888
0.16564867
0.16563931
0.1656253
0.16561797
0.16560964
0.16560933
0.165595
0.16559212
0.16559091
0.1655849
0.16557778
0.1655683
0.16556713
0.16555874
0.16555704
0.16555366
0.16555314
0.16554824
0.16554618
0.16551545
0.16549605
0.16549537
0.16548665
0.16548428
0.16547434
0.16546445
0.16545686
0.16545504
0.16545504
0.1654393
0.1654318
0.16542879
0.16542286
0.16541755
0.16540597
0.16540156
0.16539297
0.16538708
0.16538692
0.16538313
0.16538014
0.16537954
0.16537853
0.16537826
0.16537714
0.16537042
0.16536233
0.1653606
0.16535065
0.16534135
0.16533414
0.16532998
0.1653279
0.16532525
0.16532105
0.16531636
0.16530438
0.16528928
0.165287
0.16527341
0.16526777
0.16525696
0.16525358
0.16525301
0.16524917
0.1652437
0.16524246
0.16523987
0.1652346
0.16522896
0.16522853
0.1652234
0.16521184
0.16520092
0.1651899
0.16518117
0.16516776
0.16515993
0.16514657
0.1651429
0.16512582
0.16511966
0.16510177
0.16509598
0.16508666
0.1650854
0.16508335
0.16508055
0.16507629
0.16506572
0.16505127
0.16504902
0.16503641
0.16502707
0.16502571
0.16501862
0.16499582
0.16498944
0.16498423
0.16498119
0.1649797
0.16497953
0.1649784
0.16497357
0.16497283
0.16496922
0.16496038
0.16495708
0.16494936
0.16494268
0.1649414
0.16493972
0.16492277
0.16492224
0.16491847
0.16491759
0.16490476
0.16490184
0.16490121
0.16489978
0.16489957
0.16489112
0.16488981
0.16488945
0.16488418
0.16487682
0.16487457
0.16487457
0.16486928
0.16486864
0.16486454
0.16486135
0.16485979
0.16485979
0.16485566
0.16485038
0.16484724
0.16483414
0.16482873
0.1648262
0.16482045
0.16481732
0.1648147
0.16481458
0.16479497
0.16479003
0.16478512
0.16478413
0.16477813
0.16477019
0.16476224
0.16476032
0.16475633
0.16475184
0.16474585
0.16474535
0.16474217
0.1647421
0.16473997
0.16473526
0.16472082
0.16470182
0.16469626
0.16469626
0.16468939
0.16468473
0.1646788
0.16465779
0.16465758
0.16464567
0.16464256
0.16464181
0.16464011
0.16463603
0.16462857
0.16462691
0.16462082
0.16462082
0.16461721
0.16460826
0.16460498
0.16459997
0.1645994
0.16459434
0.1645895
0.16458862
0.16458698
0.16458698
0.16457438
0.164568
0.16455495
0.1645538
0.16455196
0.16455115
0.16454433
0.16454391
0.16454391
0.16454388
0.16453917
0.16453104
0.16452922
0.16451928
0.16451877
0.1645092
0.16450606
0.16450165
0.1644987
0.16449629
0.1644943
0.16448694
0.16447715
0.16447434
0.16446197
0.16445442
0.16445121
0.16444509
0.16443156
0.1644271
0.16441715
0.16440834
0.16439818
0.16437984
0.16437757
0.16437218
0.16436687
0.1643649
0.1643592
0.1643592
0.16435513
0.16434352
0.16433442
0.16432974
0.16432053
0.16431835
0.16430472
0.1642999
0.16429481
0.16429113
0.16428348
0.1642763
0.16424824
0.16424146
0.16423933
0.16422798
0.16421568
0.16421518
0.16420834
0.16419737
0.16419224
0.16418535
0.16418488
0.164176
0.1641682
0.16416734
0.16415845
0.16415665
0.1641388
0.1641382
0.16413552
0.16412462
0.16410097
0.1640976
0.16409685
0.16409534
0.1640923
0.16407512
0.16407157
0.16406985
0.16404486
0.16402566
0.16402489
0.16402316
0.16402316
0.16402255
0.16400972
0.16400306
0.16399586
0.16399436
0.16398546
0.16398393
0.16398145
0.163974
0.16397026
0.16396749
0.16396725
0.16396023
0.163946
0.163946
0.16393718
0.16393647
0.16393448
0.16392288
0.16391072
0.16391054
0.16390954
0.163896
0.1638838
0.16388248
0.16387755
0.1638747
0.1638742
0.16387153
0.1638654
0.16386415
0.16385245
0.16384885
0.16384174
0.16383396
0.1638306
0.16382946
0.16382779
0.16382527
0.16380608
0.16380608
0.16380559
0.1637925
0.1637925
0.1637925
0.16379088
0.16378598
0.16378592
0.16377743
0.16377419
0.16377383
0.16376589
0.16376492
0.16376193
0.16376047
0.16376035
0.16375743
0.16375743
0.16375022
0.163745
0.16373403
0.1637203
0.16371843
0.1637151
0.1637137
0.16371293
0.16369285
0.16368707
0.163684
0.16367857
0.16366445
0.16366261
0.16364992
0.16363287
0.16363019
0.16361988
0.1636163
0.16361104
0.16360682
0.16360405
0.1636029
0.16359761
0.16359666
0.16359548
0.1635954
0.16359182
0.16359104
0.16358455
0.16357139
0.16356805
0.16356497
0.16356352
0.1635536
0.16354942
0.16354738
0.16354363
0.16354129
0.1635352
0.1635352
0.16353108
0.16352312
0.16349973
0.16349156
0.16348992
0.16348659
0.16348091
0.16347961
0.16347216
0.16346344
0.1634497
0.1634497
0.16344422
0.16343188
0.16342257
0.16342019
0.16342007
0.16341692
0.1634103
0.16340955
0.16340917
0.16340876
0.16340598
0.16339514
0.16338675
0.16337955
0.16337307
0.16336931
0.16334134
0.16333874
0.16333868
0.16333021
0.16333018
0.16332921
0.16332267
0.16332091
0.16331118
0.16328526
0.16328429
0.16327333
0.16326188
0.16325687
0.16325462
0.16324887
0.16323534
0.16322319
0.16321991
0.16320524
0.16320351
0.16320235
0.16320004
0.16319795
0.1631927
0.16319261
0.16319142
0.16319056
0.16318339
0.16318278
0.16318135
0.16317333
0.1631637
0.16315526
0.1631548
0.1631548
0.16315418
0.16315114
0.16313347
0.16312285
0.16311066
0.16310787
0.16310419
0.1631021
0.16309687
0.1630922
0.16307019
0.16305226
0.16305152
0.16304904
0.16304487
0.16303216
0.16303068
0.16302302
0.16302054
0.16302045
0.16301614
0.16301478
0.16300832
0.16298197
0.16297941
0.16297683
0.16297576
0.16297181
0.1629686
0.16294663
0.16294008
0.16293289
0.16293205
0.16292723
0.16292559
0.16292517
0.1628985
0.16289712
0.16289563
0.16289338
0.16288555
0.16286772
0.16285554
0.16284828
0.16283832
0.16283052
0.16282654
0.16282512
0.16280298
0.16279984
0.16279984
0.16279984
0.1627963
0.16277477
0.1627612
0.16275509
0.1627541
0.16273564
0.16273035
0.16272256
0.16270697
0.16270241
0.1627023
0.1627023
0.16268551
0.1626763
0.16266923
0.16266601
0.1626615
0.16264875
0.16264461
0.16264454
0.16264133
0.16261202
0.16258295
0.16258249
0.1625801
0.16257575
0.16257343
0.16257301
0.16257161
0.1625673
0.16256627
0.16256459
0.16256037
0.16255313
0.16254987
0.16253275
0.1625315
0.16253136
0.1625311
0.1625231
0.16252068
0.16250195
0.162499
0.16247924
0.16247554
0.16246344
0.16245319
0.16244557
0.16244088
0.16243285
0.16242722
0.16242272
0.16241796
0.16241482
0.16241173
0.16240852
0.16240716
0.16240647
0.16240306
0.1623932
0.1623932
0.16238862
0.16238576
0.16238524
0.16238078
0.16237617
0.16235788
0.16235471
0.16235055
0.16235055
0.16234079
0.1623285
0.16231684
0.16231129
0.16230199
0.16228588
0.16228588
0.16228268
0.16227949
0.16227363
0.16226186
0.16225554
0.162255
0.16225296
0.16224751
0.16224629
0.16224393
0.16224279
0.16224001
0.16224001
0.16223577
0.16223226
0.16223122
0.16222686
0.1622265
0.16222404
0.16222161
0.16221382
0.16218917
0.16217682
0.16215405
0.16215056
0.16214204
0.1621384
0.16211149
0.16211149
0.16210634
0.16210145
0.16209969
0.16209947
0.16209853
0.16208929
0.16206232
0.16206148
0.16205738
0.16205738
0.16205575
0.16205536
0.16204844
0.16204551
0.16203207
0.1620246
0.16201769
0.16200504
0.16198823
0.16198464
0.16198255
0.16197173
0.16197126
0.16196287
0.16195466
0.16194957
0.16194314
0.16194096
0.16193564
0.16193129
0.16193043
0.16192275
0.16191076
0.16190451
0.16190198
0.1618962
0.16189203
0.16188538
0.16188322
0.16188246
0.16188121
0.16187222
0.16187125
0.16186549
0.16184421
0.16183095
0.16182683
0.16182338
0.16182135
0.16180995
0.16180432
0.16180173
0.16178931
0.16178751
0.16178164
0.16177462
0.16176479
0.16175833
0.1617303
0.1617233
0.16172248
0.16171749
0.16170816
0.16169639
0.16169536
0.16169518
0.16169351
0.16168968
0.16168885
0.16167307
0.16166532
0.16166496
0.16166179
0.161655
0.16165371
0.16164961
0.16164023
0.16162927
0.16162539
0.16161397
0.16159858
0.16159081
0.1615868
0.16157758
0.16157383
0.16157177
0.16157028
0.16156995
0.1615569
0.1615521
0.16154516
0.16152003
0.16151875
0.1615069
0.1615069
0.16150472
0.16150211
0.16150014
0.16149338
0.16149303
0.16148731
0.16148542
0.16148108
0.16147631
0.16147347
0.16147308
0.1614709
0.1614709
0.16145846
0.16145681
0.16145656
0.16145632
0.16145068
0.16144593
0.16144373
0.1614427
0.1614427
0.16144176
0.16144156
0.161439
0.16142577
0.16142158
0.1614215
0.16141859
0.16141705
0.16141453
0.16141114
0.16140175
0.16139904
0.16139598
0.16139598
0.16139589
0.16139564
0.16137256
0.16137233
0.16137065
0.16135715
0.16135697
0.16134591
0.16134234
0.16133884
0.16133833
0.16133767
0.16133662
0.16132894
0.16131425
0.16131029
0.16128406
0.1612838
0.16125314
0.16123943
0.16123801
0.16123444
0.16122945
0.16122307
0.16120358
0.1611956
0.1611824
0.1611824
0.16118135
0.16116196
0.16115646
0.16114993
0.16113867
0.16113214
0.16112494
0.16111769
0.16111475
0.16110462
0.16110274
0.16109249
0.16109057
0.1610747
0.16107288
0.16106951
0.161057
0.16105327
0.16104802
0.16104001
0.1610382
0.16103776
0.16101487
0.16101244
0.16100988
0.16100146
0.16099057
0.16098775
0.16094701
0.16093843
0.16092147
0.16091788
0.16091664
0.1609136
0.16089821
0.16089238
0.16088545
0.1608817
0.16087799
0.16087724
0.16086794
0.16086406
0.16085884
0.16083805
0.16083805
0.16083145
0.16082025
0.16081537
0.16081516
0.1607896
0.1607763
0.16077098
0.16077009
0.16076009
0.1607539
0.1607388
0.16073477
0.16073439
0.16073316
0.16071531
0.16070622
0.16070615
0.16070142
0.16068506
0.16066357
0.16065851
0.16063389
0.16063178
0.16062768
0.16060837
0.16060312
0.16059965
0.16059923
0.16057767
0.16057226
0.16056038
0.16055937
0.16053486
0.1605302
0.16052857
0.16052848
0.1605089
0.16050787
0.1605027
0.16050248
0.16050208
0.16050208
0.16048503
0.16048482
0.16048008
0.16047065
0.16045699
0.16044267
0.16044216
0.1604367
0.16043334
0.16042982
0.16042234
0.1604212
0.16039033
0.1603871
0.16038018
0.16036467
0.16035861
0.16035578
0.1603467
0.16034518
0.1603392
0.16033897
0.16032995
0.16031232
0.1603111
0.16029586
0.16029161
0.16029094
0.16028461
0.16028231
0.16027474
0.16026136
0.16025545
0.16024275
0.16021822
0.16021232
0.16019864
0.16019519
0.16018036
0.16016765
0.160165
0.16014868
0.16013916
0.160128
0.16012652
0.16010988
0.16010937
0.16010909
0.16010569
0.16008103
0.1600734
0.16007103
0.16006859
0.16006833
0.16004816
0.16004714
0.16001362
0.1600081
0.16000392
0.16000152
0.15999162
0.15998948
0.15998948
0.15998948
0.15998897
0.1599804
0.15997382
0.15996748
0.15994804
0.15994473
0.15993996
0.15993996
0.15993996
0.1599058
0.15990227
0.15989824
0.15989189
0.15986583
0.15986419
0.15985353
0.15985163
0.15983035
0.15981396
0.15979168
0.15979126
0.15977399
0.15977205
0.15976927
0.1597683
0.15976025
0.15972485
0.15971224
0.15969986
0.15969682
0.15967388
0.15966783
0.15966614
0.15966614
0.15965237
0.15964328
0.15964201
0.15963323
0.15962887
0.15961882
0.15961632
0.15960087
0.15959819
0.15959497
0.15958922
0.15958317
0.15957297
0.15957077
0.15956
0.15955457
0.15955308
0.15955275
0.15954909
0.1595453
0.15954128
0.15952432
0.15950769
0.15947245
0.1594641
0.1594605
0.15945777
0.15945727
0.15943298
0.1594313
0.1594304
0.15942527
0.15942071
0.15940775
0.1593943
0.15939425
0.15938914
0.15938464
0.15937063
0.1593696
0.1593654
0.15935986
0.159356
0.15935045
0.1593484
0.15934443
0.15934438
0.15932561
0.15932561
0.15932178
0.15931538
0.15931349
0.15928774
0.15928292
0.15926555
0.1592647
0.1592643
0.15925014
0.15924317
0.1592388
0.15923874
0.15923843
0.15923457
0.15920429
0.15918815
0.15918332
0.1591817
0.15916839
0.15916821
0.15916514
0.15916157
0.15910928
0.1590985
0.1590972
0.15909638
0.15909342
0.1590918
0.1590917
0.15908751
0.15908436
0.15905327
0.15904963
0.15901573
0.15901485
0.15901485
0.15899165
0.15897262
0.15897085
0.15895948
0.15895617
0.15893601
0.15893105
0.15892805
0.15892684
0.15891631
0.15890318
0.15886314
0.15886076
0.15885685
0.15884572
0.1588453
0.15883724
0.15882343
0.15882115
0.15882114
0.15879832
0.15879783
0.15877874
0.15877774
0.15877202
0.15876685
0.15876554
0.15876454
0.1587591
0.15874432
0.15873407
0.15871882
0.15870152
0.15868884
0.15868285
0.15866886
0.15865761
0.15865421
0.15865262
0.15865038
0.15863669
0.15859109
0.15858474
0.1585833
0.15857945
0.15857574
0.15857574
0.15857191
0.15854686
0.15854594
0.1585454
0.15854263
0.15852548
0.15852539
0.1585094
0.1584989
0.1584963
0.15849474
0.15848902
0.15847552
0.1584729
0.15847194
0.15846871
0.15846701
0.15846185
0.15845917
0.15845917
0.15845054
0.1584462
0.1584462
0.1584455
0.15844014
0.15842707
0.15842378
0.15840374
0.15840301
0.15840301
0.15839294
0.15838593
0.15835658
0.15835649
0.15835488
0.15835099
0.1583497
0.15833743
0.1583317
0.15832488
0.15832385
0.15831712
0.15830345
0.15830345
0.15830158
0.15829222
0.15829211
0.15827097
0.15827043
0.158267
0.15826526
0.15826055
0.15826055
0.15825102
0.15824907
0.15824512
0.158227
0.15822625
0.15820627
0.15820499
0.15820242
0.15818445
0.1581576
0.1581383
0.15813608
0.15811749
0.1580909
0.15806131
0.15805385
0.15805385
0.15805203
0.15804309
0.1580304
0.15802468
0.1580221
0.15801409
0.15800563
0.15800458
0.15799828
0.15797782
0.15797631
0.15794726
0.15792337
0.15789747
0.15787153
0.15786584
0.15786201
0.15785305
0.15783685
0.15780602
0.15780367
0.15779148
0.15777698
0.15777585
0.15774544
0.15774135
0.15774135
0.15773386
0.15772144
0.15770778
0.1577036
0.15769704
0.1576967
0.15764007
0.1576025
0.15759806
0.15757477
0.15757364
0.15755327
0.15754838
0.15753126
0.15750588
0.15750425
0.15748647
0.15748358
0.15744545
0.15744391
0.15743716
0.15742004
0.15741341
0.1574055
0.15740435
0.15740152
0.15739995
0.15739924
0.1573847
0.15737855
0.15737163
0.1573715
0.15736866
0.15734684
0.15734464
0.15734035
0.15733297
0.15731992
0.15731017
0.1572961
0.15728691
0.1572759
0.15727404
0.15725988
0.15724024
0.15723422
0.15721804
0.15719908
0.15717922
0.15714936
0.15714113
0.15713853
0.157137
0.1571332
0.15707625
0.1570567
0.1570373
0.1570373
0.15702564
0.1570043
0.15697077
0.1569599
0.15695448
0.15693882
0.156931
0.1569249
0.15690553
0.15689364
0.15689036
0.15686563
0.15685795
0.15683521
0.1568252
0.15681428
0.15680838
0.15679336
0.15679336
0.15678462
0.15674122
0.15673384
0.15670526
0.1566936
0.15668948
0.1566836
0.15667802
0.15666573
0.15666476
0.15665264
0.15665193
0.15662761
0.15661636
0.15660895
0.15656282
0.15655577
0.1565411
0.15653367
0.15652764
0.15652183
0.15650286
0.15642315
0.15641133
0.15640855
0.15639639
0.15637763
0.15630613
0.15630147
0.15629205
0.15624046
0.15623882
0.15620258
0.1561929
0.15616985
0.15616266
0.1561534
0.15613362
0.15612492
0.15611035
0.1560958
0.15608448
0.15607882
0.1560417
0.15603077
0.15596034
0.15594336
0.15593606
0.15592249
0.15592068
0.15591
0.15586935
0.15586418
0.15583159
0.1557709
0.15576039
0.15574227
0.15573226
0.15573108
0.15571888
0.1557016
0.15566489
0.15561078
0.15560886
0.15557992
0.1555305
0.15552913
0.15552083
0.1555103
0.15550417
0.1554835
0.1554758
0.155455
0.15544328
0.15543465
0.15535548
0.15535198
0.15534611
0.15530558
0.15530284
0.15526089
0.15526047
0.15521
0.1551998
0.15512887
0.15509449
0.15504803
0.15493892
0.15489984
0.15489136
0.15486443
0.15486309
0.15482727
0.15480253
0.1547811
0.15474904
0.15471378
0.15470243
0.15468897
0.15467359
0.15466075
0.15462855
0.15462415
0.15462415
0.15460521
0.15460455
0.15457487
0.154573
0.1545671
0.15453817
0.15453364
0.15449573
0.15447734
0.15447304
0.15444896
0.1544168
0.15441465
0.15440924
0.15439956
0.15439011
0.15429476
0.15422718
0.15420523
0.15420416
0.15420327
0.15420009
0.1541497
0.15414627
0.15414612
0.1541433
0.15413435
0.15411672
0.15411422
0.15403847
0.15395907
0.15395768
0.15391824
0.15391167
0.15380214
0.15379186
0.15375997
0.15375336
0.1537533
0.15375085
0.15370028
0.15365137
0.15360413
0.15360112
0.15358311
0.15356617
0.15348952
0.15343902
0.15338391
0.15336064
0.153321
0.1533031
0.15329924
0.1532767
0.1532737
0.1532644
0.15322277
0.15320909
0.1532055
0.15316518
0.15309721
0.1530639
0.15302403
0.15295519
0.15294325
0.15292695
0.15289767
0.15283646
0.15282318
0.15281591
0.15280509
0.15275934
0.15274256
0.15267248
0.15266052
0.15265428
0.15260822
0.15260091
0.1525324
0.15247858
0.15246503
0.15244725
0.15241964
0.15234295
0.15225379
0.15225242
0.15223649
0.1521877
0.15216936
0.15215519
0.15214165
0.15211964
0.15208732
0.15206754
0.15203582
0.15188831
0.15186629
0.15171748
0.15170434
0.15162222
0.15152234
0.15148237
0.15144685
0.15126629
0.15125962
0.15121968
0.15103467
0.15101705
0.15099502
0.15094142
0.150894
0.15075748
0.15075143
0.15072021
0.15066886
0.150643
0.15058228
0.15057987
0.15050225
0.15033117
0.15032057
0.15023284
0.1502317
0.15022986
0.15022708
0.15019687
0.15012814
0.15004903
0.14986826
0.14970376
0.14962025
0.14946179
0.1493718
0.14936565
0.14925063
0.14923759
0.14923222
0.1490637
0.14897089
0.1488954
0.14877316
0.14876987
0.14876376
0.14875801
0.14868714
0.14868176
0.14866635
0.14859964
0.14859608
0.14853767
0.14838505
0.14833303
0.14829639
0.14824069
0.14820197
0.14816567
0.14803457
0.14801517
0.1479571
0.14793235
0.1478923
0.14784464
0.14771019
0.14748597
0.14747824
0.14741647
0.14740969
0.14734966
0.147296
0.14723422
0.14718363
0.14715146
0.14714132
0.14701332
0.14700323
0.14699444
0.14694883
0.14692912
0.14688358
0.14684233
0.14678562
0.14673278
0.14669736
0.14663565
0.14654846
0.14651348
0.1463762
0.14626145
0.14596702
0.14596115
0.14587055
0.14584287
0.14583479
0.14581302
0.14575621
0.14570971
0.14561825
0.14557473
0.14554232
0.14550933
0.14550185
0.14546095
0.14543964
0.14543639
0.14536089
0.1453523
0.1453335
0.14529447
0.14529075
0.14503379
0.14499298
0.1449614
0.14494066
0.14483686
0.14471234
0.14464742
0.144619
0.14446123
0.14445792
0.14438835
0.1443624
0.14428617
0.14427967
0.14423642
0.14412852
0.14412586
0.14396366
0.143875
0.143854
0.14379257
0.14368062
0.14363109
0.14354227
0.14344285
0.14343718
0.14329077
0.14321889
0.1432175
0.14306578
0.14301248
0.14297134
0.14263982
0.1425515
0.14252591
0.1424334
0.142172
0.14184612
0.14178725
0.14160691
0.14139983
0.14108749
0.14098215
0.1408686
0.14061777
0.14002596
