0.48502716
0.4568332
0.4531451
0.448487
0.4471815
0.44503874
0.44120103
0.4382212
0.43757004
0.43644667
0.43255696
0.42946354
0.42391714
0.42301506
0.4229466
0.42008033
0.41859573
0.4163635
0.41433212
0.41429907
0.41357487
0.4135114
0.41325665
0.41256446
0.41160884
0.41135627
0.41113198
0.4103676
0.4098975
0.40978864
0.40969306
0.40916455
0.40827042
0.40814605
0.40726298
0.4072624
0.40661266
0.40646952
0.40540764
0.40444958
0.40435913
0.40421355
0.40413982
0.4038597
0.40064335
0.39942
0.39876667
0.398413
0.398413
0.39824775
0.39799124
0.39784482
0.39780363
0.39738634
0.39711595
0.39674383
0.39665794
0.39617467
0.39462855
0.39428282
0.39312983
0.3922471
0.39189002
0.3916904
0.3916232
0.391438
0.3911523
0.39108026
0.390889
0.3907792
0.3905906
0.39038396
0.39022535
0.38950858
0.38920718
0.3890148
0.38856706
0.3879687
0.38773063
0.38759333
0.38738686
0.38731384
0.38676044
0.3867056
0.38632113
0.38615134
0.3856629
0.38555944
0.38493252
0.38441753
0.38419217
0.38369805
0.38354722
0.38347757
0.3834338
0.3832471
0.38306546
0.3824706
0.38242337
0.38190126
0.38157266
0.3815692
0.38141543
0.38006678
0.37997043
0.379913
0.37978077
0.37974858
0.37938008
0.3793623
0.3792317
0.3791926
0.37809047
0.3780332
0.37794793
0.37745726
0.37728968
0.37670857
0.376412
0.37606108
0.37598553
0.37545323
0.37538996
0.37484428
0.37471572
0.3745498
0.3739363
0.37366924
0.37332
0.37318942
0.37315753
0.3731536
0.37238216
0.37214944
0.37207818
0.37205088
0.37189606
0.37182838
0.3718128
0.3716248
0.36989123
0.3696667
0.36944747
0.36904493
0.3690054
0.36896312
0.3689008
0.368869
0.3688188
0.36879453
0.3684005
0.3683287
0.3681872
0.3680211
0.36771628
0.3676683
0.36729026
0.36689514
0.36611032
0.36567143
0.3655606
0.36518678
0.36488593
0.36486244
0.36457434
0.36436534
0.3640614
0.36394337
0.36371025
0.3633234
0.362644
0.3625498
0.36243272
0.36237216
0.36189315
0.361608
0.36124104
0.36091414
0.360744
0.36052692
0.36042884
0.3594825
0.35907426
0.35898224
0.35828394
0.35822073
0.3580026
0.35788798
0.35768604
0.35725904
0.3569062
0.3567574
0.3565947
0.35653967
0.35653144
0.3560353
0.35560203
0.3555392
0.35548022
0.35543492
0.35515535
0.3549873
0.35458112
0.3544081
0.3543975
0.35438493
0.3540583
0.35399804
0.35399267
0.35361508
0.35355562
0.3531824
0.35301977
0.35288283
0.35280252
0.35277674
0.3527357
0.35265276
0.35261548
0.3523686
0.3523253
0.35222703
0.35196203
0.35173082
0.35160765
0.35145104
0.35126245
0.35124615
0.35108656
0.3508867
0.35080406
0.35080048
0.35072923
0.3504937
0.35044578
0.35043246
0.35039097
0.35014796
0.35010225
0.34973443
0.3497266
0.34961438
0.3494762
0.34934253
0.349018
0.34879646
0.34874392
0.3487078
0.34867683
0.34863985
0.3483973
0.3483695
0.34830973
0.348297
0.34826282
0.34824675
0.34819025
0.34813464
0.34808382
0.34782675
0.34774366
0.3476443
0.34764314
0.34764078
0.34754267
0.34744135
0.34741014
0.3473382
0.3471506
0.34709853
0.346936
0.34678715
0.34676206
0.34664622
0.34648144
0.34641019
0.3463988
0.34628332
0.34604433
0.3457673
0.3455941
0.34538487
0.34531626
0.34517264
0.34512573
0.34485728
0.3447426
0.34472227
0.34468734
0.34467593
0.3445946
0.34451306
0.34448227
0.34442973
0.3444046
0.34439045
0.34433553
0.34426782
0.34426716
0.34423378
0.34423333
0.3441783
0.34403127
0.3440302
0.34382454
0.343727
0.34363237
0.3435924
0.34341753
0.34322262
0.34321278
0.34310266
0.3430712
0.34288713
0.34284392
0.34282258
0.34276062
0.34267405
0.342629
0.34240118
0.34226528
0.3420806
0.34207746
0.34198695
0.34191665
0.34182006
0.34179157
0.34169072
0.3415377
0.3415323
0.3414944
0.34142858
0.34129417
0.3411449
0.3411449
0.34102806
0.34087756
0.34076175
0.34073523
0.34061757
0.3405867
0.3405867
0.3405638
0.34055898
0.3405317
0.3402422
0.34021634
0.34010556
0.33991706
0.33991563
0.3399125
0.33987442
0.3398496
0.3398259
0.33967194
0.33955976
0.33953938
0.33953556
0.33944556
0.3393804
0.3393042
0.33926633
0.3392058
0.33918965
0.33918965
0.33913082
0.33899254
0.33896142
0.3387135
0.3386279
0.33847797
0.33832872
0.33823854
0.33813718
0.33808908
0.33784673
0.33779937
0.33771044
0.3376438
0.33763608
0.33756053
0.33755323
0.33735478
0.3372209
0.33717078
0.33716118
0.33707562
0.33703026
0.3369129
0.33684796
0.33681673
0.33676997
0.3365414
0.33650878
0.33649787
0.3364841
0.3364766
0.33637607
0.336335
0.33633444
0.33631185
0.33630607
0.33619204
0.33607587
0.3359918
0.33594763
0.3359402
0.33593056
0.33578953
0.33577114
0.3357507
0.33562386
0.3355259
0.33547926
0.3354606
0.33535948
0.3353484
0.33526587
0.33525407
0.33523837
0.33520478
0.33515087
0.33508512
0.33502263
0.33481562
0.3348143
0.3346887
0.3345736
0.33452776
0.33445346
0.33444828
0.3343311
0.334123
0.33412156
0.33410564
0.33402613
0.33389413
0.33387673
0.33376077
0.33374035
0.3336446
0.33328974
0.33319247
0.33318874
0.3331411
0.33307332
0.3330687
0.33299878
0.33292997
0.33291668
0.33269027
0.3325807
0.3325792
0.33257815
0.33246553
0.33239543
0.3323187
0.33215535
0.33215535
0.3321377
0.33206174
0.33205438
0.33184955
0.33179364
0.3317582
0.3317479
0.33148712
0.33136225
0.33134872
0.33133137
0.3312449
0.33119178
0.3311526
0.33095658
0.3309345
0.33088234
0.3308162
0.3305963
0.33050805
0.33050558
0.33048669
0.3303942
0.33038512
0.33024767
0.33005002
0.3300069
0.33000207
0.32995063
0.32994366
0.32990047
0.32988888
0.32986557
0.32985744
0.3297918
0.32976887
0.3296828
0.32960305
0.32959375
0.32954904
0.329534
0.32952857
0.32942584
0.32942477
0.32940418
0.32924834
0.32924366
0.32916552
0.3291141
0.32906067
0.3290107
0.32886866
0.32884002
0.32874098
0.32859582
0.32859215
0.32858574
0.32857344
0.3285509
0.32852075
0.3285172
0.32840142
0.3283843
0.3283619
0.32834005
0.3283004
0.32825667
0.32821706
0.32821244
0.32818383
0.32815328
0.32812756
0.32805002
0.3279667
0.3279531
0.3278977
0.3278197
0.32775488
0.32758725
0.32749727
0.32747456
0.327468
0.32739767
0.32728556
0.32721075
0.32715246
0.32708898
0.32707548
0.3270687
0.3270144
0.3269394
0.32692596
0.32663512
0.32652533
0.32649472
0.3264109
0.32634026
0.32624024
0.32618672
0.3261164
0.326093
0.3260838
0.326058
0.32600087
0.32590052
0.32585102
0.32567188
0.3255706
0.32555068
0.32547328
0.32544696
0.32529145
0.32519054
0.3251492
0.32500732
0.32499316
0.3249909
0.32498968
0.32495824
0.32485792
0.32484716
0.32479346
0.32474694
0.32470965
0.32447413
0.32430103
0.324285
0.3242625
0.32424197
0.3241368
0.32411325
0.32410043
0.32409042
0.32401383
0.3240124
0.32400355
0.32399622
0.3238883
0.3238738
0.3238702
0.32386893
0.32382745
0.3238097
0.32379448
0.32370737
0.32361042
0.32355642
0.32348555
0.32340127
0.3233857
0.3233666
0.3233626
0.32324758
0.32321936
0.3231546
0.32314008
0.3230905
0.3230324
0.3230324
0.3230324
0.3230324
0.3230324
0.3230324
0.32300797
0.322874
0.32286713
0.32281226
0.32274836
0.32273594
0.32271624
0.322615
0.32260746
0.3225324
0.3225323
0.32252702
0.32251048
0.32246262
0.32244036
0.32244036
0.32236412
0.3223333
0.32226974
0.3222492
0.32219294
0.32211024
0.3220541
0.32203156
0.32200718
0.32196704
0.32190585
0.3218603
0.32184097
0.3218121
0.32171315
0.32168198
0.32165334
0.32164562
0.3215626
0.321465
0.321465
0.321455
0.32142636
0.32138595
0.32128325
0.32121208
0.3212008
0.3210919
0.3210692
0.32099178
0.32098222
0.320921
0.32090127
0.3209011
0.32089752
0.32076165
0.32074484
0.32070005
0.32066464
0.3206378
0.32062614
0.3205905
0.3205001
0.32048866
0.3202093
0.32019582
0.31998986
0.3198956
0.31985486
0.31983608
0.31977051
0.3197696
0.3197491
0.3197491
0.3196745
0.31962553
0.31960228
0.31953782
0.3194445
0.31942847
0.31941873
0.31937373
0.31935975
0.31933126
0.31922805
0.319202
0.31919459
0.31913683
0.3191268
0.31911618
0.31909257
0.3190611
0.31899497
0.31898695
0.3189612
0.31895772
0.31895152
0.3189309
0.31885147
0.3188226
0.3186322
0.31860545
0.31858858
0.3185451
0.3185154
0.3184586
0.3184586
0.31836426
0.3182929
0.31827846
0.31824052
0.31817687
0.31812817
0.31811813
0.3181019
0.31806695
0.3180575
0.31799093
0.31798956
0.31790507
0.3177366
0.31772164
0.31763068
0.31759423
0.3175879
0.31756896
0.31756115
0.3175201
0.31741196
0.31737897
0.31730124
0.3172646
0.31725025
0.31723842
0.3172292
0.3171919
0.31705874
0.3170326
0.31690744
0.3169049
0.31685853
0.3168548
0.3167997
0.31679824
0.31677094
0.31663725
0.31661582
0.31661472
0.31659156
0.31649646
0.31648698
0.31646016
0.31630063
0.31625888
0.31625134
0.31622446
0.3161912
0.31617647
0.31614715
0.31606606
0.3160115
0.31598997
0.31588483
0.31587985
0.3158489
0.31582162
0.31579092
0.31577104
0.31574887
0.31573477
0.31563234
0.31562793
0.31562117
0.3155686
0.31556162
0.31543595
0.31532627
0.31532162
0.31531388
0.31522557
0.31514928
0.31508887
0.31495398
0.31493044
0.3149076
0.31487548
0.31487316
0.3148663
0.31486335
0.31481192
0.31477404
0.31467134
0.31460118
0.31457657
0.31455418
0.3145526
0.31454727
0.31450585
0.314453
0.3144278
0.3143639
0.31435043
0.314306
0.3143005
0.31427515
0.31424952
0.314222
0.31418014
0.31416556
0.31411237
0.31399858
0.31394798
0.31393072
0.31392133
0.3138592
0.3136935
0.3135416
0.31349716
0.313481
0.31344327
0.3133795
0.3133592
0.3133592
0.3133316
0.31330633
0.31329212
0.31322813
0.31321135
0.3131946
0.31318358
0.31315756
0.31314895
0.31312642
0.31297883
0.3129573
0.31289977
0.3128885
0.31287056
0.31279355
0.31278703
0.3127757
0.31275812
0.31270972
0.31270635
0.31268203
0.3126504
0.31258327
0.31254148
0.31253898
0.31251174
0.3125007
0.31246525
0.31236443
0.31235313
0.31227446
0.31224322
0.31221905
0.312204
0.31218883
0.31216392
0.3121194
0.31206867
0.31206125
0.3120224
0.31198046
0.31194538
0.3119264
0.31191915
0.3118265
0.31182575
0.31172967
0.31172466
0.3116612
0.31158337
0.3115436
0.31145954
0.31142125
0.311401
0.31138796
0.31131205
0.31125596
0.31119502
0.31115732
0.3111528
0.3111282
0.31111687
0.31111133
0.31111065
0.31109858
0.31090483
0.31086567
0.31086567
0.31071162
0.31068802
0.3106854
0.31066683
0.3106524
0.31065026
0.31061938
0.3106176
0.3106126
0.3105858
0.31053647
0.31037173
0.31037173
0.31035468
0.31034213
0.31033686
0.31032246
0.3102105
0.31020427
0.31004137
0.3100292
0.31002572
0.30999175
0.3099463
0.30973566
0.30958945
0.30957022
0.30948374
0.30944622
0.30941105
0.3094025
0.30934715
0.3093202
0.30927387
0.3092491
0.30916843
0.30916306
0.30904043
0.3089705
0.30896583
0.3089126
0.30880752
0.30877554
0.3087337
0.30865115
0.30862716
0.30856857
0.30839106
0.30828044
0.30827636
0.30827636
0.30824232
0.30823335
0.30822223
0.3081585
0.30815452
0.30813813
0.308124
0.3080734
0.3080449
0.3079856
0.30797738
0.30787984
0.30773643
0.3076513
0.30763328
0.30759874
0.307596
0.30758074
0.3075205
0.30750364
0.30748403
0.30745333
0.3074456
0.30743557
0.30741528
0.30740735
0.30737546
0.30736142
0.3073318
0.30732962
0.30714205
0.3070794
0.30702794
0.30702385
0.3070127
0.306986
0.30688792
0.30688286
0.30686834
0.30686748
0.30686748
0.3068004
0.30678976
0.30678806
0.30677
0.30666184
0.30665153
0.3065568
0.3065477
0.30653754
0.30652338
0.30646896
0.3064439
0.3064346
0.30643332
0.3064238
0.30639094
0.30634826
0.30631194
0.30630824
0.30628556
0.30612767
0.30611953
0.30607834
0.30602306
0.30598116
0.30597526
0.30594975
0.3059275
0.30592686
0.30589038
0.30584592
0.30576032
0.30575213
0.30570683
0.30570155
0.30566996
0.30566996
0.30563444
0.30557114
0.3055178
0.30549318
0.30549106
0.3054447
0.3054348
0.30542216
0.30532557
0.30526882
0.30523413
0.30521908
0.3052024
0.30518532
0.3051053
0.3049913
0.30493867
0.3048747
0.3047727
0.30474755
0.3047317
0.30470365
0.30469212
0.30463538
0.30460602
0.30458876
0.30455908
0.3045306
0.30445746
0.30444396
0.3044409
0.30439383
0.30431432
0.30427697
0.30423048
0.30423048
0.30417246
0.30414668
0.30412856
0.30411872
0.30405194
0.30401546
0.30396873
0.3039555
0.30394727
0.30391335
0.30389175
0.30387717
0.30384445
0.30383578
0.30380517
0.30379084
0.30378598
0.30375016
0.30370277
0.30365434
0.30365032
0.30358726
0.3035214
0.30349335
0.30343667
0.30342433
0.30336007
0.30333927
0.30328813
0.30327532
0.30323413
0.3032339
0.30311307
0.303112
0.30308086
0.30307075
0.30303478
0.3030303
0.30302492
0.30293262
0.30293244
0.30292204
0.30289105
0.3028677
0.30280337
0.30268082
0.30267984
0.302655
0.30264956
0.30258983
0.3025708
0.3025365
0.30246678
0.30243343
0.30238438
0.3023369
0.3023308
0.30233032
0.3023101
0.302307
0.30229607
0.30224007
0.30223686
0.3022274
0.30207345
0.30205858
0.3020531
0.30204633
0.30200812
0.30199555
0.30198002
0.30185556
0.30181783
0.30179447
0.30175748
0.30175158
0.3017362
0.30172306
0.3017095
0.3016821
0.3016518
0.301605
0.30159098
0.30156928
0.301553
0.3014873
0.3014498
0.3014489
0.3013558
0.30130127
0.30128163
0.30126828
0.30126223
0.30124053
0.30123475
0.30123177
0.30123132
0.30115744
0.30115297
0.30107647
0.30092403
0.30089247
0.30087143
0.30086085
0.30084857
0.30084857
0.3008439
0.3007898
0.30077964
0.300728
0.3006404
0.3005626
0.300556
0.3005195
0.30051562
0.30050272
0.30048764
0.3004874
0.30044022
0.30041912
0.30040586
0.300401
0.30032802
0.30030587
0.30028823
0.3002854
0.30025312
0.30022815
0.30022812
0.30022767
0.30007023
0.30001703
0.30000982
0.3000074
0.29995683
0.2999458
0.2999174
0.29991046
0.2998755
0.2998755
0.29983228
0.2998217
0.29981682
0.29978287
0.29976404
0.29974547
0.2996848
0.2996779
0.29959595
0.29956988
0.29954317
0.2995004
0.29949954
0.2994939
0.29949233
0.29948416
0.29948416
0.2994792
0.29947558
0.29945078
0.29941365
0.2993728
0.2993592
0.299356
0.29931813
0.29926902
0.29926145
0.29922664
0.29919812
0.29919112
0.29911438
0.2991074
0.29908934
0.29906178
0.2988955
0.29886332
0.2988609
0.2988609
0.29884452
0.29883695
0.29883644
0.29878324
0.29877606
0.2987589
0.29875788
0.29875687
0.2987436
0.29874167
0.29872265
0.29868394
0.29868305
0.29866907
0.29865748
0.29865393
0.29862747
0.2986099
0.2985784
0.29855448
0.29853
0.29843414
0.29835498
0.29832825
0.2982752
0.29822177
0.29821208
0.29820037
0.29819128
0.2981456
0.29812384
0.2980786
0.2980668
0.29805362
0.2980342
0.29802617
0.29798603
0.297974
0.2979687
0.2979453
0.2979447
0.29788396
0.2978462
0.29782814
0.29779634
0.29776135
0.29774085
0.29758486
0.2975616
0.29754248
0.29754055
0.29752943
0.29752073
0.29750627
0.29749572
0.29747304
0.29740837
0.29733852
0.29732367
0.297275
0.2972573
0.29724625
0.29720443
0.29719123
0.29718512
0.29710612
0.2970757
0.29698282
0.29697853
0.29695776
0.29689696
0.29688132
0.29686654
0.29678386
0.29677644
0.2967729
0.29676145
0.2967592
0.29675236
0.29674006
0.29670346
0.2966789
0.29664874
0.29664835
0.2965808
0.2965808
0.29650456
0.2964698
0.2964632
0.29645336
0.2964094
0.29639205
0.29631883
0.296315
0.2963015
0.29623973
0.29617885
0.2961763
0.29617125
0.2961707
0.2960775
0.2960723
0.2960604
0.2960604
0.29605854
0.29604274
0.2960253
0.29602385
0.29596433
0.29595962
0.29593804
0.2959127
0.29587698
0.2958018
0.2958018
0.2958018
0.29575616
0.295746
0.29570377
0.29568183
0.29563865
0.29562902
0.2956122
0.2956118
0.29560596
0.29556763
0.29554066
0.29552427
0.29552352
0.29552132
0.29551327
0.29549107
0.2954742
0.2954546
0.29536122
0.29534778
0.29534018
0.29530036
0.2952857
0.29525924
0.29525924
0.29525098
0.29525036
0.29513356
0.29512033
0.29510355
0.29510218
0.29508078
0.2950773
0.29506943
0.29502758
0.2950271
0.29499522
0.2949743
0.29494387
0.294905
0.29490325
0.29489622
0.29488298
0.2948353
0.29480255
0.29472274
0.29471606
0.29470003
0.2946814
0.2946814
0.29465765
0.29460648
0.29459655
0.2945699
0.29451746
0.29448518
0.29442695
0.2944171
0.29439673
0.29438424
0.2943098
0.29426265
0.2942581
0.2942094
0.29416156
0.29413706
0.29413357
0.2941213
0.29408348
0.29406863
0.29405135
0.29404256
0.2940389
0.2940285
0.2940285
0.29399103
0.293956
0.2939557
0.29395172
0.29385936
0.29385927
0.29382977
0.2938086
0.29380715
0.29378632
0.29378542
0.29374185
0.29371607
0.29371607
0.29371077
0.29369274
0.29368797
0.29354632
0.2935283
0.29352504
0.29348138
0.29345644
0.29345623
0.29343557
0.29342368
0.29340833
0.2934075
0.2933614
0.29335588
0.29334575
0.2933452
0.29332027
0.29330388
0.29330248
0.29329127
0.29327688
0.29327282
0.29326338
0.2932239
0.29317328
0.2931446
0.29295373
0.29290897
0.29287124
0.29285607
0.29285342
0.29285324
0.29285246
0.29279596
0.29277802
0.29277533
0.29277378
0.2927587
0.2927527
0.29275143
0.29272965
0.29272676
0.29271132
0.29270944
0.29270446
0.29267102
0.2926648
0.29260954
0.29259932
0.29257885
0.29253963
0.29250082
0.2924989
0.2924786
0.2924116
0.2924071
0.29239047
0.2923841
0.29237998
0.29237983
0.29236987
0.29236764
0.29235557
0.29234686
0.29226926
0.29223308
0.29223275
0.29216862
0.29215613
0.29215345
0.29212943
0.29211557
0.2921142
0.2921142
0.29206985
0.29204857
0.29201514
0.29199618
0.2919941
0.29198992
0.2919523
0.2919481
0.29192245
0.29190102
0.29189923
0.29187417
0.29180408
0.2917931
0.29179266
0.29170278
0.29169637
0.29168865
0.29168302
0.2916784
0.29167262
0.29162276
0.29161027
0.29158762
0.29158327
0.2915753
0.29156834
0.2915666
0.29156214
0.29153523
0.2915287
0.29149175
0.29148486
0.29146785
0.2914418
0.29139277
0.29135695
0.2913322
0.29132938
0.2912861
0.29123735
0.29121345
0.29114997
0.29114696
0.29111516
0.29110986
0.29106256
0.29102322
0.29102185
0.29101822
0.29098153
0.2908967
0.29088545
0.2908853
0.29085106
0.29071933
0.2907146
0.29070967
0.2906782
0.29065222
0.2906504
0.2906504
0.2906493
0.29064518
0.29064104
0.2905773
0.2905367
0.29051754
0.29049763
0.29043192
0.29043067
0.2903882
0.29036438
0.29032773
0.29032603
0.29030758
0.29025716
0.2902462
0.29022652
0.2902216
0.29017684
0.29015735
0.29014543
0.2901438
0.29011723
0.2900779
0.2900779
0.29006305
0.29001978
0.2900133
0.28992042
0.2899145
0.28991356
0.2899095
0.28987038
0.28977314
0.28976226
0.28975546
0.2897168
0.28968877
0.28968313
0.2896815
0.28966716
0.28959417
0.28958055
0.28955042
0.28952765
0.28952765
0.28950378
0.28948486
0.28946298
0.28944328
0.28943226
0.28942505
0.28941038
0.2894096
0.28939983
0.28937975
0.28937745
0.28937012
0.28936523
0.28934935
0.28934366
0.2893343
0.28933132
0.28929844
0.28929844
0.28928715
0.28928503
0.28928214
0.28928095
0.28926393
0.28924313
0.28921175
0.28918326
0.2891809
0.28917107
0.2891644
0.28913552
0.2891212
0.28910914
0.2891083
0.28904253
0.2890036
0.2889878
0.28897253
0.28896874
0.2889614
0.28894907
0.2889361
0.28889436
0.28888956
0.28886878
0.28884518
0.2888103
0.2887686
0.2887598
0.28873268
0.2886504
0.28864977
0.28864712
0.28864527
0.28862366
0.28862342
0.28860873
0.2885909
0.28853455
0.2885118
0.28850386
0.28846553
0.2884267
0.2884264
0.28842407
0.28835782
0.2883509
0.28834155
0.288262
0.2882369
0.28822693
0.28821906
0.2881771
0.28817436
0.28815657
0.28814316
0.28811896
0.2880792
0.2880455
0.28803918
0.2880259
0.28801596
0.28800115
0.2879488
0.28794646
0.28791767
0.28789636
0.28789097
0.28783852
0.28779492
0.28777942
0.28777343
0.28777114
0.28775233
0.28774837
0.28773102
0.28771514
0.28768387
0.28767386
0.28759697
0.2875697
0.28755155
0.28754494
0.28753737
0.28753448
0.2874962
0.28749588
0.28748763
0.28744093
0.28744093
0.2874281
0.2873899
0.28737712
0.28735217
0.28734758
0.28731367
0.28729162
0.28728014
0.28727517
0.28727517
0.2872158
0.2872142
0.28720787
0.2871759
0.28715637
0.2871457
0.28714535
0.2871381
0.28713205
0.2871073
0.28708625
0.28705123
0.2870423
0.28702217
0.28701952
0.28700545
0.28700507
0.28699863
0.28698963
0.2869696
0.2869384
0.28691572
0.28689632
0.2868848
0.28688452
0.2868704
0.28686988
0.28684753
0.28684026
0.2868375
0.28680685
0.28675514
0.2867526
0.2866887
0.2866163
0.28661102
0.2866105
0.28660274
0.28659594
0.2865551
0.2865278
0.28650248
0.28648013
0.28643656
0.28641227
0.28637406
0.28636235
0.28635767
0.2863474
0.2863401
0.28632224
0.28630865
0.28628558
0.2862795
0.2862735
0.2862575
0.2862557
0.28625375
0.2862148
0.28621197
0.2861357
0.28613332
0.28609386
0.28607413
0.28605068
0.28604457
0.28604057
0.28599036
0.28599036
0.2859393
0.28592998
0.2859231
0.28591806
0.2859147
0.28590944
0.28589216
0.28579643
0.28574124
0.28572616
0.2856763
0.28566936
0.28563926
0.28562847
0.28560364
0.28560197
0.28559846
0.28558344
0.28557873
0.28557116
0.2855687
0.2855647
0.2855439
0.28553808
0.28553733
0.2855068
0.28549638
0.2854902
0.28547403
0.2854668
0.2854631
0.28545433
0.28543895
0.28540197
0.28538752
0.28534943
0.28533235
0.2852969
0.28529072
0.285284
0.28526786
0.28525063
0.28521097
0.2852095
0.2851924
0.28518328
0.28517002
0.28516808
0.28514585
0.2851349
0.28508303
0.28507528
0.28505835
0.28504038
0.28502557
0.28501755
0.285015
0.2850145
0.2850057
0.28499442
0.28495622
0.28494748
0.28491938
0.2849078
0.2849078
0.2849048
0.28488538
0.28488415
0.28488404
0.2848639
0.28483078
0.2848277
0.2848133
0.2847926
0.2847926
0.28479072
0.284735
0.28469506
0.28467834
0.2846748
0.28466594
0.28464472
0.2846319
0.28461972
0.28460872
0.2845722
0.2845722
0.28456864
0.28456607
0.28454107
0.28450683
0.2845047
0.28450432
0.28442615
0.2844237
0.2844219
0.28437483
0.28430274
0.284295
0.2842786
0.28423876
0.28422678
0.284209
0.28419206
0.28415763
0.28415105
0.28414172
0.28413874
0.28412455
0.2840864
0.28407484
0.2840729
0.28400972
0.28399047
0.28398973
0.28394818
0.28392604
0.28392115
0.2839032
0.28389478
0.28384906
0.28384256
0.28381786
0.28381786
0.28381702
0.28381422
0.2837644
0.28376332
0.2837545
0.28373003
0.2837262
0.2836951
0.2836554
0.28359655
0.28359333
0.28358823
0.28357467
0.2835522
0.28353828
0.2835033
0.2835024
0.2834927
0.28348988
0.28347313
0.28344288
0.2834104
0.28337303
0.28337124
0.28336513
0.28335583
0.28330395
0.28329673
0.28328514
0.28327492
0.28327268
0.28326926
0.28325698
0.28322122
0.28321794
0.28307554
0.2830744
0.28306732
0.28306183
0.2830253
0.28302148
0.28302148
0.28302148
0.28301144
0.28298894
0.28296113
0.2829602
0.28295836
0.28295836
0.2829519
0.2829432
0.2829051
0.28285176
0.28280956
0.28275934
0.28275475
0.282729
0.28271642
0.28266877
0.28266707
0.28263983
0.2826358
0.28263113
0.28260842
0.28260526
0.282601
0.28258318
0.28257287
0.28254235
0.28253573
0.28251883
0.28245884
0.28244483
0.28241023
0.2823944
0.2823661
0.2823479
0.28232783
0.28232172
0.28232098
0.28227302
0.28226864
0.28225207
0.28225145
0.28221667
0.2822155
0.28221288
0.28217843
0.28217143
0.2821699
0.2820944
0.2820724
0.28206205
0.28204253
0.2820267
0.28198233
0.28198233
0.2819798
0.28196722
0.2819441
0.2819312
0.28192866
0.28191778
0.28191692
0.28191635
0.28188175
0.28187734
0.2818216
0.28181982
0.28181314
0.2818128
0.28180262
0.28179115
0.28174
0.28173685
0.28172624
0.28170675
0.28168195
0.2816761
0.28166234
0.2816251
0.28162286
0.28161517
0.28159943
0.28157517
0.28156304
0.2815395
0.28151837
0.2815121
0.28151196
0.28151068
0.2815068
0.28149512
0.2814702
0.2814612
0.28138196
0.28136814
0.28133082
0.2813058
0.28128523
0.28128156
0.28127757
0.28126317
0.28121006
0.28117493
0.28116643
0.28116617
0.2811146
0.2811057
0.28110343
0.28109914
0.28107682
0.28107
0.28104857
0.2810368
0.28102866
0.2810191
0.2809941
0.28099236
0.2809686
0.2809666
0.2809633
0.280962
0.28094462
0.2809126
0.28090748
0.2808948
0.2808812
0.28087562
0.2808719
0.2808719
0.2808719
0.2808593
0.28085077
0.2808437
0.28082636
0.28082314
0.2808125
0.2808034
0.28080145
0.2807792
0.28077814
0.28076282
0.28075004
0.28074348
0.28071275
0.2807127
0.28071213
0.28070295
0.28068113
0.280669
0.280669
0.2806434
0.28063947
0.28062993
0.28062716
0.2806259
0.28062466
0.28062344
0.28057945
0.28057605
0.28056195
0.28055924
0.28051725
0.28049287
0.28047812
0.28047127
0.28044784
0.28041574
0.2804129
0.28038806
0.28038052
0.28035602
0.28035542
0.28032506
0.28031683
0.28030336
0.280294
0.28028604
0.28028244
0.2802648
0.2802533
0.28021386
0.2802005
0.28019696
0.28019103
0.28016886
0.28014144
0.2801313
0.2801282
0.28011808
0.28011197
0.28010085
0.28009945
0.28009814
0.28009558
0.28009456
0.28007537
0.28006852
0.28004414
0.28004166
0.2800308
0.2800243
0.2800212
0.28002077
0.28000876
0.27997148
0.27992368
0.27990514
0.279894
0.27984396
0.27982044
0.2798106
0.2798098
0.27980596
0.27977818
0.27977127
0.27976295
0.27975103
0.2797472
0.27974632
0.27974245
0.27973312
0.27972743
0.27971706
0.2797075
0.27965117
0.27963567
0.27963385
0.27962872
0.27959636
0.27958745
0.27957696
0.27956706
0.27956408
0.27953425
0.27951407
0.27950504
0.27948454
0.2794797
0.27947614
0.27946532
0.27946037
0.27944657
0.27942094
0.27941298
0.2793837
0.27935648
0.27932
0.27931365
0.27931076
0.2792959
0.27926233
0.27924114
0.27921835
0.2791855
0.27911103
0.27910948
0.27910173
0.279049
0.27901033
0.27900144
0.27898717
0.27897593
0.2789671
0.27895275
0.27894455
0.27891976
0.27889636
0.27884242
0.27883056
0.27881315
0.27880642
0.27879944
0.27877727
0.2787765
0.27873713
0.27873713
0.27873012
0.27872014
0.27872008
0.27870634
0.27868518
0.27864093
0.27862862
0.2785715
0.27856654
0.27853575
0.2785139
0.27849528
0.27848318
0.27848318
0.27846855
0.27844718
0.27844477
0.27842963
0.27841341
0.27840656
0.2784063
0.27840275
0.27839166
0.27836138
0.2783499
0.2783436
0.27830318
0.27829218
0.2782893
0.2782883
0.2782809
0.27827936
0.27825373
0.27824515
0.2782401
0.2782369
0.278209
0.27817002
0.27815858
0.2781343
0.2781331
0.27811876
0.2780386
0.27801278
0.27799237
0.27797347
0.27797055
0.27792722
0.2778893
0.27788627
0.27787715
0.2778291
0.27782845
0.2778146
0.2778112
0.2777987
0.27777788
0.27775416
0.27773672
0.27773556
0.27770248
0.27769893
0.27769482
0.2776946
0.2776895
0.27766904
0.2776324
0.27763206
0.27759865
0.2775977
0.27759388
0.2775835
0.27758297
0.27755457
0.27754205
0.27754205
0.2775384
0.27751896
0.27749068
0.2774614
0.277455
0.27744815
0.2774287
0.27742544
0.27740183
0.27740183
0.2774008
0.27739808
0.27739146
0.27736515
0.27733153
0.27733
0.27732006
0.27730992
0.27730444
0.27723986
0.27723747
0.277236
0.27721393
0.27720842
0.2771766
0.27717414
0.2771681
0.27715704
0.27713883
0.27712664
0.2771028
0.2770705
0.27706587
0.2770657
0.2770631
0.2770631
0.27706128
0.27704388
0.27703914
0.27701652
0.2769904
0.27697825
0.27693447
0.27689937
0.27689517
0.27689514
0.2768351
0.2768345
0.27683312
0.27682957
0.27681902
0.27678195
0.27678025
0.27676955
0.27675095
0.27672824
0.27669978
0.27669075
0.2766861
0.27668482
0.276683
0.2766148
0.27660665
0.27659595
0.2765805
0.27657375
0.27657098
0.2765697
0.2765595
0.2765338
0.27652556
0.27652267
0.27651468
0.27651247
0.2765087
0.2764999
0.27649206
0.27649137
0.27642003
0.27640843
0.276406
0.2763977
0.27638713
0.27637535
0.27636763
0.27636123
0.27634892
0.27634892
0.27634484
0.27634415
0.27634034
0.2763403
0.27633482
0.27631646
0.27629238
0.27628314
0.27625415
0.27624404
0.27624372
0.27619934
0.2761974
0.2761974
0.2761906
0.27618954
0.27617177
0.27616903
0.27616853
0.27615872
0.27614343
0.27614185
0.2761398
0.27613726
0.27611402
0.27609554
0.27606943
0.2760693
0.27600697
0.27600503
0.27598828
0.27598003
0.27597126
0.27594686
0.27588728
0.27586287
0.27586025
0.27584448
0.27583498
0.27582604
0.27582166
0.2758198
0.2758198
0.2757941
0.2757737
0.27576473
0.27569705
0.27569672
0.27569607
0.2756941
0.2756683
0.2756623
0.2756433
0.27562302
0.27560028
0.27558836
0.2755489
0.2755433
0.2755176
0.27551427
0.2755062
0.2754934
0.27548754
0.27548662
0.27547696
0.27546212
0.27544323
0.27543703
0.2754129
0.2754051
0.27539974
0.27539858
0.27537447
0.27535734
0.27532864
0.27532864
0.27532333
0.27531767
0.2753001
0.27527085
0.27526104
0.2752435
0.27523774
0.27521074
0.27520415
0.27518603
0.27518144
0.27516675
0.27515194
0.27513573
0.2751233
0.27510726
0.27509978
0.27509776
0.27507615
0.2750671
0.27504495
0.275035
0.27502638
0.27500895
0.27498314
0.27495313
0.2749509
0.27494264
0.2749324
0.2749285
0.2748912
0.274889
0.27488768
0.27487943
0.27487925
0.27487907
0.27487478
0.27487174
0.27486917
0.2748643
0.2748474
0.27482933
0.27479783
0.27479628
0.2747873
0.27478674
0.27477843
0.2747776
0.27476054
0.27474114
0.2747189
0.27470374
0.2746743
0.27466244
0.2746562
0.2746562
0.2746385
0.2746221
0.27461964
0.27461708
0.274615
0.27460876
0.27457786
0.27456042
0.27452013
0.27451333
0.2744845
0.27447906
0.27447456
0.27446187
0.2744355
0.2744254
0.2744248
0.2744186
0.27441725
0.27438807
0.27436566
0.27436438
0.27433985
0.27433035
0.27431566
0.27431488
0.27430704
0.27429453
0.27428445
0.2742765
0.27427363
0.27424365
0.27424097
0.27423456
0.2741977
0.27417326
0.27417272
0.27416304
0.2741406
0.27411067
0.27410522
0.27409565
0.2740702
0.27405474
0.27404532
0.27403927
0.27403766
0.27402216
0.274012
0.27399126
0.27396873
0.2739634
0.2739343
0.2739343
0.2739292
0.2739259
0.2739013
0.2738926
0.2738814
0.273868
0.27386257
0.2738096
0.27380496
0.2737838
0.27376115
0.273757
0.2737557
0.27375272
0.27374816
0.2737312
0.2737292
0.27372348
0.27371934
0.27371594
0.27369696
0.2736844
0.27365813
0.27364245
0.273639
0.273624
0.2736239
0.27361828
0.27359655
0.27359185
0.27358237
0.27357897
0.27357462
0.27353534
0.27352557
0.2735233
0.27351916
0.27351743
0.27351716
0.27351394
0.273506
0.27349424
0.27348942
0.27345657
0.27345645
0.27344114
0.27343267
0.2734266
0.27342212
0.27341914
0.27341148
0.27339056
0.27337515
0.27336264
0.27336213
0.27335465
0.27334517
0.2733184
0.27331266
0.27330822
0.27330765
0.27329615
0.27328718
0.27328476
0.27328077
0.27327895
0.2732612
0.2732311
0.2732212
0.273217
0.27319896
0.2731879
0.2731878
0.27317554
0.27316177
0.2731548
0.2731371
0.27313647
0.27308458
0.2730792
0.2730234
0.2730209
0.2730044
0.2729794
0.27297825
0.27297217
0.27296808
0.27296537
0.27294567
0.27293673
0.27289093
0.27288392
0.2728724
0.272863
0.27285755
0.27285105
0.27285048
0.2728423
0.27283883
0.27283806
0.27281594
0.27281487
0.27280623
0.27274993
0.27274314
0.27274188
0.27273425
0.27273205
0.2727146
0.27271232
0.2727062
0.27269638
0.27269185
0.27268445
0.27267537
0.27265978
0.27265233
0.27265233
0.27264154
0.27262813
0.2726232
0.27261978
0.2726181
0.27259895
0.2725987
0.27258766
0.27254003
0.27253824
0.2725254
0.27248016
0.27247617
0.27247238
0.27246913
0.27246612
0.2724637
0.27246243
0.27245718
0.27240855
0.2723759
0.27234027
0.2723211
0.27227813
0.27227688
0.27227175
0.27226537
0.27223378
0.2722174
0.27221227
0.27220947
0.27219242
0.27217352
0.2721432
0.27212113
0.27210534
0.27208427
0.27208322
0.272057
0.27205694
0.27205414
0.2720428
0.2720343
0.27202147
0.27201134
0.2720098
0.27200782
0.27199277
0.27197546
0.2719721
0.27196732
0.27196124
0.27195987
0.2719512
0.2719281
0.27191913
0.27190727
0.27183416
0.27180827
0.27180704
0.27179492
0.27177364
0.27177358
0.2717636
0.27172846
0.2717115
0.2717043
0.27170086
0.27169436
0.27168983
0.27168983
0.27168158
0.27167347
0.27166238
0.27164522
0.27161995
0.2716061
0.27157933
0.27157724
0.27157602
0.27157068
0.27156693
0.27155688
0.27153748
0.2715149
0.27150795
0.27146983
0.27146906
0.27146024
0.2714455
0.27142662
0.27142447
0.2714239
0.27141577
0.27140635
0.2713959
0.27138835
0.2713668
0.2713628
0.27135682
0.27135682
0.27135682
0.27135205
0.27134073
0.2713339
0.27133018
0.27132523
0.27132353
0.27131698
0.27130473
0.27127102
0.2712694
0.2712592
0.27125815
0.27124867
0.27122334
0.27121457
0.27119744
0.27119744
0.27119157
0.27117914
0.2711731
0.27116215
0.2711592
0.27114087
0.2711305
0.27112886
0.27110305
0.27109903
0.27109095
0.27109095
0.27108416
0.27107736
0.2710746
0.2710565
0.27105433
0.27102053
0.271018
0.27101204
0.27099654
0.27098817
0.27098486
0.27098227
0.27095434
0.2709481
0.27094203
0.27091488
0.27089334
0.27088097
0.27084008
0.2708353
0.2708309
0.27079028
0.27078813
0.27077988
0.27075043
0.27074072
0.27073818
0.2707352
0.27073434
0.27073434
0.27072257
0.27071884
0.270708
0.27069795
0.2706824
0.27066082
0.27065152
0.27065152
0.2706437
0.27063546
0.27063012
0.27060828
0.27059662
0.27056068
0.27056068
0.2705433
0.27054217
0.27053994
0.27053747
0.27053678
0.2705155
0.27049953
0.27048478
0.27046236
0.27046022
0.27045017
0.27043653
0.2704255
0.27042434
0.27042153
0.2704209
0.2704209
0.2704062
0.27040058
0.27038816
0.27038437
0.27037162
0.27036813
0.27035365
0.27035198
0.27029702
0.27025455
0.27023885
0.27022803
0.27015108
0.2701433
0.27012417
0.27010608
0.2700935
0.27007374
0.27004057
0.2700392
0.2700392
0.2700047
0.26999655
0.26998016
0.26997066
0.26995295
0.26994342
0.26993576
0.269929
0.26992092
0.2699129
0.26990578
0.26990157
0.26990062
0.26989162
0.26989022
0.26986277
0.26985213
0.26981124
0.26980725
0.26980725
0.26978812
0.26978812
0.2697605
0.26973918
0.26972008
0.2697104
0.26970288
0.26969817
0.2696845
0.26966694
0.2696622
0.2696548
0.26965111
0.26965076
0.26963925
0.26963264
0.26963127
0.2696303
0.26962394
0.2696105
0.2696047
0.2695983
0.26958984
0.26957396
0.2695426
0.26952046
0.26951668
0.26951256
0.26949164
0.2694825
0.26948214
0.26946008
0.26945725
0.2694414
0.2694107
0.2693966
0.2693958
0.26939502
0.2693925
0.26939029
0.26938975
0.26936033
0.26934743
0.26934573
0.2693406
0.26934037
0.26932836
0.26929933
0.26929933
0.26927984
0.26927125
0.2692681
0.26925498
0.2692506
0.2692492
0.2692485
0.2692463
0.26923382
0.26921543
0.26920566
0.26917535
0.2691592
0.26915753
0.2691512
0.26911214
0.2690856
0.26906714
0.2690532
0.269038
0.26903746
0.2690311
0.26898605
0.26898262
0.26895356
0.26895255
0.2689501
0.2689393
0.26892152
0.26891497
0.2688995
0.26889375
0.26889375
0.26888984
0.2688737
0.26884964
0.2688457
0.2688402
0.26883012
0.26882845
0.26882398
0.26882052
0.26881966
0.26881403
0.26881295
0.26881033
0.26880062
0.26878235
0.2687772
0.2687628
0.26875633
0.2687527
0.26874822
0.26873916
0.26871073
0.26870656
0.26869044
0.2686831
0.2686827
0.26867706
0.2686748
0.26867148
0.26865178
0.26864615
0.26862887
0.26862
0.26861778
0.26859722
0.26859722
0.268571
0.2685698
0.26854166
0.26853782
0.26850486
0.2685034
0.26850066
0.2684974
0.2684756
0.26847196
0.2684334
0.26842085
0.26841003
0.26840302
0.2683923
0.2683923
0.2683868
0.26837936
0.2683755
0.26836333
0.2683609
0.26835057
0.26835012
0.26835012
0.2683153
0.2683042
0.26829296
0.2682874
0.26828268
0.2682765
0.26825774
0.26823676
0.26823676
0.2682239
0.2682184
0.26820955
0.26818532
0.2681759
0.26816875
0.2681567
0.2681501
0.26814264
0.26812392
0.26811346
0.26808658
0.2680723
0.26807123
0.26806903
0.26806757
0.26802936
0.26800355
0.26799062
0.26796523
0.2679622
0.267957
0.26795456
0.2679525
0.26793474
0.26792789
0.2678759
0.26784536
0.26784536
0.26784107
0.26783228
0.267815
0.2678051
0.26780486
0.26780137
0.26779372
0.26778418
0.2677818
0.26776794
0.2677637
0.26774427
0.26772153
0.2677197
0.26771417
0.26770106
0.2676965
0.2676934
0.26769194
0.26768237
0.26766387
0.26765287
0.26765022
0.26763913
0.26763913
0.26762766
0.2676237
0.26761708
0.26761615
0.26758957
0.26757196
0.26756597
0.2675511
0.2675511
0.26753896
0.26752195
0.26751623
0.26749533
0.2674674
0.26746514
0.26743707
0.26743442
0.2674189
0.26741782
0.267415
0.26741436
0.26741022
0.26741022
0.26739785
0.26735893
0.26735714
0.26734713
0.2673376
0.26729682
0.2672912
0.26729035
0.26728705
0.26727095
0.26725292
0.2672259
0.26720548
0.26720542
0.26720536
0.26720482
0.26719764
0.26719147
0.26718548
0.26717305
0.26715347
0.26715076
0.26713988
0.26713082
0.26712832
0.267127
0.26711604
0.26707733
0.26707402
0.2670635
0.267061
0.26705858
0.26705006
0.2670417
0.2670159
0.26701042
0.26700714
0.2669722
0.2669651
0.2669471
0.2669351
0.26692867
0.26692626
0.26691353
0.26688653
0.26687485
0.2668565
0.26684332
0.2668116
0.2667775
0.26677042
0.2667476
0.2667405
0.26673537
0.2667296
0.26672924
0.26671502
0.26669076
0.26666522
0.26666138
0.26664805
0.26663005
0.26662868
0.26660487
0.2665975
0.26658
0.2665656
0.26655728
0.26655543
0.26653752
0.26652983
0.26652983
0.26652396
0.26648924
0.26648608
0.2664842
0.26644838
0.26643533
0.26642153
0.2663756
0.26636794
0.2663454
0.26634115
0.26632607
0.26632297
0.26631615
0.2663061
0.26629966
0.26628578
0.26626644
0.26624283
0.26621836
0.26621363
0.26621363
0.26619694
0.26616275
0.266159
0.2661491
0.26611617
0.2661113
0.26610765
0.26610652
0.2660989
0.2660986
0.26608995
0.26607224
0.26606417
0.26606283
0.26605526
0.2660432
0.26602915
0.2660224
0.2660055
0.26599693
0.26598907
0.26598087
0.26597413
0.26594582
0.2659332
0.26590732
0.26590517
0.26590195
0.2658997
0.2658974
0.26589662
0.2658473
0.2658469
0.26584613
0.26583818
0.265812
0.26580122
0.26578647
0.26577234
0.26576033
0.26573876
0.2657356
0.2657299
0.26572648
0.26572245
0.2657187
0.26570517
0.26566973
0.2656686
0.26565695
0.2656551
0.2656455
0.2656438
0.2656356
0.26562047
0.2656183
0.26561335
0.26559275
0.26558995
0.26558366
0.26558208
0.2655819
0.26556596
0.2655468
0.26554623
0.26554304
0.26553756
0.26553574
0.26552847
0.26551774
0.26551244
0.26550028
0.26548606
0.26548603
0.2654792
0.26544112
0.26543218
0.2654308
0.26540262
0.2654006
0.2653859
0.26538354
0.2653818
0.2653698
0.26536733
0.26534408
0.2653404
0.26531768
0.26531535
0.26528677
0.26525816
0.26517716
0.2651769
0.26515618
0.26513478
0.26513276
0.2651326
0.26510006
0.26509693
0.26507473
0.2650676
0.2650675
0.2650657
0.26505944
0.26503843
0.2650332
0.26502413
0.26500136
0.26497832
0.26496017
0.26492515
0.26490617
0.26488847
0.26488805
0.2648783
0.26487672
0.2648762
0.26487088
0.26486948
0.26486096
0.26485622
0.2648476
0.26483095
0.26482305
0.2648212
0.26480097
0.26478893
0.2647873
0.2647582
0.26471895
0.2647162
0.2647106
0.26467794
0.264674
0.26465958
0.26464927
0.26463574
0.26461738
0.26461086
0.26460892
0.26460448
0.26459163
0.2645435
0.26454136
0.2645409
0.2645244
0.26452252
0.26446497
0.2644535
0.2643986
0.26438344
0.2643567
0.26434267
0.26433703
0.26433018
0.26431477
0.2642791
0.2642732
0.26427138
0.26426828
0.2642626
0.26425248
0.264249
0.2642439
0.2642373
0.2642299
0.26422068
0.2642067
0.26419538
0.2641898
0.26417497
0.26417026
0.26415676
0.26415467
0.26413664
0.26412404
0.26410475
0.2640892
0.26408285
0.26408225
0.26406828
0.26405537
0.2640441
0.26404276
0.26403663
0.2640258
0.2639983
0.26398423
0.2639696
0.263966
0.26396084
0.26391917
0.26390424
0.26388448
0.26387048
0.2638635
0.2638635
0.26384905
0.26384443
0.26381576
0.26379734
0.26379427
0.26373625
0.26373553
0.2637157
0.2637064
0.26369563
0.2636765
0.26367328
0.2636542
0.26365235
0.26364803
0.26364586
0.26362842
0.26362842
0.26362634
0.26362625
0.2636123
0.263589
0.26357672
0.26357195
0.2635643
0.26356056
0.263558
0.2635537
0.26355267
0.26354834
0.26354828
0.26351324
0.26349035
0.26348993
0.26348966
0.2634751
0.2634743
0.26345605
0.26345605
0.26345325
0.26345187
0.26341477
0.26340753
0.2634027
0.2633994
0.2633986
0.26339635
0.26339304
0.26336768
0.26336533
0.2633588
0.26335517
0.2633349
0.26328966
0.26328608
0.26326945
0.26326945
0.26326844
0.26326257
0.2632606
0.2632379
0.26323572
0.26319778
0.26317838
0.26317307
0.26313046
0.26312172
0.26311743
0.2631061
0.26308832
0.2630843
0.2630822
0.263076
0.2630611
0.26304492
0.26304242
0.26303974
0.26303187
0.2630317
0.26302448
0.2630112
0.26300967
0.26298025
0.2629611
0.26295516
0.26293808
0.26292026
0.26292026
0.262912
0.26291126
0.26290616
0.26286578
0.26285926
0.26284936
0.26284838
0.262835
0.2628019
0.26279858
0.26279858
0.26279548
0.26276433
0.26274374
0.26274127
0.26273638
0.26271176
0.26269373
0.26269203
0.2626492
0.26263818
0.26260284
0.26260096
0.2626006
0.26258257
0.26257294
0.26257136
0.26256582
0.26255557
0.26252788
0.26252767
0.2625252
0.26252496
0.26252264
0.2625036
0.2625036
0.26246995
0.2624461
0.26244286
0.26243708
0.26242477
0.26241258
0.2623945
0.2623922
0.26237613
0.26237613
0.26234615
0.26232606
0.26232606
0.26231566
0.26225266
0.26225236
0.26224992
0.26224992
0.26221982
0.26220974
0.26220372
0.26220194
0.2621776
0.26217303
0.26217148
0.26217058
0.26215562
0.26214838
0.26214764
0.26212743
0.26212743
0.26212743
0.2621249
0.26211685
0.26211596
0.26211393
0.26210302
0.26209968
0.26207832
0.2620673
0.26206127
0.26205665
0.26205274
0.2620457
0.26202995
0.2620273
0.26201
0.26200253
0.26198816
0.2619744
0.26196316
0.26194987
0.2619472
0.26193452
0.26192534
0.2619139
0.26190913
0.26189563
0.26188824
0.26185238
0.2618512
0.26184896
0.2618404
0.2618404
0.26183516
0.26181924
0.26179475
0.26177865
0.26177466
0.2617724
0.26176092
0.26174852
0.2617435
0.26171905
0.26170808
0.26167834
0.26167744
0.26165164
0.26161367
0.26160315
0.26160225
0.2616016
0.26158136
0.2615799
0.2615791
0.26157266
0.26155168
0.26151896
0.2615037
0.2615037
0.26147625
0.26146823
0.26146743
0.26146424
0.26146123
0.26145962
0.2614593
0.26145685
0.2614548
0.26143923
0.2614379
0.26142973
0.26140505
0.26138923
0.26133528
0.26132923
0.26131037
0.26130235
0.2612923
0.2612512
0.26124996
0.26123208
0.26122853
0.2612226
0.26121604
0.26121524
0.2612033
0.2611927
0.26118076
0.2611749
0.26115555
0.26115423
0.26115152
0.26113474
0.2611333
0.26112267
0.26109952
0.26109746
0.26108897
0.26106474
0.2610631
0.26105687
0.2610355
0.26100904
0.2610048
0.26099643
0.26096436
0.26091936
0.26090574
0.2608969
0.2608619
0.26085633
0.26084358
0.2608431
0.2608256
0.26082072
0.26081967
0.26081568
0.26080567
0.26079366
0.26078483
0.26078483
0.26078203
0.26075003
0.26074576
0.26074234
0.26073053
0.26065353
0.26065126
0.2606468
0.26063895
0.2606203
0.26061666
0.26061228
0.26060903
0.2605873
0.26057014
0.26056573
0.2605499
0.26052806
0.2605049
0.2605049
0.2604994
0.26048952
0.26048428
0.26046303
0.2604491
0.26044875
0.26044598
0.26043785
0.26041982
0.26041973
0.26041216
0.26039645
0.2603829
0.2603762
0.2603698
0.2603683
0.26036647
0.26035842
0.26035297
0.26031247
0.26031026
0.2603094
0.2602982
0.26029688
0.26029482
0.2602754
0.26027235
0.26026863
0.2602677
0.2602656
0.2602553
0.2602553
0.26025406
0.2602113
0.26020792
0.26019853
0.26019573
0.2601843
0.26017502
0.2601709
0.26015878
0.26015863
0.2601579
0.26014632
0.2601424
0.26013866
0.26013225
0.26013118
0.26011324
0.26010832
0.26010612
0.26010287
0.2600902
0.26005283
0.2600494
0.26004806
0.26003537
0.26002166
0.2600179
0.2600167
0.26001337
0.26000956
0.26000598
0.2600033
0.2599645
0.2599575
0.2599432
0.2599432
0.2599431
0.25993696
0.2599253
0.2599184
0.25991023
0.25990298
0.25988057
0.2598767
0.25986516
0.2598631
0.2598604
0.25985706
0.25985083
0.25984043
0.2598398
0.25983974
0.25982487
0.25982144
0.25981373
0.2597967
0.2597725
0.2597342
0.25973094
0.25973094
0.25972506
0.2597129
0.25969744
0.2596917
0.25966007
0.25965324
0.2596531
0.2595443
0.2595355
0.25951058
0.25950444
0.2594987
0.25949103
0.25948796
0.2594871
0.2594659
0.2594414
0.2594361
0.25941128
0.25938898
0.25932488
0.2593049
0.2592999
0.25929686
0.25928015
0.25925344
0.25924644
0.25924417
0.2592312
0.25922853
0.25922808
0.25920188
0.25919247
0.25916907
0.25915128
0.25911993
0.2591155
0.2590774
0.25906575
0.25902736
0.25902262
0.25902236
0.25898755
0.2589858
0.25897586
0.25897184
0.2589706
0.25895503
0.2589498
0.2589498
0.2589492
0.2589054
0.25889286
0.25889182
0.25887796
0.25886974
0.25883982
0.25883844
0.2588329
0.25882912
0.25875744
0.2587416
0.25873417
0.25873256
0.2587121
0.25870356
0.25870046
0.2586948
0.2586897
0.2586672
0.25866136
0.25864547
0.25864547
0.25864175
0.2586175
0.25860533
0.25860488
0.2585775
0.25856975
0.25855199
0.25854984
0.25854984
0.25854984
0.25853696
0.25852776
0.25851852
0.25850385
0.2584741
0.25846905
0.2584651
0.258454
0.2584448
0.2584419
0.25843978
0.2584384
0.2584354
0.25840294
0.25838852
0.25837746
0.25834206
0.25833434
0.25833088
0.25831547
0.25830662
0.25828665
0.25827926
0.25827765
0.25826085
0.25824833
0.25824803
0.25824103
0.2582408
0.25823835
0.2582286
0.2582261
0.25821677
0.25821045
0.25819445
0.2581665
0.25815788
0.25814998
0.25814304
0.25811952
0.2581156
0.25810146
0.25809875
0.25807443
0.25806737
0.25806335
0.2580524
0.25804725
0.25804418
0.2580316
0.25802624
0.25802016
0.25801542
0.25800073
0.25798818
0.25793892
0.25792333
0.2579195
0.25790948
0.2579001
0.25789347
0.25788608
0.25787187
0.2578574
0.25785083
0.25785083
0.25783852
0.2578311
0.2578252
0.25781646
0.25780708
0.25780404
0.25779477
0.25778368
0.25777766
0.2577679
0.25776517
0.25775924
0.25770122
0.25767934
0.25767
0.25766847
0.25766212
0.25765583
0.25765517
0.2576436
0.2576384
0.25763807
0.25762177
0.25762135
0.25762135
0.25760484
0.2576023
0.25759658
0.25758937
0.25758868
0.25758442
0.2575772
0.25757015
0.25756812
0.2575633
0.25755832
0.25752813
0.25747877
0.25747207
0.25745508
0.25743246
0.25742403
0.2574185
0.2574093
0.2574036
0.25739774
0.2573506
0.25734514
0.2573365
0.2573232
0.25731522
0.25730777
0.2573044
0.25730106
0.25730085
0.25728977
0.25728428
0.25728106
0.25724784
0.25723836
0.25717068
0.25716323
0.2571548
0.2571386
0.2571372
0.2571135
0.2570842
0.25707644
0.25704098
0.2570385
0.25702143
0.25701413
0.2570058
0.25700295
0.2569976
0.25697896
0.2569768
0.25695512
0.25695246
0.2569245
0.25691628
0.2569097
0.25690103
0.25689307
0.25688693
0.25688004
0.2568718
0.2568708
0.25686982
0.256862
0.25686133
0.2568442
0.25681332
0.25679156
0.2567536
0.2567203
0.2567113
0.2567
0.2566637
0.25665563
0.2566199
0.25661936
0.25661936
0.25661543
0.25661182
0.25660035
0.25657925
0.2565785
0.25657642
0.25657323
0.25657105
0.2565358
0.2565192
0.2565192
0.25650862
0.25650483
0.25648838
0.2564781
0.25647184
0.25647178
0.25645003
0.25644678
0.25643224
0.25640196
0.25639454
0.2563871
0.25635287
0.25634125
0.25633103
0.2563179
0.25630158
0.25625357
0.2562504
0.25624952
0.25622007
0.25621223
0.25620326
0.25619063
0.25617814
0.25616854
0.25616702
0.2561541
0.25615284
0.25613204
0.25612432
0.25610965
0.25610173
0.25610068
0.2560912
0.25606325
0.25606325
0.2560488
0.2560425
0.2560297
0.25601813
0.2560172
0.25601155
0.25598872
0.25598148
0.25597495
0.2559569
0.25595504
0.255951
0.25594902
0.25594464
0.25594127
0.2559249
0.25591832
0.255903
0.25583336
0.25582024
0.25581992
0.2557951
0.25576496
0.2557369
0.25572288
0.25572097
0.2556836
0.25564432
0.25563863
0.2556251
0.2556083
0.2556083
0.25560695
0.25560695
0.25559726
0.25558692
0.25558203
0.25556707
0.25553945
0.25552827
0.25552073
0.25549585
0.25547257
0.25542593
0.2554189
0.25540647
0.2554044
0.2554044
0.2553966
0.25539654
0.25539365
0.25538722
0.25538412
0.25538027
0.25537172
0.2553648
0.2553648
0.25533903
0.25533423
0.25532958
0.25532484
0.25532037
0.2553203
0.2553088
0.25530368
0.25530142
0.25528297
0.2552794
0.25526908
0.25524104
0.2552389
0.2552359
0.2552286
0.25522405
0.25521478
0.25520837
0.2551901
0.2551708
0.2551706
0.25514424
0.25511384
0.25511307
0.25511172
0.2551021
0.25509658
0.25508964
0.25507593
0.25507593
0.2550519
0.2550452
0.25503808
0.25502703
0.2550169
0.25501326
0.25500518
0.2549998
0.25497255
0.25497046
0.25494647
0.25494328
0.2549382
0.2549358
0.25492656
0.25492504
0.25491315
0.25490758
0.25490412
0.25485322
0.2548516
0.25484198
0.25483873
0.254836
0.25481993
0.25481644
0.2547928
0.25478816
0.25477204
0.25475323
0.25474992
0.2547343
0.25471503
0.2547137
0.25470814
0.25468117
0.254662
0.2546616
0.25464788
0.25464788
0.25462162
0.2546173
0.2546173
0.2546022
0.25458953
0.25458467
0.2545788
0.254578
0.2545669
0.2545669
0.2545591
0.25452897
0.25451726
0.2544958
0.2544958
0.2544914
0.2544735
0.25446862
0.25445578
0.25445578
0.2544554
0.2544554
0.2544515
0.2544375
0.2544201
0.25435913
0.25435686
0.25427386
0.2542733
0.25427082
0.25421593
0.2541887
0.25418848
0.25418475
0.25417644
0.25417644
0.25417244
0.2541701
0.25414482
0.25413454
0.2541085
0.25410143
0.25409994
0.254039
0.25402617
0.2540229
0.2540031
0.25397032
0.25396627
0.25396627
0.25395325
0.2539497
0.2539484
0.25393128
0.25390288
0.2538748
0.2538552
0.25381413
0.2537772
0.25377464
0.25371563
0.25371277
0.25371113
0.25369647
0.25362927
0.25361687
0.25360587
0.25359276
0.25357333
0.25356075
0.25352395
0.25352252
0.25350556
0.25349
0.25348753
0.25344977
0.2534383
0.253417
0.2533928
0.25335765
0.25335684
0.25335595
0.25334516
0.25334504
0.25334266
0.2533412
0.25333974
0.25332204
0.25330833
0.2532951
0.25329062
0.25329039
0.25326613
0.25324383
0.2532425
0.25324038
0.25323918
0.25323516
0.25323516
0.25322586
0.25321347
0.25320426
0.2531892
0.25317502
0.25316107
0.2531434
0.25312033
0.25310293
0.25308838
0.25308618
0.25306302
0.25305903
0.2529899
0.25297603
0.2529643
0.25296277
0.25293297
0.25290224
0.2528726
0.25284863
0.25284803
0.2528396
0.25281322
0.2528031
0.2528031
0.25279534
0.25278196
0.25276858
0.2527657
0.25275755
0.25275
0.2527332
0.25273073
0.2527153
0.25268894
0.25267595
0.25266463
0.25265434
0.25263947
0.25263828
0.2526211
0.25260392
0.25258443
0.25256813
0.25255704
0.25253856
0.2525381
0.2525381
0.252532
0.25249463
0.2524713
0.252437
0.25243095
0.25242978
0.25240532
0.2523715
0.25236252
0.252352
0.2523512
0.2523512
0.2523465
0.25230914
0.25226286
0.25225845
0.2522544
0.25223053
0.25222898
0.25222594
0.25222594
0.25221643
0.2522123
0.25220504
0.25220495
0.25220495
0.25217697
0.2521567
0.2521567
0.25215596
0.2521234
0.2521215
0.25209117
0.25206017
0.2520597
0.25205967
0.25204924
0.25204277
0.2520401
0.25203598
0.25202736
0.25197387
0.2519228
0.25191167
0.25191167
0.25189692
0.25187424
0.25186202
0.25185665
0.25185254
0.25183144
0.25183144
0.25182456
0.2518208
0.25181222
0.25180995
0.25180528
0.25180113
0.2517792
0.251757
0.25174296
0.25171685
0.2517115
0.25171092
0.25171092
0.25170678
0.25170678
0.25165212
0.25164682
0.25163004
0.25162798
0.2516275
0.25161538
0.2516112
0.25161096
0.2516083
0.2516034
0.2516007
0.2515774
0.25157148
0.25155872
0.25155294
0.2515466
0.25148064
0.25145313
0.25145015
0.25141716
0.251404
0.2514003
0.2513632
0.25136173
0.25132564
0.25129434
0.25127798
0.25125498
0.25124097
0.2511969
0.25116917
0.25115559
0.25115025
0.25114423
0.2511392
0.2511375
0.2511189
0.25110912
0.2510872
0.2510728
0.2510615
0.25105527
0.25104868
0.25104868
0.2510013
0.25099704
0.25095606
0.2509364
0.25091246
0.2509045
0.25089172
0.25088158
0.2508625
0.25086126
0.2508334
0.25082412
0.25081554
0.2508116
0.25080293
0.25080293
0.25079843
0.25077823
0.25076163
0.25075814
0.2507553
0.25075504
0.25074783
0.25074258
0.2507194
0.2506755
0.25065377
0.25060594
0.2505783
0.2505739
0.25057355
0.2505709
0.25055996
0.25054547
0.25054547
0.25054547
0.25054362
0.2505377
0.25049236
0.25047392
0.25046656
0.25045902
0.25044575
0.25044575
0.25043944
0.250415
0.25039577
0.25038448
0.25038093
0.25036326
0.2503522
0.2503407
0.2503247
0.25031906
0.25029093
0.2502841
0.25027582
0.2502652
0.25026074
0.2502602
0.25025153
0.25022537
0.2502084
0.25020048
0.25017333
0.25016907
0.25013772
0.25012797
0.25012344
0.25011075
0.25010905
0.2501004
0.25008965
0.25007787
0.25007
0.25005472
0.25005472
0.25005382
0.25005284
0.2500456
0.2500383
0.25001475
0.25001475
0.2500127
0.24998975
0.2499724
0.24996686
0.24996349
0.24991676
0.24989067
0.24988317
0.24987704
0.24985887
0.24984343
0.24984013
0.24982986
0.2498193
0.24980846
0.24977228
0.24975657
0.24973242
0.24971375
0.2497015
0.24966048
0.24962297
0.24961376
0.24958774
0.24958774
0.24957022
0.2495635
0.24954738
0.24954218
0.24954218
0.24948898
0.24946614
0.24944758
0.2494272
0.24940558
0.24936278
0.24933024
0.24932158
0.24928442
0.249284
0.24928267
0.24927534
0.24927534
0.24927156
0.24926752
0.24925739
0.24925286
0.24925034
0.2492199
0.24920319
0.24916488
0.24912077
0.24911284
0.24903472
0.24898481
0.24897538
0.24894425
0.24893034
0.2489265
0.24887645
0.2488489
0.24880217
0.24876837
0.2487366
0.24871486
0.24870858
0.24870586
0.24870586
0.248693
0.2486542
0.2486506
0.24862784
0.24860632
0.24860188
0.24859796
0.24858516
0.24855386
0.24854174
0.24853374
0.24850422
0.24850316
0.24850069
0.2484987
0.24846442
0.24838379
0.24838379
0.24837275
0.24836849
0.2483635
0.24836054
0.2483562
0.2483522
0.24835193
0.24832764
0.24832009
0.24831368
0.24828646
0.24828325
0.24826787
0.24825983
0.24824184
0.24823423
0.2482049
0.24817368
0.24814987
0.24810627
0.24809526
0.24808027
0.24807449
0.2480681
0.24805629
0.24801737
0.24801323
0.24797238
0.24792154
0.24789529
0.24788316
0.24788213
0.24786144
0.24782877
0.24781017
0.24781017
0.24776068
0.24775524
0.24775097
0.24775097
0.24774131
0.2477203
0.24770685
0.24767314
0.24764802
0.24764138
0.24763261
0.247629
0.247629
0.24757192
0.24755836
0.24754807
0.24753372
0.2474925
0.24745916
0.2474441
0.24743421
0.24743375
0.24743375
0.24736546
0.24735413
0.24732246
0.24732089
0.24727708
0.24726592
0.24725516
0.24725516
0.24719623
0.24719232
0.24716645
0.24716209
0.24713027
0.24712245
0.24710567
0.24710296
0.24707316
0.24704681
0.24703588
0.24687581
0.24687119
0.24685375
0.2468528
0.24683063
0.24680242
0.24675874
0.24674588
0.24674132
0.24669272
0.2466616
0.2466579
0.24664092
0.24649239
0.24649085
0.24648586
0.24648227
0.24648227
0.24644491
0.24644224
0.24642776
0.24632315
0.24632315
0.24632315
0.24631274
0.24629347
0.24629024
0.24627727
0.24626313
0.24626146
0.24622008
0.24615489
0.24611467
0.24610122
0.24608357
0.246076
0.246076
0.2460485
0.24597739
0.24592835
0.24592382
0.24590623
0.24590498
0.24586087
0.24583459
0.24582843
0.2458223
0.24581243
0.24581243
0.24578221
0.24575976
0.24573435
0.24571823
0.24566863
0.2456493
0.24562958
0.24562147
0.24559832
0.24554227
0.24552451
0.24550056
0.24549393
0.24546352
0.2454329
0.24543078
0.24536704
0.24532156
0.24531014
0.2452569
0.24524434
0.24520138
0.24511828
0.245104
0.2450698
0.24505936
0.24505731
0.24503802
0.24502891
0.24500516
0.24499628
0.2449909
0.24495856
0.2449502
0.2448953
0.24483028
0.2448167
0.24476719
0.24475479
0.24475479
0.24475479
0.24474253
0.24468242
0.24468145
0.24465297
0.24462548
0.24459553
0.24455681
0.24452691
0.2445059
0.24450578
0.24436088
0.24428582
0.24426167
0.24415523
0.2441106
0.2439974
0.24398644
0.2439569
0.24389745
0.24378546
0.2437835
0.24375169
0.24366987
0.24364108
0.24362254
0.24358532
0.24358134
0.24348761
0.2434581
0.24343494
0.243427
0.24338153
0.24336052
0.24330151
0.24320795
0.24318156
0.24309507
0.2430822
0.24305709
0.2430362
0.24300493
0.24299933
0.2429944
0.24296337
0.24296103
0.24295111
0.24293952
0.2429312
0.24288346
0.24287438
0.24284597
0.24284397
0.24283801
0.24278516
0.24271306
0.24262834
0.24249774
0.2422844
0.24214159
0.24211392
0.2421009
0.24206753
0.24206579
0.24199507
0.24197736
0.24189632
0.2418412
0.24180306
0.24177492
0.24173617
0.24173617
0.24156432
0.24154982
0.24153066
0.24129792
0.24119587
0.24107711
0.2409729
0.24079317
0.24069674
0.24007185
0.23997238
0.23970547
0.23970547
0.23935348
0.2391857
0.2391683
0.23914397
0.23904595
0.23879778
0.23863366
0.23821858
0.2374996
0.237334
0.23592143
