[0.35415083]
[0.31223288]
[0.30781806]
[0.30421022]
[0.30063918]
[0.2987473]
[0.2960882]
[0.28355318]
[0.2820631]
[0.2818293]
[0.28092086]
[0.27851394]
[0.277477]
[0.2746197]
[0.26974228]
[0.26512098]
[0.26182804]
[0.2613245]
[0.25899756]
[0.25839293]
[0.25694793]
[0.25523025]
[0.2537204]
[0.2536401]
[0.24862628]
[0.24698679]
[0.24669781]
[0.24655776]
[0.24600127]
[0.24539885]
[0.24390276]
[0.242608]
[0.24199253]
[0.24081902]
[0.24059488]
[0.23972504]
[0.23937245]
[0.23921964]
[0.23919553]
[0.23821227]
[0.23818873]
[0.23693168]
[0.23647843]
[0.23608741]
[0.23604362]
[0.23590866]
[0.23495011]
[0.23480764]
[0.2336143]
[0.23331028]
[0.23209007]
[0.23142305]
[0.23116763]
[0.22959994]
[0.2294098]
[0.22835246]
[0.22770706]
[0.22522861]
[0.22450972]
[0.22448468]
[0.22435863]
[0.22362614]
[0.2235046]
[0.22316343]
[0.22276765]
[0.22264013]
[0.22262481]
[0.22105424]
[0.22064781]
[0.22032954]
[0.22032607]
[0.21991196]
[0.21985072]
[0.21953498]
[0.21886629]
[0.21834698]
[0.2183107]
[0.21816903]
[0.21809766]
[0.21776499]
[0.21764071]
[0.2173629]
[0.2173276]
[0.21720558]
[0.21712026]
[0.21665062]
[0.21658099]
[0.21633036]
[0.21608953]
[0.21591628]
[0.21582857]
[0.21549863]
[0.21533015]
[0.21531956]
[0.21515326]
[0.21486469]
[0.21477091]
[0.21443926]
[0.21425173]
[0.21406345]
[0.21392128]
[0.21365021]
[0.21358408]
[0.21354957]
[0.21351315]
[0.21296981]
[0.21294716]
[0.21275435]
[0.21251953]
[0.212346]
[0.21213177]
[0.21202993]
[0.21126325]
[0.2112392]
[0.21104166]
[0.21089132]
[0.2107423]
[0.21053737]
[0.21050327]
[0.21036747]
[0.21026705]
[0.21007012]
[0.21003799]
[0.20992596]
[0.20979924]
[0.209462]
[0.20859176]
[0.20854655]
[0.2084763]
[0.20786028]
[0.20769577]
[0.20757693]
[0.20739938]
[0.20707695]
[0.20683433]
[0.20671971]
[0.2066916]
[0.2066684]
[0.2064033]
[0.20575744]
[0.20571311]
[0.20532283]
[0.20528911]
[0.205242]
[0.20506671]
[0.2049165]
[0.20490213]
[0.20466295]
[0.20458938]
[0.20454974]
[0.20439585]
[0.2041842]
[0.20384681]
[0.20369065]
[0.20339558]
[0.20337392]
[0.20330384]
[0.2031367]
[0.20311347]
[0.20294139]
[0.20283565]
[0.20273033]
[0.20259741]
[0.20258167]
[0.20250262]
[0.202459]
[0.2019603]
[0.20135762]
[0.2013525]
[0.20116879]
[0.20079747]
[0.20056675]
[0.2005015]
[0.20050052]
[0.2001639]
[0.20003253]
[0.20003112]
[0.19999087]
[0.19987623]
[0.19951686]
[0.19950497]
[0.1989193]
[0.19837323]
[0.19820715]
[0.19801247]
[0.19770177]
[0.19765916]
[0.19744737]
[0.19732088]
[0.19711821]
[0.19701616]
[0.1968536]
[0.19673914]
[0.1966518]
[0.19614196]
[0.19602546]
[0.19577993]
[0.19567107]
[0.1954174]
[0.19506903]
[0.19502334]
[0.19476618]
[0.1947121]
[0.19466668]
[0.19449303]
[0.19448738]
[0.1944097]
[0.19431867]
[0.19420774]
[0.19419174]
[0.19408481]
[0.19407114]
[0.1940278]
[0.19374594]
[0.19361041]
[0.19359942]
[0.1932977]
[0.19327241]
[0.1932684]
[0.19317318]
[0.19312197]
[0.19310783]
[0.19310726]
[0.19310665]
[0.19260566]
[0.19248956]
[0.19248125]
[0.19223623]
[0.19223529]
[0.19221418]
[0.19221418]
[0.19162615]
[0.1915657]
[0.19155355]
[0.19142497]
[0.19140655]
[0.19137947]
[0.19119678]
[0.19104868]
[0.19100443]
[0.19086204]
[0.19076505]
[0.19066101]
[0.19047436]
[0.19042534]
[0.19040416]
[0.19040067]
[0.19038631]
[0.19031577]
[0.19015698]
[0.19008785]
[0.19005297]
[0.18995832]
[0.189781]
[0.18957421]
[0.18950795]
[0.18949637]
[0.1894713]
[0.18933511]
[0.18932205]
[0.18927033]
[0.18922278]
[0.18894352]
[0.18869722]
[0.18861586]
[0.18858606]
[0.18856652]
[0.1885276]
[0.18844259]
[0.1883444]
[0.18780196]
[0.18777004]
[0.18769923]
[0.18765983]
[0.18742259]
[0.18737224]
[0.18716651]
[0.18712829]
[0.18709832]
[0.18700714]
[0.18698488]
[0.18696453]
[0.18687806]
[0.18685739]
[0.18675283]
[0.18658221]
[0.18643136]
[0.18626162]
[0.18624176]
[0.1861127]
[0.18606287]
[0.18597679]
[0.18581076]
[0.18557881]
[0.18557557]
[0.1855011]
[0.18520829]
[0.18489559]
[0.18488991]
[0.18479994]
[0.18455835]
[0.18446532]
[0.18445149]
[0.18429787]
[0.18416259]
[0.18414477]
[0.18396136]
[0.18396108]
[0.18394424]
[0.18394166]
[0.18394049]
[0.1839138]
[0.18382199]
[0.18375494]
[0.18370913]
[0.18369922]
[0.18368131]
[0.18360347]
[0.18359534]
[0.18355025]
[0.18332794]
[0.18325084]
[0.1831755]
[0.1830526]
[0.1829924]
[0.18299052]
[0.18294692]
[0.18293822]
[0.18293788]
[0.18284345]
[0.18284142]
[0.18282332]
[0.18274778]
[0.18267453]
[0.18259028]
[0.18239252]
[0.18237147]
[0.18194643]
[0.18179353]
[0.18174694]
[0.18162313]
[0.18157722]
[0.18157472]
[0.18154961]
[0.1814445]
[0.1813285]
[0.18132207]
[0.18126787]
[0.18125246]
[0.18110119]
[0.18108316]
[0.18106772]
[0.18101826]
[0.18093711]
[0.18093115]
[0.18085015]
[0.1806518]
[0.18064305]
[0.18053682]
[0.18044318]
[0.18025061]
[0.1799042]
[0.17977042]
[0.17971312]
[0.17955348]
[0.1795421]
[0.17943604]
[0.17938486]
[0.17938118]
[0.17933448]
[0.17932603]
[0.17921396]
[0.17919269]
[0.17915192]
[0.17909765]
[0.17905973]
[0.17902346]
[0.1790142]
[0.17894062]
[0.17872475]
[0.17871776]
[0.17871033]
[0.17853932]
[0.17849603]
[0.17848489]
[0.17840172]
[0.17832136]
[0.17831062]
[0.178203]
[0.17812286]
[0.17812286]
[0.1781105]
[0.17796497]
[0.17789675]
[0.17785457]
[0.17778127]
[0.17772959]
[0.17736153]
[0.1773526]
[0.17730866]
[0.17728943]
[0.17724341]
[0.17724314]
[0.17711675]
[0.17703842]
[0.17702015]
[0.17698494]
[0.1769572]
[0.17677683]
[0.17661749]
[0.17655227]
[0.17655066]
[0.1764951]
[0.17644803]
[0.17638369]
[0.17633669]
[0.17630185]
[0.17625585]
[0.1761554]
[0.17615448]
[0.17612351]
[0.17601824]
[0.17601632]
[0.17582692]
[0.17578967]
[0.17564388]
[0.17563298]
[0.17562306]
[0.17552681]
[0.17550804]
[0.17550531]
[0.17542328]
[0.17540045]
[0.1753488]
[0.17534657]
[0.17532493]
[0.17529762]
[0.17529382]
[0.17525634]
[0.17523362]
[0.17514841]
[0.17494735]
[0.17493136]
[0.17485103]
[0.17467037]
[0.17465258]
[0.17461698]
[0.17454489]
[0.17448336]
[0.1743815]
[0.17430815]
[0.1742393]
[0.17418833]
[0.17415772]
[0.17415382]
[0.17414506]
[0.17412965]
[0.17396818]
[0.17390785]
[0.17382875]
[0.17381205]
[0.17379096]
[0.17372209]
[0.17369835]
[0.17367618]
[0.17362711]
[0.17358018]
[0.17357914]
[0.17354071]
[0.17347474]
[0.17343874]
[0.17337318]
[0.17334726]
[0.17331941]
[0.17327759]
[0.17323588]
[0.17322448]
[0.17318255]
[0.17313154]
[0.1730499]
[0.1730235]
[0.17295034]
[0.17291813]
[0.1729015]
[0.17284887]
[0.17277782]
[0.17269978]
[0.17269108]
[0.17264657]
[0.17260261]
[0.17254077]
[0.17249271]
[0.1723843]
[0.1723521]
[0.17234235]
[0.17229977]
[0.1722298]
[0.17221034]
[0.17213221]
[0.17204247]
[0.1720276]
[0.17202604]
[0.17181133]
[0.17173614]
[0.17172495]
[0.17161372]
[0.1715475]
[0.17150337]
[0.1714716]
[0.17145042]
[0.17142677]
[0.1713338]
[0.17130183]
[0.1712679]
[0.17126186]
[0.17123629]
[0.17123272]
[0.17117314]
[0.1709628]
[0.1708696]
[0.17076851]
[0.17069417]
[0.17066379]
[0.17066081]
[0.17060189]
[0.17051782]
[0.17048752]
[0.1703555]
[0.17032859]
[0.17027827]
[0.17027827]
[0.1702271]
[0.17020103]
[0.17018332]
[0.17016695]
[0.17015688]
[0.17014855]
[0.17013532]
[0.17003754]
[0.16999358]
[0.16996571]
[0.16992673]
[0.1699244]
[0.1698824]
[0.16977786]
[0.16965169]
[0.16964905]
[0.16963519]
[0.16957428]
[0.16952436]
[0.16946733]
[0.16941445]
[0.169209]
[0.16918546]
[0.16917934]
[0.16917801]
[0.16916674]
[0.16905752]
[0.1690527]
[0.16899772]
[0.16897275]
[0.16885601]
[0.16878414]
[0.16872191]
[0.16871575]
[0.16866492]
[0.16860405]
[0.16852462]
[0.16850045]
[0.1684653]
[0.16843909]
[0.1684347]
[0.16838269]
[0.16832852]
[0.16816984]
[0.16814911]
[0.16809343]
[0.16804543]
[0.16797714]
[0.1679134]
[0.16786982]
[0.1678655]
[0.16780798]
[0.16774456]
[0.16771188]
[0.16767304]
[0.16761187]
[0.16760616]
[0.1675778]
[0.16752921]
[0.16749083]
[0.16737776]
[0.16731809]
[0.16727754]
[0.16724078]
[0.16723575]
[0.16717891]
[0.16712947]
[0.16711038]
[0.16703334]
[0.16702591]
[0.16698503]
[0.16696411]
[0.16693899]
[0.1668961]
[0.16684715]
[0.16684455]
[0.16680093]
[0.16678537]
[0.16667578]
[0.16666715]
[0.16665192]
[0.16649733]
[0.16648996]
[0.1664656]
[0.16645622]
[0.16638573]
[0.16632837]
[0.16631411]
[0.16629274]
[0.16615704]
[0.1661183]
[0.16606052]
[0.16605245]
[0.16604428]
[0.16602077]
[0.16599876]
[0.16598022]
[0.16596584]
[0.16594741]
[0.16585849]
[0.16585375]
[0.16585375]
[0.16576852]
[0.16574655]
[0.1657318]
[0.16571304]
[0.16567285]
[0.16562173]
[0.16552782]
[0.16551423]
[0.16547649]
[0.16539185]
[0.16523333]
[0.16523333]
[0.16516948]
[0.16516699]
[0.16509758]
[0.16509224]
[0.16509053]
[0.16498244]
[0.16497019]
[0.16495538]
[0.16492604]
[0.16491254]
[0.16488592]
[0.16488592]
[0.16485375]
[0.16480789]
[0.16473538]
[0.1646793]
[0.1646646]
[0.16465344]
[0.16463087]
[0.16462485]
[0.16455622]
[0.16455622]
[0.1644998]
[0.16442223]
[0.16438338]
[0.1643189]
[0.16425392]
[0.16421017]
[0.16420859]
[0.16420643]
[0.16416684]
[0.1641407]
[0.16411503]
[0.16410716]
[0.16401103]
[0.16398671]
[0.16398254]
[0.16396718]
[0.16394415]
[0.16392775]
[0.16390873]
[0.16389027]
[0.16384168]
[0.16377869]
[0.16377597]
[0.16376236]
[0.16367143]
[0.16364406]
[0.16359657]
[0.16355476]
[0.16355205]
[0.16348512]
[0.16346925]
[0.16341555]
[0.16341494]
[0.16340704]
[0.1633936]
[0.16336147]
[0.16335134]
[0.16333282]
[0.16330478]
[0.16327848]
[0.16324247]
[0.1631921]
[0.1630894]
[0.16308314]
[0.16305709]
[0.1630312]
[0.16296995]
[0.162945]
[0.16292222]
[0.16290577]
[0.16287448]
[0.16286196]
[0.16283992]
[0.16282815]
[0.16279812]
[0.16278093]
[0.16277494]
[0.16275199]
[0.16263627]
[0.1626328]
[0.1625752]
[0.16254745]
[0.1625169]
[0.16249336]
[0.16246432]
[0.16242576]
[0.16234516]
[0.1623282]
[0.1623282]
[0.16232616]
[0.16226263]
[0.16221683]
[0.16220379]
[0.16218849]
[0.16216268]
[0.16214861]
[0.16209702]
[0.16209257]
[0.16206935]
[0.16206518]
[0.16204329]
[0.16201985]
[0.16201764]
[0.16200039]
[0.16197696]
[0.16196735]
[0.16196717]
[0.16193137]
[0.16189368]
[0.16185023]
[0.16183421]
[0.1618182]
[0.16180463]
[0.16179448]
[0.16177465]
[0.16174819]
[0.16173713]
[0.16172773]
[0.16166744]
[0.16162875]
[0.16162558]
[0.16161582]
[0.16160493]
[0.1615842]
[0.1615781]
[0.16155775]
[0.16153473]
[0.1614995]
[0.16149375]
[0.16148116]
[0.16139036]
[0.16137001]
[0.16134427]
[0.16134174]
[0.16129638]
[0.1612612]
[0.16121621]
[0.16114981]
[0.1611405]
[0.16110532]
[0.16109917]
[0.1610891]
[0.1610819]
[0.16108054]
[0.16107112]
[0.16104265]
[0.16094314]
[0.16094041]
[0.16090357]
[0.16086264]
[0.16076839]
[0.16074993]
[0.16070709]
[0.16069268]
[0.1606784]
[0.16067423]
[0.16066876]
[0.16064838]
[0.16063938]
[0.1606358]
[0.16058974]
[0.16054283]
[0.16053845]
[0.16052322]
[0.16051121]
[0.16051121]
[0.1605104]
[0.16050671]
[0.16049342]
[0.16042615]
[0.16042122]
[0.16041273]
[0.16040741]
[0.16037552]
[0.16020209]
[0.16019663]
[0.16015756]
[0.16010325]
[0.16007315]
[0.16005231]
[0.16005]
[0.16004539]
[0.16003723]
[0.16003425]
[0.16002932]
[0.15997563]
[0.15995058]
[0.15984629]
[0.15983835]
[0.15982784]
[0.15981184]
[0.15978056]
[0.15977365]
[0.1597511]
[0.1597277]
[0.15962279]
[0.15961307]
[0.15961184]
[0.15958151]
[0.15957941]
[0.15957741]
[0.15952323]
[0.15946755]
[0.15943578]
[0.15942876]
[0.15942429]
[0.1593743]
[0.1593733]
[0.15935816]
[0.15935187]
[0.15933622]
[0.15926425]
[0.15925586]
[0.15917598]
[0.15915667]
[0.15912661]
[0.15912138]
[0.15911803]
[0.15910888]
[0.15909803]
[0.15904464]
[0.15903616]
[0.15903138]
[0.15902714]
[0.15902254]
[0.15899596]
[0.1589876]
[0.15897074]
[0.15896042]
[0.15894778]
[0.15893765]
[0.15892415]
[0.15888062]
[0.15883875]
[0.15878728]
[0.15873575]
[0.15869798]
[0.15867622]
[0.15865904]
[0.15864931]
[0.15862124]
[0.15862124]
[0.15861382]
[0.15860173]
[0.1585964]
[0.15857479]
[0.15855789]
[0.15855685]
[0.1585343]
[0.15849687]
[0.15845762]
[0.15843353]
[0.15839285]
[0.15837409]
[0.15835992]
[0.15834105]
[0.15833575]
[0.15829486]
[0.1582338]
[0.15822229]
[0.15819593]
[0.15818802]
[0.15818714]
[0.1581835]
[0.15807164]
[0.15806076]
[0.1580374]
[0.15803511]
[0.15788198]
[0.15785855]
[0.15784055]
[0.15783022]
[0.15782997]
[0.15782292]
[0.15781552]
[0.15780237]
[0.15778542]
[0.15764308]
[0.15763402]
[0.15762655]
[0.15761301]
[0.15761238]
[0.15757412]
[0.1575561]
[0.15748928]
[0.15748928]
[0.15743378]
[0.15743133]
[0.15742514]
[0.15741242]
[0.15740086]
[0.15736356]
[0.15733534]
[0.15727414]
[0.15724777]
[0.15722793]
[0.1572152]
[0.15719338]
[0.15714145]
[0.1571142]
[0.15710592]
[0.1570842]
[0.15707614]
[0.15707105]
[0.15707105]
[0.15706344]
[0.15705529]
[0.15698545]
[0.15698075]
[0.1569786]
[0.15696788]
[0.15692939]
[0.15692939]
[0.1568654]
[0.15683478]
[0.1568165]
[0.15681387]
[0.15677077]
[0.1567706]
[0.1567706]
[0.15676102]
[0.15675148]
[0.15671769]
[0.15669365]
[0.15669271]
[0.15665399]
[0.15664367]
[0.1566156]
[0.15655477]
[0.1565208]
[0.15650868]
[0.15650648]
[0.15650484]
[0.15649672]
[0.15638308]
[0.1563764]
[0.15636201]
[0.156338]
[0.15632132]
[0.15631984]
[0.15624894]
[0.15624724]
[0.15619995]
[0.15619436]
[0.15616828]
[0.15616778]
[0.15615772]
[0.15615313]
[0.15614048]
[0.15613382]
[0.15608843]
[0.15607686]
[0.15606943]
[0.15606384]
[0.15603954]
[0.1560228]
[0.15601492]
[0.15599829]
[0.15595701]
[0.15593557]
[0.15592794]
[0.15592423]
[0.15586574]
[0.15586172]
[0.15575014]
[0.1556989]
[0.1556514]
[0.15564322]
[0.1555807]
[0.1554892]
[0.15547921]
[0.15540309]
[0.15539458]
[0.15537238]
[0.1553372]
[0.15529186]
[0.15528798]
[0.155246]
[0.1552314]
[0.1552314]
[0.1552314]
[0.1552314]
[0.15519436]
[0.1551903]
[0.15518399]
[0.15518293]
[0.15514635]
[0.15511742]
[0.1551032]
[0.15510227]
[0.15508461]
[0.15506694]
[0.15502724]
[0.15499927]
[0.15499675]
[0.15498254]
[0.15498216]
[0.15496655]
[0.1549546]
[0.15494652]
[0.15494424]
[0.1549409]
[0.15492728]
[0.15492716]
[0.15485382]
[0.15482444]
[0.15477121]
[0.15476497]
[0.15473619]
[0.15469435]
[0.15464674]
[0.154611]
[0.15461007]
[0.1546053]
[0.15453096]
[0.15452121]
[0.15450625]
[0.15448682]
[0.15447316]
[0.1544591]
[0.15442863]
[0.1544224]
[0.15440765]
[0.15436572]
[0.15435718]
[0.15431637]
[0.1542987]
[0.15428056]
[0.15424266]
[0.1542018]
[0.15419397]
[0.15418938]
[0.15418687]
[0.15417431]
[0.15416123]
[0.15415184]
[0.15415181]
[0.15410991]
[0.15409915]
[0.15408508]
[0.15408263]
[0.15407184]
[0.15405723]
[0.15405509]
[0.1540369]
[0.1540339]
[0.15401383]
[0.15401383]
[0.15399589]
[0.15397504]
[0.15395047]
[0.15393229]
[0.15393135]
[0.15392995]
[0.15390204]
[0.15388894]
[0.1538888]
[0.15387292]
[0.15387267]
[0.15386795]
[0.15377228]
[0.15376253]
[0.1537094]
[0.1536957]
[0.15369049]
[0.15368313]
[0.15366536]
[0.15365793]
[0.15360677]
[0.15357807]
[0.15354033]
[0.15353896]
[0.1535345]
[0.15347768]
[0.1534731]
[0.15347102]
[0.15346758]
[0.15346132]
[0.15340434]
[0.15339221]
[0.1533605]
[0.15335222]
[0.15329795]
[0.15329786]
[0.15328957]
[0.15323393]
[0.15322351]
[0.15321173]
[0.15320666]
[0.15319608]
[0.1531876]
[0.1531631]
[0.15314202]
[0.15312572]
[0.15310678]
[0.1531061]
[0.15309583]
[0.15307301]
[0.15295406]
[0.15284388]
[0.1528323]
[0.15281919]
[0.15279517]
[0.1527615]
[0.15275544]
[0.15272531]
[0.15268953]
[0.1526379]
[0.15262534]
[0.15253733]
[0.15250836]
[0.1524872]
[0.1524839]
[0.15247598]
[0.15245694]
[0.15244098]
[0.15243609]
[0.15243609]
[0.15243238]
[0.15242216]
[0.15240252]
[0.15239623]
[0.15238604]
[0.15235937]
[0.1523233]
[0.1523233]
[0.15232067]
[0.15226893]
[0.1522451]
[0.15221167]
[0.15220162]
[0.15219991]
[0.1521479]
[0.15214701]
[0.15213719]
[0.15212816]
[0.15212676]
[0.15209293]
[0.15205936]
[0.15205261]
[0.1519876]
[0.15198375]
[0.15191711]
[0.1518857]
[0.15187931]
[0.15185831]
[0.15185726]
[0.1518405]
[0.1518316]
[0.1517903]
[0.15177198]
[0.15174283]
[0.1517325]
[0.1517325]
[0.15172355]
[0.15170364]
[0.15165891]
[0.15163633]
[0.15159616]
[0.15158686]
[0.15158589]
[0.15151973]
[0.15147835]
[0.15144093]
[0.15143313]
[0.15142901]
[0.1514127]
[0.15139967]
[0.15139213]
[0.15138479]
[0.15138409]
[0.151377]
[0.15131913]
[0.15131907]
[0.1513092]
[0.1512971]
[0.15127401]
[0.15127401]
[0.15127401]
[0.15125427]
[0.15124512]
[0.15124512]
[0.1512259]
[0.15121861]
[0.15118061]
[0.15117969]
[0.1511089]
[0.1511089]
[0.15107025]
[0.15105227]
[0.15104903]
[0.15099095]
[0.15098508]
[0.1509459]
[0.15092209]
[0.15092172]
[0.15091003]
[0.15089078]
[0.15089078]
[0.15084986]
[0.15083976]
[0.15083271]
[0.15083271]
[0.15082154]
[0.1508035]
[0.15079337]
[0.15079151]
[0.15075512]
[0.15074657]
[0.15074277]
[0.1507394]
[0.15071663]
[0.1506952]
[0.15068115]
[0.15067215]
[0.15066642]
[0.1506471]
[0.15060242]
[0.15059277]
[0.15056464]
[0.15053289]
[0.15052581]
[0.15051411]
[0.15050027]
[0.15050027]
[0.15046132]
[0.15045834]
[0.15044968]
[0.15044706]
[0.15043293]
[0.15041214]
[0.15041025]
[0.15038767]
[0.15038207]
[0.15036209]
[0.15035683]
[0.15035109]
[0.15032837]
[0.15029755]
[0.15029132]
[0.15027405]
[0.15027009]
[0.15025555]
[0.15023184]
[0.15022936]
[0.15021354]
[0.1501843]
[0.15017192]
[0.15012485]
[0.1501167]
[0.1501058]
[0.15009068]
[0.15008515]
[0.15006533]
[0.15002948]
[0.15002215]
[0.14999154]
[0.14996947]
[0.14996144]
[0.14993237]
[0.14986652]
[0.14982778]
[0.14980549]
[0.14977595]
[0.1497565]
[0.1497423]
[0.14973852]
[0.14973748]
[0.14972718]
[0.1497189]
[0.14971164]
[0.14969319]
[0.14966315]
[0.14964977]
[0.1496444]
[0.14964338]
[0.14962232]
[0.14959404]
[0.14957206]
[0.14952518]
[0.14952172]
[0.14952172]
[0.14943866]
[0.14940591]
[0.14937007]
[0.14936614]
[0.14936192]
[0.1493611]
[0.14934653]
[0.14930378]
[0.14930378]
[0.14928797]
[0.14927183]
[0.14924522]
[0.1492098]
[0.14919274]
[0.1491876]
[0.14917812]
[0.14914018]
[0.14911914]
[0.14911829]
[0.14911135]
[0.1490824]
[0.14907661]
[0.14905395]
[0.14903025]
[0.14901681]
[0.1489783]
[0.14896621]
[0.14894302]
[0.14892496]
[0.14891918]
[0.14887969]
[0.14882414]
[0.14882185]
[0.14882033]
[0.14881845]
[0.14879932]
[0.1487674]
[0.14875065]
[0.14873199]
[0.14873199]
[0.14871894]
[0.14868744]
[0.14868744]
[0.1486298]
[0.14862612]
[0.14860524]
[0.14857472]
[0.14854442]
[0.14853428]
[0.1485338]
[0.1485219]
[0.1484692]
[0.14846325]
[0.14844397]
[0.14844002]
[0.14843065]
[0.14842802]
[0.14842772]
[0.1484216]
[0.14839774]
[0.14833462]
[0.14832984]
[0.14831369]
[0.14829728]
[0.14828669]
[0.148272]
[0.14826176]
[0.14825176]
[0.14820531]
[0.14818837]
[0.14818129]
[0.14817272]
[0.14816387]
[0.14815785]
[0.14813426]
[0.14811297]
[0.14811008]
[0.14809065]
[0.14809023]
[0.14807741]
[0.14806072]
[0.14804246]
[0.14804006]
[0.14803503]
[0.14801607]
[0.14800487]
[0.14796814]
[0.14796285]
[0.14796075]
[0.14792047]
[0.14787793]
[0.14783576]
[0.14781024]
[0.14781024]
[0.14781024]
[0.14780773]
[0.14779319]
[0.14777324]
[0.14776783]
[0.14775227]
[0.14772755]
[0.14767615]
[0.1476549]
[0.14760245]
[0.14754489]
[0.14752276]
[0.14751355]
[0.14747228]
[0.14743906]
[0.14743906]
[0.14743468]
[0.14742608]
[0.14742377]
[0.1474144]
[0.14739908]
[0.14738153]
[0.1473635]
[0.14734888]
[0.14733917]
[0.14731695]
[0.14731146]
[0.14731]
[0.14729975]
[0.14723113]
[0.14720741]
[0.14720236]
[0.14716184]
[0.14715932]
[0.14715545]
[0.1471258]
[0.14709492]
[0.14707382]
[0.14707063]
[0.147068]
[0.14706519]
[0.14705266]
[0.147045]
[0.14698894]
[0.14698853]
[0.14698698]
[0.14697744]
[0.14696608]
[0.14696053]
[0.14691396]
[0.14690587]
[0.14689472]
[0.1468558]
[0.14685167]
[0.14685078]
[0.14677668]
[0.14676201]
[0.1467382]
[0.14670682]
[0.14670338]
[0.14669485]
[0.14667508]
[0.14666663]
[0.14665382]
[0.14664187]
[0.14664023]
[0.14661182]
[0.14658287]
[0.14657919]
[0.14657052]
[0.14656699]
[0.14654505]
[0.14654487]
[0.14653717]
[0.14649582]
[0.1464912]
[0.14648607]
[0.1464808]
[0.1464808]
[0.14645073]
[0.14640269]
[0.146325]
[0.14631782]
[0.14628644]
[0.14628445]
[0.14627771]
[0.14624836]
[0.14620517]
[0.14618717]
[0.14618482]
[0.14615062]
[0.14614704]
[0.1461135]
[0.14610824]
[0.14610744]
[0.14609505]
[0.1460935]
[0.14608397]
[0.14604492]
[0.14603867]
[0.14603281]
[0.14602982]
[0.14602429]
[0.14602269]
[0.14601001]
[0.1460096]
[0.14600594]
[0.14599937]
[0.14599247]
[0.14598863]
[0.1459341]
[0.14593393]
[0.14593011]
[0.14591378]
[0.14590527]
[0.14590527]
[0.14586376]
[0.14586322]
[0.14584836]
[0.14583655]
[0.1458166]
[0.14579526]
[0.14579289]
[0.14578338]
[0.14578338]
[0.14578338]
[0.1457779]
[0.14576584]
[0.14576569]
[0.14575934]
[0.1457423]
[0.14573702]
[0.14570414]
[0.14570147]
[0.14566894]
[0.1456664]
[0.14566347]
[0.14565647]
[0.14562461]
[0.1456051]
[0.14559364]
[0.1455933]
[0.1455628]
[0.14556198]
[0.14556198]
[0.14555138]
[0.14553131]
[0.14550889]
[0.14541076]
[0.14538687]
[0.14533558]
[0.14533196]
[0.145329]
[0.14529864]
[0.14524172]
[0.14520778]
[0.14518543]
[0.14518206]
[0.14515272]
[0.14515194]
[0.14515068]
[0.14512886]
[0.14512886]
[0.14509504]
[0.14509504]
[0.14505175]
[0.14504097]
[0.14500894]
[0.14500362]
[0.14499244]
[0.14498943]
[0.14498264]
[0.14497468]
[0.14495313]
[0.14493842]
[0.14492482]
[0.14492093]
[0.14491898]
[0.14485697]
[0.14482957]
[0.14478879]
[0.14478198]
[0.14477137]
[0.14475559]
[0.14474156]
[0.14470021]
[0.14469925]
[0.14469665]
[0.14468624]
[0.14468388]
[0.14466155]
[0.14466155]
[0.14465559]
[0.14464839]
[0.14463936]
[0.14459985]
[0.144596]
[0.14457099]
[0.14454423]
[0.14454097]
[0.14452323]
[0.14452295]
[0.14452295]
[0.14451799]
[0.14449589]
[0.1444865]
[0.14447738]
[0.1444732]
[0.1444729]
[0.14445026]
[0.14442593]
[0.14442213]
[0.14441018]
[0.14440542]
[0.14439906]
[0.14437255]
[0.1443606]
[0.14435548]
[0.14433967]
[0.14433008]
[0.14426816]
[0.14425944]
[0.14425844]
[0.14425132]
[0.14424443]
[0.1442433]
[0.14424093]
[0.14423813]
[0.14423342]
[0.14422442]
[0.14417806]
[0.14417228]
[0.14416169]
[0.14414349]
[0.14412881]
[0.14411019]
[0.144109]
[0.14410569]
[0.14410569]
[0.14410569]
[0.14410569]
[0.14409414]
[0.14407644]
[0.14407338]
[0.14407289]
[0.14406271]
[0.14405806]
[0.14405748]
[0.14402296]
[0.14398618]
[0.14397283]
[0.1439728]
[0.14391683]
[0.14389868]
[0.14389351]
[0.14387143]
[0.14385895]
[0.14385363]
[0.14384381]
[0.14382528]
[0.14380857]
[0.14380583]
[0.14376785]
[0.14375271]
[0.14374156]
[0.14373969]
[0.14373922]
[0.1437205]
[0.14371228]
[0.14364982]
[0.14364088]
[0.14363973]
[0.14363015]
[0.14361578]
[0.14361578]
[0.14361554]
[0.14361283]
[0.14361094]
[0.14359654]
[0.14358704]
[0.14356352]
[0.14355922]
[0.14351343]
[0.1435106]
[0.14348334]
[0.14347039]
[0.14346841]
[0.14345899]
[0.14341813]
[0.14337872]
[0.14337566]
[0.14336288]
[0.14335345]
[0.14332941]
[0.14331724]
[0.14329344]
[0.14329112]
[0.1432768]
[0.14326355]
[0.14326294]
[0.14324494]
[0.14324336]
[0.14324132]
[0.14323832]
[0.14323233]
[0.14320199]
[0.14318462]
[0.14317806]
[0.14312577]
[0.1431192]
[0.1430808]
[0.14307842]
[0.14304282]
[0.14303039]
[0.14301762]
[0.14299037]
[0.14298365]
[0.1429671]
[0.1429631]
[0.14294873]
[0.14294453]
[0.14293285]
[0.14293109]
[0.14287111]
[0.14286278]
[0.14285143]
[0.1428383]
[0.14283365]
[0.14283365]
[0.14283071]
[0.14282814]
[0.14281815]
[0.14280999]
[0.14280374]
[0.14278828]
[0.14277117]
[0.14275964]
[0.14274666]
[0.14272764]
[0.14272726]
[0.14271513]
[0.14270471]
[0.14264733]
[0.14262219]
[0.14260831]
[0.14260317]
[0.14259158]
[0.14259118]
[0.14258441]
[0.14257482]
[0.14255665]
[0.14255042]
[0.14254482]
[0.14252248]
[0.14250275]
[0.14249046]
[0.14248933]
[0.142472]
[0.14241666]
[0.14240539]
[0.1424]
[0.14238298]
[0.14237805]
[0.14237484]
[0.14237215]
[0.14235625]
[0.14231938]
[0.1423172]
[0.1423132]
[0.14231262]
[0.14229831]
[0.1422945]
[0.14227153]
[0.14226572]
[0.1422208]
[0.14220949]
[0.14216894]
[0.14216019]
[0.14212228]
[0.14211589]
[0.14210828]
[0.14209078]
[0.14206256]
[0.14204974]
[0.14204213]
[0.14203252]
[0.14201991]
[0.14201489]
[0.14200225]
[0.14198066]
[0.1419752]
[0.14196986]
[0.14196377]
[0.14195092]
[0.14194018]
[0.1419391]
[0.1419238]
[0.14192218]
[0.14191893]
[0.14190522]
[0.14190392]
[0.14188644]
[0.14184119]
[0.14178687]
[0.14178507]
[0.14178102]
[0.14174]
[0.14173806]
[0.14172688]
[0.14170827]
[0.14167735]
[0.14166406]
[0.14161019]
[0.1416081]
[0.14159642]
[0.14159411]
[0.14158212]
[0.1415784]
[0.14157632]
[0.1415543]
[0.14155152]
[0.1415479]
[0.14153975]
[0.14153054]
[0.14152168]
[0.1415138]
[0.14151366]
[0.1415074]
[0.14150685]
[0.14148809]
[0.14148773]
[0.14143765]
[0.14141546]
[0.14140953]
[0.14138733]
[0.1413825]
[0.14135844]
[0.14135683]
[0.1413465]
[0.14134514]
[0.14134514]
[0.14134514]
[0.14132506]
[0.14132279]
[0.14129688]
[0.14128686]
[0.14126603]
[0.14126408]
[0.14125893]
[0.14125194]
[0.14123888]
[0.14119214]
[0.14116406]
[0.1411624]
[0.14115004]
[0.14111143]
[0.14111023]
[0.14109404]
[0.1410911]
[0.14107428]
[0.14106822]
[0.14105423]
[0.14104135]
[0.14103968]
[0.1409714]
[0.14096996]
[0.14095238]
[0.14092389]
[0.14090864]
[0.1409071]
[0.14089763]
[0.14089094]
[0.14088626]
[0.1408843]
[0.14086069]
[0.14084975]
[0.14084344]
[0.14083727]
[0.14082491]
[0.14082168]
[0.14081213]
[0.1408038]
[0.1407989]
[0.14078397]
[0.14076868]
[0.14074987]
[0.1407441]
[0.14071406]
[0.1406887]
[0.14067625]
[0.14064202]
[0.14061818]
[0.14060391]
[0.14060162]
[0.14055085]
[0.14054559]
[0.1405448]
[0.14053507]
[0.14053424]
[0.14052367]
[0.14048244]
[0.14046927]
[0.14046644]
[0.14045036]
[0.14044218]
[0.14043103]
[0.1404284]
[0.14041044]
[0.1404025]
[0.14039846]
[0.14037797]
[0.14037274]
[0.14037181]
[0.14036588]
[0.14036588]
[0.14034034]
[0.14034034]
[0.14033782]
[0.1402907]
[0.14028153]
[0.14027372]
[0.14022654]
[0.14022453]
[0.14021061]
[0.14020889]
[0.14019696]
[0.14019519]
[0.14019053]
[0.14017193]
[0.14016911]
[0.14016831]
[0.14015667]
[0.1401541]
[0.14013734]
[0.14011912]
[0.14011475]
[0.14009926]
[0.14008696]
[0.14006338]
[0.1400626]
[0.14006133]
[0.14003964]
[0.14003642]
[0.14003561]
[0.14001426]
[0.1400112]
[0.14000438]
[0.140003]
[0.13993119]
[0.13992396]
[0.1399043]
[0.13990332]
[0.13990332]
[0.13989843]
[0.13987726]
[0.13984686]
[0.139841]
[0.13983908]
[0.13979025]
[0.1397842]
[0.13978215]
[0.13977964]
[0.13976932]
[0.13973647]
[0.13973579]
[0.13972679]
[0.13972138]
[0.13971539]
[0.1397136]
[0.13971022]
[0.13968845]
[0.13968845]
[0.13968624]
[0.13968037]
[0.13967066]
[0.13967066]
[0.13966914]
[0.13965367]
[0.13964833]
[0.13964541]
[0.13962758]
[0.13961935]
[0.13961157]
[0.13960624]
[0.13958992]
[0.13956489]
[0.13955836]
[0.13952309]
[0.13950597]
[0.1394896]
[0.13948762]
[0.13948044]
[0.13946107]
[0.13945954]
[0.13945813]
[0.13944677]
[0.13944371]
[0.13944371]
[0.13941179]
[0.13941115]
[0.1394016]
[0.13939895]
[0.13938443]
[0.13937837]
[0.13932171]
[0.13931702]
[0.13929462]
[0.13929312]
[0.13927895]
[0.1392642]
[0.13926002]
[0.13925557]
[0.13923705]
[0.13920955]
[0.1391846]
[0.1391807]
[0.13916239]
[0.13914819]
[0.13914621]
[0.1391417]
[0.13912721]
[0.13910396]
[0.13909712]
[0.13908623]
[0.13908425]
[0.1390722]
[0.13906895]
[0.13905005]
[0.13905005]
[0.13904828]
[0.13904604]
[0.13904566]
[0.13903932]
[0.13902599]
[0.13902599]
[0.13902077]
[0.13901962]
[0.1390196]
[0.13901095]
[0.13901083]
[0.13900821]
[0.13900557]
[0.13900295]
[0.1389928]
[0.13898246]
[0.13897637]
[0.13896966]
[0.13894807]
[0.13894224]
[0.13893534]
[0.13891219]
[0.13891204]
[0.13890186]
[0.1388916]
[0.13887717]
[0.13887438]
[0.13886234]
[0.13885625]
[0.13884711]
[0.13884467]
[0.13884445]
[0.13883933]
[0.13882528]
[0.13882224]
[0.13881469]
[0.13881011]
[0.13880238]
[0.1388012]
[0.13880117]
[0.13875404]
[0.13874738]
[0.13873792]
[0.13873786]
[0.13870123]
[0.13869622]
[0.138681]
[0.13865985]
[0.13865985]
[0.13862719]
[0.13861437]
[0.13859832]
[0.13859627]
[0.13859385]
[0.13856348]
[0.13855797]
[0.13855574]
[0.13854425]
[0.13852847]
[0.13852106]
[0.13850957]
[0.13849957]
[0.13848832]
[0.13845378]
[0.13844782]
[0.13844477]
[0.13844258]
[0.13843897]
[0.13842319]
[0.13842285]
[0.13840072]
[0.13839523]
[0.13839523]
[0.13838784]
[0.13838102]
[0.1383755]
[0.13836926]
[0.13833833]
[0.13829803]
[0.138284]
[0.13827042]
[0.13825034]
[0.1382191]
[0.13821115]
[0.13819553]
[0.1381955]
[0.13818741]
[0.13818035]
[0.13816492]
[0.13815539]
[0.13814448]
[0.13814387]
[0.138137]
[0.1381174]
[0.13810699]
[0.13810554]
[0.13810366]
[0.13810366]
[0.13809595]
[0.1380945]
[0.13808599]
[0.13808003]
[0.13807754]
[0.13807605]
[0.13806877]
[0.13806462]
[0.13806349]
[0.13804717]
[0.13802668]
[0.13802627]
[0.13802317]
[0.13802278]
[0.13801952]
[0.13800408]
[0.13799609]
[0.13799416]
[0.13798727]
[0.13798024]
[0.13797578]
[0.13795072]
[0.13794959]
[0.1379464]
[0.13793944]
[0.13792719]
[0.13788676]
[0.13788591]
[0.13787225]
[0.13787016]
[0.13786964]
[0.13786353]
[0.13785772]
[0.1378263]
[0.13782516]
[0.13780929]
[0.13779457]
[0.13779303]
[0.13778839]
[0.13778673]
[0.13778567]
[0.13778012]
[0.13777705]
[0.13776466]
[0.13776104]
[0.13775463]
[0.13775429]
[0.13775362]
[0.13775061]
[0.1377442]
[0.13774271]
[0.13773787]
[0.13773657]
[0.1377146]
[0.1377129]
[0.1376876]
[0.13768637]
[0.13764171]
[0.13763458]
[0.13760678]
[0.13759702]
[0.13759442]
[0.13759087]
[0.13758792]
[0.13757429]
[0.13757055]
[0.13755506]
[0.13753192]
[0.1375095]
[0.13747185]
[0.13746709]
[0.13745852]
[0.13745184]
[0.13744573]
[0.13743687]
[0.13743319]
[0.13741606]
[0.1374126]
[0.13741063]
[0.13738786]
[0.13737367]
[0.13737155]
[0.13736176]
[0.13736089]
[0.13734277]
[0.13734113]
[0.13733487]
[0.13733004]
[0.1373114]
[0.13729577]
[0.13729191]
[0.13728592]
[0.1372536]
[0.13723582]
[0.13717952]
[0.13715692]
[0.13715266]
[0.13713491]
[0.1371344]
[0.13712388]
[0.13712177]
[0.13710998]
[0.13710938]
[0.13709861]
[0.1370974]
[0.13705203]
[0.13702312]
[0.13702214]
[0.13697663]
[0.1369619]
[0.13693525]
[0.13692516]
[0.1369111]
[0.13691008]
[0.13690907]
[0.13690495]
[0.1368707]
[0.13685267]
[0.1368438]
[0.1368369]
[0.13683665]
[0.13683665]
[0.13679062]
[0.13679062]
[0.13678126]
[0.13676406]
[0.1367634]
[0.13675469]
[0.13675332]
[0.1367449]
[0.13674389]
[0.13673995]
[0.13673353]
[0.13671651]
[0.13669065]
[0.13668263]
[0.1366786]
[0.1366786]
[0.13667788]
[0.13667385]
[0.13667084]
[0.13664593]
[0.13664222]
[0.1366421]
[0.13663346]
[0.13662152]
[0.13661774]
[0.1366119]
[0.13660042]
[0.13659991]
[0.13659187]
[0.1365813]
[0.13652912]
[0.13652885]
[0.13652702]
[0.13652174]
[0.13651474]
[0.13649993]
[0.13649051]
[0.13648185]
[0.13647817]
[0.13645916]
[0.13645916]
[0.13645382]
[0.13641179]
[0.13640991]
[0.13640416]
[0.13639921]
[0.13638406]
[0.13637197]
[0.13636641]
[0.13635962]
[0.136358]
[0.13634934]
[0.13633707]
[0.13629963]
[0.13629146]
[0.13627364]
[0.13627364]
[0.13626668]
[0.1362614]
[0.13625856]
[0.13622913]
[0.13622712]
[0.13616432]
[0.1361311]
[0.13612665]
[0.13607578]
[0.136072]
[0.13606149]
[0.13604625]
[0.13604072]
[0.13603085]
[0.13601048]
[0.13598622]
[0.13598607]
[0.13598606]
[0.13598329]
[0.13597974]
[0.13596974]
[0.13594703]
[0.1359464]
[0.1359464]
[0.1359304]
[0.13592975]
[0.13592713]
[0.13590075]
[0.13589966]
[0.13589095]
[0.13588406]
[0.1358785]
[0.13586475]
[0.13586041]
[0.13586041]
[0.13585545]
[0.13584158]
[0.135839]
[0.13583021]
[0.1358254]
[0.13581854]
[0.13581325]
[0.13579635]
[0.13579157]
[0.1357794]
[0.13577184]
[0.1357667]
[0.13576631]
[0.1357599]
[0.13575576]
[0.13574919]
[0.1357366]
[0.13572513]
[0.13571814]
[0.13571467]
[0.13571182]
[0.13569567]
[0.13569523]
[0.13569203]
[0.1356663]
[0.13565522]
[0.1356549]
[0.13564597]
[0.13564248]
[0.13563105]
[0.13560207]
[0.13559066]
[0.13558307]
[0.1355409]
[0.13553973]
[0.13553154]
[0.13551971]
[0.13551621]
[0.1355059]
[0.13549836]
[0.1354858]
[0.13548408]
[0.13548315]
[0.13548082]
[0.13548033]
[0.1354448]
[0.13543129]
[0.13542739]
[0.13542365]
[0.1354121]
[0.13539942]
[0.13539249]
[0.13538529]
[0.13538066]
[0.13537642]
[0.13534676]
[0.13534567]
[0.13534188]
[0.13532856]
[0.13532446]
[0.13531521]
[0.13531177]
[0.13531177]
[0.13531125]
[0.13528101]
[0.13527317]
[0.13523544]
[0.13523522]
[0.13523]
[0.13522902]
[0.13520746]
[0.13520746]
[0.13520612]
[0.13520612]
[0.1351667]
[0.13516198]
[0.1351516]
[0.1351516]
[0.13514596]
[0.13514307]
[0.13513549]
[0.13512978]
[0.13511035]
[0.13509862]
[0.13508868]
[0.13504924]
[0.13504584]
[0.13504209]
[0.13504091]
[0.13504049]
[0.13502792]
[0.13500619]
[0.13498281]
[0.13496323]
[0.13495693]
[0.13494706]
[0.13492307]
[0.13490838]
[0.13490412]
[0.13489369]
[0.13489035]
[0.13488825]
[0.13487683]
[0.13487202]
[0.1348632]
[0.1348603]
[0.13485287]
[0.13484824]
[0.13482971]
[0.1348207]
[0.13480882]
[0.13480513]
[0.13479389]
[0.13478532]
[0.13478528]
[0.13478333]
[0.13478261]
[0.13477463]
[0.13477126]
[0.13476065]
[0.13474907]
[0.13474402]
[0.13473985]
[0.13473876]
[0.13473862]
[0.1347181]
[0.134711]
[0.13469777]
[0.1346796]
[0.1346791]
[0.13467376]
[0.13467154]
[0.1346707]
[0.1346662]
[0.13466449]
[0.13466276]
[0.13465454]
[0.13465226]
[0.13465142]
[0.13464521]
[0.13463709]
[0.13463154]
[0.1346271]
[0.13461933]
[0.13461673]
[0.13460162]
[0.13459827]
[0.13459381]
[0.13458672]
[0.13457674]
[0.13456963]
[0.13454328]
[0.13453978]
[0.13453563]
[0.13453312]
[0.13453221]
[0.13453208]
[0.13451986]
[0.13451198]
[0.13451198]
[0.13450834]
[0.1344855]
[0.13446552]
[0.13446374]
[0.13445316]
[0.13444953]
[0.13444643]
[0.13442779]
[0.13437247]
[0.13436529]
[0.13436465]
[0.13436319]
[0.13436082]
[0.13436072]
[0.13435765]
[0.1343211]
[0.13431352]
[0.13431342]
[0.13430247]
[0.13428678]
[0.13428132]
[0.13428]
[0.13427666]
[0.13426906]
[0.13426383]
[0.13425289]
[0.1342519]
[0.13423361]
[0.13422975]
[0.1342285]
[0.13419354]
[0.1341779]
[0.13417199]
[0.1341619]
[0.13413742]
[0.13413203]
[0.1341289]
[0.13412766]
[0.13412273]
[0.13409878]
[0.13408059]
[0.13407]
[0.13406827]
[0.13405894]
[0.13405487]
[0.13405377]
[0.13405344]
[0.1340469]
[0.1340389]
[0.13402283]
[0.13401358]
[0.13399975]
[0.13397032]
[0.13396583]
[0.13396406]
[0.1339462]
[0.13394403]
[0.13394348]
[0.13393517]
[0.1339335]
[0.1339327]
[0.13393116]
[0.133925]
[0.1339209]
[0.13388537]
[0.1338664]
[0.13385949]
[0.13385373]
[0.13385199]
[0.13384923]
[0.13384782]
[0.13383572]
[0.13382737]
[0.1338127]
[0.13380916]
[0.1338029]
[0.13379847]
[0.13379067]
[0.13377379]
[0.13377069]
[0.13375252]
[0.13372856]
[0.1337284]
[0.13372761]
[0.133718]
[0.13370179]
[0.13370179]
[0.1336903]
[0.1336891]
[0.13368502]
[0.13367693]
[0.13367693]
[0.13367626]
[0.13366379]
[0.13365863]
[0.13365766]
[0.13365728]
[0.13365467]
[0.13365175]
[0.13364382]
[0.13364126]
[0.13363668]
[0.1336284]
[0.1336199]
[0.13360675]
[0.13359313]
[0.13358837]
[0.13358623]
[0.13355948]
[0.13355373]
[0.13353044]
[0.13352717]
[0.13350973]
[0.13350007]
[0.1334815]
[0.13346392]
[0.13342851]
[0.13342783]
[0.13342659]
[0.13342625]
[0.13342625]
[0.13342549]
[0.13341998]
[0.1334171]
[0.13340056]
[0.13338569]
[0.13338505]
[0.13338128]
[0.1333778]
[0.1333634]
[0.13335499]
[0.13335091]
[0.1333487]
[0.13334724]
[0.13333713]
[0.13333294]
[0.13332497]
[0.13332474]
[0.13331002]
[0.13328743]
[0.1332669]
[0.13326563]
[0.13326545]
[0.13326332]
[0.13326332]
[0.13325791]
[0.13324992]
[0.13324095]
[0.13322724]
[0.13321072]
[0.13320278]
[0.13319151]
[0.13317823]
[0.13317598]
[0.13316923]
[0.13312794]
[0.13312763]
[0.1330957]
[0.13307951]
[0.13303693]
[0.13303387]
[0.13303271]
[0.13302803]
[0.13302435]
[0.13302067]
[0.13300972]
[0.13295963]
[0.13294053]
[0.13293853]
[0.13293737]
[0.13293678]
[0.13292679]
[0.13292553]
[0.13292474]
[0.13288648]
[0.13287133]
[0.13285978]
[0.13285978]
[0.1328253]
[0.1328244]
[0.13281144]
[0.13280745]
[0.13280168]
[0.13279855]
[0.13278064]
[0.13277663]
[0.13276787]
[0.13276787]
[0.13276495]
[0.13273239]
[0.13273138]
[0.13272636]
[0.13270774]
[0.1327066]
[0.1326928]
[0.13267739]
[0.13267331]
[0.13266362]
[0.1326629]
[0.13265657]
[0.13265274]
[0.13264486]
[0.13263716]
[0.13261001]
[0.13260877]
[0.13260773]
[0.1326049]
[0.13258508]
[0.13256902]
[0.13254017]
[0.1325146]
[0.13250865]
[0.13249588]
[0.13249555]
[0.13249007]
[0.13246907]
[0.13246825]
[0.13246825]
[0.1324681]
[0.13245606]
[0.13244607]
[0.13242108]
[0.13240564]
[0.13240361]
[0.13240199]
[0.13239944]
[0.13239354]
[0.13238274]
[0.13237031]
[0.13237008]
[0.13236888]
[0.13235106]
[0.13233876]
[0.13233876]
[0.132319]
[0.13231894]
[0.13229106]
[0.13228889]
[0.13228889]
[0.1322583]
[0.13225174]
[0.13223581]
[0.1322339]
[0.13223238]
[0.13223238]
[0.13222821]
[0.13222164]
[0.13221359]
[0.13220128]
[0.1321967]
[0.1321773]
[0.13217185]
[0.13213478]
[0.13213035]
[0.13212034]
[0.13211587]
[0.13210209]
[0.1321019]
[0.13210012]
[0.13209736]
[0.13209137]
[0.1320859]
[0.13207726]
[0.13204]
[0.13202623]
[0.13201147]
[0.13199961]
[0.13199562]
[0.1319894]
[0.13198672]
[0.13198246]
[0.13197954]
[0.13197862]
[0.13196059]
[0.13195705]
[0.1319499]
[0.13191567]
[0.1319123]
[0.13190994]
[0.13190903]
[0.13190903]
[0.13188474]
[0.13187972]
[0.13186887]
[0.13186876]
[0.13185845]
[0.13183492]
[0.13179773]
[0.1317927]
[0.13174622]
[0.13174416]
[0.131744]
[0.13174032]
[0.13172504]
[0.13171166]
[0.13170488]
[0.13169287]
[0.1316857]
[0.13168293]
[0.13167837]
[0.13165866]
[0.1316583]
[0.1316525]
[0.13164327]
[0.13162416]
[0.13162386]
[0.13162337]
[0.13162285]
[0.13161565]
[0.13161007]
[0.13160345]
[0.13159642]
[0.13158762]
[0.1315801]
[0.13157184]
[0.13156427]
[0.13155253]
[0.13153946]
[0.13153717]
[0.13152477]
[0.13152094]
[0.1315123]
[0.13150917]
[0.13150899]
[0.13150784]
[0.1315037]
[0.13149083]
[0.1314874]
[0.1314844]
[0.13148227]
[0.13147701]
[0.13147503]
[0.13144922]
[0.13144231]
[0.1314349]
[0.13142607]
[0.13142551]
[0.13142408]
[0.13140668]
[0.13140646]
[0.13140519]
[0.13139834]
[0.13139139]
[0.13137123]
[0.13137047]
[0.13135818]
[0.13135643]
[0.1313507]
[0.13134484]
[0.13133484]
[0.1313129]
[0.13130483]
[0.1312949]
[0.13129349]
[0.13127019]
[0.13126875]
[0.13126212]
[0.13125734]
[0.13125557]
[0.13124931]
[0.13124771]
[0.13123015]
[0.13122824]
[0.13122767]
[0.131226]
[0.13120896]
[0.13120131]
[0.1311922]
[0.13119216]
[0.13119084]
[0.13115993]
[0.1311596]
[0.1311531]
[0.13113591]
[0.13112436]
[0.13112254]
[0.13111241]
[0.13111043]
[0.13109782]
[0.13108669]
[0.13108349]
[0.13108319]
[0.13108279]
[0.13104716]
[0.13101491]
[0.13099173]
[0.13098846]
[0.13098812]
[0.13098168]
[0.13095537]
[0.13095471]
[0.1309519]
[0.13094863]
[0.13094689]
[0.13093372]
[0.13092455]
[0.13090187]
[0.13089134]
[0.13088082]
[0.13087426]
[0.13084354]
[0.13083671]
[0.13083553]
[0.13080026]
[0.1307882]
[0.1307835]
[0.13077742]
[0.13075177]
[0.13074587]
[0.13074587]
[0.13073455]
[0.13073336]
[0.13072428]
[0.1307211]
[0.13071859]
[0.13071597]
[0.13071318]
[0.13069808]
[0.13069424]
[0.13068302]
[0.13068265]
[0.1306743]
[0.13066591]
[0.1306639]
[0.13064131]
[0.13061441]
[0.13060614]
[0.13060312]
[0.1306014]
[0.13059106]
[0.13058774]
[0.1305866]
[0.13058586]
[0.13056085]
[0.13056085]
[0.13054955]
[0.13052043]
[0.13052043]
[0.13049798]
[0.13049263]
[0.13049105]
[0.13049002]
[0.13048662]
[0.1304595]
[0.13045327]
[0.13042939]
[0.130411]
[0.13041091]
[0.13040197]
[0.13039824]
[0.13039722]
[0.13037181]
[0.13036577]
[0.13035913]
[0.13035598]
[0.13035525]
[0.1303521]
[0.13034207]
[0.13033655]
[0.13033037]
[0.13033]
[0.13032265]
[0.13031761]
[0.1303108]
[0.13030897]
[0.13030419]
[0.13030094]
[0.1302987]
[0.13029367]
[0.13029352]
[0.13029121]
[0.13027506]
[0.130268]
[0.13024913]
[0.13024595]
[0.13024421]
[0.13024038]
[0.13021179]
[0.13020374]
[0.13020116]
[0.13019869]
[0.13018586]
[0.1301847]
[0.13017198]
[0.13017108]
[0.13017029]
[0.13017029]
[0.13015738]
[0.13014042]
[0.1301359]
[0.1301345]
[0.13013287]
[0.13012262]
[0.13012208]
[0.13012129]
[0.1301136]
[0.13010745]
[0.13009077]
[0.13008507]
[0.13005279]
[0.13003424]
[0.1300124]
[0.13000597]
[0.12999913]
[0.12999448]
[0.12996532]
[0.12996532]
[0.12993258]
[0.12991998]
[0.12991141]
[0.12988101]
[0.12987755]
[0.12987614]
[0.12986514]
[0.12986225]
[0.12986208]
[0.1298466]
[0.12982059]
[0.12979703]
[0.129792]
[0.12975669]
[0.12975319]
[0.12974952]
[0.12974516]
[0.12973687]
[0.12972525]
[0.12972201]
[0.12971169]
[0.12970813]
[0.12969321]
[0.12968525]
[0.12966044]
[0.12964608]
[0.12961999]
[0.1296197]
[0.12960744]
[0.1295974]
[0.12959641]
[0.12959577]
[0.12958066]
[0.12956917]
[0.12955469]
[0.12955292]
[0.12955125]
[0.12954858]
[0.12953283]
[0.12952678]
[0.12952651]
[0.12951769]
[0.12949876]
[0.12949872]
[0.12949625]
[0.12949367]
[0.12947635]
[0.12946628]
[0.12946628]
[0.1294576]
[0.12945357]
[0.12944815]
[0.12940395]
[0.12938534]
[0.12937993]
[0.12937626]
[0.12937482]
[0.12934221]
[0.12931924]
[0.12931322]
[0.12929843]
[0.12929311]
[0.12929066]
[0.12927505]
[0.12927116]
[0.12927116]
[0.12926474]
[0.12926328]
[0.12924801]
[0.12922649]
[0.12922238]
[0.12922123]
[0.12921725]
[0.1291862]
[0.1291802]
[0.12917043]
[0.12916641]
[0.12914275]
[0.12913057]
[0.12912597]
[0.1291243]
[0.1291243]
[0.12911496]
[0.12910864]
[0.1291065]
[0.12910509]
[0.1290894]
[0.12907027]
[0.12906662]
[0.12905799]
[0.12905182]
[0.12902397]
[0.12901515]
[0.12901303]
[0.12899192]
[0.12898828]
[0.12896861]
[0.12896861]
[0.1289645]
[0.1289592]
[0.12895094]
[0.12894829]
[0.12894623]
[0.12893814]
[0.1289308]
[0.12892695]
[0.12890752]
[0.1289046]
[0.1289046]
[0.1289035]
[0.12889513]
[0.12889008]
[0.1288765]
[0.12887348]
[0.12886663]
[0.12886451]
[0.12886412]
[0.1288597]
[0.12884349]
[0.12883283]
[0.12882914]
[0.12882762]
[0.12882112]
[0.128818]
[0.12881047]
[0.12880565]
[0.12880109]
[0.12879553]
[0.12877339]
[0.12876213]
[0.12875792]
[0.12874193]
[0.12873006]
[0.12872958]
[0.12872288]
[0.1286706]
[0.12865609]
[0.12863992]
[0.12862922]
[0.1286285]
[0.12862341]
[0.12860598]
[0.1286024]
[0.12859501]
[0.12858808]
[0.12856618]
[0.12856586]
[0.12856111]
[0.12855707]
[0.12855013]
[0.12853138]
[0.12851004]
[0.12849672]
[0.12848996]
[0.12846476]
[0.12845558]
[0.12844522]
[0.12836929]
[0.12836787]
[0.12836294]
[0.12835616]
[0.12834229]
[0.12833929]
[0.1283338]
[0.12832935]
[0.12832811]
[0.12832546]
[0.12831956]
[0.1283098]
[0.12830228]
[0.12830228]
[0.12829673]
[0.1282695]
[0.12824193]
[0.12823682]
[0.12823682]
[0.1282299]
[0.12822804]
[0.12821975]
[0.12819737]
[0.12818201]
[0.12817845]
[0.12817119]
[0.1281638]
[0.12815809]
[0.12814161]
[0.12813966]
[0.12813823]
[0.12813322]
[0.12812032]
[0.12811868]
[0.12811516]
[0.12810668]
[0.1280864]
[0.12808198]
[0.12808065]
[0.12807325]
[0.12802857]
[0.12802841]
[0.128026]
[0.128024]
[0.128024]
[0.12800728]
[0.12800728]
[0.12800568]
[0.12798826]
[0.12797675]
[0.12795292]
[0.12794401]
[0.12792954]
[0.12792806]
[0.12792733]
[0.12791795]
[0.12790997]
[0.12790291]
[0.1279005]
[0.12789986]
[0.12789828]
[0.12789436]
[0.12788998]
[0.12788913]
[0.1278745]
[0.1278745]
[0.12786199]
[0.12786056]
[0.12786037]
[0.12780139]
[0.12779602]
[0.1277939]
[0.12778704]
[0.12777956]
[0.12777913]
[0.1277648]
[0.12774934]
[0.12772949]
[0.12771899]
[0.12771899]
[0.12771648]
[0.12771127]
[0.1277048]
[0.12770404]
[0.12770294]
[0.12769815]
[0.12769462]
[0.12765604]
[0.12763172]
[0.12761925]
[0.12760682]
[0.12760156]
[0.12759915]
[0.12759617]
[0.12759398]
[0.12757657]
[0.12757546]
[0.127571]
[0.12756217]
[0.12755963]
[0.1275448]
[0.12751998]
[0.12751363]
[0.12751363]
[0.12751152]
[0.12751046]
[0.12750934]
[0.1274825]
[0.12745315]
[0.12745057]
[0.12745036]
[0.1274424]
[0.12741674]
[0.12741168]
[0.12740351]
[0.1273969]
[0.12738849]
[0.1273634]
[0.12735105]
[0.12731579]
[0.12730928]
[0.12729603]
[0.12729508]
[0.12729508]
[0.1272924]
[0.12728254]
[0.1272746]
[0.12725915]
[0.12725765]
[0.12725538]
[0.12724046]
[0.12723115]
[0.12722762]
[0.12722676]
[0.12722147]
[0.12722147]
[0.12722045]
[0.12721264]
[0.12720934]
[0.12720713]
[0.1272015]
[0.12720013]
[0.12717932]
[0.12716644]
[0.12716572]
[0.1271629]
[0.12716122]
[0.12715712]
[0.1271542]
[0.12714711]
[0.12714309]
[0.12711494]
[0.12710746]
[0.12710562]
[0.12708282]
[0.12708247]
[0.12708086]
[0.12707978]
[0.12707649]
[0.12705255]
[0.12705183]
[0.12704208]
[0.12701717]
[0.12698571]
[0.12697774]
[0.12697403]
[0.12695512]
[0.12692116]
[0.1269163]
[0.12691508]
[0.12690586]
[0.12689748]
[0.12689744]
[0.12689744]
[0.12689675]
[0.12688774]
[0.12688647]
[0.12688527]
[0.12688082]
[0.12687519]
[0.12687047]
[0.12685415]
[0.12684986]
[0.12683795]
[0.12682813]
[0.12682511]
[0.12678099]
[0.12677985]
[0.12677452]
[0.12675661]
[0.12675594]
[0.1267551]
[0.12672187]
[0.12671626]
[0.12670848]
[0.12670772]
[0.12670328]
[0.12669916]
[0.12667958]
[0.12666625]
[0.12663007]
[0.12662937]
[0.126618]
[0.12661774]
[0.12661535]
[0.12661535]
[0.12660725]
[0.12660544]
[0.12659706]
[0.12659636]
[0.12659326]
[0.12658313]
[0.12657332]
[0.12655222]
[0.12651388]
[0.12650481]
[0.12649444]
[0.12648404]
[0.12647773]
[0.12647457]
[0.12645641]
[0.12644261]
[0.12644191]
[0.12644176]
[0.1264416]
[0.12644118]
[0.12642924]
[0.126412]
[0.12640737]
[0.12640716]
[0.12640132]
[0.12635115]
[0.12634583]
[0.12634099]
[0.12634099]
[0.12633456]
[0.12633377]
[0.12632567]
[0.12631904]
[0.12631212]
[0.12630196]
[0.12630099]
[0.12629937]
[0.12628962]
[0.12627178]
[0.12625611]
[0.1262406]
[0.12623297]
[0.12621893]
[0.12621601]
[0.12621415]
[0.12618901]
[0.12618564]
[0.12618347]
[0.12616874]
[0.12615663]
[0.12615636]
[0.12615594]
[0.12615137]
[0.126147]
[0.12613815]
[0.12613586]
[0.12612168]
[0.12610832]
[0.12610708]
[0.12610674]
[0.12609592]
[0.12608908]
[0.12606904]
[0.1260677]
[0.12606555]
[0.12604444]
[0.12603651]
[0.12603395]
[0.12602521]
[0.12602253]
[0.12602037]
[0.12601691]
[0.12601689]
[0.12601182]
[0.12600346]
[0.1259991]
[0.12597916]
[0.12597853]
[0.12597795]
[0.12597464]
[0.12596053]
[0.1259602]
[0.12595572]
[0.12595259]
[0.12595148]
[0.12595083]
[0.12594451]
[0.12594168]
[0.12593406]
[0.12593406]
[0.12592457]
[0.1259147]
[0.12590152]
[0.12588733]
[0.12588733]
[0.12587728]
[0.12587558]
[0.1258632]
[0.12586033]
[0.1258521]
[0.12584814]
[0.12583296]
[0.12580332]
[0.12578246]
[0.1257757]
[0.12575577]
[0.12575315]
[0.1257468]
[0.1257213]
[0.12571216]
[0.12570399]
[0.12567757]
[0.12566762]
[0.12566078]
[0.12565908]
[0.12565812]
[0.12565085]
[0.12563676]
[0.12562893]
[0.12562884]
[0.12562853]
[0.12559077]
[0.12559077]
[0.12558858]
[0.12558052]
[0.1255769]
[0.12557413]
[0.12556283]
[0.12556161]
[0.12555894]
[0.12554345]
[0.12554061]
[0.12554026]
[0.12554026]
[0.12552875]
[0.12549838]
[0.12549838]
[0.12549756]
[0.12548122]
[0.12547897]
[0.12547216]
[0.12545837]
[0.12545432]
[0.12543575]
[0.12543438]
[0.12543105]
[0.12542471]
[0.12541816]
[0.12541151]
[0.12539464]
[0.1253801]
[0.12537438]
[0.12537223]
[0.12532835]
[0.12532714]
[0.1253074]
[0.12530154]
[0.12530027]
[0.12529874]
[0.12529725]
[0.12529242]
[0.12527663]
[0.12527315]
[0.12527259]
[0.1252509]
[0.12524988]
[0.12524466]
[0.12524363]
[0.12524098]
[0.12523936]
[0.12519918]
[0.1251946]
[0.1251931]
[0.12518916]
[0.12517256]
[0.1251688]
[0.12514447]
[0.12514251]
[0.12513995]
[0.12513506]
[0.12513454]
[0.12511325]
[0.1251119]
[0.12510957]
[0.1250953]
[0.12508556]
[0.12508093]
[0.12507997]
[0.12505887]
[0.1250486]
[0.12504564]
[0.12503916]
[0.12502976]
[0.12500697]
[0.12499824]
[0.12499073]
[0.12498167]
[0.12496882]
[0.12496812]
[0.12495978]
[0.12495691]
[0.12493048]
[0.12492253]
[0.12491539]
[0.12491155]
[0.12489178]
[0.12488044]
[0.1248794]
[0.12487455]
[0.12487251]
[0.12486]
[0.12484574]
[0.12484381]
[0.12484273]
[0.12483375]
[0.12479779]
[0.12478808]
[0.12478101]
[0.12470746]
[0.12470695]
[0.12469286]
[0.12469228]
[0.12468365]
[0.12467808]
[0.12467287]
[0.12466539]
[0.12465051]
[0.12465017]
[0.12464795]
[0.12463669]
[0.12462298]
[0.12462212]
[0.12461335]
[0.12460695]
[0.12460675]
[0.12459177]
[0.12458987]
[0.12458121]
[0.12457445]
[0.12456042]
[0.1245574]
[0.12452967]
[0.12452832]
[0.12452376]
[0.1245144]
[0.12450901]
[0.12450531]
[0.12450302]
[0.12449159]
[0.12449139]
[0.12448831]
[0.12448046]
[0.12447526]
[0.12446672]
[0.12445941]
[0.12445766]
[0.12443735]
[0.12443495]
[0.12441064]
[0.12440008]
[0.12438524]
[0.12438113]
[0.12436181]
[0.12436091]
[0.1243422]
[0.12433985]
[0.12433466]
[0.12433207]
[0.12430549]
[0.12430358]
[0.12430277]
[0.12427211]
[0.12427099]
[0.12427099]
[0.12426366]
[0.1242426]
[0.12424222]
[0.12423387]
[0.12423247]
[0.12422233]
[0.12421057]
[0.12420645]
[0.12420534]
[0.12419809]
[0.12419391]
[0.1241776]
[0.1241706]
[0.1241523]
[0.12414772]
[0.12414704]
[0.12414524]
[0.12412585]
[0.12412553]
[0.12411096]
[0.12410717]
[0.12410191]
[0.12410039]
[0.12409625]
[0.12408531]
[0.12406138]
[0.12405384]
[0.12404483]
[0.12403356]
[0.12401754]
[0.12401643]
[0.12400314]
[0.12400118]
[0.12400056]
[0.12399933]
[0.12399625]
[0.12398542]
[0.12398542]
[0.12397657]
[0.12397647]
[0.12397336]
[0.12396939]
[0.12396415]
[0.1239569]
[0.12392957]
[0.12391331]
[0.12387554]
[0.12387396]
[0.12386052]
[0.12385549]
[0.12384924]
[0.12384867]
[0.12382911]
[0.12382218]
[0.12382091]
[0.12381928]
[0.12380746]
[0.1238056]
[0.12380256]
[0.12380248]
[0.12379553]
[0.123784]
[0.12375315]
[0.1237523]
[0.12375101]
[0.12373938]
[0.12373361]
[0.1237313]
[0.12371321]
[0.12369651]
[0.12368448]
[0.12366721]
[0.12366721]
[0.12364753]
[0.12364631]
[0.12364198]
[0.12363122]
[0.12359829]
[0.12359752]
[0.12359532]
[0.1235735]
[0.12356904]
[0.1235449]
[0.12353303]
[0.12353003]
[0.12353003]
[0.12349616]
[0.12348672]
[0.12346177]
[0.12346085]
[0.12345874]
[0.12344004]
[0.12343261]
[0.12343033]
[0.12342412]
[0.12342088]
[0.12340346]
[0.12339484]
[0.1233933]
[0.12338546]
[0.12337698]
[0.12337674]
[0.12336189]
[0.12335529]
[0.12333305]
[0.12333069]
[0.12332428]
[0.12331269]
[0.12329393]
[0.12329125]
[0.12328098]
[0.12327282]
[0.1232664]
[0.12326626]
[0.12324581]
[0.12323007]
[0.12322]
[0.12320952]
[0.12320809]
[0.12320809]
[0.12320324]
[0.12320317]
[0.12319832]
[0.12316626]
[0.12316569]
[0.12315977]
[0.12314607]
[0.12314504]
[0.12311602]
[0.12311533]
[0.12311533]
[0.12311164]
[0.123064]
[0.12304818]
[0.12303657]
[0.12300586]
[0.12300497]
[0.12299322]
[0.1229565]
[0.12295564]
[0.12292531]
[0.12292399]
[0.12290978]
[0.12290618]
[0.12288248]
[0.12287583]
[0.1228605]
[0.12284245]
[0.12284164]
[0.12283491]
[0.12283491]
[0.12282945]
[0.12282702]
[0.12282066]
[0.12281512]
[0.12281183]
[0.1227897]
[0.12277434]
[0.12275662]
[0.12274343]
[0.12270749]
[0.12270697]
[0.1227043]
[0.12269627]
[0.12268126]
[0.12266915]
[0.12266911]
[0.12266485]
[0.12265866]
[0.12265473]
[0.12265369]
[0.12263312]
[0.12261758]
[0.122616]
[0.1226061]
[0.12258877]
[0.12258686]
[0.12258435]
[0.12257881]
[0.12256678]
[0.12255692]
[0.12254153]
[0.12253066]
[0.12253066]
[0.12252466]
[0.12252313]
[0.12251575]
[0.12250913]
[0.12250729]
[0.1224996]
[0.12248668]
[0.1224735]
[0.12247269]
[0.12246311]
[0.12246136]
[0.12245547]
[0.12244502]
[0.12244353]
[0.12243715]
[0.12242711]
[0.12242711]
[0.12241703]
[0.12240496]
[0.12239713]
[0.12239537]
[0.12238514]
[0.12238362]
[0.12237338]
[0.12236592]
[0.12235757]
[0.12235697]
[0.12233633]
[0.12233116]
[0.12232526]
[0.12232426]
[0.1223055]
[0.12230466]
[0.12229544]
[0.12228819]
[0.12227859]
[0.12227065]
[0.12225471]
[0.12224984]
[0.12224344]
[0.12221997]
[0.12221499]
[0.12221462]
[0.12219814]
[0.12217321]
[0.12214089]
[0.12213925]
[0.12213229]
[0.12211209]
[0.12210633]
[0.12210623]
[0.1220912]
[0.12208349]
[0.12207489]
[0.12205146]
[0.12204486]
[0.12204128]
[0.12201595]
[0.12201529]
[0.12200899]
[0.12200899]
[0.12200345]
[0.12200174]
[0.12198164]
[0.12197915]
[0.12196786]
[0.1219621]
[0.12192325]
[0.1219188]
[0.12190283]
[0.12188663]
[0.12188121]
[0.12187728]
[0.12187379]
[0.12187251]
[0.12187229]
[0.1218691]
[0.12185104]
[0.12184742]
[0.12184519]
[0.12179983]
[0.12179966]
[0.12179814]
[0.12172318]
[0.12169494]
[0.12168766]
[0.12168723]
[0.12167728]
[0.12166975]
[0.12166579]
[0.12164892]
[0.12164174]
[0.12163461]
[0.12158071]
[0.1215718]
[0.12157107]
[0.12154619]
[0.12152454]
[0.12147135]
[0.12146797]
[0.1214643]
[0.12146359]
[0.12145443]
[0.12141959]
[0.12141322]
[0.12140965]
[0.12139262]
[0.1213887]
[0.12138631]
[0.12138477]
[0.12138109]
[0.12136737]
[0.12134954]
[0.12133298]
[0.12132056]
[0.12131432]
[0.12129822]
[0.1212912]
[0.12127753]
[0.12127523]
[0.12127181]
[0.12126981]
[0.12124935]
[0.12124881]
[0.12124787]
[0.12124252]
[0.12123282]
[0.12122255]
[0.12121243]
[0.12120954]
[0.12120727]
[0.12119792]
[0.12118101]
[0.12117979]
[0.12116898]
[0.12116405]
[0.12112961]
[0.12110231]
[0.12109217]
[0.12104803]
[0.12104283]
[0.12103342]
[0.12102986]
[0.12102601]
[0.12101419]
[0.12096738]
[0.12092212]
[0.1208876]
[0.12087508]
[0.12086738]
[0.12086421]
[0.12085011]
[0.12084356]
[0.1208251]
[0.12081739]
[0.12081272]
[0.12080323]
[0.12080062]
[0.12078688]
[0.12076295]
[0.120759]
[0.12075561]
[0.12074885]
[0.12072791]
[0.12068841]
[0.12068649]
[0.12068114]
[0.12067517]
[0.12066212]
[0.12064441]
[0.12063759]
[0.12062425]
[0.12061787]
[0.12061336]
[0.12059429]
[0.12058272]
[0.12056825]
[0.12055821]
[0.12054945]
[0.12054387]
[0.12054327]
[0.12052118]
[0.12051134]
[0.12048756]
[0.1204867]
[0.12047303]
[0.12047303]
[0.12047265]
[0.12046227]
[0.12045974]
[0.12045797]
[0.12045545]
[0.12043969]
[0.1204385]
[0.12042838]
[0.12042721]
[0.12042486]
[0.12039418]
[0.12037671]
[0.12036263]
[0.12033481]
[0.12026573]
[0.12026513]
[0.1202511]
[0.12024161]
[0.12023456]
[0.12023316]
[0.12023316]
[0.12023307]
[0.1202293]
[0.12022663]
[0.12022544]
[0.1202247]
[0.1201951]
[0.12016708]
[0.12015881]
[0.120157]
[0.1201255]
[0.12010501]
[0.12010048]
[0.12007337]
[0.12006705]
[0.12002694]
[0.12001551]
[0.11997972]
[0.11997338]
[0.11993713]
[0.11993542]
[0.11993522]
[0.11992201]
[0.11991943]
[0.1198877]
[0.11988329]
[0.11988278]
[0.11987353]
[0.11986156]
[0.11985361]
[0.11984812]
[0.11984794]
[0.11984787]
[0.11984707]
[0.11982918]
[0.11982001]
[0.11981687]
[0.1198147]
[0.11981048]
[0.11980538]
[0.11980461]
[0.11980306]
[0.11979969]
[0.11979055]
[0.11976902]
[0.11976154]
[0.11974303]
[0.11974018]
[0.11973206]
[0.11973116]
[0.11971173]
[0.11969103]
[0.11965175]
[0.11964948]
[0.11964648]
[0.11964296]
[0.11962349]
[0.11962176]
[0.11961528]
[0.11959069]
[0.11958322]
[0.11957894]
[0.11956089]
[0.11955491]
[0.11955388]
[0.11955092]
[0.11952777]
[0.11951371]
[0.11950617]
[0.11949231]
[0.11945527]
[0.11944117]
[0.11942437]
[0.11939733]
[0.11938205]
[0.11937785]
[0.11935867]
[0.11935735]
[0.11934821]
[0.11933583]
[0.11932745]
[0.11932366]
[0.11932355]
[0.11930771]
[0.11930615]
[0.11930294]
[0.11929773]
[0.11928887]
[0.11927848]
[0.11926486]
[0.11925936]
[0.11924908]
[0.11922747]
[0.11922299]
[0.11922126]
[0.11922016]
[0.1192193]
[0.11921632]
[0.11921422]
[0.11919512]
[0.11918681]
[0.11917729]
[0.11916187]
[0.11914025]
[0.11913265]
[0.1191322]
[0.11911779]
[0.11911673]
[0.11911]
[0.11906252]
[0.11904235]
[0.11903652]
[0.11900836]
[0.11898732]
[0.11897966]
[0.11897422]
[0.11897417]
[0.11897061]
[0.11895347]
[0.11894688]
[0.11894079]
[0.11892859]
[0.11888377]
[0.11887188]
[0.11884972]
[0.11882445]
[0.1188242]
[0.11877608]
[0.11877573]
[0.11877348]
[0.11876291]
[0.11875028]
[0.11873864]
[0.11871435]
[0.11871261]
[0.11871001]
[0.11869679]
[0.1186966]
[0.11868902]
[0.11868054]
[0.1186619]
[0.11863676]
[0.11863476]
[0.11859981]
[0.11858057]
[0.11857973]
[0.11857395]
[0.11856462]
[0.11856133]
[0.11855615]
[0.11854708]
[0.11853936]
[0.11853632]
[0.11853065]
[0.11852905]
[0.11852232]
[0.11847207]
[0.11844961]
[0.11843865]
[0.11841566]
[0.11838121]
[0.11837923]
[0.11837215]
[0.11836873]
[0.11835782]
[0.11833803]
[0.11832985]
[0.1183038]
[0.11829216]
[0.11828904]
[0.11828674]
[0.11825905]
[0.11825422]
[0.11824846]
[0.11823443]
[0.11823026]
[0.11823026]
[0.11821853]
[0.11820924]
[0.11820357]
[0.11818612]
[0.11818021]
[0.11817817]
[0.11814399]
[0.11811905]
[0.1181049]
[0.11810052]
[0.11809184]
[0.11809158]
[0.1180682]
[0.1180665]
[0.11805668]
[0.11805613]
[0.11804006]
[0.11803354]
[0.11802962]
[0.11802331]
[0.11802223]
[0.11801493]
[0.1180044]
[0.11799682]
[0.11799528]
[0.11798549]
[0.11798273]
[0.11793451]
[0.11792354]
[0.11791936]
[0.11791773]
[0.11788654]
[0.11788163]
[0.11786948]
[0.1178612]
[0.11784936]
[0.11783895]
[0.11782562]
[0.11782324]
[0.11780618]
[0.11779257]
[0.11776288]
[0.11774044]
[0.11772914]
[0.1177285]
[0.11771745]
[0.11771354]
[0.11770146]
[0.11770057]
[0.11767413]
[0.11766002]
[0.11765527]
[0.11763844]
[0.11762775]
[0.11760523]
[0.11759395]
[0.11758297]
[0.11756629]
[0.11756599]
[0.1175239]
[0.11752]
[0.1174804]
[0.11747447]
[0.11747387]
[0.11744934]
[0.11744753]
[0.11744703]
[0.11743536]
[0.11742193]
[0.11742188]
[0.11739682]
[0.1173861]
[0.11736886]
[0.11735182]
[0.11735142]
[0.11733103]
[0.11732026]
[0.11731923]
[0.11729577]
[0.11729463]
[0.11729463]
[0.11729424]
[0.11729118]
[0.11727978]
[0.11727963]
[0.11725712]
[0.11725105]
[0.11724883]
[0.1172352]
[0.11723436]
[0.11722849]
[0.11722672]
[0.11720941]
[0.11719479]
[0.11714666]
[0.11714636]
[0.11714089]
[0.11713072]
[0.11711772]
[0.1171151]
[0.11711154]
[0.11708168]
[0.11707783]
[0.11707182]
[0.11705649]
[0.11704639]
[0.11704017]
[0.1170387]
[0.11698864]
[0.11697312]
[0.11697052]
[0.11696161]
[0.11691172]
[0.11688293]
[0.11688267]
[0.11686157]
[0.11685532]
[0.11685058]
[0.11682334]
[0.1168135]
[0.11680932]
[0.11680502]
[0.11678492]
[0.11677248]
[0.11676829]
[0.11675444]
[0.11674936]
[0.11674543]
[0.11672527]
[0.11669396]
[0.11669027]
[0.11667205]
[0.11662574]
[0.11660998]
[0.11659849]
[0.11659112]
[0.11656867]
[0.11656307]
[0.11655823]
[0.1165427]
[0.11653525]
[0.11651575]
[0.11649407]
[0.11648139]
[0.11645578]
[0.11643793]
[0.11642424]
[0.11642341]
[0.1164111]
[0.11640408]
[0.11640006]
[0.11638275]
[0.11637647]
[0.11636098]
[0.11635824]
[0.11632656]
[0.11630824]
[0.11628079]
[0.1162806]
[0.1162707]
[0.11625511]
[0.11625439]
[0.11620682]
[0.11619433]
[0.11617622]
[0.11613794]
[0.11612791]
[0.11612008]
[0.11611229]
[0.11607423]
[0.11606875]
[0.11606605]
[0.11606336]
[0.11604473]
[0.11603788]
[0.11602335]
[0.11601009]
[0.11599983]
[0.11598213]
[0.11597045]
[0.11596507]
[0.11596106]
[0.11595906]
[0.11594454]
[0.11593974]
[0.11593075]
[0.11590783]
[0.1159012]
[0.11588976]
[0.11588868]
[0.11587912]
[0.11585922]
[0.11584911]
[0.11583403]
[0.11581088]
[0.115773]
[0.11575697]
[0.11574655]
[0.11569082]
[0.11567736]
[0.11567009]
[0.11566497]
[0.11566135]
[0.11565833]
[0.11565145]
[0.11564945]
[0.11562143]
[0.1156085]
[0.11560172]
[0.11559343]
[0.11559065]
[0.11558013]
[0.11557458]
[0.11554085]
[0.11549578]
[0.11546543]
[0.11545414]
[0.11543553]
[0.11541148]
[0.11540794]
[0.11540341]
[0.11537916]
[0.11532257]
[0.11530682]
[0.11529388]
[0.11527224]
[0.11527224]
[0.11524384]
[0.11523378]
[0.11519153]
[0.11518856]
[0.11514892]
[0.11514178]
[0.11512627]
[0.11511108]
[0.11510137]
[0.11509917]
[0.11508911]
[0.11508655]
[0.11507105]
[0.1150612]
[0.11505698]
[0.1150444]
[0.11503439]
[0.11503076]
[0.1150146]
[0.11500596]
[0.11496957]
[0.114957]
[0.11495545]
[0.11493327]
[0.11493255]
[0.11492687]
[0.11492658]
[0.11492509]
[0.11491183]
[0.11487232]
[0.11486151]
[0.1148602]
[0.1148602]
[0.11481265]
[0.11475122]
[0.11473373]
[0.11471489]
[0.11470176]
[0.11467848]
[0.11467257]
[0.11466454]
[0.11464398]
[0.1146367]
[0.11463666]
[0.11462881]
[0.11461826]
[0.11456723]
[0.11455137]
[0.11454537]
[0.114521]
[0.1145208]
[0.11451539]
[0.11450799]
[0.11447632]
[0.11442939]
[0.11442925]
[0.11435342]
[0.11431769]
[0.11428282]
[0.11427863]
[0.11426265]
[0.11425658]
[0.11424876]
[0.11424876]
[0.11424359]
[0.11418185]
[0.11415209]
[0.11414779]
[0.11413882]
[0.11409356]
[0.11409029]
[0.11408957]
[0.11408248]
[0.11402095]
[0.11400785]
[0.11400747]
[0.1140014]
[0.11399774]
[0.11399677]
[0.11398892]
[0.11392556]
[0.11391685]
[0.11390251]
[0.11390102]
[0.11384977]
[0.11381239]
[0.11380089]
[0.11378253]
[0.11369842]
[0.1136951]
[0.11369246]
[0.11368233]
[0.11367934]
[0.11366637]
[0.11360805]
[0.11359486]
[0.11357584]
[0.11350179]
[0.11348769]
[0.1134711]
[0.11344975]
[0.11340127]
[0.11339643]
[0.11338646]
[0.1133691]
[0.11336138]
[0.11332242]
[0.11331324]
[0.1133114]
[0.11330777]
[0.11328089]
[0.11327894]
[0.11324713]
[0.11323593]
[0.11323568]
[0.11321798]
[0.11320989]
[0.11318777]
[0.11318278]
[0.11315474]
[0.11311106]
[0.11309552]
[0.11309328]
[0.11307262]
[0.11304048]
[0.11302571]
[0.11300908]
[0.11300559]
[0.11299235]
[0.11298915]
[0.11295006]
[0.11291448]
[0.11291089]
[0.11289857]
[0.11289437]
[0.11289202]
[0.11287344]
[0.1128672]
[0.11276711]
[0.11276077]
[0.11274136]
[0.11273362]
[0.11272433]
[0.11270883]
[0.11267264]
[0.11264117]
[0.11263389]
[0.11260401]
[0.11259758]
[0.11259648]
[0.11259524]
[0.11257241]
[0.11255737]
[0.11250403]
[0.1125026]
[0.11249486]
[0.11248823]
[0.11245867]
[0.11245253]
[0.11242726]
[0.11242013]
[0.11238906]
[0.11229434]
[0.11228868]
[0.11228241]
[0.11225974]
[0.11224287]
[0.11223537]
[0.11219879]
[0.11219365]
[0.11213501]
[0.11204066]
[0.1120393]
[0.11200813]
[0.11200718]
[0.11198897]
[0.11196768]
[0.11196436]
[0.11196166]
[0.11195459]
[0.11194217]
[0.11193833]
[0.11193473]
[0.11191501]
[0.1118998]
[0.11188781]
[0.11188738]
[0.11187696]
[0.11186133]
[0.11178385]
[0.11176931]
[0.11173917]
[0.1117165]
[0.11171417]
[0.11170789]
[0.1116696]
[0.11165281]
[0.11164705]
[0.11158005]
[0.11157637]
[0.11156279]
[0.11152632]
[0.11150554]
[0.11147313]
[0.11144607]
[0.11141052]
[0.11140151]
[0.11139561]
[0.11137592]
[0.11136785]
[0.11136752]
[0.11136596]
[0.11134695]
[0.11132392]
[0.11132147]
[0.11127671]
[0.11124195]
[0.11120623]
[0.11118922]
[0.11117876]
[0.11115421]
[0.11113565]
[0.11107315]
[0.11106624]
[0.11106412]
[0.11097004]
[0.11091573]
[0.1109136]
[0.11089207]
[0.11086786]
[0.11084826]
[0.11081377]
[0.11072515]
[0.11070026]
[0.11067632]
[0.11067285]
[0.11064042]
[0.1106317]
[0.1106151]
[0.11053748]
[0.11048526]
[0.11048044]
[0.11045546]
[0.11044717]
[0.11043555]
[0.1104118]
[0.1104081]
[0.11039855]
[0.11036853]
[0.11036422]
[0.11032898]
[0.11020757]
[0.11020323]
[0.11015362]
[0.11009418]
[0.11008677]
[0.11007199]
[0.1100586]
[0.1100436]
[0.10991628]
[0.10989943]
[0.1098631]
[0.10984053]
[0.10983559]
[0.10982314]
[0.10978082]
[0.10974909]
[0.10973931]
[0.10972054]
[0.10970349]
[0.10967568]
[0.10963491]
[0.10962266]
[0.1095887]
[0.1095759]
[0.10954688]
[0.10945272]
[0.1094498]
[0.10944282]
[0.10938613]
[0.10938042]
[0.10937889]
[0.10930988]
[0.10929019]
[0.10927545]
[0.10922194]
[0.10919832]
[0.10919289]
[0.10919035]
[0.10918766]
[0.10917987]
[0.10917263]
[0.10893186]
[0.10889618]
[0.10887734]
[0.10886642]
[0.10883169]
[0.10881411]
[0.10867918]
[0.10867496]
[0.1085799]
[0.10852932]
[0.10850123]
[0.10837791]
[0.10817662]
[0.10817442]
[0.10817415]
[0.10815763]
[0.10814448]
[0.10812355]
[0.10808847]
[0.10808507]
[0.1080795]
[0.1080234]
[0.10801636]
[0.10801467]
[0.10796474]
[0.10791162]
[0.10788099]
[0.10778842]
[0.10778154]
[0.10767553]
[0.10766128]
[0.10756993]
[0.10750549]
[0.10735954]
[0.10735752]
[0.10734063]
[0.10730918]
[0.10730006]
[0.10727078]
[0.10711161]
[0.10709784]
[0.10706848]
[0.10705699]
[0.10705011]
[0.10691408]
[0.10688476]
[0.10686547]
[0.10684626]
[0.10683743]
[0.10679189]
[0.10676788]
[0.10671291]
[0.10668568]
[0.10668564]
[0.10666901]
[0.10656331]
[0.10652415]
[0.10639378]
[0.10637733]
[0.10635027]
[0.10634701]
[0.10633146]
[0.10626202]
[0.10618623]
[0.10615385]
[0.10612737]
[0.1060605]
[0.10598394]
[0.10587428]
[0.10585041]
[0.10579279]
[0.10579275]
[0.10575914]
[0.1057498]
[0.10574318]
[0.10573497]
[0.10569124]
[0.10555134]
[0.10551726]
[0.10548302]
[0.10536758]
[0.10533822]
[0.10533468]
[0.10519433]
[0.10517741]
[0.10516149]
[0.10512886]
[0.10512169]
[0.10505719]
[0.10499328]
[0.10495064]
[0.1048295]
[0.10478681]
[0.10467222]
[0.10455069]
[0.1045166]
[0.10442705]
[0.1043645]
[0.10418382]
[0.10418288]
[0.10414315]
[0.10408253]
[0.10398807]
[0.10393202]
[0.10385469]
[0.10382904]
[0.10374588]
[0.10373057]
[0.10364735]
[0.10363092]
[0.10340197]
[0.10338562]
[0.10333841]
[0.10325883]
[0.10312997]
[0.10304955]
[0.10302752]
[0.10295663]
[0.10283919]
[0.10281065]
[0.10230672]
[0.10226425]
[0.1022537]
[0.1022333]
[0.10203487]
[0.102026]
[0.10192644]
[0.10153297]
[0.10134612]
[0.10099684]
[0.10078217]
[0.10077042]
[0.10075581]
[0.10065257]
[0.100404]
[0.100337]
[0.10028742]
[0.10021521]
[0.10008797]
[0.10002549]
[0.09999952]
[0.09973406]
[0.09966747]
[0.09958971]
[0.09948807]
[0.09937979]
[0.09937683]
[0.09918066]
[0.09903271]
[0.09892099]
[0.09868319]
[0.09868124]
[0.09851198]
[0.09843802]
[0.09834856]
[0.09824978]
[0.0981899]
[0.09810223]
[0.09789468]
[0.09787801]
[0.09765933]
[0.09760308]
[0.09760027]
[0.097548]
[0.0975325]
[0.09726845]
[0.09709755]
[0.09707489]
[0.0970326]
[0.09694999]
[0.09688596]
[0.09668693]
[0.09665924]
[0.09657978]
[0.09644627]
[0.09634684]
[0.0963045]
[0.09618575]
[0.09615135]
[0.09611663]
[0.09605835]
[0.09585968]
[0.09584352]
[0.09574319]
[0.09560008]
[0.09559238]
[0.09547371]
[0.09532364]
[0.09532253]
[0.09526682]
[0.09515361]
[0.09502314]
[0.09500411]
[0.09499658]
[0.09494006]
[0.0947549]
[0.09468114]
[0.09458236]
[0.09455499]
[0.09398342]
[0.0936735]
[0.09355582]
[0.09353442]
[0.09351081]
[0.09339592]
[0.09337643]
[0.09333178]
[0.09329604]
[0.09321883]
[0.0930791]
[0.09277082]
[0.09272339]
[0.09271208]
[0.0926751]
[0.09261507]
[0.09246559]
[0.09238814]
[0.09230968]
[0.09214804]
[0.09207642]
[0.09207013]
[0.09196506]
[0.09195145]
[0.09148232]
[0.09145419]
[0.09140044]
[0.09137177]
[0.09135843]
[0.09126826]
[0.0910569]
[0.09097413]
[0.0908587]
[0.09075166]
[0.09072707]
[0.09067107]
[0.09063487]
[0.09061153]
[0.0899542]
[0.08982446]
[0.08941887]
[0.0893955]
[0.08928297]
[0.08914983]
[0.08902249]
[0.08892655]
