0.7210561
0.6593762
0.6497005
0.60396546
0.58643675
0.5721493
0.56732136
0.5636765
0.53250885
0.5182802
0.5109823
0.50368184
0.49342808
0.45338866
0.45282546
0.4448535
0.43367362
0.42349267
0.42293006
0.4181573
0.41392455
0.41238376
0.40599042
0.40489635
0.4018418
0.40097818
0.40063098
0.40038726
0.39807576
0.3964606
0.39261812
0.3901153
0.3897958
0.38967544
0.38967052
0.38514328
0.3848617
0.38453662
0.38383153
0.38357958
0.38350382
0.3813206
0.37473708
0.3733531
0.37325343
0.37150013
0.37134683
0.36907136
0.36355838
0.36184037
0.36127874
0.36002654
0.35819376
0.35768422
0.35734123
0.3573278
0.35718486
0.35555694
0.3543593
0.35389337
0.35350397
0.3526697
0.35044286
0.35042804
0.34993657
0.34864372
0.34704933
0.3469402
0.34552664
0.34546345
0.34494832
0.34464186
0.34425032
0.34404337
0.3440055
0.3432098
0.34187078
0.34164834
0.34006265
0.3398598
0.33769748
0.33717686
0.33695272
0.33452585
0.33444828
0.33386853
0.33271754
0.33250725
0.332048
0.3316069
0.33140963
0.3312431
0.32981518
0.3294023
0.32839254
0.3283888
0.32789233
0.32783717
0.32711446
0.326267
0.3260123
0.32521272
0.32363296
0.32337943
0.32297447
0.32297447
0.32290524
0.32290524
0.32251188
0.32247296
0.32246393
0.32246393
0.3221232
0.3219483
0.32136342
0.32043967
0.3203952
0.32026696
0.3191844
0.3188712
0.31868884
0.31835487
0.31791884
0.31787673
0.31780437
0.31738696
0.3160981
0.31603158
0.3158883
0.31580067
0.3157906
0.31456304
0.31421238
0.31359094
0.31331152
0.31284985
0.31278437
0.31250727
0.31241056
0.31171742
0.31108916
0.31107408
0.31080604
0.31062445
0.31012195
0.3090838
0.30903503
0.3082675
0.30798236
0.30791646
0.30762962
0.30657113
0.30639762
0.30639762
0.30561918
0.30530205
0.3051892
0.30502522
0.30502522
0.30501106
0.30480176
0.30468306
0.30465174
0.30447108
0.3044628
0.30410856
0.30404004
0.30391857
0.3025728
0.30195963
0.30164668
0.30158725
0.3011115
0.300781
0.3007127
0.30040994
0.30017078
0.29989222
0.29954404
0.29939756
0.29899132
0.29865408
0.2981919
0.29813436
0.29802975
0.29782405
0.2977257
0.29727784
0.29706016
0.29706016
0.29685372
0.29668072
0.29619464
0.2961765
0.29597074
0.29574367
0.29564577
0.29560116
0.2955958
0.29553714
0.29526374
0.29495388
0.2948871
0.29488704
0.2946172
0.2945987
0.2937574
0.29354352
0.29337302
0.29308432
0.29295903
0.2929062
0.29261017
0.29203987
0.29203987
0.29186395
0.29175305
0.2915262
0.2915166
0.29133508
0.29070878
0.29037112
0.29011694
0.28996742
0.28990456
0.28979528
0.28971782
0.28916797
0.2889356
0.2889356
0.2888361
0.2886853
0.28849545
0.28849545
0.28844783
0.2882249
0.28798538
0.28776652
0.28749964
0.28729647
0.28714338
0.28701645
0.2867799
0.28671974
0.28644654
0.286359
0.28632608
0.28624228
0.28580293
0.2851468
0.2851468
0.28491506
0.28470036
0.28458658
0.284546
0.28447166
0.283424
0.2834127
0.2832203
0.28280535
0.2827955
0.28267378
0.28236592
0.2820036
0.28197926
0.28197926
0.28179422
0.2813304
0.2812961
0.28101173
0.28081083
0.28034085
0.28009108
0.2800548
0.27987936
0.279701
0.27937618
0.2792775
0.27912855
0.27878058
0.27872944
0.27872944
0.27869347
0.2786512
0.2786512
0.2783134
0.27823034
0.27807575
0.27800888
0.27777052
0.27756903
0.2773146
0.27724144
0.2771285
0.2769822
0.2768782
0.27685723
0.27683407
0.27643666
0.2763747
0.27636102
0.2760015
0.27508992
0.2746112
0.27447268
0.2741153
0.27405778
0.2740023
0.27396175
0.2733331
0.27268112
0.27246693
0.27225235
0.27195367
0.27192357
0.27185813
0.2718296
0.27177188
0.27141222
0.27131954
0.27094564
0.2709285
0.27085584
0.2704861
0.27039033
0.27018788
0.26978013
0.26976502
0.2696196
0.26959893
0.26958445
0.2694513
0.26936838
0.26906618
0.2687928
0.26869425
0.26854748
0.26811242
0.2679249
0.26789373
0.26787397
0.26776212
0.26773524
0.2675775
0.26749197
0.26722267
0.26719347
0.26714584
0.26703742
0.2665165
0.26643515
0.2663483
0.26605657
0.26605013
0.26600322
0.26583934
0.2657837
0.26571146
0.26550254
0.26544896
0.26544374
0.2650903
0.26503453
0.26494977
0.26454452
0.26448408
0.26443523
0.26430175
0.26415926
0.26415926
0.26401585
0.26396865
0.2638894
0.26359954
0.26352748
0.26342347
0.26339054
0.26337856
0.2631221
0.26295078
0.26295078
0.26268277
0.26234657
0.26234454
0.26208463
0.2620192
0.26198098
0.26197886
0.2618823
0.26178494
0.26166862
0.26161662
0.26153126
0.2613657
0.26126388
0.26078078
0.26031384
0.25933856
0.25920957
0.25915602
0.25913134
0.25906533
0.25896186
0.25855505
0.25839013
0.2583651
0.25826785
0.25815943
0.25799432
0.25791
0.2577865
0.25777695
0.25777695
0.25768805
0.25766706
0.25748083
0.25729254
0.25721043
0.2568959
0.25667167
0.25666863
0.2564004
0.25616366
0.25590226
0.25579464
0.2557279
0.2556833
0.25539643
0.25518844
0.25514483
0.25463283
0.25457028
0.25457028
0.25443876
0.25430867
0.25391543
0.25385922
0.2537834
0.25346935
0.25333187
0.2528488
0.25190187
0.25189516
0.25182626
0.251712
0.25170276
0.25170082
0.25167644
0.25155836
0.25148216
0.25141624
0.25139335
0.251321
0.2512315
0.25111178
0.25093657
0.25072208
0.25061747
0.25053355
0.25053355
0.25051275
0.25046703
0.25041464
0.25012156
0.25007036
0.24993308
0.24989317
0.2497348
0.24966818
0.24960533
0.249523
0.24944136
0.24935763
0.24930842
0.24926883
0.24926883
0.24926883
0.24922854
0.24922854
0.24916203
0.24914256
0.24898301
0.24898301
0.24880022
0.2487622
0.24871252
0.24870819
0.24861145
0.24858986
0.24849887
0.24834314
0.24830054
0.24827525
0.24820878
0.24802986
0.24794436
0.24769157
0.24768347
0.24768347
0.24767706
0.24766348
0.24766348
0.24749239
0.24741963
0.24738961
0.24726711
0.24722733
0.24699238
0.24697195
0.2469581
0.24688834
0.2466767
0.24655567
0.24653104
0.24651721
0.2464354
0.24641532
0.24558224
0.24558224
0.24558224
0.24553083
0.24548478
0.24548478
0.24548478
0.24547382
0.24544391
0.24541035
0.24541035
0.24529275
0.24529275
0.24523287
0.24519002
0.24519002
0.2450485
0.2450361
0.24496526
0.24488093
0.24488093
0.2448077
0.24460217
0.24459007
0.24447483
0.24444191
0.24408637
0.24407887
0.24406584
0.24405044
0.24400418
0.24382974
0.24360794
0.24354728
0.24352828
0.24343131
0.2434277
0.24333635
0.24324007
0.24320355
0.24318172
0.24318172
0.24315979
0.24302414
0.24299967
0.24292229
0.24284437
0.24270621
0.24256237
0.2425515
0.24237353
0.24227934
0.24218297
0.24218105
0.24212857
0.24190335
0.24189018
0.2416882
0.24168673
0.24153753
0.24149486
0.24140808
0.24120058
0.24092805
0.24087526
0.2406438
0.2405689
0.2404605
0.24027261
0.24027157
0.24006155
0.23989393
0.23982498
0.23972394
0.23962788
0.23959516
0.23944476
0.23937488
0.2393602
0.23933837
0.2393159
0.2393083
0.2392341
0.23911633
0.23911394
0.23910184
0.23909077
0.23902303
0.23897295
0.2389586
0.23891594
0.23883213
0.23880567
0.23874512
0.23861012
0.23858769
0.23852628
0.23840435
0.2384031
0.23838875
0.23836875
0.23835531
0.23832594
0.23827642
0.2381018
0.23793305
0.23791333
0.23790427
0.23774204
0.23736854
0.23715836
0.23711583
0.23698065
0.23692735
0.23690508
0.23687577
0.23687577
0.23679306
0.2367568
0.23671186
0.23668776
0.23654187
0.23654039
0.23636194
0.2363345
0.23632526
0.23629722
0.23614322
0.23609069
0.23609069
0.23609069
0.23609069
0.23609069
0.23604931
0.2359841
0.23596954
0.23591338
0.23587501
0.235685
0.23559153
0.23539622
0.23519844
0.23519237
0.23514575
0.23500796
0.23490553
0.23487419
0.23480806
0.23478091
0.23471768
0.23461571
0.23459446
0.2345307
0.23452331
0.2343835
0.23428579
0.2341277
0.23411876
0.23409915
0.23408756
0.23404957
0.23373646
0.23373432
0.2336933
0.2336037
0.2334711
0.23345792
0.23327193
0.23320384
0.23307933
0.2329467
0.2328848
0.23282075
0.23278819
0.23278788
0.23269176
0.23266613
0.23264961
0.23262076
0.23261978
0.23259401
0.23259401
0.23249558
0.23230904
0.23230904
0.232175
0.23208468
0.23206422
0.23203677
0.23200087
0.23194808
0.23192754
0.23192386
0.23184428
0.23179774
0.23145145
0.23140337
0.23134953
0.23128405
0.23128405
0.23128405
0.23106025
0.23104897
0.23102652
0.2310126
0.23097263
0.23079772
0.23053895
0.23049504
0.23049116
0.23048347
0.23047343
0.23046239
0.23044728
0.23044728
0.23044084
0.23040934
0.23040785
0.23038825
0.23018874
0.23008388
0.23007756
0.22987466
0.22962289
0.22959775
0.22952093
0.22941838
0.22925903
0.22925642
0.22921024
0.22903354
0.22892928
0.22892722
0.22887646
0.22875173
0.22870256
0.22855103
0.22854944
0.22838265
0.22833203
0.22832198
0.22828132
0.22818606
0.2281426
0.22802821
0.22794943
0.22777362
0.22770862
0.22758353
0.22757581
0.22745405
0.22745405
0.22743759
0.22741213
0.22739935
0.22738162
0.2273577
0.22728866
0.22723246
0.2271722
0.22715837
0.22715744
0.22694576
0.22677678
0.2266566
0.22663374
0.22661683
0.22661683
0.22661683
0.22661683
0.22655205
0.22651765
0.22651212
0.22649372
0.22648956
0.22620134
0.22619124
0.2261869
0.2261247
0.22606343
0.22602518
0.22601646
0.22577584
0.22573316
0.22573316
0.22573148
0.22572269
0.22563766
0.2255771
0.22557637
0.22554183
0.22550812
0.22544625
0.22534955
0.22523482
0.22520764
0.22510572
0.2250606
0.22484915
0.22478612
0.22463699
0.22462931
0.22461288
0.22461288
0.22456193
0.2245395
0.2244929
0.22448073
0.22447842
0.22441563
0.22438999
0.22432478
0.22427389
0.2241342
0.22407284
0.22397009
0.22390187
0.22381371
0.2236647
0.2235429
0.22353977
0.22350863
0.22338852
0.22329326
0.22328389
0.2232752
0.22317569
0.22310299
0.2230445
0.22300293
0.22291268
0.22285855
0.22270094
0.22255965
0.22250128
0.22248547
0.22236767
0.22228888
0.22225496
0.22222453
0.22218122
0.22218122
0.22217005
0.22215827
0.22215798
0.22215725
0.22214445
0.22200674
0.22200392
0.22200242
0.22192863
0.22188164
0.2218812
0.22186391
0.22185615
0.22174329
0.22170803
0.22170602
0.2216402
0.2216402
0.22156994
0.2215671
0.22156559
0.22153364
0.22145553
0.22134876
0.22130929
0.22125745
0.2211359
0.22112186
0.22103083
0.22092338
0.22086146
0.22072245
0.22068022
0.22066323
0.22064564
0.22060826
0.22054657
0.22053115
0.22052082
0.22046109
0.22035326
0.22030134
0.22027977
0.22024868
0.2200751
0.22006804
0.22006401
0.22002639
0.22001489
0.2199825
0.21994281
0.2198402
0.21983172
0.21966533
0.21962959
0.21956956
0.21955362
0.21953426
0.21943654
0.21943292
0.21931708
0.21903491
0.21899736
0.2189889
0.21897781
0.21897252
0.2189601
0.21891282
0.21890418
0.21883966
0.21883966
0.21882096
0.2186598
0.21862814
0.21862286
0.2185998
0.21848954
0.2184415
0.21841615
0.21840492
0.21832886
0.21827549
0.21823777
0.21820004
0.2181666
0.21796297
0.21790774
0.21789552
0.2178479
0.21775524
0.2176966
0.21769178
0.21761325
0.21744052
0.21743868
0.21740232
0.21739146
0.21716739
0.21703196
0.21701035
0.21698841
0.21694374
0.21679665
0.21678069
0.21677522
0.21675947
0.21664692
0.21657594
0.21655853
0.21653533
0.21650507
0.21648039
0.21644492
0.2164286
0.21637255
0.21628253
0.21624286
0.21615611
0.216112
0.21597418
0.21593273
0.21592107
0.21591209
0.21576494
0.21573077
0.21566498
0.2156557
0.21565293
0.2156415
0.21563148
0.21559304
0.21554513
0.21540079
0.21540035
0.21519259
0.21513987
0.21510778
0.21509893
0.21497096
0.21493036
0.21493036
0.21492988
0.21492802
0.2149265
0.21492104
0.21492104
0.21486641
0.21486218
0.21485601
0.21484914
0.21482076
0.2146909
0.21461388
0.21459913
0.21459375
0.21451706
0.21440278
0.21439832
0.2143725
0.21433918
0.21433909
0.21432123
0.21432123
0.21423104
0.21422891
0.21420583
0.2139493
0.21376136
0.21374589
0.21362832
0.2135845
0.2135845
0.21356031
0.21350026
0.213482
0.21342082
0.21334024
0.21333538
0.21326058
0.21324591
0.2132401
0.2132297
0.21322395
0.21319391
0.21319072
0.2131395
0.2131122
0.21295606
0.212932
0.21275464
0.21271834
0.21258576
0.21257488
0.21251582
0.21248199
0.21228509
0.21227215
0.21220337
0.2121349
0.21200044
0.21197002
0.2119545
0.21175611
0.21173468
0.21170948
0.2117025
0.21167266
0.21160936
0.21157184
0.2115003
0.2114743
0.2114743
0.21144345
0.21141988
0.21140364
0.21137147
0.21131784
0.21119581
0.21102163
0.21101102
0.21084695
0.21083064
0.21082705
0.21081167
0.21081026
0.21079701
0.21068022
0.21064696
0.21060902
0.21053597
0.21038511
0.21035312
0.21033442
0.21030147
0.21028967
0.21023397
0.21021162
0.21009341
0.21009167
0.21009167
0.21007548
0.21000329
0.20998372
0.20994103
0.20992759
0.20985971
0.20985946
0.20985946
0.20970266
0.2096803
0.20964772
0.20963736
0.2096287
0.20948705
0.20948042
0.2094741
0.20941971
0.20940223
0.20933388
0.20931077
0.2092643
0.20917922
0.20915858
0.20914987
0.20911954
0.2090325
0.20903237
0.20894302
0.20887825
0.20884843
0.20884237
0.20883355
0.20882133
0.20875502
0.20873544
0.20867014
0.20866212
0.20862204
0.20862204
0.20862204
0.20858936
0.20858522
0.2085492
0.20850126
0.2083819
0.2083819
0.2083633
0.20827064
0.20821309
0.20821203
0.20820542
0.20819613
0.20814669
0.20809112
0.20798285
0.20791978
0.20789278
0.20787561
0.20786113
0.20785849
0.20784871
0.20782441
0.20776103
0.20770684
0.20769611
0.20765738
0.20764987
0.20761526
0.20757344
0.20755506
0.20746852
0.20744722
0.20732212
0.20730709
0.20724817
0.20723873
0.20722756
0.20712563
0.20710984
0.20704444
0.20703022
0.2069775
0.206976
0.206928
0.20692734
0.20685446
0.20676336
0.2067527
0.20671022
0.20665124
0.20656577
0.20649713
0.20647348
0.20634075
0.20621252
0.20619968
0.20618516
0.20602399
0.20600392
0.20592426
0.20590489
0.20585683
0.20585683
0.20576915
0.2057673
0.2057627
0.20576115
0.20574406
0.20573552
0.20573315
0.20573315
0.20571014
0.20568456
0.20565851
0.20565851
0.20565851
0.2056402
0.20562334
0.205608
0.205548
0.20551787
0.20551221
0.20539351
0.20536487
0.20527042
0.20523171
0.2052244
0.20509955
0.20505895
0.20499511
0.20499238
0.20498513
0.2049697
0.20495969
0.20492747
0.20490538
0.20489709
0.20480403
0.20477822
0.20468777
0.20468083
0.20461702
0.20460391
0.20457757
0.20457605
0.20457493
0.20452814
0.204526
0.20449862
0.20449266
0.20448889
0.20448889
0.20448315
0.2044679
0.20446013
0.20444
0.20438954
0.20433466
0.20433192
0.20433074
0.20421068
0.20414606
0.20411941
0.20411907
0.20404957
0.20401089
0.20398849
0.20395918
0.2039303
0.20392303
0.20377095
0.20360675
0.20359331
0.2035786
0.2035332
0.20346993
0.20342155
0.20340365
0.20335282
0.20331891
0.20326771
0.20325643
0.20321098
0.20319657
0.20313981
0.20292182
0.20282856
0.20282699
0.20282507
0.2027486
0.20259085
0.20254241
0.20252702
0.20250759
0.20250298
0.20240523
0.20238826
0.20234232
0.2022859
0.20226192
0.20224863
0.2022419
0.20222679
0.2022227
0.2022227
0.20221974
0.20218989
0.20218803
0.20216382
0.20212817
0.20206058
0.20204318
0.20198917
0.2019748
0.2019748
0.20193726
0.20191287
0.20189217
0.20180273
0.20176272
0.20173281
0.20170252
0.20165163
0.20162582
0.20161596
0.20154478
0.20142694
0.20133546
0.20129114
0.20121102
0.20119901
0.20119792
0.201163
0.20114668
0.20114641
0.20113902
0.20113105
0.20108569
0.20106015
0.20099375
0.20098571
0.20094638
0.20091304
0.20082138
0.20081545
0.20081028
0.20074624
0.2007291
0.20069908
0.20066494
0.20065732
0.20065732
0.20056199
0.20055467
0.20054224
0.20053196
0.2004779
0.20047435
0.20047142
0.20039353
0.20037791
0.20037451
0.2003459
0.20034003
0.20033158
0.20032
0.20017374
0.20017317
0.2001545
0.20015045
0.20010427
0.20008455
0.20007661
0.19998643
0.19996758
0.19993298
0.19986133
0.19967805
0.19966954
0.1995918
0.19951773
0.19947226
0.19947226
0.19947226
0.19945282
0.19928993
0.19928649
0.19927081
0.1992388
0.1991841
0.19916204
0.19908997
0.19907099
0.1990206
0.19900344
0.1989765
0.19893122
0.19892009
0.19891855
0.19891028
0.19877101
0.19877012
0.19875467
0.19873479
0.19865778
0.19857989
0.19849232
0.19842282
0.19840354
0.1983919
0.19838376
0.19837677
0.19835635
0.19830422
0.19829649
0.1982368
0.1982368
0.1982349
0.19818977
0.19812739
0.19811651
0.19811103
0.19810814
0.19810364
0.19802745
0.19797419
0.197967
0.19790609
0.197878
0.19787705
0.19783674
0.19780959
0.19779919
0.19774874
0.19767898
0.19764882
0.1976481
0.19764549
0.19760692
0.19755487
0.19753064
0.1975096
0.19747129
0.19739315
0.19738802
0.1973265
0.19732487
0.19732416
0.19732416
0.19722791
0.19718537
0.19715549
0.19715549
0.19711998
0.19711605
0.19705287
0.19699769
0.19697462
0.19695029
0.1969226
0.19691011
0.1968769
0.19687344
0.19687253
0.19680503
0.19668494
0.19660124
0.19659413
0.19659093
0.19656563
0.19652957
0.19648725
0.19646744
0.19646744
0.19644798
0.19641371
0.19640468
0.19638547
0.19629647
0.19620386
0.19613719
0.1960634
0.19604486
0.19594881
0.19594878
0.19589259
0.1958301
0.19553971
0.19540566
0.19540213
0.19533841
0.19531001
0.19530143
0.1952413
0.19519174
0.19517066
0.19515373
0.1951491
0.19512086
0.19511329
0.19511315
0.19510089
0.19509532
0.19507878
0.19506724
0.19506222
0.19504103
0.19501372
0.19499347
0.194912
0.1948633
0.19484468
0.1948232
0.19477834
0.19476344
0.19473447
0.19472986
0.19469368
0.19466871
0.19465761
0.19465727
0.19465394
0.19460985
0.19460985
0.19458178
0.19456445
0.19454741
0.19451289
0.19447501
0.19440776
0.19439197
0.19438931
0.19437012
0.1943428
0.19430752
0.19429207
0.19425218
0.19422871
0.19416587
0.19413783
0.19408043
0.19403163
0.19402856
0.1939874
0.19391972
0.19390559
0.19389944
0.1938877
0.19383311
0.19383311
0.19374844
0.19372055
0.19371042
0.19363387
0.19361416
0.19358623
0.19355527
0.1934728
0.19341893
0.1933785
0.19337521
0.19337521
0.19329816
0.19325735
0.19321743
0.19313839
0.19313408
0.19309445
0.19306912
0.19304778
0.19299267
0.19297774
0.1929335
0.19291838
0.19290861
0.19289196
0.19285402
0.19285402
0.19272906
0.1926667
0.19263433
0.19261087
0.19249462
0.19246675
0.19246052
0.19244537
0.1924091
0.1924091
0.19236894
0.19233361
0.19226013
0.192247
0.19224314
0.19223867
0.19222821
0.19218929
0.19218758
0.19218276
0.19216019
0.19216019
0.19214939
0.19212162
0.19203682
0.19201468
0.19199732
0.19193046
0.19192572
0.19191591
0.19191591
0.1919103
0.1919019
0.19189638
0.1918404
0.19182332
0.19177948
0.19163612
0.19163433
0.19163433
0.19161119
0.19156155
0.19146517
0.1914476
0.19142924
0.19142254
0.19141577
0.19141531
0.19139732
0.19134133
0.19130342
0.191297
0.19126095
0.19121641
0.19113596
0.19109875
0.19108997
0.1910826
0.19094783
0.19088301
0.19085577
0.1908023
0.1908023
0.19077802
0.19073167
0.19064356
0.19060802
0.1905844
0.19050992
0.19050306
0.19046564
0.19044542
0.19044392
0.19030425
0.19029278
0.19028997
0.19027597
0.19026154
0.19020657
0.1901801
0.19016269
0.19015689
0.19014393
0.19014345
0.19013567
0.19001745
0.18997896
0.18994835
0.18994263
0.18993281
0.18986444
0.18986382
0.18984331
0.18981062
0.18972197
0.18971346
0.18968184
0.18959326
0.18955259
0.18946415
0.18944256
0.18944256
0.18943559
0.18942197
0.1894208
0.18936494
0.189353
0.1893386
0.18931946
0.18931852
0.18929923
0.18926108
0.18912031
0.18911475
0.18906848
0.18906082
0.18904996
0.18904105
0.18900158
0.18898147
0.18896818
0.1889091
0.1888947
0.18885718
0.1887969
0.18879354
0.18878196
0.18873903
0.18870866
0.18869945
0.18869296
0.18869296
0.18868273
0.18864596
0.18860692
0.18859637
0.1885641
0.1885598
0.18849835
0.18849835
0.18845265
0.18842177
0.18841557
0.18840088
0.18834618
0.18834485
0.18832636
0.18827794
0.1882323
0.18818273
0.18817034
0.18816054
0.1881597
0.18815443
0.18811812
0.18811244
0.18810213
0.1880943
0.1880943
0.18805069
0.18800315
0.18798903
0.18797018
0.18794751
0.18793742
0.18784314
0.18781498
0.18775636
0.18775636
0.1877485
0.18774305
0.18771477
0.1876939
0.18765225
0.18764289
0.18762435
0.18759526
0.18757614
0.18752167
0.18751931
0.18749994
0.18749994
0.18747652
0.18743268
0.18741758
0.18729888
0.18724597
0.1871109
0.18708326
0.1870736
0.18707252
0.18694456
0.18692645
0.18692398
0.186915
0.18689963
0.1868479
0.1868264
0.18682227
0.18680453
0.18676284
0.18674338
0.18669437
0.18666814
0.18663181
0.1865438
0.1865041
0.18649277
0.18649277
0.18643522
0.18641259
0.18639882
0.18624789
0.18615194
0.18608643
0.18605787
0.18601036
0.18594463
0.18594001
0.18589072
0.18587635
0.18586865
0.18585779
0.18584873
0.1858265
0.18580054
0.18579808
0.18577898
0.18574806
0.18572316
0.18571709
0.18568349
0.18564983
0.18560652
0.18555309
0.18542053
0.18533376
0.18531977
0.18517831
0.18515356
0.1851473
0.18511514
0.18505919
0.18501675
0.1850126
0.18498011
0.18493626
0.18490054
0.18489414
0.18488899
0.18488063
0.184871
0.1848638
0.1848638
0.1848512
0.18472241
0.18472107
0.18467824
0.1845835
0.18455325
0.18454577
0.18454492
0.1845372
0.1845305
0.18450111
0.18448502
0.18446644
0.18446071
0.18445653
0.18445653
0.1844305
0.18441023
0.18440811
0.18440525
0.18440299
0.18438812
0.18436226
0.18432963
0.18431364
0.18428573
0.18427229
0.18427229
0.18426071
0.1840987
0.18405181
0.18404716
0.184044
0.18404385
0.18403739
0.18403563
0.18402848
0.18394698
0.18388526
0.18382509
0.18379244
0.18378772
0.18376854
0.18376607
0.18371959
0.18371154
0.18371026
0.18370654
0.18368259
0.18364291
0.18357329
0.18355279
0.18353653
0.1835316
0.18352447
0.18347573
0.18343861
0.18343219
0.18332168
0.18331808
0.18330273
0.183286
0.18328118
0.18324356
0.1832086
0.18318048
0.18317874
0.18317276
0.18316428
0.18308191
0.18306036
0.183019
0.18295549
0.18291715
0.1828775
0.18287204
0.1828217
0.18278904
0.18278904
0.18274532
0.18272942
0.18272942
0.18266791
0.18265338
0.18257993
0.18247493
0.1824471
0.18244639
0.18244462
0.18243167
0.18242548
0.18230717
0.18228741
0.1822216
0.18220675
0.1821906
0.18216072
0.18211533
0.18210822
0.18208192
0.18197265
0.18196963
0.18196772
0.18195991
0.18186383
0.18185872
0.1818414
0.18182254
0.18181331
0.18169276
0.18165317
0.18162677
0.18159899
0.18158503
0.18148838
0.1814796
0.1814457
0.18139441
0.18136837
0.18135802
0.18132715
0.18131569
0.18127966
0.1812663
0.18124428
0.18114004
0.1811308
0.18111475
0.18110216
0.1810942
0.1810942
0.1810684
0.18099618
0.18098842
0.18098556
0.18097652
0.18095195
0.18092105
0.18092105
0.18089978
0.18083712
0.1808098
0.18079665
0.18079531
0.18075831
0.18074115
0.18068609
0.18064049
0.18063939
0.18054432
0.18044613
0.18043831
0.18042076
0.18041632
0.18041171
0.18038568
0.18037823
0.18034919
0.18024987
0.18024528
0.18024017
0.18017307
0.1801697
0.18014775
0.18014775
0.1801367
0.1800758
0.18002367
0.18001468
0.18000863
0.1800062
0.17998885
0.17997485
0.17992222
0.17990258
0.1798639
0.17971118
0.17969853
0.17964576
0.17963189
0.17957477
0.17952456
0.17947152
0.17945251
0.17944646
0.17944056
0.1793837
0.17937641
0.17933197
0.17931965
0.17921196
0.17914419
0.17912883
0.17909637
0.17905676
0.1790136
0.17897792
0.17896959
0.17891298
0.17889957
0.178883
0.1788513
0.17874527
0.1786659
0.1786119
0.17855822
0.17855643
0.17854223
0.17854042
0.17850558
0.17849293
0.17840238
0.17839044
0.1783769
0.1783655
0.17832644
0.1783121
0.17825547
0.17817219
0.17817041
0.17816643
0.17809962
0.1780419
0.178016
0.17799251
0.17797744
0.17796618
0.17795525
0.17793182
0.17792568
0.17790085
0.17790085
0.1778226
0.17780393
0.17778735
0.17775546
0.17771988
0.17767395
0.1776691
0.17766425
0.1776571
0.17763683
0.17757742
0.17757109
0.17755656
0.17752326
0.17751496
0.17747362
0.17744859
0.1774027
0.17737487
0.17735738
0.17733626
0.17728423
0.17727171
0.17722887
0.1771344
0.1771344
0.17709158
0.17703073
0.17700936
0.17698564
0.17694123
0.17692153
0.17692153
0.17687364
0.17684732
0.17682882
0.17677264
0.1767439
0.17671464
0.17670624
0.17670427
0.17670171
0.1765788
0.17657566
0.17656928
0.17656693
0.17652585
0.1765225
0.17651868
0.17651841
0.17649907
0.17648263
0.17646642
0.1764306
0.1763902
0.17637707
0.17635614
0.17630778
0.17628099
0.17628099
0.17628099
0.17627612
0.17627539
0.17625462
0.17625323
0.17624429
0.17623965
0.17609842
0.1760978
0.17608272
0.17608045
0.1760679
0.17602545
0.17601949
0.17600739
0.17597628
0.17594488
0.17594145
0.1757835
0.17569984
0.17568733
0.17566754
0.17562304
0.17560524
0.1755679
0.1755679
0.17552213
0.17546688
0.17545559
0.17541972
0.17539799
0.17537455
0.1753499
0.17532283
0.17532283
0.17527999
0.1752763
0.1752639
0.17525804
0.17524652
0.17521417
0.1751068
0.17509861
0.17508607
0.17508477
0.17504033
0.17501986
0.17500925
0.17500925
0.17500438
0.17497514
0.17497164
0.17496675
0.17491606
0.17491321
0.17490232
0.1748918
0.17486875
0.17477354
0.17471896
0.17469655
0.17467351
0.1746647
0.17464592
0.17464423
0.1746189
0.17457733
0.17447136
0.17446642
0.1744155
0.17440942
0.17438793
0.1743326
0.17427495
0.17422168
0.17422168
0.17420618
0.17420223
0.17419532
0.17414826
0.17414294
0.17413893
0.17409573
0.17407578
0.17407084
0.17399777
0.17399777
0.17399777
0.17397986
0.17388661
0.17386672
0.17377134
0.1737704
0.17371646
0.17369346
0.17363219
0.17361355
0.17361231
0.17361231
0.17361183
0.17359948
0.17358163
0.17357524
0.17356734
0.1735595
0.1735468
0.17344473
0.17344442
0.17343974
0.17340735
0.17338468
0.1733564
0.17329009
0.17326133
0.17323811
0.17318334
0.17316721
0.17314737
0.17313689
0.17309551
0.17306396
0.17302273
0.1729895
0.17295855
0.17294784
0.17292614
0.17291884
0.1728843
0.17287515
0.17286995
0.17283913
0.17283021
0.17281188
0.17279221
0.1727898
0.17274989
0.17271231
0.17270063
0.17269835
0.17268816
0.17268673
0.17264563
0.17262158
0.17260262
0.17257892
0.17257269
0.17257017
0.17256935
0.17254846
0.17254634
0.17249964
0.17244825
0.1724422
0.17243612
0.17243437
0.17241825
0.1723793
0.17236875
0.17236131
0.17234676
0.17233618
0.1723202
0.17229126
0.17228901
0.17228429
0.17223497
0.1722281
0.1722109
0.17219257
0.1721909
0.17216004
0.17212819
0.1721184
0.17211598
0.17202146
0.1720036
0.17194758
0.17193122
0.17188716
0.17186117
0.17182209
0.17181504
0.17179745
0.17167524
0.17167056
0.17159778
0.17158622
0.17155959
0.17155328
0.17146736
0.17144978
0.17144597
0.17139171
0.17135772
0.17131439
0.17128725
0.17125916
0.17124064
0.17123866
0.17118122
0.17117451
0.17115861
0.17113176
0.17109646
0.17109646
0.17109543
0.17109281
0.1710578
0.17102401
0.17100103
0.17099227
0.17097263
0.17095517
0.17095344
0.17088185
0.17086855
0.17084327
0.1708382
0.17080641
0.17074144
0.17073415
0.17065066
0.17063291
0.17059344
0.17053533
0.17048503
0.17043915
0.17042641
0.17041877
0.1703825
0.17034206
0.17030776
0.17030546
0.17025016
0.17022394
0.17019524
0.17014776
0.17011084
0.17010279
0.17008784
0.17008784
0.17007506
0.17005478
0.17004462
0.17004313
0.17002869
0.16999336
0.16998291
0.1699679
0.16995472
0.1699109
0.16982494
0.1697804
0.16973063
0.16971374
0.16970442
0.16964483
0.16963832
0.16961078
0.16959602
0.16959366
0.16947202
0.16943675
0.16941547
0.16940515
0.16937153
0.16935177
0.16934668
0.16930765
0.16930416
0.16924556
0.1692365
0.16923523
0.16918944
0.16918257
0.16914749
0.16914682
0.1690969
0.16908886
0.16906796
0.16906643
0.1690324
0.16902974
0.16899844
0.16896111
0.16895592
0.16895002
0.1689331
0.16892754
0.16892593
0.16890498
0.16888867
0.16887975
0.16887766
0.16885136
0.16876191
0.1687482
0.1687432
0.16873743
0.16873462
0.16864462
0.16861594
0.1686148
0.16860892
0.16860875
0.1686031
0.16853762
0.16853587
0.16852912
0.16851616
0.16850601
0.16850397
0.16848858
0.16847675
0.16841763
0.16841055
0.16838615
0.16836321
0.16836265
0.16833784
0.16831002
0.168306
0.168288
0.16822101
0.16821112
0.16819459
0.16818349
0.16815975
0.16809796
0.16805325
0.16803758
0.16800395
0.16800395
0.167994
0.16798146
0.16787905
0.16785331
0.16784967
0.16783243
0.16778775
0.16775939
0.16774726
0.1677052
0.16767032
0.16763912
0.16762152
0.1676154
0.1675976
0.16755037
0.16750637
0.16746923
0.1673959
0.16738977
0.16738543
0.16738512
0.1673657
0.16734338
0.16732082
0.16728994
0.16728479
0.16728479
0.16722979
0.1672122
0.16717117
0.1671701
0.1671497
0.16708003
0.16701494
0.16700666
0.16694306
0.16694306
0.16694306
0.16693662
0.16688259
0.16687924
0.16685686
0.16685632
0.16680782
0.16674732
0.16673513
0.16671167
0.16671088
0.16668372
0.16667736
0.16666365
0.16662961
0.1666275
0.16660008
0.16658598
0.16656083
0.16646467
0.16644336
0.16641465
0.16637374
0.16629714
0.16628473
0.16628142
0.16624407
0.16619903
0.16618308
0.16613749
0.16611747
0.166101
0.1660536
0.16602992
0.16600901
0.1659472
0.16593495
0.1659174
0.16590007
0.1658868
0.16585065
0.16585065
0.16577849
0.16577365
0.16573587
0.1657125
0.16563888
0.16561644
0.16556501
0.16549374
0.16547465
0.16546029
0.16545105
0.16544956
0.16543409
0.16542211
0.16541158
0.16539474
0.16538867
0.16533865
0.16533688
0.16533688
0.16532965
0.16532509
0.16526905
0.1652479
0.16522215
0.16519903
0.16519071
0.16517216
0.16516402
0.16505256
0.16504721
0.16502525
0.16496561
0.16494188
0.16493623
0.16490546
0.16489571
0.16484532
0.16483629
0.16482556
0.16481587
0.16480263
0.16477029
0.16475697
0.16474514
0.16473515
0.16462973
0.16456448
0.16449364
0.16444598
0.16444598
0.16444029
0.16443452
0.16440523
0.16438179
0.164357
0.16433495
0.16431181
0.1642888
0.1642518
0.16425161
0.16420868
0.16420868
0.16419941
0.1641727
0.1641528
0.16409864
0.16401643
0.16388664
0.16385612
0.16379558
0.16374677
0.16373572
0.16372788
0.16372733
0.16371617
0.16370259
0.16370115
0.16368382
0.16365966
0.16362458
0.16362423
0.1636122
0.16356991
0.16348845
0.1634815
0.16347188
0.16346452
0.16345409
0.16344585
0.1634076
0.1633986
0.16333692
0.16332959
0.16332033
0.16329643
0.16323455
0.16321024
0.16318205
0.16317202
0.1631501
0.16314624
0.16313426
0.16312847
0.16312625
0.1631256
0.16312541
0.16304801
0.1630243
0.16301815
0.16299692
0.16297379
0.16290484
0.16289201
0.1628699
0.16286772
0.16286623
0.16286005
0.16284595
0.16277851
0.16277575
0.16276756
0.16273339
0.16273133
0.16272634
0.16262121
0.16262028
0.16259493
0.16257752
0.16253956
0.1625062
0.1624659
0.16241458
0.16238046
0.16238046
0.16236973
0.16235633
0.16231982
0.1622996
0.16228217
0.16227561
0.16227432
0.16224447
0.16224281
0.162235
0.1622331
0.16220783
0.16220783
0.16220783
0.1622033
0.16215721
0.16206402
0.16202776
0.16202776
0.16197339
0.16197073
0.16191825
0.16191533
0.16191326
0.16183452
0.16182101
0.16180454
0.161804
0.16175807
0.16174144
0.16168627
0.16166921
0.16163851
0.16158806
0.16157636
0.16153781
0.16152798
0.16147242
0.16145632
0.16145474
0.16144834
0.16143204
0.16141546
0.16134802
0.16134247
0.1613378
0.16131207
0.16130365
0.1612931
0.16126366
0.16126245
0.16125698
0.16118902
0.16116652
0.16111723
0.16107047
0.16104846
0.16104637
0.16103774
0.16102843
0.16096383
0.16092484
0.16090137
0.16089396
0.16084096
0.16083394
0.16081928
0.16076435
0.16075832
0.16070504
0.16068491
0.16068389
0.16064017
0.16062866
0.16059828
0.16057433
0.16057272
0.16055235
0.16054457
0.16047159
0.16045322
0.16044165
0.16040578
0.16037205
0.16036794
0.16035472
0.16034839
0.16025111
0.16021724
0.16021708
0.16021344
0.16016097
0.1601527
0.16015017
0.16013606
0.16012911
0.1599668
0.15995763
0.15994412
0.15991035
0.15986776
0.1598506
0.15984742
0.1597707
0.15976442
0.15976192
0.15973344
0.15971278
0.1597127
0.1596792
0.15966819
0.1596603
0.15963069
0.1595861
0.15954237
0.15951772
0.15949494
0.15947917
0.15940799
0.15939797
0.15937409
0.15936865
0.15927735
0.15912053
0.15907784
0.15903191
0.15898386
0.15897894
0.15895583
0.1589503
0.15893981
0.15893954
0.15888417
0.1588719
0.15884507
0.15883456
0.15882675
0.15882571
0.1588009
0.15878679
0.15878099
0.15875399
0.15875399
0.15874024
0.15871991
0.1587148
0.15871052
0.15869094
0.15868841
0.15865692
0.15863621
0.15862773
0.15855482
0.15854703
0.15853752
0.15849409
0.1584878
0.15839349
0.15837958
0.15825479
0.15822604
0.15815808
0.1581335
0.15805441
0.15805328
0.1579946
0.15794069
0.15792641
0.15792602
0.15791148
0.15791123
0.1579111
0.15789191
0.15788983
0.1578618
0.1578547
0.15784705
0.15780659
0.15779474
0.15779237
0.1577396
0.15767647
0.15764247
0.15764208
0.1576286
0.15762578
0.15761499
0.15758416
0.15750828
0.15750265
0.15747632
0.15743859
0.1574021
0.15739213
0.15739195
0.1573764
0.15736383
0.15735269
0.15731962
0.15731962
0.15730302
0.15730251
0.15729515
0.15727954
0.15723202
0.1572034
0.15715653
0.157137
0.15707
0.15706204
0.15702708
0.15696442
0.15692733
0.15691426
0.15690435
0.15689655
0.15689047
0.15684974
0.15681551
0.1567955
0.1567693
0.15674189
0.1567374
0.15670797
0.15669762
0.15667021
0.1566592
0.15665902
0.15660515
0.15660359
0.15659584
0.1565449
0.15650405
0.15646803
0.15646797
0.15642397
0.15642397
0.15642397
0.15642397
0.15638907
0.15634555
0.15632935
0.15631704
0.15631485
0.15630579
0.15628059
0.15627025
0.15626082
0.15624493
0.1562347
0.1562301
0.15621796
0.15616207
0.15615338
0.15614124
0.15611756
0.15611498
0.15605493
0.15605405
0.1560461
0.15603651
0.15603201
0.1560221
0.15601681
0.15598702
0.15595354
0.15595111
0.1559396
0.15589894
0.15586439
0.15585314
0.1558308
0.1557835
0.15576307
0.15575913
0.15574339
0.15572765
0.15564172
0.15562066
0.1555169
0.15541582
0.15534987
0.15534945
0.15532073
0.15531658
0.15527608
0.15525359
0.155196
0.1551846
0.1551766
0.15517575
0.15513611
0.15510131
0.15507801
0.15502694
0.1549725
0.15490751
0.15490592
0.15489079
0.15487514
0.15485746
0.15484174
0.15482962
0.15482906
0.15478908
0.15476802
0.15473829
0.15470318
0.15468866
0.15461169
0.15458703
0.15456922
0.1545638
0.1545521
0.15455122
0.15453808
0.15450852
0.15443622
0.1544173
0.15440498
0.1543808
0.15432489
0.15429159
0.15421918
0.15421619
0.15419976
0.15418711
0.15415375
0.15413618
0.15412064
0.15411247
0.1540985
0.15403995
0.1540355
0.15403078
0.15398987
0.15396096
0.15395214
0.15394503
0.15392691
0.15389287
0.15388845
0.15388668
0.15384285
0.1538391
0.15378027
0.15367903
0.1536639
0.15366016
0.15364107
0.15361944
0.15358566
0.15357445
0.1535528
0.1535506
0.15354322
0.15352726
0.15351984
0.15351494
0.15342861
0.15341684
0.15339921
0.15334128
0.153331
0.15330721
0.15330435
0.1532937
0.15320803
0.15319039
0.15318365
0.15317924
0.15312003
0.15308172
0.15304893
0.15303136
0.1530294
0.15298231
0.15293965
0.15291385
0.15290509
0.15277682
0.15276766
0.1527534
0.1527464
0.15273236
0.15269786
0.15269786
0.15267566
0.1526748
0.15264894
0.15261993
0.15261869
0.15258324
0.15253827
0.15252866
0.15252145
0.15249352
0.15247029
0.15245673
0.15244453
0.15239781
0.15235966
0.15234604
0.15233448
0.15229322
0.15228283
0.1522494
0.15224445
0.15220703
0.15220091
0.1521977
0.15214024
0.15212789
0.15209942
0.15209062
0.15200019
0.15197505
0.15196885
0.15196651
0.15192308
0.1519155
0.15189524
0.15186809
0.15182105
0.1517828
0.15176573
0.15175487
0.15170577
0.15164864
0.15164864
0.1515955
0.15158099
0.15158099
0.15158099
0.15156916
0.15156613
0.15156126
0.15153062
0.15150988
0.15144736
0.15143554
0.15142702
0.15138116
0.15130813
0.15130414
0.15130045
0.15125076
0.15124862
0.15124458
0.15123872
0.1511838
0.15118258
0.15115811
0.15113944
0.15113315
0.15112132
0.1510811
0.15106767
0.15106463
0.15105806
0.15105088
0.15094776
0.15093443
0.15091653
0.15089197
0.15088971
0.15088427
0.15085386
0.15083009
0.15082707
0.15082099
0.15080008
0.15078227
0.15075266
0.15075108
0.1507433
0.15072972
0.15069816
0.1506449
0.15060963
0.15060878
0.1506001
0.15059797
0.15051565
0.15040356
0.15037474
0.15034918
0.1503111
0.15028492
0.15028492
0.15025252
0.15024015
0.1502253
0.15022026
0.15021709
0.15021338
0.15021087
0.15013237
0.15001369
0.15000612
0.14994083
0.14993517
0.14992882
0.14992827
0.1498873
0.14986536
0.14986375
0.1498602
0.14985874
0.14979564
0.14978506
0.14975896
0.14973114
0.14971168
0.1496492
0.14958245
0.14958054
0.14957981
0.14957434
0.14957193
0.14951229
0.14950867
0.14950386
0.14946444
0.1494521
0.1494448
0.14942774
0.14940323
0.14936747
0.14935982
0.14934495
0.14934081
0.1493192
0.14928629
0.14928044
0.14924768
0.14922749
0.14918421
0.14915873
0.14914258
0.14911641
0.14910768
0.14907354
0.14905263
0.14905229
0.14903043
0.14902264
0.14901316
0.14900763
0.14899805
0.14896344
0.14894766
0.14892799
0.14890632
0.14887786
0.14887333
0.14886142
0.14882809
0.14875555
0.14872637
0.1487029
0.14861017
0.14859948
0.14856684
0.14853173
0.14850509
0.14850484
0.14849871
0.14848651
0.14845148
0.14843147
0.1484217
0.14839865
0.1483794
0.14834687
0.14831404
0.14825177
0.14824878
0.14824738
0.14821872
0.14813428
0.14808786
0.1480637
0.14806335
0.14806265
0.14800778
0.1480019
0.14797862
0.14796966
0.14796966
0.14796934
0.14791198
0.14781862
0.14779925
0.14777529
0.14777426
0.14777246
0.14774421
0.14771917
0.14769952
0.14765315
0.14762817
0.14757726
0.14757124
0.14756751
0.1475106
0.14748561
0.14747636
0.14746119
0.14737998
0.14724918
0.14724426
0.14722325
0.14715734
0.14714561
0.14710054
0.14708783
0.14707687
0.14707115
0.14701952
0.14701536
0.1469861
0.1469181
0.14690101
0.14688078
0.14687547
0.14686914
0.14686094
0.14684272
0.1468331
0.14679965
0.146771
0.14676322
0.1467547
0.1467544
0.14672716
0.14671493
0.14670566
0.14666677
0.14665534
0.14665385
0.14665376
0.14663658
0.14659224
0.14658406
0.14655997
0.14655997
0.14649521
0.1464365
0.14636777
0.14634764
0.14634182
0.1462975
0.14629744
0.14629716
0.1462632
0.14623751
0.14614087
0.14611596
0.14606033
0.14601924
0.14601745
0.1459321
0.14589922
0.14589512
0.14587279
0.14575267
0.1457224
0.14571394
0.14570086
0.14567418
0.14565644
0.1456456
0.14563233
0.14561719
0.14560983
0.14560203
0.14555725
0.14553346
0.14549665
0.14546485
0.1454164
0.14533651
0.14529389
0.14525554
0.14521344
0.14516746
0.14511853
0.14509416
0.14508826
0.14506446
0.14504603
0.14503834
0.1450025
0.14499633
0.14493826
0.14493565
0.14492135
0.14492097
0.14487132
0.14476843
0.14475855
0.14473827
0.14472552
0.14469135
0.14466316
0.1446239
0.14461863
0.14459284
0.14456922
0.14455108
0.144517
0.1444906
0.14443833
0.14443797
0.14443693
0.14440054
0.14435048
0.14428739
0.14426452
0.1442462
0.14424016
0.14421669
0.14421184
0.1441905
0.14413783
0.14413443
0.14412872
0.14412841
0.14404473
0.14404261
0.14403771
0.14402886
0.14402524
0.14397378
0.14396667
0.14396586
0.1439519
0.14394487
0.14393793
0.14391397
0.1439107
0.14389461
0.14389268
0.14387144
0.14385083
0.14383952
0.1438151
0.14381288
0.14379184
0.14373459
0.14367872
0.14364159
0.14363836
0.14358336
0.14358278
0.14353277
0.14347844
0.14343844
0.1434291
0.14341515
0.14341457
0.14338663
0.1433729
0.14335085
0.1433417
0.14333844
0.14329329
0.14328855
0.14320306
0.14318286
0.14318007
0.14316836
0.14316463
0.14304845
0.14304803
0.14291218
0.14285652
0.14285569
0.14282477
0.14281677
0.14280635
0.14277501
0.14275274
0.1427433
0.1427407
0.142722
0.14271604
0.14270438
0.1426949
0.14268541
0.14267078
0.14261647
0.14258574
0.14255017
0.1425065
0.14249723
0.14246848
0.14246583
0.14245692
0.14244696
0.1423602
0.14231892
0.142275
0.14227289
0.1422652
0.14224488
0.14220731
0.14219293
0.14217663
0.14217314
0.14213724
0.14212501
0.14210178
0.1420948
0.14203349
0.14203006
0.14203006
0.14201605
0.1420155
0.1420155
0.14198428
0.14197858
0.14196907
0.14194885
0.14192672
0.14186907
0.14182264
0.14182122
0.14179271
0.14177708
0.14177074
0.14176989
0.1417189
0.14171715
0.14167131
0.1415805
0.14157526
0.14156501
0.14155878
0.14153814
0.14153534
0.14152464
0.14149737
0.14146829
0.14145422
0.1414295
0.14135829
0.14134683
0.14133202
0.14132111
0.14130372
0.14129473
0.14128008
0.14126207
0.14125021
0.14118712
0.1411571
0.14114463
0.14106707
0.14105976
0.14098904
0.14096789
0.14094481
0.14092056
0.14091906
0.14091106
0.14090773
0.1408995
0.14088938
0.14088899
0.14087494
0.14083509
0.14082816
0.14082135
0.14080591
0.14076664
0.14074741
0.1407127
0.14068444
0.14067505
0.1406488
0.14062488
0.14060773
0.14060037
0.14058267
0.14058198
0.14058198
0.14054734
0.14054005
0.14052047
0.14051114
0.14049274
0.14048032
0.14047371
0.14043865
0.14040107
0.14037097
0.14035814
0.14035207
0.14033309
0.14030983
0.14027569
0.14027417
0.140251
0.14021997
0.14021662
0.14019766
0.14014333
0.14012805
0.14009795
0.14009237
0.14008018
0.14007235
0.14004444
0.1400339
0.14002323
0.1400087
0.13998789
0.13994004
0.13990252
0.13990252
0.13990068
0.13987923
0.13982588
0.13981159
0.13981044
0.1397893
0.13973482
0.13970746
0.13970383
0.13969412
0.1396204
0.13960542
0.13955477
0.13954669
0.13951598
0.13949633
0.13946553
0.13943262
0.13941386
0.13939755
0.13939483
0.13939458
0.13937977
0.1393721
0.1393466
0.13934612
0.1393431
0.13933098
0.13926324
0.1392555
0.13924123
0.13920848
0.13919534
0.13915356
0.13910994
0.1390356
0.13902499
0.13902251
0.13900979
0.13900149
0.13897707
0.13894984
0.13893336
0.13893022
0.13888873
0.13882142
0.1387871
0.13875647
0.13873665
0.13872331
0.13869226
0.1386561
0.13864644
0.13863961
0.13861778
0.13860568
0.13859624
0.1385818
0.13857147
0.1385396
0.13853303
0.13850528
0.13849126
0.13848422
0.13847013
0.13843796
0.13841541
0.13840736
0.1383942
0.13835241
0.13835225
0.13833053
0.13825426
0.13822554
0.13822098
0.13821307
0.13821013
0.13816352
0.1381187
0.13810152
0.1380954
0.1380677
0.13800088
0.13792771
0.13786669
0.13784869
0.13783407
0.13783246
0.13780405
0.13778166
0.1377692
0.13775034
0.13772379
0.13770142
0.13768803
0.13766597
0.13762955
0.13760915
0.13760455
0.13758783
0.13757662
0.13757254
0.1375463
0.13749799
0.13744013
0.13741142
0.13740773
0.1373972
0.13739367
0.13738912
0.1373841
0.13737585
0.1373629
0.13732736
0.13732186
0.1372901
0.1372871
0.13725863
0.13722964
0.13719472
0.13711451
0.13711168
0.13710836
0.1370997
0.13709874
0.1370984
0.13709293
0.13708861
0.13708712
0.13704789
0.13704617
0.13704316
0.13700879
0.1370045
0.13697854
0.13694137
0.13691677
0.13687453
0.13684207
0.13683078
0.13680251
0.13679615
0.13678934
0.13675936
0.13675515
0.13667756
0.1366443
0.13653585
0.13651744
0.13647501
0.13643953
0.1364294
0.13641433
0.13640796
0.13640484
0.13638203
0.13634655
0.1363101
0.13629077
0.13626063
0.13624848
0.1361806
0.13612475
0.1361063
0.13607039
0.13600524
0.13600226
0.13597587
0.13593957
0.13591373
0.1359062
0.13590227
0.13589281
0.13580501
0.1358045
0.13579777
0.13576224
0.13571194
0.13570686
0.13570213
0.13569598
0.13565932
0.13561477
0.13550799
0.13545258
0.13544253
0.13543072
0.13541012
0.13538246
0.1353564
0.13531868
0.13523063
0.1352147
0.13514347
0.13514118
0.13512903
0.1350854
0.13507086
0.13505524
0.13503349
0.13500948
0.1350025
0.1349634
0.1349168
0.13491192
0.13489671
0.13488753
0.1348831
0.13488154
0.13484122
0.13483757
0.1348238
0.13481276
0.13479942
0.13479146
0.1347776
0.13470523
0.13470334
0.13467766
0.13467005
0.13466744
0.13466111
0.134649
0.13464583
0.13464175
0.13464092
0.13461389
0.13458423
0.13456807
0.13456762
0.13456006
0.13454993
0.13454224
0.134489
0.13447921
0.13446341
0.13444749
0.13442643
0.13442405
0.13438536
0.13438047
0.13437304
0.13435932
0.13433012
0.13433012
0.13431121
0.13429913
0.13429663
0.13426627
0.13420762
0.13413927
0.13413389
0.13412833
0.13412736
0.13410433
0.13410023
0.13409762
0.13408594
0.1340667
0.13404755
0.13404575
0.13394582
0.13390148
0.1338731
0.13384202
0.13377151
0.13376698
0.13374874
0.1337064
0.13370074
0.1336896
0.13368404
0.13366915
0.13357776
0.1335647
0.13355401
0.13353956
0.1334903
0.13348798
0.13343364
0.13341017
0.13339601
0.13337418
0.13336013
0.13329993
0.13326074
0.13320716
0.133181
0.13316034
0.13313615
0.13308652
0.13308217
0.1330495
0.13299893
0.13298835
0.13298021
0.13297598
0.13295701
0.13294096
0.1329408
0.13294058
0.13293882
0.13293605
0.13285963
0.13285796
0.1327679
0.13272996
0.13271807
0.13264608
0.13264123
0.13262782
0.13260357
0.13259602
0.13258575
0.13258344
0.13256535
0.13253453
0.13253312
0.13251644
0.13242447
0.13238475
0.13235258
0.13235149
0.13227148
0.13208947
0.13208418
0.1320786
0.13206257
0.13203083
0.13199009
0.13195579
0.13194926
0.13192469
0.1319165
0.13188139
0.13182043
0.13178998
0.13173823
0.13170014
0.13168581
0.13166787
0.13162057
0.13160314
0.13159902
0.13159232
0.13158904
0.13158464
0.1315807
0.13156857
0.1315525
0.13143258
0.13141541
0.1314153
0.13141266
0.13140208
0.13139513
0.13133979
0.13132106
0.13124543
0.13122788
0.13121569
0.13119349
0.13114092
0.1311225
0.13112246
0.13111909
0.13111006
0.13107911
0.1310074
0.13093139
0.1308903
0.13086131
0.13084438
0.13080603
0.13080053
0.13074768
0.13068996
0.13067584
0.13067044
0.13063554
0.13062939
0.13055205
0.13053891
0.13051707
0.13047934
0.130469
0.1304291
0.13042861
0.13040821
0.13040295
0.13033105
0.13029382
0.13026465
0.13021171
0.1302007
0.13018242
0.13017875
0.13017702
0.13012776
0.13012004
0.13003586
0.13002028
0.13001531
0.13000734
0.13000223
0.12999646
0.1299811
0.12992974
0.12992333
0.1299112
0.12988609
0.12982458
0.12977484
0.12977102
0.1297476
0.12974216
0.12974189
0.12969302
0.12967569
0.12961817
0.12958775
0.12945901
0.12945901
0.1294469
0.12944332
0.1294226
0.12939535
0.12938863
0.12938069
0.12938043
0.12931667
0.12929383
0.12929203
0.12928806
0.12927108
0.12925479
0.12921388
0.12916352
0.12911035
0.12910844
0.1290926
0.12908207
0.12907317
0.12905931
0.12899633
0.12898207
0.12893264
0.12890175
0.12889732
0.1288942
0.1288878
0.12887336
0.12885007
0.12880486
0.12879646
0.12878464
0.12876314
0.12873831
0.12873684
0.12869312
0.12868577
0.12864608
0.12863027
0.12860915
0.12860055
0.12859261
0.12858374
0.12854241
0.12853676
0.12846093
0.12843941
0.12841833
0.12840141
0.12835187
0.12830238
0.12825046
0.12821081
0.1281984
0.1281984
0.1281984
0.12818699
0.12818694
0.12813157
0.1281148
0.12810257
0.12810186
0.12808582
0.1280722
0.1280538
0.12804976
0.12801874
0.12800837
0.12796244
0.12795988
0.12794721
0.12793264
0.1279104
0.12789956
0.12788902
0.12788169
0.12779583
0.12771277
0.12771258
0.12770122
0.12767814
0.1276671
0.12765674
0.12758581
0.12757228
0.12757103
0.12752204
0.12751216
0.12749816
0.12748867
0.12744571
0.12739144
0.12728825
0.12726499
0.12725417
0.12720045
0.12716301
0.12714595
0.1271073
0.12709413
0.1270661
0.12700503
0.12700386
0.12699625
0.1269842
0.12692934
0.1269286
0.12688711
0.12688553
0.12688163
0.12685116
0.12684123
0.12679598
0.12678558
0.12677833
0.12672172
0.12668343
0.1266799
0.12666634
0.12666291
0.12661615
0.12659949
0.12657313
0.12655938
0.12655695
0.12654045
0.12652043
0.12650505
0.12649377
0.12648982
0.12647201
0.12645379
0.12645157
0.12645064
0.12639682
0.12638685
0.12637606
0.12635429
0.1262848
0.12626709
0.1262545
0.12624227
0.12621893
0.12621397
0.12621036
0.12620863
0.12617646
0.12612504
0.12610665
0.12608056
0.12606467
0.12605166
0.12604876
0.12599678
0.12598316
0.12589976
0.12581994
0.12581849
0.12578498
0.12572554
0.12566721
0.12565824
0.12564206
0.12561043
0.12560977
0.12558527
0.12557194
0.12552671
0.12550831
0.12547961
0.12545946
0.12544149
0.12535225
0.12532881
0.1253179
0.12530364
0.12529773
0.12527144
0.12526602
0.12506312
0.12505753
0.12505087
0.124993265
0.12495603
0.124952644
0.12493289
0.12493122
0.12492831
0.1248608
0.12484067
0.124829315
0.12482849
0.12481048
0.124795474
0.124794625
0.12478637
0.124777414
0.12472541
0.12469376
0.124684535
0.124680325
0.12459813
0.124593705
0.12458445
0.12458408
0.12457854
0.12453188
0.12452778
0.12450123
0.12446226
0.124446884
0.124438025
0.124393694
0.12438307
0.1243583
0.12431609
0.12428899
0.12425846
0.12422507
0.124169424
0.12414396
0.12411583
0.12409756
0.12409631
0.12407947
0.12405434
0.12405136
0.12403284
0.12401509
0.12401476
0.123957634
0.12393613
0.12392429
0.12389923
0.12388239
0.12386956
0.12380414
0.12379312
0.12377699
0.12371041
0.12370511
0.12370497
0.123675905
0.1236661
0.12363034
0.12357661
0.12353556
0.12349401
0.12349046
0.123483405
0.12340291
0.12338955
0.12332985
0.1232675
0.1232407
0.12324034
0.12320722
0.123184554
0.12316927
0.123167686
0.123141214
0.123131104
0.12312652
0.123126134
0.12311354
0.12309137
0.12305282
0.123007335
0.12298378
0.122955434
0.12295398
0.122934416
0.12292465
0.122901
0.12288342
0.122881375
0.122880034
0.12286919
0.12283271
0.12275823
0.12275494
0.1227535
0.12274922
0.12274061
0.12271279
0.122652546
0.12263396
0.12261273
0.122598514
0.12259312
0.12254493
0.122521155
0.12247885
0.122446
0.122438855
0.12239478
0.12239449
0.12233282
0.12229347
0.1222809
0.12225916
0.122201756
0.12219266
0.12218819
0.12218141
0.122164786
0.12214729
0.1221156
0.12211057
0.12205381
0.122049265
0.122025855
0.12201671
0.12199939
0.121878944
0.12185457
0.12184528
0.12184085
0.12182998
0.121784896
0.121723756
0.121680275
0.121633425
0.12161027
0.12151576
0.12148981
0.12148721
0.1214457
0.12140082
0.12139744
0.12136085
0.12134103
0.121325135
0.12132283
0.12129434
0.12125933
0.12124904
0.12121668
0.121130764
0.1211264
0.12112152
0.12108708
0.121086955
0.121053465
0.12102658
0.121018186
0.12090607
0.12089076
0.12088312
0.120846815
0.120834924
0.120827265
0.120811716
0.12074215
0.12072352
0.12069548
0.12061322
0.12060136
0.12055797
0.12052785
0.12050215
0.12045344
0.12044867
0.12040293
0.120324194
0.12030803
0.12027316
0.12021455
0.12021277
0.12018227
0.12011795
0.12011276
0.12010895
0.12010071
0.12006942
0.120068215
0.12004258
0.11999131
0.11997036
0.11995204
0.1199372
0.11990795
0.11989155
0.119860284
0.1198137
0.11978885
0.11975793
0.11973411
0.11963428
0.119627304
0.119626984
0.11956582
0.11953698
0.11953558
0.119470134
0.11946327
0.11942526
0.11941549
0.119403146
0.11932953
0.119278245
0.11927195
0.11926365
0.11926069
0.11925353
0.11924553
0.11924185
0.11923842
0.11913157
0.1190999
0.119096845
0.1190166
0.11897829
0.11895479
0.11883126
0.118755795
0.11873558
0.11873025
0.11872531
0.11870439
0.118687116
0.11867105
0.118662916
0.11865291
0.11864809
0.11864755
0.1186275
0.11862491
0.11862218
0.11860941
0.1185643
0.11852932
0.118461706
0.11843383
0.1184123
0.118395
0.118388616
0.11838764
0.11838746
0.118386865
0.11835297
0.11833263
0.118308
0.118282095
0.1182666
0.11821557
0.1181864
0.118157156
0.11812553
0.11810676
0.11806787
0.118067674
0.118028544
0.118013166
0.11792987
0.11791103
0.11791032
0.11781709
0.11780667
0.117791496
0.11777111
0.11774537
0.11768604
0.117677376
0.117531426
0.11752825
0.117471196
0.117463425
0.117437884
0.117427856
0.11740348
0.11736647
0.117295
0.11729374
0.11723457
0.11715127
0.11707157
0.117021255
0.11700914
0.11699094
0.11690988
0.11690951
0.116819
0.11678883
0.116754144
0.116706364
0.116693586
0.11668791
0.11668219
0.11660499
0.11659856
0.11659856
0.116564184
0.11656409
0.1165631
0.11653675
0.116506696
0.11648476
0.11646224
0.11644055
0.11641185
0.116371915
0.11635994
0.1163239
0.1162845
0.11617894
0.11612712
0.116116665
0.11609214
0.11608354
0.115992635
0.11593211
0.11578976
0.1157864
0.11574943
0.115735434
0.11567308
0.11545112
0.11543035
0.115393154
0.11534695
0.11533627
0.11531406
0.11524427
0.11523054
0.11521875
0.11519746
0.115122005
0.115052685
0.114988275
0.11493483
0.1149318
0.11479944
0.11479223
0.1147512
0.114747256
0.11472945
0.11472521
0.11466965
0.114601076
0.11456931
0.11456702
0.114460856
0.114372976
0.11433778
0.11428931
0.11418777
0.114120536
0.11411485
0.11406894
0.1140606
0.114048965
0.1140384
0.11403619
0.11402377
0.11401871
0.1139763
0.11396468
0.11389545
0.11389313
0.1137585
0.11370241
0.11368938
0.11363114
0.11357258
0.11355375
0.11352797
0.113514915
0.11350115
0.113465525
0.113365844
0.11334171
0.113341436
0.11332083
0.113313675
0.11329865
0.11328753
0.11327972
0.11326626
0.11323698
0.11321843
0.11314358
0.11313501
0.11311276
0.1131036
0.113088705
0.112938195
0.11291075
0.11288438
0.112858474
0.112838246
0.11282903
0.112822875
0.11278588
0.11276318
0.11269669
0.11269245
0.11265504
0.112631336
0.11251034
0.11247973
0.1124706
0.11246816
0.11245555
0.11241029
0.11238661
0.112248264
0.11224039
0.11223902
0.112172686
0.1121665
0.11213757
0.112045005
0.11204289
0.112038314
0.11203561
0.11200914
0.11200739
0.11197553
0.11193075
0.11190866
0.111908026
0.11190117
0.11185856
0.11172513
0.111724384
0.11169853
0.1116598
0.111638
0.111628875
0.11157204
0.11151302
0.11150255
0.1114196
0.11140535
0.11135211
0.11134765
0.11133437
0.11133131
0.11129941
0.111288235
0.11126457
0.11115838
0.11115303
0.11112903
0.11111349
0.11108818
0.11107341
0.111044936
0.11104489
0.11100329
0.11096197
0.11093291
0.11091767
0.11091222
0.11085064
0.11073799
0.11071616
0.11061689
0.11060793
0.11058523
0.1105747
0.110492915
0.11043468
0.11041051
0.110407986
0.110399224
0.1103871
0.11029562
0.11028393
0.110256195
0.110145
0.110144466
0.11011993
0.11009352
0.11009244
0.10999348
0.10999033
0.10990776
0.109895475
0.10988166
0.10981965
0.109793335
0.10969434
0.10948942
0.10945562
0.10941248
0.1093936
0.10933214
0.109327406
0.10924469
0.10923652
0.10920639
0.109169126
0.10913714
0.109133564
0.10910139
0.109094806
0.1090737
0.10904209
0.108888194
0.10886867
0.108864784
0.1086737
0.1086646
0.10862225
0.10857725
0.108539544
0.108445406
0.10837309
0.10835997
0.10821655
0.10820581
0.108096085
0.10809139
0.108083025
0.108072266
0.1079677
0.10796453
0.10776758
0.1077425
0.10769557
0.107664466
0.10760674
0.10735844
0.107315764
0.10722335
0.107129484
0.107082225
0.10707846
0.10706825
0.10695094
0.10694878
0.10691972
0.10678568
0.10676257
0.10669825
0.106693074
0.106489725
0.10646991
0.10636991
0.106341094
0.10633833
0.10631165
0.10629171
0.10623899
0.106208935
0.10619909
0.106171936
0.106020644
0.105999134
0.10587636
0.10587511
0.105848126
0.105844475
0.10575182
0.10572322
0.105641246
0.10540999
0.10534202
0.10513447
0.105064355
0.10488989
0.10488806
0.104676865
0.10464941
0.1046254
0.10448386
0.104442574
0.104388334
0.10437121
0.10429126
0.104280695
0.10418611
0.10407485
0.10394306
0.1039184
0.103882454
0.10382352
0.1037755
0.10376988
0.10376902
0.10369521
0.103674404
0.10366109
0.10365735
0.10360858
0.10359149
0.103589885
0.103444755
0.1034067
0.103099555
0.10309224
0.10306401
0.10301607
0.10296951
0.10293393
0.10282964
0.10272832
0.10272555
0.102633424
0.10251819
0.10246534
0.10238231
0.10231658
0.102299646
0.10198824
0.101835094
0.10182821
0.10181041
0.101671815
0.10157887
0.1015443
0.101539254
0.10152651
0.10143925
0.101307645
0.10127321
0.10121764
0.10114464
0.101114705
0.100871444
0.10083067
0.100796975
0.10070262
0.10064022
0.1005521
0.1004654
0.10042749
0.1004088
0.10005604
0.09990543
0.099823475
0.0997904
0.0997898
0.099783584
0.09974967
0.09971403
0.099684
0.09967356
0.09964993
0.09958855
0.09953824
0.099523984
0.099517055
0.099294744
0.099264465
0.09920837
0.0991555
0.09904464
0.098944716
0.09876225
0.098682664
0.09854236
0.098522246
0.098402604
0.09828196
0.09826054
0.09822959
0.09790995
0.09790791
0.09778706
0.09776538
0.09769591
0.09762858
0.09756935
0.09746063
0.09739063
0.09732763
0.096991725
0.09696795
0.09689608
0.09659045
0.0965693
0.09652098
0.09644085
0.096283026
0.09618889
0.095978916
0.09596973
0.09586842
0.095849246
0.0957805
0.09572642
0.09571121
0.09567896
0.09561147
0.09560643
0.095465206
0.09535903
0.09515099
0.09507876
0.0950419
0.09503991
0.094909206
0.09490869
0.09448727
0.09441869
0.09439421
0.09438333
0.094265506
0.09401309
0.09398478
0.09391476
0.0938572
0.093524516
0.09330897
0.093268834
0.09299145
0.09296579
0.09280404
0.09275146
0.09260321
0.09247547
0.092460796
0.092409834
0.09197042
0.09195935
0.09194209
0.0919047
0.09173722
0.09167573
0.091473505
0.0913668
0.091351606
0.09129632
0.09126733
0.091197744
0.09109728
0.0910407
0.09094734
0.090768166
0.09070322
0.09059465
0.09037089
0.09028465
0.09025286
0.0902019
0.09008842
0.09001904
0.090011775
0.08981916
0.08972352
0.089691475
0.08926284
0.08921585
0.08915055
0.08891172
0.08875755
0.08874494
0.08866426
0.08853811
0.08841625
0.08833951
0.08818073
0.088042855
0.08796408
0.08750833
0.08745435
0.08744182
0.087150775
0.08704651
0.08698847
0.08656946
0.0864753
0.08646667
0.08638442
0.086334854
0.08631346
0.0859162
0.08585482
0.08583371
0.085632145
0.08558805
0.08549715
0.085415475
0.08534056
0.08530312
0.085102834
0.08497789
0.08482722
0.084826626
0.08420915
