[0.7440956]
[0.6836211]
[0.64379483]
[0.640214]
[0.6087713]
[0.56322265]
[0.56322265]
[0.53676933]
[0.5313613]
[0.52865905]
[0.52139646]
[0.5200688]
[0.51653993]
[0.5155771]
[0.5151099]
[0.51207197]
[0.50800574]
[0.49624437]
[0.49410918]
[0.48648795]
[0.4780013]
[0.4768229]
[0.4761425]
[0.47208762]
[0.46810478]
[0.4655416]
[0.4619645]
[0.45642576]
[0.453373]
[0.45317113]
[0.44835484]
[0.44775292]
[0.4461697]
[0.44537482]
[0.43992972]
[0.43899584]
[0.4384397]
[0.4350574]
[0.43306744]
[0.4315099]
[0.43141386]
[0.4298956]
[0.4294864]
[0.426521]
[0.42113686]
[0.42113686]
[0.42017412]
[0.4196221]
[0.41941223]
[0.41914472]
[0.41821086]
[0.4176071]
[0.4141638]
[0.4135273]
[0.41212738]
[0.4114003]
[0.41113445]
[0.41072583]
[0.41058716]
[0.4105597]
[0.4065306]
[0.40638152]
[0.40520334]
[0.40520334]
[0.4042108]
[0.4021053]
[0.40178028]
[0.40066868]
[0.400245]
[0.400045]
[0.3985287]
[0.39712632]
[0.39684662]
[0.3959351]
[0.39404443]
[0.39324573]
[0.39197287]
[0.39156476]
[0.38641402]
[0.38598895]
[0.38512155]
[0.38299942]
[0.37965202]
[0.37885636]
[0.377062]
[0.37294823]
[0.37248036]
[0.37241593]
[0.3718073]
[0.3714978]
[0.37147802]
[0.37116244]
[0.3687471]
[0.36855662]
[0.36694196]
[0.36275256]
[0.3593117]
[0.3576725]
[0.35764566]
[0.35714254]
[0.35675907]
[0.35592884]
[0.35578814]
[0.35483846]
[0.35479236]
[0.35332802]
[0.352251]
[0.3519605]
[0.3512276]
[0.35046375]
[0.3502589]
[0.34759992]
[0.3474711]
[0.347322]
[0.34727743]
[0.34691468]
[0.3468408]
[0.34635097]
[0.34505028]
[0.3449974]
[0.34460235]
[0.3420858]
[0.3406036]
[0.3395822]
[0.3395822]
[0.3392986]
[0.3390843]
[0.33776933]
[0.33742657]
[0.33731043]
[0.33705515]
[0.3366713]
[0.3343388]
[0.33423257]
[0.3338649]
[0.33354583]
[0.33285546]
[0.33068457]
[0.33059746]
[0.32906786]
[0.3290371]
[0.3287392]
[0.32854477]
[0.32837135]
[0.32784322]
[0.32715306]
[0.3264818]
[0.32629848]
[0.32543603]
[0.32280648]
[0.32263088]
[0.32258838]
[0.32128066]
[0.320553]
[0.3204672]
[0.32040837]
[0.3202347]
[0.3198134]
[0.31968746]
[0.31943074]
[0.31934357]
[0.31927803]
[0.31921646]
[0.31919903]
[0.31860533]
[0.31827655]
[0.3181562]
[0.31735718]
[0.31731498]
[0.31676272]
[0.31670588]
[0.31540272]
[0.3153942]
[0.3152517]
[0.31494972]
[0.31492507]
[0.31488824]
[0.3131772]
[0.31307593]
[0.31227288]
[0.31173366]
[0.31077322]
[0.31076422]
[0.31022972]
[0.30962542]
[0.30940524]
[0.3092117]
[0.3089749]
[0.3087709]
[0.30734417]
[0.3072514]
[0.30594084]
[0.30571043]
[0.3039458]
[0.30392596]
[0.3037902]
[0.3036439]
[0.30355632]
[0.30290887]
[0.3025212]
[0.30207685]
[0.30186158]
[0.30186158]
[0.3006587]
[0.30010682]
[0.29941148]
[0.2986218]
[0.2978672]
[0.29777414]
[0.29744813]
[0.29733667]
[0.29652187]
[0.295815]
[0.29548445]
[0.29508823]
[0.2949551]
[0.29419023]
[0.29375243]
[0.2934099]
[0.2930915]
[0.29260325]
[0.29259455]
[0.29252172]
[0.29203394]
[0.29199836]
[0.291751]
[0.291751]
[0.291751]
[0.29119754]
[0.29106227]
[0.29072034]
[0.28958452]
[0.28929594]
[0.28926024]
[0.28919622]
[0.2888916]
[0.28883514]
[0.28864002]
[0.28863966]
[0.28858626]
[0.28849256]
[0.28821102]
[0.2872978]
[0.28718287]
[0.28705388]
[0.2869984]
[0.2862595]
[0.28625387]
[0.28619924]
[0.28551683]
[0.28551683]
[0.2845937]
[0.28431132]
[0.28408915]
[0.2836636]
[0.28335753]
[0.2833142]
[0.28302568]
[0.28208956]
[0.2820189]
[0.28198197]
[0.28181347]
[0.2817286]
[0.28164953]
[0.2815467]
[0.2813964]
[0.28123337]
[0.28104776]
[0.28104776]
[0.2805548]
[0.28041494]
[0.27999645]
[0.27980807]
[0.27924442]
[0.27900854]
[0.2787225]
[0.2785256]
[0.27844122]
[0.27836472]
[0.27836472]
[0.27835605]
[0.27818418]
[0.27798158]
[0.27787757]
[0.2776147]
[0.27676576]
[0.2766521]
[0.27647224]
[0.27612284]
[0.27604228]
[0.27604228]
[0.2755558]
[0.2753823]
[0.27523288]
[0.27518213]
[0.2751097]
[0.27448905]
[0.27406156]
[0.2739988]
[0.2738076]
[0.27373567]
[0.2735499]
[0.2735432]
[0.2734692]
[0.27322012]
[0.27310127]
[0.27303952]
[0.27287582]
[0.2728574]
[0.2726789]
[0.27252364]
[0.27176508]
[0.27140898]
[0.27124336]
[0.27095285]
[0.2708526]
[0.27082652]
[0.2704684]
[0.27032447]
[0.27010858]
[0.2700405]
[0.26996374]
[0.269754]
[0.26963603]
[0.26940864]
[0.2690972]
[0.2689887]
[0.2689655]
[0.2688905]
[0.26858667]
[0.2683496]
[0.26808637]
[0.26759878]
[0.26741207]
[0.26725644]
[0.2671007]
[0.2665279]
[0.266507]
[0.26639828]
[0.26593643]
[0.2656202]
[0.26561224]
[0.2654392]
[0.26517785]
[0.26470202]
[0.26438206]
[0.2642509]
[0.26401284]
[0.2636466]
[0.26349187]
[0.26347885]
[0.26324636]
[0.2625674]
[0.26235053]
[0.26228055]
[0.2621799]
[0.26204643]
[0.26135156]
[0.26097062]
[0.26097062]
[0.26081005]
[0.2601242]
[0.2596269]
[0.2595382]
[0.25948867]
[0.25943747]
[0.25926086]
[0.25921565]
[0.25898138]
[0.25861293]
[0.25859016]
[0.25830635]
[0.25800693]
[0.2578025]
[0.25774246]
[0.25738922]
[0.257141]
[0.25710616]
[0.25704888]
[0.25689685]
[0.2564617]
[0.2563779]
[0.25628173]
[0.2556238]
[0.25532526]
[0.255225]
[0.25520813]
[0.25501207]
[0.25476167]
[0.25447485]
[0.2540318]
[0.2537724]
[0.25376537]
[0.2536555]
[0.25355047]
[0.25350752]
[0.25313187]
[0.2526158]
[0.2526064]
[0.25259912]
[0.2524179]
[0.25214702]
[0.2519828]
[0.25196394]
[0.25187013]
[0.2516803]
[0.2515089]
[0.2515026]
[0.25146857]
[0.25145575]
[0.2514023]
[0.25129253]
[0.2512847]
[0.25108084]
[0.2509681]
[0.25087693]
[0.25077933]
[0.25068167]
[0.2504968]
[0.25026754]
[0.25025663]
[0.25023922]
[0.25001174]
[0.24988368]
[0.24930339]
[0.24926254]
[0.2492372]
[0.24908853]
[0.24890156]
[0.24884306]
[0.24876952]
[0.24871232]
[0.24867138]
[0.2485057]
[0.24816528]
[0.24816068]
[0.24779446]
[0.24751185]
[0.24721159]
[0.24683341]
[0.24676502]
[0.24667943]
[0.24645124]
[0.24642093]
[0.24640723]
[0.24638642]
[0.24635603]
[0.24627826]
[0.2462321]
[0.24601816]
[0.24601501]
[0.24590842]
[0.24583492]
[0.24575451]
[0.24569157]
[0.24568714]
[0.24565534]
[0.24545993]
[0.24538259]
[0.24517538]
[0.24496792]
[0.24485444]
[0.24484868]
[0.24453378]
[0.24442303]
[0.24436328]
[0.24419415]
[0.24388273]
[0.2438812]
[0.24378039]
[0.24366981]
[0.24351905]
[0.24351615]
[0.24347241]
[0.2431308]
[0.24283037]
[0.24265224]
[0.24245267]
[0.24219847]
[0.24162073]
[0.24114874]
[0.24114874]
[0.24082448]
[0.240813]
[0.2406939]
[0.24061845]
[0.24061768]
[0.2404864]
[0.24047846]
[0.24018538]
[0.24010631]
[0.24000484]
[0.23980354]
[0.23976952]
[0.23965627]
[0.23937403]
[0.23932046]
[0.2392991]
[0.23912227]
[0.23909391]
[0.23890178]
[0.23887701]
[0.23886043]
[0.2386054]
[0.2383734]
[0.23829001]
[0.2382553]
[0.23824158]
[0.23816723]
[0.2381343]
[0.23796384]
[0.23793277]
[0.23778825]
[0.23764883]
[0.23751006]
[0.23746134]
[0.23698778]
[0.23669478]
[0.23657775]
[0.2365238]
[0.23627901]
[0.2359536]
[0.2359536]
[0.23566386]
[0.23560308]
[0.23537941]
[0.23515397]
[0.2351076]
[0.23493816]
[0.23483498]
[0.23457034]
[0.23450789]
[0.23448853]
[0.23436077]
[0.23416513]
[0.23410976]
[0.2340595]
[0.23403917]
[0.23394184]
[0.23382136]
[0.23371729]
[0.23363745]
[0.23344319]
[0.23327094]
[0.23296921]
[0.23296915]
[0.23289801]
[0.23262513]
[0.23261668]
[0.23244989]
[0.23243694]
[0.2323751]
[0.23218417]
[0.2321779]
[0.23201855]
[0.23181057]
[0.2317005]
[0.23154877]
[0.23152591]
[0.23138815]
[0.23121427]
[0.23121041]
[0.23118597]
[0.23117657]
[0.23117326]
[0.23108892]
[0.23108865]
[0.23093595]
[0.23079967]
[0.23048711]
[0.23001146]
[0.22998732]
[0.22989383]
[0.22987582]
[0.22973253]
[0.2296433]
[0.22952464]
[0.2294595]
[0.22939365]
[0.22937724]
[0.22933273]
[0.22918217]
[0.22893512]
[0.22891873]
[0.22867708]
[0.2284427]
[0.22840245]
[0.22830123]
[0.22820322]
[0.22817506]
[0.22817506]
[0.2281355]
[0.22797553]
[0.227951]
[0.2279291]
[0.22790399]
[0.22789498]
[0.22781159]
[0.22775456]
[0.22766003]
[0.2276296]
[0.22762224]
[0.22759339]
[0.22735897]
[0.2270146]
[0.22684808]
[0.22670539]
[0.22668311]
[0.22662006]
[0.22658631]
[0.22645469]
[0.22634856]
[0.22631837]
[0.22626513]
[0.22610408]
[0.22602805]
[0.22583564]
[0.22569978]
[0.22569351]
[0.22564477]
[0.22544242]
[0.2251483]
[0.22510326]
[0.22510011]
[0.22510011]
[0.22504407]
[0.22500324]
[0.22495544]
[0.22485888]
[0.22480264]
[0.22475448]
[0.22474763]
[0.22467694]
[0.22465399]
[0.22464392]
[0.22455539]
[0.22455539]
[0.22437988]
[0.22437611]
[0.22419293]
[0.2241921]
[0.22417]
[0.22416003]
[0.22390808]
[0.22373122]
[0.22365515]
[0.22363277]
[0.22362985]
[0.22362256]
[0.22361125]
[0.22356431]
[0.22336285]
[0.2232927]
[0.2232786]
[0.2232496]
[0.22324662]
[0.22319908]
[0.22305009]
[0.22300924]
[0.22289824]
[0.22275968]
[0.2225056]
[0.2224957]
[0.2223926]
[0.22234309]
[0.222255]
[0.22176747]
[0.22163655]
[0.2215578]
[0.22148697]
[0.22137311]
[0.22127548]
[0.22126454]
[0.22100171]
[0.22090478]
[0.22089799]
[0.22046939]
[0.22046939]
[0.22036727]
[0.22032398]
[0.22031495]
[0.22025247]
[0.21995874]
[0.21962287]
[0.2195961]
[0.21957357]
[0.21929964]
[0.21925196]
[0.21922295]
[0.21910106]
[0.21890117]
[0.21887521]
[0.21877939]
[0.2187733]
[0.21876775]
[0.21862988]
[0.2185149]
[0.21810418]
[0.21801163]
[0.21796903]
[0.21786048]
[0.21774428]
[0.21773674]
[0.21769029]
[0.21767963]
[0.21765932]
[0.21761823]
[0.21734542]
[0.21734542]
[0.21727718]
[0.21727435]
[0.21713161]
[0.21713161]
[0.21707767]
[0.2170433]
[0.21688735]
[0.21673922]
[0.21673441]
[0.2165695]
[0.21655098]
[0.21654686]
[0.21651007]
[0.21642716]
[0.21640086]
[0.21635202]
[0.2160238]
[0.21580394]
[0.21575971]
[0.21575971]
[0.21562195]
[0.21561055]
[0.21548209]
[0.21545775]
[0.21543245]
[0.21543245]
[0.21517876]
[0.2151268]
[0.2151038]
[0.21507773]
[0.21492851]
[0.21489078]
[0.21481161]
[0.21470504]
[0.2146958]
[0.21456654]
[0.21442597]
[0.21437109]
[0.21401122]
[0.21399806]
[0.2139949]
[0.21395056]
[0.21380024]
[0.21340363]
[0.21329732]
[0.21302731]
[0.21296768]
[0.21292911]
[0.21275271]
[0.21271898]
[0.21268116]
[0.21266025]
[0.2124741]
[0.21242087]
[0.21218424]
[0.21217507]
[0.21198021]
[0.21189523]
[0.21178326]
[0.21155564]
[0.21138407]
[0.21130349]
[0.21129075]
[0.21127607]
[0.21123321]
[0.21106252]
[0.21091451]
[0.21090512]
[0.21060391]
[0.21040995]
[0.21040381]
[0.2103429]
[0.21033654]
[0.21033455]
[0.21026844]
[0.21026035]
[0.2102269]
[0.2102269]
[0.21010189]
[0.21010152]
[0.2100812]
[0.20999542]
[0.20996544]
[0.20985037]
[0.20977919]
[0.2096755]
[0.20961383]
[0.20951863]
[0.20950373]
[0.20948514]
[0.20943722]
[0.20938052]
[0.20935424]
[0.20918433]
[0.20918433]
[0.2091293]
[0.20911244]
[0.20893939]
[0.20878217]
[0.20874703]
[0.20871803]
[0.20859894]
[0.2085168]
[0.20822911]
[0.20822167]
[0.20816974]
[0.20816727]
[0.2081593]
[0.20815273]
[0.20814452]
[0.20808597]
[0.20802698]
[0.20801271]
[0.20799112]
[0.20783927]
[0.20783329]
[0.20779637]
[0.20777376]
[0.20774071]
[0.20769122]
[0.20766746]
[0.20760794]
[0.20749564]
[0.20744637]
[0.207409]
[0.20723641]
[0.20722811]
[0.20715679]
[0.20714277]
[0.20712604]
[0.20705266]
[0.20705266]
[0.2070176]
[0.20682128]
[0.20671575]
[0.20667]
[0.20661356]
[0.20660672]
[0.2065761]
[0.20655444]
[0.20651029]
[0.20640646]
[0.20639344]
[0.20637502]
[0.2062761]
[0.20626415]
[0.20624776]
[0.20622559]
[0.20608728]
[0.20569687]
[0.20563391]
[0.20559834]
[0.20553169]
[0.20542516]
[0.20541337]
[0.20530134]
[0.20529759]
[0.20525381]
[0.20521368]
[0.20517468]
[0.2050789]
[0.20500404]
[0.20497547]
[0.20496127]
[0.20490082]
[0.20488007]
[0.20485318]
[0.20483592]
[0.20482472]
[0.20481595]
[0.2047732]
[0.20475478]
[0.20470008]
[0.2045731]
[0.2045731]
[0.20445973]
[0.20437226]
[0.20427093]
[0.20421039]
[0.20415865]
[0.20403121]
[0.20399363]
[0.20398349]
[0.20390461]
[0.20387504]
[0.20377125]
[0.20371276]
[0.20354529]
[0.20350997]
[0.20340335]
[0.20336914]
[0.20334667]
[0.20326313]
[0.20319535]
[0.20316145]
[0.20309126]
[0.2030732]
[0.2029643]
[0.20289129]
[0.20284541]
[0.20269455]
[0.2026228]
[0.20259582]
[0.20251966]
[0.20251966]
[0.20248996]
[0.20241037]
[0.20240627]
[0.20238028]
[0.20231117]
[0.20230529]
[0.20230529]
[0.20230083]
[0.20228663]
[0.20227723]
[0.20225286]
[0.20222877]
[0.20182718]
[0.20180656]
[0.2017988]
[0.20174606]
[0.20168766]
[0.20158027]
[0.20146355]
[0.20128386]
[0.20123005]
[0.20115736]
[0.20101464]
[0.20100094]
[0.20095332]
[0.20086478]
[0.2008637]
[0.20068638]
[0.20053805]
[0.20048445]
[0.20044222]
[0.2004274]
[0.20037955]
[0.20020235]
[0.20018327]
[0.20013648]
[0.20013255]
[0.20008299]
[0.20000803]
[0.19992702]
[0.19989972]
[0.19981828]
[0.19980411]
[0.19978288]
[0.1997763]
[0.199771]
[0.1996246]
[0.19958282]
[0.19956067]
[0.19950683]
[0.19937003]
[0.19931272]
[0.19926576]
[0.1992202]
[0.19911204]
[0.1990581]
[0.1990021]
[0.19894724]
[0.19885245]
[0.1987894]
[0.19875285]
[0.19874999]
[0.19869053]
[0.198664]
[0.1986428]
[0.19862531]
[0.19862235]
[0.19845812]
[0.19843104]
[0.19837399]
[0.19835767]
[0.19830728]
[0.19830728]
[0.19825582]
[0.19810309]
[0.19798084]
[0.19791342]
[0.19788043]
[0.19785337]
[0.1978039]
[0.19777295]
[0.19773965]
[0.1977338]
[0.19769098]
[0.19764999]
[0.1976039]
[0.19755688]
[0.19748339]
[0.19730085]
[0.19726948]
[0.1972358]
[0.1971921]
[0.19718708]
[0.19707882]
[0.19685945]
[0.1968348]
[0.19677]
[0.19675735]
[0.19666721]
[0.19659236]
[0.19648962]
[0.19647576]
[0.19645485]
[0.19641954]
[0.19630986]
[0.19627105]
[0.19624563]
[0.19620128]
[0.19618659]
[0.19614545]
[0.19607507]
[0.19597681]
[0.19594601]
[0.1959189]
[0.19589542]
[0.19584945]
[0.19584456]
[0.19582964]
[0.19582583]
[0.1956157]
[0.19557013]
[0.19556494]
[0.19552858]
[0.19551054]
[0.19545053]
[0.19532065]
[0.19530986]
[0.19529037]
[0.19527651]
[0.19527625]
[0.19522032]
[0.19516066]
[0.19511543]
[0.19508274]
[0.19497135]
[0.19487031]
[0.19480324]
[0.19468522]
[0.1946083]
[0.19454955]
[0.19454117]
[0.19448668]
[0.1944702]
[0.1944605]
[0.19438079]
[0.19435191]
[0.19424905]
[0.19424534]
[0.19415703]
[0.19407782]
[0.1940355]
[0.19400284]
[0.19390771]
[0.19389139]
[0.19385464]
[0.19382642]
[0.19379376]
[0.1936994]
[0.19366957]
[0.19366305]
[0.19366089]
[0.19359644]
[0.19357303]
[0.19352925]
[0.19345939]
[0.19332816]
[0.19321649]
[0.19319852]
[0.19308622]
[0.19307576]
[0.19304574]
[0.19292587]
[0.19291556]
[0.19266602]
[0.19266176]
[0.19260709]
[0.19238664]
[0.19236356]
[0.19236228]
[0.19234695]
[0.19219281]
[0.19213843]
[0.19206394]
[0.19205932]
[0.19202244]
[0.19199899]
[0.19199513]
[0.19166163]
[0.1916309]
[0.19161713]
[0.19161631]
[0.19160749]
[0.19159937]
[0.19157249]
[0.19144072]
[0.19137546]
[0.19112107]
[0.1910525]
[0.1910525]
[0.19103156]
[0.19102548]
[0.19101073]
[0.19081809]
[0.19081809]
[0.19080225]
[0.19073781]
[0.19068028]
[0.190613]
[0.19053796]
[0.19045384]
[0.19037895]
[0.19034047]
[0.19028261]
[0.19025232]
[0.19024603]
[0.19023862]
[0.19018097]
[0.19015369]
[0.19014338]
[0.19014338]
[0.19007125]
[0.19007125]
[0.18997146]
[0.18989348]
[0.18989348]
[0.18981847]
[0.18981709]
[0.18981709]
[0.18975617]
[0.1896831]
[0.18960837]
[0.18954322]
[0.18952757]
[0.18941462]
[0.18938757]
[0.18938264]
[0.18938054]
[0.18935779]
[0.18933459]
[0.18927687]
[0.18918526]
[0.18914825]
[0.18913293]
[0.18908185]
[0.18900326]
[0.18898802]
[0.18886377]
[0.18884084]
[0.18883449]
[0.18876776]
[0.18873702]
[0.18873702]
[0.1886707]
[0.18865074]
[0.18864194]
[0.1885567]
[0.1885563]
[0.18854314]
[0.18851852]
[0.18846546]
[0.18841462]
[0.18829913]
[0.18829677]
[0.18812893]
[0.18810154]
[0.1880869]
[0.18806422]
[0.18805467]
[0.18796222]
[0.18779436]
[0.18778265]
[0.18777473]
[0.18777011]
[0.1876934]
[0.18756703]
[0.1875591]
[0.18750103]
[0.18744572]
[0.18740493]
[0.18739523]
[0.18735282]
[0.18725981]
[0.18719193]
[0.18718494]
[0.1871215]
[0.18709832]
[0.18709745]
[0.18708743]
[0.18705997]
[0.18700826]
[0.18700188]
[0.18699634]
[0.18682103]
[0.18680502]
[0.18679217]
[0.18675631]
[0.18674181]
[0.18673398]
[0.18658523]
[0.18654537]
[0.1865374]
[0.18641664]
[0.1863823]
[0.1863823]
[0.18629432]
[0.18621555]
[0.18620169]
[0.18616354]
[0.18614092]
[0.18613273]
[0.1859939]
[0.18593453]
[0.18589878]
[0.18589169]
[0.18579431]
[0.18578242]
[0.18578242]
[0.18577786]
[0.18572286]
[0.18568555]
[0.18554625]
[0.18546502]
[0.18545453]
[0.18543732]
[0.18543273]
[0.18536103]
[0.18531634]
[0.18530993]
[0.18523972]
[0.18519183]
[0.18516135]
[0.18515003]
[0.18510537]
[0.18506496]
[0.1847721]
[0.184769]
[0.18474013]
[0.18471812]
[0.18460788]
[0.1845621]
[0.18446884]
[0.18442993]
[0.18441284]
[0.18440276]
[0.18424584]
[0.18421695]
[0.18421695]
[0.18420555]
[0.18419869]
[0.18417808]
[0.18412891]
[0.18412195]
[0.18407674]
[0.18403594]
[0.18403436]
[0.18403189]
[0.18399973]
[0.18397634]
[0.18397634]
[0.1839373]
[0.1837442]
[0.18374045]
[0.1836229]
[0.18359487]
[0.1835883]
[0.18353392]
[0.18352713]
[0.1835134]
[0.18348332]
[0.18343298]
[0.18327293]
[0.18324742]
[0.18320213]
[0.18316779]
[0.18316779]
[0.18313374]
[0.18297711]
[0.18293746]
[0.18284272]
[0.1828416]
[0.18279454]
[0.18270583]
[0.18270455]
[0.18269344]
[0.18267287]
[0.18266901]
[0.18266422]
[0.18261485]
[0.18260382]
[0.18259883]
[0.18259273]
[0.18245512]
[0.18244871]
[0.18234693]
[0.1823272]
[0.182319]
[0.18227848]
[0.18225849]
[0.18223642]
[0.18223603]
[0.182206]
[0.18216011]
[0.18215995]
[0.1821196]
[0.18211131]
[0.18208799]
[0.18200122]
[0.18200122]
[0.18199526]
[0.18196948]
[0.18190268]
[0.18189812]
[0.18189812]
[0.1818045]
[0.18163113]
[0.181557]
[0.18153957]
[0.18153591]
[0.18152454]
[0.1815216]
[0.18146369]
[0.18145058]
[0.1814143]
[0.18136136]
[0.1813488]
[0.18125102]
[0.18125102]
[0.18123712]
[0.18117553]
[0.1811688]
[0.18116508]
[0.18115652]
[0.18089026]
[0.18088119]
[0.18084347]
[0.18083063]
[0.18078819]
[0.1807636]
[0.18071572]
[0.18070692]
[0.18069495]
[0.1805393]
[0.1805181]
[0.1805097]
[0.18046817]
[0.18043545]
[0.18038985]
[0.18038109]
[0.1803019]
[0.18025313]
[0.18025146]
[0.18017751]
[0.18009931]
[0.18009171]
[0.18006621]
[0.17997506]
[0.1799436]
[0.17993444]
[0.17991672]
[0.17990464]
[0.17990047]
[0.17989086]
[0.17988278]
[0.17987224]
[0.17986259]
[0.17972933]
[0.17959206]
[0.17955038]
[0.17953129]
[0.17946988]
[0.1794334]
[0.17937157]
[0.17936946]
[0.17930773]
[0.17924426]
[0.17910005]
[0.17907672]
[0.17906725]
[0.17906027]
[0.17902058]
[0.17898309]
[0.17889187]
[0.17888308]
[0.17862366]
[0.17861415]
[0.17857866]
[0.17853774]
[0.17833063]
[0.17825021]
[0.17822121]
[0.17819256]
[0.17817216]
[0.17804371]
[0.17800787]
[0.17798755]
[0.17795794]
[0.17791387]
[0.17788568]
[0.17786777]
[0.17785035]
[0.17783631]
[0.17777815]
[0.17776595]
[0.17774503]
[0.17774336]
[0.177717]
[0.1777129]
[0.17767136]
[0.17755859]
[0.17747211]
[0.1774596]
[0.17743686]
[0.17738724]
[0.17737125]
[0.17736822]
[0.17736036]
[0.1773166]
[0.17730367]
[0.17729829]
[0.17729658]
[0.17723018]
[0.17713003]
[0.17713003]
[0.1771141]
[0.1770341]
[0.17702861]
[0.17702836]
[0.17689204]
[0.17687303]
[0.17684427]
[0.17671256]
[0.1766999]
[0.17666027]
[0.17657155]
[0.17650506]
[0.17650506]
[0.17648703]
[0.17638724]
[0.17630202]
[0.17624944]
[0.17622502]
[0.17620291]
[0.17618142]
[0.17603931]
[0.17594948]
[0.17594536]
[0.17585927]
[0.17578416]
[0.17577009]
[0.17575818]
[0.17573842]
[0.1756094]
[0.17552252]
[0.17548919]
[0.17545466]
[0.17542835]
[0.17541425]
[0.17540751]
[0.17536965]
[0.17535084]
[0.17533006]
[0.17532618]
[0.17531525]
[0.17529725]
[0.17528512]
[0.17527471]
[0.17526513]
[0.17524673]
[0.17518947]
[0.17515181]
[0.17515181]
[0.17512599]
[0.17488925]
[0.17487432]
[0.17480662]
[0.17480628]
[0.17476028]
[0.17474161]
[0.17468935]
[0.17467865]
[0.17467111]
[0.17463976]
[0.17458536]
[0.17458516]
[0.17456904]
[0.1745676]
[0.17455585]
[0.17447668]
[0.17445783]
[0.17440236]
[0.17440139]
[0.17435217]
[0.1743519]
[0.17434126]
[0.1742727]
[0.17421274]
[0.17407112]
[0.17400874]
[0.17399278]
[0.17397417]
[0.17397399]
[0.17394891]
[0.1738094]
[0.17375612]
[0.17374234]
[0.1736728]
[0.17355211]
[0.1735328]
[0.17350227]
[0.17344634]
[0.17342617]
[0.17342617]
[0.17341718]
[0.17340659]
[0.17328386]
[0.17326495]
[0.17326495]
[0.17323886]
[0.1732001]
[0.17316736]
[0.17311186]
[0.17310838]
[0.1730959]
[0.17297962]
[0.17296602]
[0.17295049]
[0.17295049]
[0.17259952]
[0.1725416]
[0.17254025]
[0.17253232]
[0.1724975]
[0.17249638]
[0.17244989]
[0.17242754]
[0.17240988]
[0.17234784]
[0.17230771]
[0.17223606]
[0.17214878]
[0.17205372]
[0.1720491]
[0.17200193]
[0.17191227]
[0.17190675]
[0.17178522]
[0.17160249]
[0.17151025]
[0.17145872]
[0.17139703]
[0.17134239]
[0.17132299]
[0.17126918]
[0.17126878]
[0.17117925]
[0.17104064]
[0.17103107]
[0.17101231]
[0.17096563]
[0.17096111]
[0.17094631]
[0.17084727]
[0.17082633]
[0.17081538]
[0.17076278]
[0.17074536]
[0.1706999]
[0.1706999]
[0.17066725]
[0.17061459]
[0.1705715]
[0.17053784]
[0.17051727]
[0.17048861]
[0.17046669]
[0.17046373]
[0.17043123]
[0.17037433]
[0.17033538]
[0.17031308]
[0.17031308]
[0.17027973]
[0.1702778]
[0.1702563]
[0.1702563]
[0.17023565]
[0.17013033]
[0.17013033]
[0.17011696]
[0.17009677]
[0.17006211]
[0.16999865]
[0.16998696]
[0.16997468]
[0.16991913]
[0.16990931]
[0.1698958]
[0.169888]
[0.1697309]
[0.16971998]
[0.16969797]
[0.16963543]
[0.16960491]
[0.16960491]
[0.16955417]
[0.1695472]
[0.1695345]
[0.16950838]
[0.16949718]
[0.16949148]
[0.16943866]
[0.16942772]
[0.16942063]
[0.16937573]
[0.16933045]
[0.1693301]
[0.16932273]
[0.16931047]
[0.16926615]
[0.169213]
[0.16917068]
[0.1691668]
[0.16913925]
[0.16910742]
[0.16909097]
[0.16906203]
[0.16903394]
[0.16900858]
[0.16886568]
[0.16883177]
[0.16881114]
[0.16877314]
[0.16869496]
[0.16866869]
[0.16866715]
[0.1685039]
[0.1684641]
[0.16837189]
[0.16836575]
[0.16836135]
[0.1683474]
[0.16834478]
[0.16829395]
[0.16818883]
[0.16816814]
[0.16815871]
[0.16815361]
[0.16802272]
[0.16800666]
[0.1679514]
[0.16792038]
[0.16791923]
[0.16788752]
[0.16788055]
[0.16786645]
[0.16778578]
[0.16778578]
[0.1676547]
[0.16763586]
[0.16762976]
[0.16756907]
[0.1673738]
[0.16737002]
[0.16737002]
[0.16733763]
[0.1673078]
[0.16729043]
[0.16728073]
[0.16727711]
[0.16724287]
[0.16723518]
[0.16720654]
[0.16720465]
[0.16718554]
[0.16716811]
[0.16704965]
[0.16698182]
[0.16693276]
[0.16689765]
[0.16682346]
[0.16675897]
[0.16670902]
[0.1666669]
[0.16661105]
[0.16654918]
[0.16654004]
[0.16653422]
[0.16652787]
[0.16649127]
[0.16648144]
[0.16644011]
[0.16644011]
[0.16642629]
[0.16633582]
[0.16625471]
[0.16620621]
[0.16618215]
[0.16617511]
[0.1661711]
[0.16616027]
[0.16615427]
[0.16614653]
[0.16612546]
[0.16604199]
[0.16601743]
[0.16586721]
[0.16582648]
[0.16574249]
[0.16573323]
[0.16572523]
[0.1656827]
[0.16565813]
[0.16561289]
[0.16554506]
[0.16553847]
[0.16553669]
[0.16545977]
[0.16544482]
[0.1654054]
[0.1653921]
[0.16537802]
[0.16537413]
[0.16536933]
[0.16535807]
[0.16530655]
[0.1652387]
[0.16523175]
[0.16523175]
[0.16518079]
[0.16517007]
[0.1651435]
[0.16513045]
[0.16512251]
[0.16511685]
[0.16506413]
[0.16505033]
[0.16498664]
[0.16494174]
[0.16493781]
[0.16490322]
[0.16486837]
[0.16486005]
[0.16475658]
[0.16471988]
[0.1647166]
[0.16469117]
[0.16458362]
[0.16456717]
[0.164455]
[0.16444135]
[0.16435234]
[0.16431381]
[0.16429214]
[0.16428363]
[0.16428363]
[0.16428134]
[0.16425623]
[0.16421032]
[0.16421011]
[0.16418804]
[0.16418175]
[0.16415685]
[0.1641199]
[0.16411631]
[0.16408749]
[0.16404846]
[0.16400087]
[0.16398028]
[0.1639627]
[0.16394587]
[0.16394427]
[0.16388427]
[0.16383716]
[0.16382548]
[0.163804]
[0.16379386]
[0.16377513]
[0.16376576]
[0.163759]
[0.16375113]
[0.1637443]
[0.16370586]
[0.16366976]
[0.16360828]
[0.1635856]
[0.16357246]
[0.16357246]
[0.16357005]
[0.16354975]
[0.16352868]
[0.16352868]
[0.16346477]
[0.16345708]
[0.16344981]
[0.16343345]
[0.1634195]
[0.1634195]
[0.16338973]
[0.16336739]
[0.16336718]
[0.16335586]
[0.16327186]
[0.16324554]
[0.16324535]
[0.16322477]
[0.16322315]
[0.16317084]
[0.1630312]
[0.16302739]
[0.16302459]
[0.16295584]
[0.16294159]
[0.1628948]
[0.16282287]
[0.16276863]
[0.16276863]
[0.16276315]
[0.16276217]
[0.16274934]
[0.16274834]
[0.16268711]
[0.16268626]
[0.16267842]
[0.16266765]
[0.16264933]
[0.16260332]
[0.16251585]
[0.16246532]
[0.16231003]
[0.16230239]
[0.16222538]
[0.1621685]
[0.16216187]
[0.1621302]
[0.16208151]
[0.16206402]
[0.16201915]
[0.16197108]
[0.16193946]
[0.16189909]
[0.16188134]
[0.16182922]
[0.1617636]
[0.16175768]
[0.16174002]
[0.16173533]
[0.16173302]
[0.16165303]
[0.16164026]
[0.16156687]
[0.16152027]
[0.16150242]
[0.16149138]
[0.16148943]
[0.16148943]
[0.16145599]
[0.16141145]
[0.16135605]
[0.16126905]
[0.16123088]
[0.16120902]
[0.16120869]
[0.16119847]
[0.16111535]
[0.16108684]
[0.16106999]
[0.1610679]
[0.16102274]
[0.16102192]
[0.16093704]
[0.16093028]
[0.16090594]
[0.16090298]
[0.16088198]
[0.16080126]
[0.1607568]
[0.16074444]
[0.16071193]
[0.16070527]
[0.16066636]
[0.16066039]
[0.16055024]
[0.1605158]
[0.1605158]
[0.16050892]
[0.16048251]
[0.16048251]
[0.16047832]
[0.16044235]
[0.16037968]
[0.16037603]
[0.16033243]
[0.1603241]
[0.16027743]
[0.1602665]
[0.16020344]
[0.16017099]
[0.16015774]
[0.16015719]
[0.16011493]
[0.16010848]
[0.16007479]
[0.16004036]
[0.16003835]
[0.16002771]
[0.16000736]
[0.16000736]
[0.15996173]
[0.15994783]
[0.15992758]
[0.15981863]
[0.15975411]
[0.15971085]
[0.15970944]
[0.15970868]
[0.15964659]
[0.15961297]
[0.15961297]
[0.15957254]
[0.15954338]
[0.15954338]
[0.15952805]
[0.15949939]
[0.15943632]
[0.15938169]
[0.15921266]
[0.15915464]
[0.1591363]
[0.15912396]
[0.15910628]
[0.1590969]
[0.1590969]
[0.15898044]
[0.15897648]
[0.15894495]
[0.1588476]
[0.15884285]
[0.15882519]
[0.15876192]
[0.15876144]
[0.15873292]
[0.1586632]
[0.15861514]
[0.15861343]
[0.15860566]
[0.15858899]
[0.15856653]
[0.15847339]
[0.15846188]
[0.15845744]
[0.15838747]
[0.1583721]
[0.15831797]
[0.1583059]
[0.15828924]
[0.15825589]
[0.15823548]
[0.15820016]
[0.15819056]
[0.15817359]
[0.15816416]
[0.15812413]
[0.1581123]
[0.1581123]
[0.15804465]
[0.15804218]
[0.15802136]
[0.15800616]
[0.15798844]
[0.15792476]
[0.1578839]
[0.15785807]
[0.1578478]
[0.15784477]
[0.1578256]
[0.15779759]
[0.15770246]
[0.15767515]
[0.15765134]
[0.15761562]
[0.15756372]
[0.15753184]
[0.15744792]
[0.15744059]
[0.1574138]
[0.15741225]
[0.15738082]
[0.15735058]
[0.15732221]
[0.15731926]
[0.15731305]
[0.1572942]
[0.15728846]
[0.15728846]
[0.15728782]
[0.15727568]
[0.15725401]
[0.1572303]
[0.1572099]
[0.15718031]
[0.15713486]
[0.15713423]
[0.15708832]
[0.15708442]
[0.15700892]
[0.15696743]
[0.15694606]
[0.15693931]
[0.15692575]
[0.15687048]
[0.15682793]
[0.15682313]
[0.15680769]
[0.15680422]
[0.15679854]
[0.15679854]
[0.15679199]
[0.15673381]
[0.15672238]
[0.15671888]
[0.15671244]
[0.15670905]
[0.15666626]
[0.15664536]
[0.15663558]
[0.15656981]
[0.15651897]
[0.1565166]
[0.15649901]
[0.15649441]
[0.1564458]
[0.15641622]
[0.15641436]
[0.15638214]
[0.156333]
[0.156333]
[0.15629995]
[0.15620418]
[0.15618545]
[0.15618089]
[0.15611716]
[0.15603188]
[0.15602466]
[0.15602373]
[0.15600376]
[0.15599011]
[0.15595363]
[0.15593465]
[0.15591331]
[0.15590374]
[0.15589185]
[0.15584332]
[0.15584332]
[0.15583852]
[0.15583852]
[0.15579318]
[0.15578821]
[0.15578142]
[0.155751]
[0.15574]
[0.15569735]
[0.15567116]
[0.15562007]
[0.15560618]
[0.1555908]
[0.15557756]
[0.15556991]
[0.15555419]
[0.15555012]
[0.15552735]
[0.15551987]
[0.15546893]
[0.1554623]
[0.15546045]
[0.1554597]
[0.1554462]
[0.15543899]
[0.15540618]
[0.15539303]
[0.15539303]
[0.15539223]
[0.15536676]
[0.15533718]
[0.15529615]
[0.15528984]
[0.15528335]
[0.15525196]
[0.15523227]
[0.15521851]
[0.15520078]
[0.15508255]
[0.15502837]
[0.15502302]
[0.15499417]
[0.15497488]
[0.15497437]
[0.1549235]
[0.1548564]
[0.15482725]
[0.15481414]
[0.1547068]
[0.1546955]
[0.1546823]
[0.15467584]
[0.15466613]
[0.15463729]
[0.15462416]
[0.15462416]
[0.15447049]
[0.15445948]
[0.15444197]
[0.1544259]
[0.15441959]
[0.15438986]
[0.15437528]
[0.15431853]
[0.15431212]
[0.15429236]
[0.15418658]
[0.15413827]
[0.15410319]
[0.15407614]
[0.1540689]
[0.15400036]
[0.15388517]
[0.1538677]
[0.15386711]
[0.15386641]
[0.15385155]
[0.15384863]
[0.15377834]
[0.15371282]
[0.15369119]
[0.15367518]
[0.15345292]
[0.15345292]
[0.15342337]
[0.1534099]
[0.15340553]
[0.15338324]
[0.15337232]
[0.15332739]
[0.15330422]
[0.15329261]
[0.15327486]
[0.153201]
[0.1531951]
[0.15317953]
[0.1531408]
[0.15312386]
[0.15310524]
[0.1530725]
[0.15307179]
[0.1530696]
[0.15306655]
[0.15306522]
[0.15305054]
[0.15302335]
[0.15301591]
[0.15298975]
[0.15293282]
[0.15293102]
[0.15287217]
[0.15286593]
[0.15285236]
[0.15283827]
[0.1528131]
[0.15281086]
[0.15278025]
[0.15269797]
[0.1526793]
[0.15267855]
[0.15263538]
[0.15258889]
[0.15257365]
[0.15253685]
[0.15252341]
[0.15247196]
[0.15244085]
[0.15243998]
[0.15243314]
[0.1524162]
[0.15241034]
[0.1523907]
[0.15238112]
[0.15234734]
[0.1523434]
[0.15229908]
[0.15227057]
[0.15226392]
[0.15223014]
[0.15221937]
[0.15209101]
[0.15208253]
[0.15207751]
[0.15204509]
[0.15203233]
[0.15199088]
[0.15198138]
[0.15196986]
[0.15188412]
[0.151883]
[0.15188222]
[0.1518251]
[0.15175493]
[0.15174885]
[0.15174232]
[0.151739]
[0.15172443]
[0.15170927]
[0.15170722]
[0.15161656]
[0.15161362]
[0.15160777]
[0.15158948]
[0.1515374]
[0.15151435]
[0.1515]
[0.1514454]
[0.151431]
[0.15135816]
[0.15124027]
[0.15123087]
[0.15120515]
[0.15116759]
[0.1511601]
[0.15115975]
[0.15110895]
[0.151083]
[0.15108103]
[0.15106331]
[0.15104526]
[0.15102471]
[0.15101273]
[0.15097886]
[0.15096763]
[0.15096603]
[0.15096603]
[0.1509506]
[0.15094568]
[0.15091953]
[0.15090483]
[0.15090479]
[0.15089007]
[0.15083212]
[0.15082406]
[0.15081947]
[0.1507923]
[0.15077636]
[0.15072532]
[0.15067875]
[0.1506779]
[0.15061332]
[0.1505959]
[0.15053946]
[0.15050381]
[0.1504774]
[0.15046561]
[0.15044695]
[0.15042298]
[0.15041633]
[0.15039618]
[0.15037097]
[0.15035294]
[0.15032803]
[0.15032773]
[0.15032625]
[0.15029499]
[0.15023878]
[0.15022592]
[0.15020177]
[0.15019302]
[0.15017942]
[0.15017764]
[0.15014723]
[0.15014671]
[0.15014455]
[0.15010214]
[0.15009984]
[0.15008633]
[0.1500828]
[0.15007319]
[0.15006752]
[0.15006049]
[0.14989653]
[0.1498955]
[0.1498913]
[0.14988893]
[0.14983979]
[0.14981925]
[0.14978968]
[0.14971325]
[0.14969312]
[0.14968285]
[0.14968258]
[0.14967944]
[0.14964344]
[0.14957584]
[0.14956996]
[0.14951187]
[0.14950563]
[0.14949924]
[0.14948396]
[0.1494781]
[0.14947529]
[0.14946193]
[0.14943326]
[0.14943278]
[0.1494115]
[0.14939272]
[0.14936133]
[0.14931577]
[0.14926927]
[0.14926036]
[0.14923787]
[0.1492281]
[0.14919984]
[0.14919947]
[0.14918095]
[0.14914984]
[0.1491106]
[0.14908986]
[0.14908251]
[0.14907984]
[0.14906266]
[0.1490564]
[0.14905232]
[0.1490457]
[0.1490297]
[0.14902195]
[0.14900461]
[0.1489537]
[0.1489282]
[0.14889097]
[0.14884275]
[0.14882065]
[0.14878604]
[0.14871015]
[0.14871015]
[0.14868818]
[0.14868486]
[0.14866275]
[0.14865398]
[0.14864731]
[0.14862621]
[0.14859524]
[0.14859018]
[0.14856605]
[0.14856032]
[0.14855798]
[0.1485376]
[0.1485376]
[0.14851171]
[0.14840157]
[0.14839175]
[0.14834802]
[0.14834392]
[0.14829127]
[0.14827655]
[0.14827617]
[0.14826924]
[0.14826591]
[0.14826308]
[0.14821553]
[0.14819807]
[0.148187]
[0.14817561]
[0.14814463]
[0.14812416]
[0.14810334]
[0.14809841]
[0.14808467]
[0.14805596]
[0.14803864]
[0.14800327]
[0.14796612]
[0.14795761]
[0.14793828]
[0.1479226]
[0.1479036]
[0.14783853]
[0.14781396]
[0.14780387]
[0.1477854]
[0.1477854]
[0.14776856]
[0.14776497]
[0.14775613]
[0.147711]
[0.14761418]
[0.14758244]
[0.14757219]
[0.14753063]
[0.14752688]
[0.14750251]
[0.1474793]
[0.14747323]
[0.14745928]
[0.14737752]
[0.14737752]
[0.14736293]
[0.14735426]
[0.14733745]
[0.14732403]
[0.14730234]
[0.1472909]
[0.14729086]
[0.14725529]
[0.14725384]
[0.14724593]
[0.14724426]
[0.14722966]
[0.147221]
[0.14718775]
[0.14717048]
[0.14715292]
[0.14714277]
[0.14713733]
[0.14713392]
[0.14711316]
[0.14707017]
[0.1470644]
[0.14703886]
[0.14700463]
[0.14699942]
[0.14699858]
[0.14691986]
[0.14691103]
[0.1469048]
[0.14685541]
[0.1468063]
[0.14678115]
[0.14677942]
[0.14676619]
[0.14666328]
[0.14662224]
[0.14654225]
[0.14652614]
[0.14651094]
[0.14648186]
[0.14644225]
[0.14644103]
[0.1464379]
[0.14643382]
[0.14643143]
[0.14636886]
[0.14630547]
[0.14625533]
[0.14624237]
[0.146217]
[0.14620343]
[0.14614278]
[0.14612274]
[0.1461119]
[0.1461078]
[0.14606807]
[0.14600919]
[0.14599457]
[0.14599457]
[0.14595635]
[0.14594665]
[0.14593905]
[0.14590758]
[0.14586967]
[0.14585224]
[0.14583845]
[0.14582308]
[0.14579849]
[0.14576636]
[0.14572439]
[0.14568634]
[0.14566943]
[0.14566551]
[0.14559339]
[0.14557338]
[0.14557338]
[0.14557101]
[0.14553966]
[0.14551681]
[0.14547151]
[0.14545663]
[0.14543109]
[0.1454036]
[0.14538409]
[0.14535402]
[0.14532404]
[0.14530982]
[0.14528318]
[0.14523736]
[0.14523697]
[0.14522842]
[0.14522398]
[0.1451971]
[0.14516196]
[0.14511935]
[0.14511827]
[0.14507446]
[0.14504996]
[0.14503898]
[0.14500102]
[0.14489749]
[0.14488797]
[0.14487424]
[0.14479709]
[0.14473604]
[0.14473604]
[0.14473225]
[0.14472388]
[0.14471225]
[0.14470074]
[0.14468966]
[0.14468627]
[0.14457913]
[0.14457555]
[0.1445617]
[0.14453775]
[0.14451636]
[0.14447083]
[0.14445542]
[0.14444868]
[0.14440815]
[0.14440526]
[0.14440438]
[0.14440438]
[0.14438798]
[0.1443844]
[0.14437202]
[0.14435862]
[0.14435838]
[0.14435115]
[0.14432068]
[0.14431775]
[0.14430915]
[0.14428423]
[0.14428413]
[0.14426187]
[0.14420784]
[0.14419518]
[0.144188]
[0.14418177]
[0.14417972]
[0.14417827]
[0.14417282]
[0.14416148]
[0.14414094]
[0.1441193]
[0.14406279]
[0.1439756]
[0.14395745]
[0.14395432]
[0.14395075]
[0.1438719]
[0.14386599]
[0.14376059]
[0.14375219]
[0.14374286]
[0.14372784]
[0.14370665]
[0.1437036]
[0.14362729]
[0.14361872]
[0.14360854]
[0.143585]
[0.14355719]
[0.14351717]
[0.14349778]
[0.14349654]
[0.14347374]
[0.14338434]
[0.1433789]
[0.14336795]
[0.14335787]
[0.14335372]
[0.14335065]
[0.14334509]
[0.14333627]
[0.1433361]
[0.14331502]
[0.14323664]
[0.14322916]
[0.1432044]
[0.1432028]
[0.143202]
[0.14319514]
[0.1431896]
[0.14317785]
[0.14314684]
[0.14311029]
[0.14308725]
[0.14308673]
[0.14304593]
[0.14304326]
[0.14303672]
[0.14303672]
[0.14302269]
[0.14301237]
[0.14300549]
[0.14293484]
[0.14289226]
[0.14282419]
[0.14282222]
[0.14281984]
[0.14266828]
[0.14266661]
[0.14263056]
[0.14263004]
[0.14260276]
[0.14257288]
[0.14257002]
[0.14253317]
[0.14251786]
[0.14250597]
[0.142455]
[0.14242797]
[0.14239879]
[0.14239058]
[0.1423525]
[0.14234872]
[0.14231269]
[0.14230876]
[0.14227772]
[0.14222413]
[0.1421587]
[0.14214504]
[0.14213675]
[0.1421346]
[0.1421326]
[0.14211753]
[0.14208667]
[0.14208315]
[0.14205866]
[0.14205313]
[0.14205313]
[0.1420343]
[0.1420241]
[0.14198405]
[0.14194913]
[0.14184463]
[0.14183497]
[0.14182861]
[0.14181067]
[0.14179611]
[0.14175344]
[0.14171512]
[0.14171098]
[0.14164044]
[0.14161882]
[0.14157686]
[0.14151524]
[0.14151332]
[0.14151332]
[0.14151332]
[0.14149731]
[0.14146875]
[0.14146276]
[0.14146209]
[0.14141873]
[0.1413953]
[0.14139372]
[0.14137982]
[0.14134775]
[0.14134663]
[0.14134663]
[0.14133675]
[0.14132193]
[0.14131613]
[0.14127815]
[0.14127526]
[0.1412496]
[0.14123246]
[0.14122777]
[0.14122705]
[0.14121473]
[0.14112683]
[0.14112046]
[0.1411148]
[0.14109446]
[0.14109015]
[0.14108436]
[0.14108436]
[0.14106448]
[0.14106412]
[0.1410624]
[0.1410591]
[0.14099541]
[0.14091812]
[0.1408963]
[0.14088905]
[0.14085309]
[0.14085054]
[0.140836]
[0.14077428]
[0.14075278]
[0.14072959]
[0.1407259]
[0.14070727]
[0.14070278]
[0.14069921]
[0.1406675]
[0.14066738]
[0.14065602]
[0.14064837]
[0.14063494]
[0.14062454]
[0.1406146]
[0.14061075]
[0.14060828]
[0.14060065]
[0.140596]
[0.14056896]
[0.14055179]
[0.140513]
[0.1405113]
[0.14046687]
[0.14045264]
[0.14042565]
[0.14039911]
[0.14038622]
[0.14038329]
[0.14037897]
[0.14037037]
[0.14035541]
[0.1402841]
[0.14028262]
[0.14028089]
[0.14024723]
[0.14023736]
[0.14020787]
[0.14020239]
[0.14019951]
[0.14019339]
[0.14016491]
[0.14015841]
[0.14014482]
[0.14014448]
[0.14013386]
[0.1401304]
[0.14012712]
[0.14010145]
[0.14001407]
[0.13997994]
[0.13996059]
[0.13993132]
[0.13991691]
[0.13991691]
[0.13991086]
[0.13990842]
[0.13990676]
[0.1398747]
[0.139861]
[0.13984773]
[0.13982682]
[0.13978133]
[0.13977684]
[0.13975555]
[0.13967936]
[0.13967936]
[0.13966474]
[0.13965818]
[0.13959019]
[0.13956487]
[0.13952775]
[0.1394582]
[0.13944326]
[0.13942018]
[0.13941707]
[0.13936341]
[0.13936295]
[0.13936295]
[0.13936292]
[0.13935949]
[0.13932921]
[0.13928239]
[0.13924189]
[0.13923408]
[0.13918847]
[0.13916242]
[0.13916238]
[0.13914758]
[0.13913508]
[0.13907152]
[0.1390431]
[0.13902684]
[0.13896291]
[0.1389565]
[0.13894413]
[0.13893388]
[0.13893317]
[0.13892195]
[0.13890809]
[0.1388936]
[0.13887966]
[0.13887185]
[0.13885431]
[0.13880304]
[0.13878736]
[0.13877206]
[0.13868706]
[0.13868281]
[0.13868281]
[0.13868281]
[0.13865052]
[0.13857225]
[0.1385534]
[0.13854031]
[0.13841575]
[0.13836356]
[0.13836174]
[0.13833365]
[0.13832635]
[0.13825612]
[0.13819833]
[0.13817714]
[0.13816139]
[0.13814668]
[0.13813274]
[0.13811368]
[0.13810958]
[0.13807908]
[0.13804302]
[0.13799179]
[0.13798138]
[0.13797307]
[0.13795589]
[0.13792318]
[0.13791291]
[0.13790025]
[0.13786742]
[0.13785319]
[0.13782878]
[0.1377981]
[0.13778415]
[0.13777949]
[0.13776846]
[0.13775188]
[0.13768774]
[0.13762024]
[0.13753368]
[0.13750353]
[0.13750148]
[0.13749607]
[0.13749042]
[0.13746893]
[0.13741593]
[0.13740729]
[0.13739029]
[0.13735366]
[0.13731511]
[0.13729596]
[0.13728452]
[0.13728173]
[0.13727637]
[0.13726681]
[0.13725716]
[0.13723695]
[0.13722932]
[0.13721061]
[0.13716482]
[0.13715501]
[0.13713922]
[0.13710643]
[0.1370743]
[0.13707304]
[0.1370548]
[0.13705215]
[0.13704473]
[0.13700907]
[0.13700856]
[0.13700394]
[0.13698407]
[0.13691857]
[0.13691503]
[0.13691474]
[0.13689624]
[0.13689551]
[0.13685018]
[0.1368377]
[0.13680336]
[0.13675705]
[0.13668509]
[0.13664818]
[0.136618]
[0.13652587]
[0.13648547]
[0.13647023]
[0.13642764]
[0.13642518]
[0.13637815]
[0.1363674]
[0.13632992]
[0.13631237]
[0.13624829]
[0.1362326]
[0.13618734]
[0.13617799]
[0.13616887]
[0.13616267]
[0.13612984]
[0.13612682]
[0.13611436]
[0.13602787]
[0.13600662]
[0.13600662]
[0.13592798]
[0.13592798]
[0.1359067]
[0.13590644]
[0.13589206]
[0.13589206]
[0.13587563]
[0.13580835]
[0.13579828]
[0.13579828]
[0.13579468]
[0.13579118]
[0.13579094]
[0.13577731]
[0.13575877]
[0.13574697]
[0.13574322]
[0.13572358]
[0.13567552]
[0.13565926]
[0.13565674]
[0.13565214]
[0.13562447]
[0.1356094]
[0.13559783]
[0.13556944]
[0.13556318]
[0.13554564]
[0.13550489]
[0.13549916]
[0.1354945]
[0.13548894]
[0.13541278]
[0.13539621]
[0.13538465]
[0.13528866]
[0.13527422]
[0.13524449]
[0.13522932]
[0.13519558]
[0.13513264]
[0.1350937]
[0.13509259]
[0.13508357]
[0.13502659]
[0.13501896]
[0.1349817]
[0.13497773]
[0.13489482]
[0.13477261]
[0.13476183]
[0.13472952]
[0.13472328]
[0.13468836]
[0.13467868]
[0.13467644]
[0.13463674]
[0.13460822]
[0.13460739]
[0.1345955]
[0.13455202]
[0.13451402]
[0.13449845]
[0.13447458]
[0.13446458]
[0.13444068]
[0.13443969]
[0.1344299]
[0.13441055]
[0.13439819]
[0.13436633]
[0.13434725]
[0.13434143]
[0.13431594]
[0.13429832]
[0.1342779]
[0.13427669]
[0.13427125]
[0.13424702]
[0.13422671]
[0.13416198]
[0.13414049]
[0.13413954]
[0.13413954]
[0.1341257]
[0.1341046]
[0.13405514]
[0.13400678]
[0.1339885]
[0.13397326]
[0.13396712]
[0.13394964]
[0.13393973]
[0.13393569]
[0.13393077]
[0.1339233]
[0.1339233]
[0.13390659]
[0.13383968]
[0.13383839]
[0.13383164]
[0.1337922]
[0.13371612]
[0.13368206]
[0.13368191]
[0.13366684]
[0.13366446]
[0.13366102]
[0.13366035]
[0.13362664]
[0.13362008]
[0.1335827]
[0.13355148]
[0.13350685]
[0.13348675]
[0.13347441]
[0.13344218]
[0.1334131]
[0.13339932]
[0.13336326]
[0.13336234]
[0.13335323]
[0.13334998]
[0.13331056]
[0.1333069]
[0.13329159]
[0.13328844]
[0.13328663]
[0.13319631]
[0.1331948]
[0.13317841]
[0.13316959]
[0.13316421]
[0.13315101]
[0.13308515]
[0.1330722]
[0.13304727]
[0.1330429]
[0.13303553]
[0.13302898]
[0.13299532]
[0.13298832]
[0.13296993]
[0.13295715]
[0.1329354]
[0.13290864]
[0.13289115]
[0.1328423]
[0.13282406]
[0.13282232]
[0.13281053]
[0.13276798]
[0.13272639]
[0.1327004]
[0.1326586]
[0.13265173]
[0.13264823]
[0.13264823]
[0.13264823]
[0.13264352]
[0.1326146]
[0.13259625]
[0.13259244]
[0.13257015]
[0.13256836]
[0.13255548]
[0.13255422]
[0.13254748]
[0.13254632]
[0.13251573]
[0.13251291]
[0.13249885]
[0.13248378]
[0.13244513]
[0.1324039]
[0.13240133]
[0.13239579]
[0.13236414]
[0.13236398]
[0.13232815]
[0.1323271]
[0.1323271]
[0.13229896]
[0.13222061]
[0.13221966]
[0.13221711]
[0.13220854]
[0.13217713]
[0.1321382]
[0.13213551]
[0.13212706]
[0.1321003]
[0.1320755]
[0.13206656]
[0.13203083]
[0.13202815]
[0.13190232]
[0.13188183]
[0.13186976]
[0.13185218]
[0.13183758]
[0.13182549]
[0.13181278]
[0.13180427]
[0.13177912]
[0.13176362]
[0.13175917]
[0.13171983]
[0.1317003]
[0.13169949]
[0.13169347]
[0.13168372]
[0.13167064]
[0.13163213]
[0.13163061]
[0.13162728]
[0.13159041]
[0.13153985]
[0.13152574]
[0.1314977]
[0.13144733]
[0.13143642]
[0.13143077]
[0.13141805]
[0.13140722]
[0.1314039]
[0.13135803]
[0.13134429]
[0.13132946]
[0.13130182]
[0.13129617]
[0.13126515]
[0.13125938]
[0.13122994]
[0.13122156]
[0.13122097]
[0.13120942]
[0.13119127]
[0.13117582]
[0.13117376]
[0.13113025]
[0.13107704]
[0.13104175]
[0.13104175]
[0.13104175]
[0.13100716]
[0.13099986]
[0.13099901]
[0.13099901]
[0.13098113]
[0.13097519]
[0.13096206]
[0.13095446]
[0.13093986]
[0.13091344]
[0.13088322]
[0.13088186]
[0.13083148]
[0.1308163]
[0.13081329]
[0.13078627]
[0.1307267]
[0.13069785]
[0.13066256]
[0.13066113]
[0.13064729]
[0.13064653]
[0.13063581]
[0.13063277]
[0.13061123]
[0.1305789]
[0.13054259]
[0.13052526]
[0.13050863]
[0.13047814]
[0.13044433]
[0.13043351]
[0.13042629]
[0.13042021]
[0.13041145]
[0.1303948]
[0.13033035]
[0.1303184]
[0.13031328]
[0.13031255]
[0.1303054]
[0.13027945]
[0.13022546]
[0.13021982]
[0.13021311]
[0.13021123]
[0.130201]
[0.13014765]
[0.1301461]
[0.13011292]
[0.13010949]
[0.13010287]
[0.1300984]
[0.13007008]
[0.13004848]
[0.13004519]
[0.13002583]
[0.13000342]
[0.12999855]
[0.12999855]
[0.12996674]
[0.12994263]
[0.12993172]
[0.12990683]
[0.12986526]
[0.12984331]
[0.1298176]
[0.1298153]
[0.12980053]
[0.12979732]
[0.12979504]
[0.12979504]
[0.12979141]
[0.12976953]
[0.1297547]
[0.12968788]
[0.12968567]
[0.12968029]
[0.12965201]
[0.1295745]
[0.12955421]
[0.12952866]
[0.12950389]
[0.1294968]
[0.12943581]
[0.12939335]
[0.12938659]
[0.12937117]
[0.12936954]
[0.12932011]
[0.12931544]
[0.12931238]
[0.12931238]
[0.12928623]
[0.12923127]
[0.12922058]
[0.12921388]
[0.12920858]
[0.12917699]
[0.12915373]
[0.12913477]
[0.1291119]
[0.12910357]
[0.12905438]
[0.12904401]
[0.12902883]
[0.12900114]
[0.12894708]
[0.12894127]
[0.12889414]
[0.12887362]
[0.12886916]
[0.12885982]
[0.12884115]
[0.12883107]
[0.12880728]
[0.1287908]
[0.12877361]
[0.12877361]
[0.12875813]
[0.12871681]
[0.12867692]
[0.12867527]
[0.1286394]
[0.12858857]
[0.12852234]
[0.12850527]
[0.12847422]
[0.12847236]
[0.12847236]
[0.12846231]
[0.1284116]
[0.12838162]
[0.12835702]
[0.12835644]
[0.12825131]
[0.12824765]
[0.1282409]
[0.12822306]
[0.12821734]
[0.12821193]
[0.1282116]
[0.12817526]
[0.12813267]
[0.12812594]
[0.12810758]
[0.12805638]
[0.12801155]
[0.12797335]
[0.12797095]
[0.12796696]
[0.12794961]
[0.12794517]
[0.1279444]
[0.12794036]
[0.12792416]
[0.12791125]
[0.12788135]
[0.1278732]
[0.12787062]
[0.12786251]
[0.1278224]
[0.12779412]
[0.12769946]
[0.12763204]
[0.12762746]
[0.12760423]
[0.12759516]
[0.12759101]
[0.12759016]
[0.12751943]
[0.12751943]
[0.12751046]
[0.1275058]
[0.1274946]
[0.12748885]
[0.12746875]
[0.12746301]
[0.12746222]
[0.1274498]
[0.12743129]
[0.12740408]
[0.12740196]
[0.1273918]
[0.12733328]
[0.12732]
[0.12730335]
[0.12730335]
[0.12729636]
[0.12726516]
[0.12725152]
[0.12724927]
[0.12722777]
[0.12721369]
[0.1271652]
[0.1271447]
[0.12711006]
[0.12704057]
[0.12702084]
[0.12700547]
[0.12696792]
[0.12696025]
[0.12695003]
[0.12694503]
[0.1269398]
[0.12687613]
[0.12684909]
[0.12684634]
[0.12684502]
[0.12681709]
[0.1267782]
[0.12677172]
[0.12674318]
[0.12670738]
[0.12669408]
[0.12668943]
[0.12668145]
[0.12667383]
[0.12667246]
[0.12666248]
[0.12664777]
[0.12663026]
[0.12659517]
[0.12654056]
[0.12653996]
[0.1264887]
[0.12642023]
[0.12641984]
[0.12639083]
[0.12637243]
[0.12636973]
[0.12631184]
[0.12630618]
[0.12629417]
[0.12629043]
[0.12627585]
[0.12627153]
[0.12625773]
[0.12625223]
[0.12624277]
[0.12624277]
[0.1262193]
[0.12621672]
[0.12621407]
[0.12618318]
[0.12616284]
[0.12610793]
[0.12603846]
[0.12603158]
[0.12602407]
[0.12601906]
[0.12600411]
[0.12600356]
[0.12599592]
[0.1259732]
[0.12592332]
[0.12588984]
[0.12587431]
[0.12586664]
[0.12584665]
[0.12582651]
[0.1258133]
[0.12579878]
[0.12577821]
[0.12576419]
[0.12575069]
[0.12573232]
[0.12572771]
[0.1257119]
[0.12571007]
[0.12570174]
[0.12566885]
[0.12566365]
[0.12563944]
[0.12563941]
[0.1255923]
[0.1255471]
[0.12554471]
[0.12550446]
[0.12549771]
[0.12544629]
[0.12544358]
[0.12543513]
[0.12542745]
[0.12539214]
[0.12538624]
[0.12537917]
[0.12537776]
[0.12534979]
[0.12533903]
[0.1253198]
[0.12531757]
[0.12531069]
[0.12530535]
[0.12529151]
[0.12527989]
[0.12523112]
[0.125191]
[0.12518732]
[0.12517074]
[0.12513687]
[0.12511094]
[0.12503226]
[0.12501419]
[0.12501311]
[0.12501311]
[0.12500125]
[0.12499528]
[0.12498923]
[0.1249591]
[0.12495802]
[0.12494471]
[0.12489223]
[0.12487763]
[0.12486294]
[0.12485477]
[0.12483548]
[0.12481779]
[0.12475617]
[0.12471931]
[0.12471817]
[0.1247112]
[0.12470782]
[0.1246987]
[0.12469448]
[0.12468255]
[0.12467398]
[0.12467267]
[0.1246567]
[0.12464837]
[0.12463095]
[0.12461646]
[0.12461518]
[0.12459885]
[0.12455707]
[0.12455051]
[0.12453058]
[0.12451518]
[0.12446491]
[0.12446491]
[0.12445589]
[0.12445229]
[0.12444514]
[0.12441154]
[0.12441103]
[0.12440888]
[0.12440616]
[0.12438695]
[0.12438262]
[0.12437336]
[0.12433483]
[0.12431053]
[0.1242608]
[0.12425713]
[0.12425309]
[0.12424398]
[0.12422616]
[0.1242047]
[0.12420046]
[0.12413564]
[0.12413517]
[0.12413066]
[0.12412757]
[0.1241122]
[0.12404113]
[0.12402766]
[0.12402766]
[0.12394635]
[0.12394635]
[0.1239462]
[0.12393422]
[0.12387993]
[0.12387781]
[0.12384697]
[0.12381696]
[0.12381081]
[0.12380604]
[0.12379964]
[0.12379964]
[0.12379441]
[0.12377801]
[0.12376948]
[0.12375433]
[0.12373907]
[0.12371565]
[0.12366246]
[0.12361292]
[0.1236103]
[0.12360197]
[0.12356602]
[0.12353279]
[0.12351475]
[0.12350349]
[0.12344411]
[0.1233953]
[0.12339041]
[0.12338467]
[0.12336271]
[0.12334435]
[0.12334422]
[0.12334247]
[0.1233071]
[0.1233067]
[0.12330183]
[0.12325843]
[0.12323917]
[0.1232153]
[0.12320686]
[0.12320166]
[0.12319208]
[0.12318143]
[0.12316916]
[0.12316385]
[0.12315752]
[0.12315339]
[0.12312431]
[0.12311257]
[0.12308086]
[0.12306557]
[0.12305992]
[0.12305992]
[0.12305396]
[0.1229552]
[0.12289581]
[0.12289426]
[0.12289365]
[0.12288851]
[0.12288328]
[0.122867]
[0.12286654]
[0.12285592]
[0.12279215]
[0.12277907]
[0.12275545]
[0.12275084]
[0.12273196]
[0.12263004]
[0.12262809]
[0.1226068]
[0.1225682]
[0.12247076]
[0.12246753]
[0.1224663]
[0.12239682]
[0.12232922]
[0.12232437]
[0.12230051]
[0.12226147]
[0.12221143]
[0.12219071]
[0.1221722]
[0.12213783]
[0.12213564]
[0.12212262]
[0.12211283]
[0.12205948]
[0.12204801]
[0.12197039]
[0.12193251]
[0.12192893]
[0.1219271]
[0.12191933]
[0.1219155]
[0.12182896]
[0.12180816]
[0.12180641]
[0.12180538]
[0.12180095]
[0.12175862]
[0.12171218]
[0.12169311]
[0.1216628]
[0.12164214]
[0.12162273]
[0.12161393]
[0.12156445]
[0.12151711]
[0.12147901]
[0.12143976]
[0.12140372]
[0.12139232]
[0.12138639]
[0.12136528]
[0.12133338]
[0.12132286]
[0.12131622]
[0.12131042]
[0.12130077]
[0.12129406]
[0.12125981]
[0.1212595]
[0.12125186]
[0.12122148]
[0.1212152]
[0.1212052]
[0.12118369]
[0.12118255]
[0.12111771]
[0.12111578]
[0.12103337]
[0.12102158]
[0.12100776]
[0.1210017]
[0.12098882]
[0.12095892]
[0.12095321]
[0.12093401]
[0.12092663]
[0.12088376]
[0.12084705]
[0.12083246]
[0.12081372]
[0.12079921]
[0.12075844]
[0.12075248]
[0.12072786]
[0.12068353]
[0.12061737]
[0.12060433]
[0.12051402]
[0.12051171]
[0.12050884]
[0.12047645]
[0.12046278]
[0.12045445]
[0.12045016]
[0.12044041]
[0.12041304]
[0.12035804]
[0.12030209]
[0.1202864]
[0.12027697]
[0.12025051]
[0.12023576]
[0.12022089]
[0.1202159]
[0.12020904]
[0.12019617]
[0.12018589]
[0.12018421]
[0.12018303]
[0.12018081]
[0.12017778]
[0.12017386]
[0.12015935]
[0.12012123]
[0.12010536]
[0.12009298]
[0.12008411]
[0.12007672]
[0.12006333]
[0.12006184]
[0.12000526]
[0.12000228]
[0.12000216]
[0.11998049]
[0.11997058]
[0.11995453]
[0.11995453]
[0.11995123]
[0.11991277]
[0.11990043]
[0.11989689]
[0.11984446]
[0.1198241]
[0.11980861]
[0.11979125]
[0.1197538]
[0.11971642]
[0.11966874]
[0.11964468]
[0.11963671]
[0.11963335]
[0.11962647]
[0.11956413]
[0.11954446]
[0.11950552]
[0.11950235]
[0.11949649]
[0.1194728]
[0.11946864]
[0.11946695]
[0.11944437]
[0.11941914]
[0.11941895]
[0.11937909]
[0.11933496]
[0.11928383]
[0.11928383]
[0.11915895]
[0.1191219]
[0.11904235]
[0.11903446]
[0.11901473]
[0.11899593]
[0.11897224]
[0.11897077]
[0.11896459]
[0.11896424]
[0.11894765]
[0.11892578]
[0.11886342]
[0.11883588]
[0.1187896]
[0.11876283]
[0.11876159]
[0.1187145]
[0.1186953]
[0.11868636]
[0.11867906]
[0.11864762]
[0.11864476]
[0.11862386]
[0.11861255]
[0.11860044]
[0.11858728]
[0.11856848]
[0.11856231]
[0.11854151]
[0.11853097]
[0.11852862]
[0.11852852]
[0.1185208]
[0.11849187]
[0.11848948]
[0.1184807]
[0.11847805]
[0.1184424]
[0.1183985]
[0.11838418]
[0.11837348]
[0.11837215]
[0.11834911]
[0.11831915]
[0.11830743]
[0.11830343]
[0.11829261]
[0.11829088]
[0.11828226]
[0.11823627]
[0.11823501]
[0.11823403]
[0.11823366]
[0.11822888]
[0.11820051]
[0.11817978]
[0.11816632]
[0.11812739]
[0.11811853]
[0.11807395]
[0.1180711]
[0.1180503]
[0.11801125]
[0.11798428]
[0.11795146]
[0.11788706]
[0.11788587]
[0.11782801]
[0.11778984]
[0.11778698]
[0.1177574]
[0.11767428]
[0.11765756]
[0.11755855]
[0.11753684]
[0.1175257]
[0.11749517]
[0.11749028]
[0.11748218]
[0.11747845]
[0.11734942]
[0.11734014]
[0.11725211]
[0.11724574]
[0.11724574]
[0.11719107]
[0.11715925]
[0.11713624]
[0.11711522]
[0.11709758]
[0.11708756]
[0.11708184]
[0.11708101]
[0.1170046]
[0.11699887]
[0.1168989]
[0.11689447]
[0.11685569]
[0.11684806]
[0.11684761]
[0.11684033]
[0.11679148]
[0.11678334]
[0.11677536]
[0.11677373]
[0.11676723]
[0.1167663]
[0.11675557]
[0.11672191]
[0.11672053]
[0.11670612]
[0.11665332]
[0.11664907]
[0.116647]
[0.11662787]
[0.11662219]
[0.11661]
[0.11656886]
[0.11656385]
[0.11654647]
[0.11654136]
[0.11646975]
[0.11646315]
[0.11643124]
[0.11640833]
[0.11640298]
[0.1163979]
[0.11636524]
[0.11634669]
[0.11628564]
[0.11619848]
[0.11618824]
[0.11617379]
[0.11616576]
[0.11616576]
[0.11614633]
[0.11605115]
[0.1160446]
[0.11602986]
[0.11602609]
[0.11600006]
[0.11599341]
[0.11596747]
[0.11595085]
[0.11594511]
[0.11594255]
[0.11593699]
[0.11592634]
[0.11591217]
[0.11589506]
[0.11589385]
[0.11589135]
[0.11584499]
[0.11584235]
[0.11583278]
[0.11579415]
[0.11579371]
[0.1157801]
[0.11562887]
[0.11562871]
[0.11562193]
[0.11562007]
[0.11556701]
[0.11552075]
[0.11551764]
[0.11545206]
[0.11541966]
[0.11541092]
[0.11535706]
[0.11534873]
[0.11534311]
[0.11533581]
[0.11529738]
[0.11529424]
[0.11525334]
[0.11525189]
[0.11522023]
[0.11516935]
[0.11516237]
[0.11514093]
[0.11511761]
[0.11509993]
[0.115084]
[0.11498143]
[0.11497886]
[0.11495133]
[0.11493408]
[0.11491039]
[0.11488235]
[0.11485329]
[0.11484289]
[0.11482586]
[0.11479542]
[0.11478321]
[0.11474645]
[0.1147385]
[0.11471841]
[0.11471689]
[0.11466581]
[0.11465418]
[0.11463366]
[0.11459768]
[0.11456063]
[0.11452644]
[0.11449189]
[0.11446841]
[0.11443754]
[0.1144315]
[0.11442592]
[0.11442419]
[0.11435015]
[0.11428846]
[0.11419323]
[0.11407252]
[0.11407135]
[0.11402248]
[0.11401252]
[0.11400229]
[0.11398316]
[0.11394142]
[0.11392118]
[0.11390018]
[0.11389187]
[0.11388966]
[0.11385167]
[0.11382875]
[0.11381673]
[0.11380588]
[0.11378472]
[0.11378357]
[0.11377645]
[0.11375193]
[0.11372425]
[0.11370692]
[0.11370269]
[0.11369988]
[0.11368868]
[0.11364213]
[0.11362626]
[0.11340142]
[0.11333971]
[0.11326023]
[0.11324361]
[0.1132089]
[0.11320014]
[0.1131458]
[0.11313329]
[0.11312784]
[0.11311924]
[0.11310545]
[0.11306302]
[0.11303296]
[0.11301493]
[0.11300141]
[0.11299968]
[0.11299451]
[0.11299376]
[0.11295161]
[0.11293372]
[0.11289578]
[0.11286159]
[0.11280237]
[0.112748]
[0.11274104]
[0.11271734]
[0.1127109]
[0.11258868]
[0.11257518]
[0.11251384]
[0.11249359]
[0.11248935]
[0.11245535]
[0.11243782]
[0.11242714]
[0.11242545]
[0.11241446]
[0.11239329]
[0.11239165]
[0.11238506]
[0.11237892]
[0.11235788]
[0.1123421]
[0.11232378]
[0.11232364]
[0.11231986]
[0.1123091]
[0.11228911]
[0.11228419]
[0.112283]
[0.11225534]
[0.11225399]
[0.11224522]
[0.11223285]
[0.1122199]
[0.11219639]
[0.11214139]
[0.11214092]
[0.11209612]
[0.11209501]
[0.11206104]
[0.11201816]
[0.11199583]
[0.1119376]
[0.11190139]
[0.11189408]
[0.11186245]
[0.11182038]
[0.11180776]
[0.11178748]
[0.11174127]
[0.11172118]
[0.1117133]
[0.11171017]
[0.11168076]
[0.11166742]
[0.11166099]
[0.11164547]
[0.11163882]
[0.111637]
[0.11163461]
[0.11157951]
[0.11157721]
[0.11153083]
[0.11152544]
[0.11145142]
[0.11142347]
[0.11138188]
[0.11137826]
[0.11136319]
[0.11135297]
[0.11135206]
[0.11133692]
[0.11133291]
[0.1112799]
[0.11126353]
[0.11123954]
[0.11123776]
[0.11123398]
[0.11122671]
[0.11122149]
[0.11121432]
[0.11115777]
[0.1111556]
[0.11113539]
[0.1111223]
[0.11110476]
[0.1110955]
[0.11104432]
[0.11104263]
[0.11102794]
[0.11096155]
[0.11096075]
[0.11088397]
[0.11088276]
[0.11086958]
[0.11086845]
[0.11081342]
[0.11073583]
[0.11073146]
[0.11064574]
[0.1106222]
[0.11059053]
[0.11059053]
[0.11056859]
[0.110551]
[0.11048544]
[0.11048292]
[0.11044724]
[0.11041194]
[0.11038117]
[0.11037797]
[0.11037614]
[0.11036902]
[0.11034372]
[0.11033744]
[0.11028071]
[0.11027892]
[0.11027551]
[0.11022443]
[0.11022244]
[0.11021347]
[0.1102091]
[0.11019297]
[0.11018838]
[0.11014402]
[0.11013711]
[0.11013462]
[0.110125]
[0.11008025]
[0.11007938]
[0.11007673]
[0.11002834]
[0.11002158]
[0.10999148]
[0.10995077]
[0.10995077]
[0.10994448]
[0.10989527]
[0.10989345]
[0.10989069]
[0.10986555]
[0.10983438]
[0.10982107]
[0.10977425]
[0.10976789]
[0.10976738]
[0.10976329]
[0.10974302]
[0.10972708]
[0.10970338]
[0.10968442]
[0.10967661]
[0.109657]
[0.10963601]
[0.10960594]
[0.10959473]
[0.10949387]
[0.10940064]
[0.10939735]
[0.10936191]
[0.10934882]
[0.10930196]
[0.10928261]
[0.1092717]
[0.10924485]
[0.10919002]
[0.1091848]
[0.10912438]
[0.10911851]
[0.10910724]
[0.10909922]
[0.10909324]
[0.10905251]
[0.10904431]
[0.10904139]
[0.10903875]
[0.1089834]
[0.10898086]
[0.10898077]
[0.108979]
[0.10897844]
[0.10895623]
[0.10894285]
[0.10888289]
[0.10887135]
[0.10885134]
[0.108808]
[0.10879297]
[0.1087754]
[0.10874306]
[0.1087374]
[0.10868882]
[0.10863736]
[0.10863703]
[0.10863209]
[0.10857835]
[0.10853632]
[0.10850319]
[0.10847313]
[0.10843623]
[0.10841724]
[0.10841183]
[0.10839222]
[0.10839093]
[0.1082793]
[0.1082529]
[0.1082321]
[0.10818932]
[0.10805044]
[0.10802015]
[0.10800955]
[0.10798662]
[0.10792343]
[0.10791728]
[0.10786176]
[0.10782317]
[0.10779249]
[0.10778251]
[0.10772291]
[0.10769236]
[0.10768212]
[0.10767107]
[0.10765398]
[0.10764708]
[0.10764033]
[0.10760058]
[0.10759789]
[0.1075694]
[0.10756578]
[0.10753293]
[0.10752592]
[0.10751124]
[0.10749216]
[0.10749137]
[0.10747655]
[0.10747226]
[0.1074705]
[0.1074423]
[0.10736488]
[0.10732833]
[0.1073215]
[0.10729843]
[0.10725906]
[0.10717436]
[0.10716875]
[0.10714155]
[0.10713396]
[0.10703864]
[0.10703564]
[0.10700615]
[0.10698093]
[0.10694037]
[0.10693241]
[0.10691107]
[0.10689054]
[0.10687596]
[0.10686749]
[0.10686419]
[0.1068431]
[0.10680861]
[0.10679796]
[0.10674739]
[0.10673434]
[0.10671143]
[0.10670844]
[0.10668096]
[0.10667194]
[0.10665745]
[0.10665315]
[0.1066455]
[0.10663439]
[0.10658825]
[0.10657255]
[0.1065416]
[0.10648297]
[0.10646766]
[0.10645915]
[0.10645212]
[0.10643266]
[0.10641167]
[0.10636777]
[0.10633913]
[0.10632183]
[0.10629778]
[0.1062533]
[0.10621595]
[0.10619549]
[0.10615899]
[0.1061492]
[0.10613154]
[0.10605889]
[0.10605219]
[0.10603588]
[0.10601253]
[0.10600099]
[0.10594413]
[0.10591584]
[0.1059069]
[0.10587462]
[0.10576268]
[0.10575628]
[0.10572016]
[0.10571363]
[0.1056841]
[0.10567892]
[0.10566403]
[0.10564877]
[0.10564363]
[0.10551584]
[0.10550824]
[0.10547271]
[0.10547055]
[0.10546027]
[0.10545722]
[0.10541931]
[0.10541013]
[0.10538848]
[0.10538809]
[0.10536774]
[0.10533132]
[0.10530818]
[0.10528714]
[0.10528372]
[0.10527579]
[0.10521846]
[0.10519745]
[0.10518574]
[0.1051161]
[0.10506256]
[0.1050375]
[0.10501236]
[0.10501226]
[0.10498023]
[0.10493523]
[0.10492665]
[0.10485851]
[0.10483909]
[0.10483036]
[0.10477676]
[0.10474453]
[0.1047388]
[0.10472624]
[0.1047034]
[0.10469092]
[0.10466318]
[0.10464068]
[0.10459193]
[0.10458746]
[0.10454739]
[0.10451898]
[0.10445905]
[0.10443339]
[0.10437214]
[0.10433515]
[0.10430321]
[0.10426869]
[0.10425872]
[0.10415269]
[0.10413754]
[0.10413487]
[0.10409208]
[0.10408334]
[0.1040188]
[0.10392643]
[0.10389317]
[0.10388315]
[0.10383812]
[0.10377523]
[0.10375976]
[0.10373707]
[0.10373002]
[0.10368583]
[0.103654]
[0.10365398]
[0.10365035]
[0.10364275]
[0.10364176]
[0.10363913]
[0.1035883]
[0.10356687]
[0.10355863]
[0.1035516]
[0.10353792]
[0.10353641]
[0.10352114]
[0.10346297]
[0.10344603]
[0.10344521]
[0.1034386]
[0.10342675]
[0.10342522]
[0.10339642]
[0.10338785]
[0.10337032]
[0.10336062]
[0.10335253]
[0.10328632]
[0.10323465]
[0.10317936]
[0.10317838]
[0.10317677]
[0.10311327]
[0.1031122]
[0.10305777]
[0.10304561]
[0.10303035]
[0.10297094]
[0.10296467]
[0.10289849]
[0.10288472]
[0.1028434]
[0.10283838]
[0.10279703]
[0.10275948]
[0.10275609]
[0.10272821]
[0.10253382]
[0.10252291]
[0.10247404]
[0.1024149]
[0.102353]
[0.10232519]
[0.10232023]
[0.10230968]
[0.10230784]
[0.10227811]
[0.10214492]
[0.10211479]
[0.10208108]
[0.10205844]
[0.10205355]
[0.10203797]
[0.10197488]
[0.10196736]
[0.10192402]
[0.10189006]
[0.10187532]
[0.10184615]
[0.10182838]
[0.10181224]
[0.10176843]
[0.10174882]
[0.1017057]
[0.10170346]
[0.10168094]
[0.10167025]
[0.10161501]
[0.10156979]
[0.10154382]
[0.10142421]
[0.10141993]
[0.10140903]
[0.10140257]
[0.10135299]
[0.10130717]
[0.10128366]
[0.10120418]
[0.1011939]
[0.10112199]
[0.10102882]
[0.10101572]
[0.10098328]
[0.10096461]
[0.10093933]
[0.10091342]
[0.10088262]
[0.10083739]
[0.10082455]
[0.10068194]
[0.10064124]
[0.10062755]
[0.10061646]
[0.10060064]
[0.10055573]
[0.10055493]
[0.10054188]
[0.10046379]
[0.10045903]
[0.10039277]
[0.10037529]
[0.10035931]
[0.10035674]
[0.10030583]
[0.10005243]
[0.10004215]
[0.10003023]
[0.10002963]
[0.09996545]
[0.09995511]
[0.09995394]
[0.099952]
[0.09989372]
[0.09980608]
[0.09976963]
[0.09972602]
[0.09969915]
[0.09958053]
[0.09957854]
[0.09955583]
[0.09953971]
[0.09952766]
[0.09950946]
[0.09946893]
[0.09945375]
[0.09944008]
[0.09940362]
[0.09940313]
[0.09935819]
[0.09935752]
[0.0993468]
[0.09929986]
[0.099286]
[0.09928237]
[0.0991486]
[0.09914506]
[0.09907788]
[0.09907352]
[0.09906017]
[0.09902801]
[0.09901912]
[0.09900291]
[0.0989944]
[0.09898633]
[0.09895207]
[0.09890616]
[0.09886692]
[0.09884144]
[0.09882203]
[0.09880458]
[0.09874202]
[0.09872083]
[0.09870516]
[0.09867762]
[0.09867055]
[0.09866356]
[0.0986211]
[0.0984531]
[0.09842328]
[0.09841655]
[0.09839821]
[0.098391]
[0.09837742]
[0.09833868]
[0.09833847]
[0.09828963]
[0.09827782]
[0.09823898]
[0.09823693]
[0.0981899]
[0.09818299]
[0.09817769]
[0.09816828]
[0.0981439]
[0.09814014]
[0.09813076]
[0.0981148]
[0.09810862]
[0.09802971]
[0.09801017]
[0.09799186]
[0.09797367]
[0.097968]
[0.09796076]
[0.0979471]
[0.09793573]
[0.0979217]
[0.09791673]
[0.09790435]
[0.09783529]
[0.09780075]
[0.09778389]
[0.0977782]
[0.09770844]
[0.09769264]
[0.09768419]
[0.09749698]
[0.09748221]
[0.0974014]
[0.09738132]
[0.09738011]
[0.09737802]
[0.09734467]
[0.09730034]
[0.09729899]
[0.09728637]
[0.09716757]
[0.09709062]
[0.09708316]
[0.09694596]
[0.09691962]
[0.096877]
[0.0968703]
[0.09686664]
[0.09685405]
[0.09679553]
[0.09678394]
[0.09666193]
[0.09665628]
[0.09661225]
[0.09658012]
[0.09655339]
[0.09646545]
[0.09645759]
[0.09635337]
[0.09634504]
[0.09632485]
[0.09629838]
[0.09626415]
[0.09622101]
[0.09620656]
[0.09615119]
[0.0960414]
[0.09600698]
[0.09593598]
[0.09587152]
[0.09583186]
[0.09583101]
[0.09573903]
[0.09572947]
[0.09571441]
[0.09571009]
[0.09568655]
[0.09558563]
[0.0955825]
[0.09557801]
[0.09551212]
[0.09550248]
[0.09549786]
[0.095469]
[0.09540121]
[0.09536236]
[0.09531055]
[0.09528896]
[0.09527965]
[0.09526356]
[0.09525497]
[0.09516127]
[0.09515704]
[0.09504383]
[0.09499143]
[0.09497704]
[0.09491242]
[0.09488486]
[0.09488363]
[0.09484146]
[0.09481489]
[0.09479579]
[0.0947874]
[0.09461184]
[0.09456217]
[0.09450914]
[0.09450628]
[0.09450426]
[0.09449863]
[0.0944672]
[0.09446695]
[0.09445068]
[0.09439503]
[0.09438104]
[0.09433134]
[0.09430718]
[0.09430136]
[0.09427588]
[0.09427474]
[0.09426133]
[0.09421116]
[0.09420634]
[0.09420273]
[0.09416018]
[0.09411635]
[0.0940143]
[0.09400411]
[0.0939229]
[0.09391578]
[0.09391111]
[0.09382618]
[0.09380443]
[0.09379158]
[0.09378026]
[0.09367321]
[0.09364175]
[0.09362504]
[0.09362215]
[0.09357292]
[0.0935691]
[0.09356679]
[0.09353866]
[0.09349402]
[0.09348701]
[0.09346307]
[0.09345985]
[0.09345972]
[0.09341221]
[0.09333377]
[0.09331722]
[0.09322993]
[0.09321883]
[0.09318479]
[0.09308838]
[0.09308688]
[0.09303787]
[0.09295958]
[0.09291341]
[0.09289504]
[0.09283958]
[0.09283885]
[0.09278879]
[0.09278292]
[0.09271192]
[0.09270162]
[0.0926621]
[0.09259582]
[0.09258099]
[0.09251555]
[0.09249636]
[0.09248735]
[0.09243786]
[0.09235091]
[0.09232942]
[0.09231515]
[0.09230623]
[0.09229069]
[0.09226935]
[0.09223618]
[0.09215225]
[0.09214512]
[0.09207094]
[0.0920232]
[0.09201121]
[0.0919657]
[0.09194896]
[0.09175652]
[0.09174198]
[0.09168291]
[0.09163076]
[0.09147845]
[0.09147573]
[0.09145691]
[0.09144347]
[0.09142528]
[0.09142012]
[0.09139648]
[0.09139426]
[0.09137642]
[0.09135584]
[0.09134345]
[0.09114923]
[0.09114721]
[0.09113426]
[0.09113015]
[0.09111953]
[0.09107281]
[0.09105124]
[0.09093816]
[0.09076842]
[0.09071983]
[0.09056753]
[0.09054074]
[0.09041367]
[0.09041357]
[0.0903034]
[0.09026715]
[0.09012402]
[0.09010728]
[0.08999468]
[0.08999427]
[0.08998539]
[0.08991548]
[0.08987445]
[0.08986016]
[0.08983921]
[0.08979579]
[0.08977894]
[0.08957063]
[0.08955683]
[0.08953723]
[0.08948395]
[0.08946775]
[0.08937915]
[0.08929725]
[0.08923773]
[0.08921828]
[0.08920632]
[0.08910716]
[0.08910044]
[0.08902844]
[0.08897959]
[0.08894593]
[0.08883096]
[0.08882726]
[0.08880833]
[0.08874118]
[0.08857848]
[0.08857495]
[0.08849911]
[0.08842878]
[0.08842586]
[0.0884171]
[0.0883538]
[0.08830517]
[0.08818178]
[0.08804376]
[0.0879711]
[0.08789828]
[0.08776361]
[0.08768331]
[0.08767691]
[0.08767083]
[0.08751305]
[0.08738802]
[0.08730294]
[0.08729621]
[0.08722676]
[0.0871975]
[0.08707254]
[0.08672015]
[0.08670346]
[0.0866335]
[0.08660198]
[0.08658569]
[0.08653234]
[0.08643631]
[0.08642346]
[0.08640496]
[0.08640096]
[0.08635886]
[0.08635291]
[0.08616]
[0.08599067]
[0.08591869]
[0.08588787]
[0.08583396]
[0.08583067]
[0.08579737]
[0.08574428]
[0.08558705]
[0.08558211]
[0.08550157]
[0.08549307]
[0.08541281]
[0.08529894]
[0.08517729]
[0.08513074]
[0.085117]
[0.08505601]
[0.08502549]
[0.0849312]
[0.08489604]
[0.08487306]
[0.08486699]
[0.08461454]
[0.08437459]
[0.08410654]
[0.08406831]
[0.08406124]
[0.08399884]
[0.08397759]
[0.08392794]
[0.08381648]
[0.08378699]
[0.08371133]
[0.08364151]
[0.0835557]
[0.08354179]
[0.08346804]
[0.08318787]
[0.08315849]
[0.083133]
[0.08307581]
[0.08302215]
[0.08294972]
[0.08287148]
[0.08286753]
[0.08260412]
[0.08233125]
[0.08196068]
[0.08182049]
[0.08181836]
[0.0817809]
[0.0817785]
[0.08171585]
[0.08160704]
[0.08127742]
[0.081084]
[0.08102097]
[0.08068664]
[0.08042952]
[0.08042129]
[0.08035135]
[0.080325]
[0.07994718]
[0.07971659]
[0.0796901]
[0.07965903]
[0.07957873]
[0.07908206]
[0.07871355]
[0.07857605]
[0.0785135]
[0.07848769]
[0.07844187]
[0.0777183]
[0.07769828]
[0.07769678]
[0.07766853]
[0.07765735]
[0.07729123]
[0.07727253]
[0.07691693]
[0.07653449]
[0.076406]
[0.07624516]
[0.07612995]
[0.07594976]
[0.07589646]
[0.07587207]
[0.07584536]
[0.07578843]
[0.0756398]
[0.07551384]
[0.0754521]
[0.07538212]
[0.0751801]
[0.07497907]
[0.07497297]
[0.07496729]
[0.07448799]
[0.07447424]
[0.07443908]
[0.07441037]
[0.07434279]
[0.07430266]
[0.07430181]
[0.07398397]
[0.07397923]
[0.07384583]
[0.073554]
[0.0734563]
[0.07330681]
[0.07326487]
[0.07290142]
[0.07271968]
[0.07257642]
[0.07200217]
[0.07199916]
[0.07163476]
[0.07161199]
[0.07149933]
[0.07128644]
[0.07095594]
[0.0708396]
[0.07066472]
[0.07060331]
[0.07037203]
[0.07031298]
[0.0701611]
[0.07010766]
[0.07006634]
[0.0699411]
[0.06981869]
[0.06981689]
[0.06977013]
[0.06968858]
[0.06963237]
[0.06951421]
[0.06934588]
[0.06916252]
[0.06911089]
[0.06906372]
[0.06901082]
[0.06895155]
[0.0688365]
[0.06869347]
[0.0686882]
[0.06856913]
[0.06853288]
[0.06848615]
[0.06847837]
[0.06804761]
[0.06792753]
[0.06786912]
[0.06781984]
[0.06779294]
[0.06776098]
[0.06768442]
[0.06746817]
[0.06733797]
[0.06725153]
