0.34295505
0.34057167
0.3345093
0.330542
0.32118648
0.32061267
0.3178395
0.31380755
0.30696088
0.30611652
0.30538824
0.3012785
0.3002093
0.29578605
0.295521
0.29422554
0.29231033
0.29180247
0.2897162
0.28764704
0.28740874
0.2853232
0.28491402
0.28468615
0.28345647
0.2828672
0.28266624
0.28182352
0.2813932
0.28041053
0.27858755
0.27856168
0.27786532
0.27738863
0.27709165
0.2766064
0.27650267
0.27551726
0.27540073
0.27418175
0.273859
0.27376842
0.27373174
0.2735424
0.27318457
0.2731689
0.27256724
0.2724458
0.27214304
0.27196732
0.2711938
0.27062726
0.27012154
0.26950872
0.26947773
0.269072
0.26884747
0.2686101
0.26794133
0.267183
0.26617202
0.26412183
0.2638235
0.2637232
0.26365888
0.26313815
0.26295614
0.26272833
0.26257902
0.2624634
0.26223013
0.26197806
0.26120153
0.26096502
0.2603919
0.2595087
0.25943282
0.2590696
0.2587554
0.2585866
0.25843677
0.25823563
0.2580468
0.2577039
0.25723484
0.2570732
0.2567361
0.25669956
0.25649843
0.25632772
0.25626564
0.2559249
0.25565365
0.25563502
0.25552365
0.25551847
0.25546804
0.2550535
0.25503024
0.25483915
0.254692
0.25460696
0.25448194
0.25445053
0.25394538
0.25364375
0.25343293
0.25339746
0.2530607
0.25294814
0.25291103
0.25279024
0.25267455
0.25265583
0.25222436
0.25206766
0.25183174
0.25172535
0.25151014
0.25124133
0.25096738
0.2509235
0.2508612
0.25082776
0.25024265
0.2501427
0.25007537
0.24990657
0.24934775
0.24919023
0.24908799
0.24907066
0.24907066
0.24864376
0.24857327
0.24852136
0.24824828
0.24820764
0.2481963
0.2480562
0.24793732
0.24746911
0.24737255
0.24728896
0.24714568
0.24696183
0.24681012
0.24681012
0.2467814
0.24671012
0.24663626
0.24618535
0.24598016
0.24596876
0.24579857
0.24531981
0.24494326
0.2448564
0.24483097
0.24472645
0.24471155
0.24458231
0.24452537
0.2444138
0.24437748
0.24433908
0.2442764
0.24418107
0.24410461
0.2441004
0.24396728
0.24387453
0.24382661
0.2437431
0.2436306
0.2433366
0.24328221
0.24306272
0.24302465
0.24294925
0.24291143
0.24284856
0.24267492
0.24266116
0.24262014
0.24259399
0.24255036
0.242534
0.24250089
0.24248524
0.24241108
0.2423923
0.24238989
0.24228796
0.24198915
0.24184772
0.2416494
0.24164417
0.24164283
0.24147856
0.2414467
0.24137582
0.2411999
0.2410279
0.24090429
0.24089673
0.24088234
0.24077882
0.24056673
0.240497
0.24049051
0.24045254
0.24012628
0.23996153
0.23987365
0.23977686
0.23976652
0.23975025
0.23974964
0.23974115
0.23960277
0.23953693
0.23952149
0.23951104
0.23949821
0.23913704
0.23908615
0.23898003
0.23896526
0.2388617
0.23885447
0.23871817
0.23851568
0.23845346
0.23844111
0.23832037
0.23830983
0.23824964
0.23816818
0.23796922
0.2378406
0.23783627
0.23780385
0.23774183
0.237595
0.23757872
0.23753023
0.23746912
0.23731299
0.23722596
0.23716205
0.2370871
0.23706432
0.23692583
0.23691772
0.23676188
0.23666923
0.23661742
0.23657738
0.23655176
0.23647854
0.23633176
0.2361972
0.23617758
0.23615938
0.23613061
0.23609771
0.23606211
0.23585682
0.23585267
0.23584928
0.23583372
0.23581104
0.23580725
0.23576704
0.23567435
0.23559313
0.23535712
0.23511519
0.23508628
0.23494416
0.23493342
0.23488106
0.23480128
0.23474774
0.23474464
0.23474464
0.23469567
0.23461936
0.23461398
0.23459478
0.23458467
0.23451406
0.23447475
0.2344586
0.23437564
0.2342894
0.23428746
0.23423313
0.23416337
0.23410656
0.23384331
0.23378907
0.23374696
0.23368438
0.23365867
0.23359554
0.23355001
0.2334033
0.2333535
0.23323558
0.23322386
0.23315953
0.23304133
0.23303129
0.23301399
0.23295586
0.23288725
0.2328319
0.23274562
0.2327406
0.23265623
0.23263216
0.23256107
0.2325466
0.23252745
0.23249143
0.23236711
0.232277
0.23217045
0.23214275
0.23213987
0.23209053
0.23203298
0.23202932
0.23193215
0.23190108
0.23185919
0.23182377
0.23172121
0.23167267
0.23150723
0.23150568
0.23146357
0.23145457
0.23137383
0.23132837
0.23132342
0.23128355
0.23127158
0.23119074
0.23096189
0.23096047
0.23094642
0.23090315
0.23074162
0.23069958
0.23067655
0.23062074
0.23061414
0.23060572
0.23055832
0.23053515
0.23050143
0.23035832
0.23032491
0.23030972
0.23025687
0.23024194
0.23020668
0.23017335
0.23012806
0.230003
0.22992277
0.22990641
0.22989292
0.22988473
0.22987743
0.22987188
0.22982964
0.22977829
0.2297566
0.22975065
0.22961529
0.22959113
0.22958429
0.2295718
0.22948526
0.22932619
0.2293029
0.22929372
0.22927523
0.22921017
0.22918664
0.22915918
0.22913109
0.22896662
0.22894327
0.22893785
0.22890411
0.22876172
0.22875547
0.22875547
0.2286601
0.22863325
0.22863059
0.22860861
0.22845031
0.2284236
0.22842084
0.22840501
0.22826357
0.22823
0.22821227
0.22805235
0.22799326
0.22794819
0.2279304
0.22792745
0.2278924
0.22781932
0.22778097
0.22774668
0.2277401
0.22763257
0.2276175
0.22748989
0.22745568
0.22744371
0.22743246
0.22739288
0.22738406
0.22737654
0.22736034
0.22736034
0.22736034
0.22732899
0.2273245
0.22731872
0.22712597
0.22686325
0.2268496
0.22682272
0.22674078
0.22673482
0.22673482
0.22663547
0.22658806
0.22650805
0.22649601
0.22648838
0.22647834
0.22639929
0.22636065
0.2262894
0.22625166
0.22620195
0.22619472
0.22617258
0.22614938
0.22604081
0.22603148
0.22602142
0.22600819
0.22599648
0.22596225
0.22595976
0.22592346
0.22588621
0.22580376
0.2257765
0.2257765
0.22568378
0.22567931
0.2256542
0.22562172
0.2255589
0.2255494
0.22550358
0.22547631
0.22544543
0.22539082
0.2253883
0.22537364
0.2253585
0.22533338
0.22527961
0.22527094
0.22524375
0.22512199
0.22510341
0.2250865
0.22502145
0.2249512
0.22494979
0.2249385
0.224915
0.22490022
0.22489788
0.22489367
0.2248744
0.22487135
0.22484396
0.22480404
0.22478627
0.22473978
0.22473012
0.22471276
0.22469814
0.22468646
0.2246505
0.22464134
0.22461209
0.2245677
0.22454119
0.22450477
0.22444943
0.22442564
0.22438759
0.22438648
0.2243379
0.22432293
0.22431435
0.22427507
0.22424509
0.2242361
0.22418974
0.22418585
0.22418052
0.2241535
0.22414666
0.22413237
0.22411071
0.22410469
0.22405769
0.22402859
0.2239766
0.22386478
0.2238647
0.22386079
0.22385925
0.22383775
0.22378494
0.22357722
0.2235693
0.22354454
0.22349517
0.22346286
0.22344948
0.22341555
0.22341444
0.22340292
0.2233798
0.22331043
0.22327597
0.22323854
0.22322956
0.2232067
0.22318025
0.2231601
0.22314116
0.22313298
0.2230427
0.22300285
0.22298649
0.2228839
0.22287337
0.22285502
0.22284342
0.22280347
0.2227718
0.22273485
0.22272667
0.22262318
0.22260952
0.22252312
0.22251841
0.22246332
0.22235094
0.22234155
0.22231574
0.2223076
0.22230606
0.22225218
0.22219498
0.22219044
0.22218138
0.22213227
0.22211589
0.22206376
0.22205822
0.22203276
0.22199991
0.2219605
0.2219425
0.22194149
0.22190332
0.22190332
0.22188595
0.22186208
0.22181958
0.22181395
0.22177586
0.22176573
0.22170916
0.22170773
0.22167647
0.22166805
0.22166367
0.22162211
0.22160445
0.22154911
0.2215372
0.22153531
0.22150044
0.22148266
0.22148132
0.22145323
0.22142541
0.22142208
0.2214019
0.22137551
0.22134694
0.22134694
0.22133337
0.22133063
0.22123824
0.22123735
0.22120366
0.221161
0.22110769
0.22110675
0.22103828
0.22099812
0.22088581
0.22086592
0.22085895
0.22082695
0.22082543
0.22076778
0.22076014
0.22074689
0.2206848
0.22064145
0.22053254
0.2205234
0.22048278
0.220448
0.22043593
0.2204163
0.22041234
0.22035852
0.22035694
0.22031324
0.22028634
0.22025132
0.22021508
0.22019838
0.22018407
0.22006811
0.22005787
0.21997072
0.21996698
0.21995671
0.21993183
0.21992093
0.21990113
0.21989962
0.21989106
0.21981311
0.21978384
0.21975902
0.21975888
0.21971123
0.21964523
0.21962692
0.21949342
0.21948905
0.2194642
0.21943751
0.2194028
0.21928203
0.2192241
0.2192157
0.21920165
0.2191987
0.21918465
0.2191563
0.21912761
0.21911854
0.21904656
0.21902353
0.21898971
0.21898668
0.21897541
0.21897027
0.21896014
0.21895774
0.21894246
0.21889286
0.21888722
0.21884547
0.2188247
0.21877685
0.21875638
0.21873783
0.21873705
0.21872711
0.21872437
0.21862218
0.21861611
0.21859363
0.21854512
0.21852766
0.21850938
0.2184576
0.21845552
0.21845233
0.21844907
0.2184234
0.21831217
0.21826531
0.21823882
0.21822593
0.21820448
0.21818957
0.21817116
0.21811195
0.21809544
0.21808799
0.21808667
0.21802872
0.21796949
0.21793841
0.217932
0.2179314
0.21791126
0.21789365
0.21787904
0.21783943
0.2178374
0.21782088
0.2178119
0.21780024
0.21768737
0.21767898
0.21767567
0.2176752
0.21760757
0.21759686
0.21759467
0.21747686
0.21746609
0.2174611
0.21735936
0.21735325
0.21733579
0.21732478
0.21731815
0.2173123
0.21729231
0.21728908
0.21728848
0.21728583
0.21727754
0.21727683
0.21727607
0.21727471
0.21727066
0.21726944
0.21720418
0.21715614
0.21707104
0.21704382
0.21702765
0.21702448
0.21699643
0.21697529
0.21696661
0.21694142
0.2169198
0.2169119
0.21690212
0.21687599
0.2168749
0.21687399
0.21686691
0.2168483
0.21684061
0.21683551
0.21683319
0.21681458
0.21679951
0.21678941
0.21678436
0.21678092
0.21674193
0.21670206
0.21664914
0.21664906
0.21661691
0.21661192
0.21660717
0.216597
0.21659636
0.21653534
0.21652272
0.21649806
0.21649297
0.2164875
0.21646062
0.21644019
0.21643645
0.21642837
0.21642391
0.2164163
0.21634987
0.21634932
0.21632744
0.21628615
0.21628517
0.21628012
0.21624534
0.21623775
0.21620333
0.21619236
0.21619214
0.21617278
0.21613328
0.21611279
0.21609524
0.21599913
0.21598896
0.21593815
0.21592917
0.21588744
0.21588047
0.21586578
0.21583351
0.21583164
0.21578531
0.21577783
0.21577722
0.21575984
0.21574068
0.21573655
0.21573605
0.21571453
0.21562576
0.21562576
0.21562505
0.21560928
0.21557553
0.2155575
0.21555081
0.21551855
0.21551745
0.21551321
0.21549885
0.21548343
0.21540932
0.21536899
0.21535638
0.21535529
0.2153536
0.2153463
0.21533775
0.21531543
0.215303
0.21529391
0.2152928
0.21520172
0.21520104
0.2151784
0.21515284
0.215123
0.21504569
0.2150394
0.21501149
0.21500598
0.2150045
0.21498877
0.21498068
0.2149797
0.21493538
0.21491489
0.21488234
0.21488138
0.21482432
0.21481545
0.21481356
0.21480885
0.21480197
0.21475036
0.21471757
0.21471119
0.21467686
0.21466215
0.21465646
0.21464798
0.21462964
0.21460804
0.21460804
0.21459909
0.21451932
0.2145114
0.21450049
0.21448904
0.2144733
0.21446331
0.214427
0.21439767
0.21438356
0.21437305
0.2143668
0.21436295
0.21434705
0.2143356
0.21430987
0.21428633
0.21425734
0.21424785
0.21424407
0.21422471
0.2141952
0.2141777
0.21417733
0.21416862
0.21413763
0.2141194
0.21411404
0.21410733
0.2140894
0.21406478
0.21406116
0.21406007
0.21404988
0.21403524
0.21400344
0.21399921
0.2139727
0.2139661
0.2139209
0.21391879
0.21391423
0.21391234
0.21389283
0.21387908
0.21383706
0.2138315
0.21383095
0.2138152
0.21381244
0.21380216
0.21378343
0.21377808
0.21375749
0.213755
0.2137393
0.21372938
0.21371697
0.21371405
0.21370819
0.21366736
0.21365467
0.21364337
0.21363585
0.21361223
0.21361203
0.21359089
0.21357882
0.21354085
0.21353933
0.21350454
0.21345337
0.2134499
0.2134432
0.21342029
0.21341735
0.213382
0.21336477
0.21333952
0.21333763
0.21332675
0.21330552
0.21323363
0.21320926
0.21320051
0.21319935
0.21319029
0.21316303
0.21315934
0.21312152
0.21308634
0.2130831
0.2130323
0.21299559
0.21299273
0.21295176
0.21294455
0.21293075
0.21292832
0.21290965
0.2128966
0.21289334
0.21289174
0.2128871
0.21288632
0.21288437
0.21288277
0.21287875
0.21285386
0.21284859
0.2128477
0.21284038
0.21283342
0.21283053
0.21279992
0.21277566
0.2127598
0.21274118
0.21268427
0.21265878
0.2126192
0.21261655
0.21260518
0.2125919
0.21258204
0.21255617
0.21254885
0.21253003
0.21252452
0.21251984
0.21251234
0.21250704
0.21247561
0.21247244
0.21245287
0.2124459
0.21243922
0.21243124
0.21242592
0.212418
0.21241426
0.2123985
0.21239798
0.21236596
0.21234234
0.21232767
0.21232359
0.21231829
0.21230906
0.2122975
0.21228959
0.21227829
0.21227397
0.21225715
0.21224523
0.21221998
0.2121854
0.21218282
0.21216843
0.21214165
0.21211223
0.21209598
0.21208836
0.212082
0.2120402
0.2120401
0.21202011
0.21201077
0.21200475
0.21200216
0.21198681
0.21198647
0.21198381
0.21197972
0.21197481
0.21197347
0.21195926
0.2119566
0.21192147
0.21191582
0.21189374
0.21188754
0.21187966
0.2118766
0.21186692
0.21186559
0.21185564
0.21182632
0.21182553
0.21177197
0.2117659
0.21175478
0.21174692
0.2117467
0.21171977
0.21167897
0.21167566
0.21166305
0.2116611
0.2116343
0.21161115
0.2116049
0.21160239
0.21160129
0.2115942
0.2115884
0.2115884
0.21153107
0.21150346
0.21149702
0.2114855
0.2114724
0.21146543
0.21144205
0.21142682
0.2114071
0.21139967
0.21138477
0.21133764
0.2113353
0.21133098
0.21127038
0.21125431
0.21123198
0.21122125
0.2111898
0.21118219
0.21117944
0.21117322
0.21117286
0.21115611
0.21114253
0.21111849
0.21111166
0.21111141
0.2110794
0.21107651
0.2110735
0.21105629
0.2110517
0.21103647
0.21100953
0.21100505
0.21096982
0.21095563
0.21094547
0.21093279
0.21092889
0.21092889
0.21091771
0.21087018
0.21085368
0.21084677
0.21083388
0.21080807
0.21080248
0.2107965
0.21078888
0.21078311
0.21077633
0.2107704
0.21075717
0.21072942
0.21072833
0.21070632
0.21069117
0.2106879
0.21065912
0.21064533
0.21063566
0.21062896
0.21059963
0.21059772
0.21059409
0.21059063
0.21058121
0.21057858
0.21057647
0.21056066
0.21055046
0.21053855
0.21050435
0.21048956
0.21048866
0.21046656
0.21045956
0.21044299
0.21044172
0.21044172
0.21042572
0.2104247
0.2104006
0.21039546
0.21035886
0.21030866
0.21030538
0.21030426
0.2102481
0.21023828
0.21018884
0.2101828
0.21015339
0.2101215
0.2101108
0.21010968
0.21010621
0.21009678
0.21007971
0.21007055
0.210061
0.21003559
0.21000355
0.20995437
0.20995283
0.20994623
0.20993502
0.20992935
0.20990932
0.20990855
0.2098963
0.20988865
0.2098869
0.2098754
0.20986654
0.20985366
0.2098535
0.20985295
0.20984752
0.20984223
0.20981804
0.20981511
0.20981477
0.2098129
0.20980264
0.20979056
0.20977104
0.20976168
0.20973471
0.20973177
0.20969848
0.2096971
0.20966606
0.20966606
0.20966314
0.209652
0.2096436
0.20963952
0.20961295
0.20959601
0.20957954
0.20957893
0.20957449
0.2095625
0.2095517
0.20952846
0.2095221
0.20952198
0.20949729
0.20946723
0.20946625
0.20944943
0.20944844
0.20944601
0.20944422
0.20940478
0.2093799
0.20937143
0.20936328
0.20933224
0.2093092
0.20929395
0.20928355
0.20923492
0.20922793
0.20921403
0.20920327
0.20918909
0.20918651
0.20918044
0.20917551
0.20917204
0.20915096
0.20914845
0.2091296
0.20910987
0.20910712
0.20910712
0.20910686
0.20909657
0.20908143
0.20908143
0.2090705
0.20906559
0.20905775
0.2090558
0.20905238
0.20904624
0.20904216
0.20902628
0.20902395
0.20900975
0.20899534
0.20899485
0.20897539
0.2089523
0.20892692
0.20891352
0.2089067
0.20888975
0.20888072
0.20888035
0.20887402
0.20886323
0.2088084
0.20880523
0.20879625
0.20879625
0.2087943
0.2087891
0.20878483
0.20877787
0.20876062
0.20875247
0.2087445
0.20873876
0.20871541
0.20871408
0.20868638
0.20866194
0.20865975
0.2086274
0.2086011
0.20859522
0.20857222
0.20856975
0.20856194
0.20851453
0.20850764
0.20848137
0.20847598
0.20846246
0.20845944
0.20843507
0.20841484
0.20841254
0.20840752
0.20839904
0.20838831
0.20837736
0.20835419
0.20835419
0.20835309
0.2083371
0.2083304
0.2083131
0.20830883
0.20830649
0.20829736
0.2082952
0.20825662
0.20824945
0.20822324
0.20822154
0.20820633
0.2081906
0.20817615
0.208175
0.208175
0.2081745
0.20816648
0.20816235
0.20815231
0.20814294
0.20812012
0.20810787
0.20808949
0.2080885
0.20808372
0.20808256
0.20807895
0.20806895
0.20806363
0.20806272
0.2080515
0.20804435
0.20803551
0.20803115
0.20802459
0.20800939
0.20800787
0.20800135
0.20800135
0.2079975
0.2079752
0.20797174
0.20795009
0.20794727
0.20792839
0.20792834
0.20792657
0.20792045
0.20790994
0.20789817
0.20789182
0.20788787
0.20788506
0.20788433
0.2078746
0.20786949
0.20786867
0.20785622
0.2078556
0.2078495
0.207817
0.20780683
0.20779571
0.20779368
0.20778933
0.20778784
0.20777787
0.20777787
0.20776254
0.20772597
0.20771861
0.20771046
0.20769235
0.2076893
0.20768298
0.2076669
0.20766373
0.2076583
0.20765457
0.2076436
0.20763786
0.20762885
0.2076268
0.20762226
0.20762183
0.2076196
0.20761369
0.20761102
0.20760494
0.20757575
0.20757471
0.20756534
0.20756154
0.20755012
0.2075484
0.20754367
0.20752732
0.20752653
0.20750597
0.20749882
0.20749348
0.20748891
0.20748803
0.20747362
0.20746893
0.20745225
0.20744887
0.20744394
0.20744324
0.20743938
0.20743851
0.20742945
0.20741038
0.20739774
0.20739263
0.20738396
0.20735212
0.20734237
0.20732528
0.20732024
0.20729075
0.20728378
0.2072813
0.20726909
0.2072518
0.20724112
0.20723265
0.20722203
0.20721868
0.2072174
0.20721711
0.20720856
0.20720254
0.20718919
0.20716308
0.20716205
0.20713967
0.2071066
0.20710126
0.20707646
0.20707078
0.20706832
0.20705847
0.20704682
0.20702082
0.20701812
0.20699495
0.20698805
0.20698358
0.20698084
0.2069724
0.20693468
0.20693356
0.20691718
0.20690629
0.20690629
0.20690577
0.20689604
0.2068706
0.2068598
0.20682809
0.20681979
0.20681626
0.20680818
0.20680818
0.2068039
0.2068019
0.20680042
0.20679705
0.20678824
0.20678516
0.20678282
0.20677817
0.20676483
0.20676355
0.20675774
0.20675696
0.20674255
0.20673601
0.20672475
0.20671979
0.2067143
0.20668976
0.20667888
0.2066779
0.20667161
0.2066696
0.20666577
0.20665362
0.20665362
0.2066524
0.20664808
0.20664284
0.20663396
0.20663005
0.2066176
0.20660965
0.2065721
0.20657042
0.20654938
0.20654364
0.20649141
0.20648357
0.20646322
0.2064556
0.20642596
0.20642304
0.20639448
0.20638876
0.20638044
0.20637344
0.20635195
0.20634708
0.20634404
0.20632972
0.20632231
0.20632197
0.20631182
0.20630522
0.2063004
0.20629516
0.2062929
0.20628335
0.20628
0.2062715
0.20625706
0.20624197
0.2062302
0.20622715
0.20622484
0.20619273
0.20618097
0.20617075
0.20616823
0.20616406
0.20615754
0.20615649
0.20615251
0.2061496
0.20614627
0.20614396
0.20613863
0.20613386
0.20613347
0.2061278
0.2061182
0.20610993
0.20609201
0.20609082
0.20609066
0.2060893
0.20607667
0.206071
0.20606065
0.20605238
0.20603193
0.20602852
0.20596705
0.20595737
0.20595358
0.20595002
0.2059477
0.20594145
0.20593452
0.20592527
0.20592414
0.20590441
0.20590214
0.20589134
0.20588857
0.20588815
0.2058785
0.20586489
0.20585428
0.20584765
0.20584281
0.20584232
0.20584208
0.20583844
0.20583783
0.20583679
0.20583238
0.20582414
0.20582078
0.20582038
0.20581734
0.20580947
0.20579949
0.20578548
0.20577829
0.20576355
0.20574583
0.20572403
0.20570427
0.20570385
0.20569533
0.20568937
0.2056854
0.20567586
0.20566161
0.20566013
0.20564888
0.20564471
0.20564307
0.2056425
0.20559861
0.20559861
0.20559737
0.20559199
0.20558749
0.20558734
0.20558734
0.20554192
0.20553365
0.2055281
0.20551983
0.2055152
0.2055117
0.20550784
0.20549619
0.20549406
0.20547733
0.20547426
0.20546332
0.20545857
0.20542382
0.20541447
0.20541419
0.20540218
0.20539853
0.20537502
0.20536768
0.20536415
0.2053625
0.20535012
0.20534141
0.20533061
0.20533049
0.2053302
0.20532382
0.2053026
0.20530185
0.2053009
0.20529105
0.20528455
0.2052826
0.20526956
0.20526746
0.2052593
0.20525907
0.20524886
0.20523782
0.20521894
0.20520635
0.20520528
0.20520331
0.2051901
0.2051901
0.20518179
0.20517556
0.20517054
0.2051704
0.20516902
0.2051579
0.20515038
0.20514518
0.20513804
0.20512997
0.2051134
0.20508716
0.20508279
0.20508279
0.20507677
0.205072
0.20506904
0.2050633
0.20505767
0.20504558
0.20503403
0.20503393
0.20502336
0.20501667
0.20499891
0.20499042
0.20499042
0.2049897
0.20498553
0.20494278
0.20492524
0.20491716
0.20488696
0.2048806
0.20487219
0.20487215
0.20487086
0.20486264
0.20485467
0.20484835
0.20484424
0.20482129
0.20482008
0.20481406
0.204809
0.20478328
0.20477076
0.20476411
0.20475535
0.20475355
0.20475349
0.2047502
0.20474803
0.20473874
0.20470388
0.20469062
0.20466729
0.20463781
0.20461185
0.20460682
0.20460287
0.20459804
0.2045782
0.20457628
0.20456827
0.20454815
0.20454149
0.20454079
0.2045253
0.20450452
0.20450348
0.20449825
0.20448014
0.20446485
0.20445116
0.20444861
0.20444472
0.2044435
0.20443246
0.20443113
0.20442222
0.20441638
0.2044039
0.2043926
0.20438303
0.2043822
0.20437548
0.2043703
0.20435724
0.2043491
0.20432186
0.20431475
0.20431143
0.20427412
0.20426545
0.20426388
0.2042634
0.20425227
0.2042512
0.20422699
0.20422207
0.20421925
0.20417781
0.20414612
0.20414308
0.20413676
0.20412737
0.20411287
0.20411234
0.20410237
0.20409478
0.20409307
0.20408808
0.20406531
0.20406204
0.20405702
0.20405492
0.20405039
0.20402506
0.20401895
0.20401698
0.20397754
0.20396192
0.2039524
0.20393634
0.20393486
0.20392749
0.20391607
0.20390666
0.20389366
0.20389256
0.20388429
0.20388292
0.20385489
0.203848
0.20384543
0.20383738
0.20382619
0.20382415
0.20382045
0.20381801
0.20381151
0.20380645
0.20378973
0.20378278
0.20377742
0.20376973
0.20375745
0.2037407
0.20372373
0.20372115
0.20371422
0.20368318
0.20368178
0.20367992
0.20367593
0.20367369
0.20367117
0.20366386
0.20366365
0.2036534
0.20364359
0.20363823
0.20363778
0.20362751
0.20361984
0.20360778
0.20359573
0.20358607
0.2035757
0.20357205
0.20356138
0.20356056
0.20355904
0.20355842
0.20350614
0.20348318
0.20347902
0.20346928
0.20346911
0.20346124
0.20345858
0.20345855
0.20345855
0.20345517
0.20344757
0.20343879
0.20343086
0.20343086
0.2034237
0.2034237
0.20341395
0.20341106
0.20340568
0.20340545
0.20339425
0.20339376
0.20339116
0.203379
0.2033734
0.20337333
0.20337124
0.20336832
0.2033573
0.20334888
0.20333569
0.20331758
0.20331557
0.20331557
0.20330982
0.20329118
0.20329008
0.20328318
0.20327497
0.20326874
0.20325544
0.20325395
0.20324278
0.20324183
0.20323442
0.20322488
0.20320882
0.20320559
0.20319882
0.20319566
0.20316541
0.20316197
0.20316134
0.20315242
0.20314866
0.20313792
0.20313762
0.2031376
0.20313443
0.20312521
0.20311263
0.20311071
0.20310393
0.20309944
0.20309295
0.2030842
0.20308205
0.20308064
0.20308064
0.20307639
0.20307478
0.20306467
0.20304555
0.20304379
0.20304057
0.20302929
0.20302504
0.20301993
0.20300145
0.20299639
0.2029935
0.20299092
0.2029872
0.20297685
0.20294213
0.20293914
0.20293503
0.20293356
0.20293145
0.20290309
0.20290133
0.20290093
0.20288807
0.20288596
0.20288274
0.20287625
0.20287499
0.20287137
0.20287009
0.20286793
0.20282017
0.20280454
0.20280343
0.2028
0.20279938
0.20279385
0.20279145
0.20278847
0.20278797
0.20277192
0.2027704
0.20276508
0.20276475
0.20275533
0.20274864
0.20273429
0.20272727
0.20272443
0.20272443
0.20272261
0.20272253
0.20271403
0.20271303
0.20270836
0.20270814
0.2026839
0.20267062
0.20266047
0.20264864
0.20263192
0.20263176
0.20263161
0.20260583
0.2026013
0.20259923
0.20256367
0.20256154
0.20255704
0.20255388
0.20254184
0.20253047
0.20251814
0.20251408
0.20250583
0.20249979
0.20249663
0.20248823
0.20248644
0.20248598
0.20248231
0.2024655
0.20246263
0.20245531
0.20245436
0.20244773
0.20244761
0.20244133
0.20244113
0.20243838
0.20242554
0.20241967
0.20241447
0.20241237
0.20241089
0.20241037
0.20240702
0.20240209
0.20239428
0.20238139
0.2023623
0.20235412
0.20235139
0.20234667
0.20234266
0.20234141
0.20234025
0.20232722
0.20231886
0.20231777
0.20230997
0.20230992
0.20230934
0.2023075
0.20229076
0.20227453
0.20226899
0.20226887
0.20226827
0.20226683
0.20225596
0.2022501
0.20224668
0.20224524
0.20224413
0.20223443
0.20223215
0.2022311
0.20223041
0.20222865
0.20222631
0.20222405
0.20221917
0.20221867
0.20220964
0.20219399
0.20218498
0.20218202
0.20216218
0.20215437
0.20214924
0.20214756
0.20214756
0.20214705
0.20212905
0.2021243
0.2021198
0.20209894
0.20208324
0.20208098
0.20207386
0.20204633
0.20203204
0.20201133
0.20200974
0.20200399
0.20199768
0.2019855
0.20197652
0.201973
0.20197038
0.2019695
0.20196788
0.20193279
0.20193242
0.20192128
0.20191506
0.2019093
0.20189437
0.20189378
0.20188731
0.20188478
0.20187706
0.201863
0.20184782
0.2018322
0.20183201
0.20183201
0.20182411
0.20182328
0.20181057
0.20180412
0.20180412
0.20179944
0.20178446
0.20178366
0.20178291
0.20177212
0.20177056
0.20175616
0.20174463
0.20174253
0.20172955
0.20171952
0.20170014
0.20169729
0.20169498
0.20169288
0.20168905
0.20168868
0.20168313
0.20167275
0.20165567
0.20164761
0.20164697
0.20164652
0.20163678
0.20163278
0.20163278
0.20163007
0.20160942
0.20160852
0.20159705
0.20158143
0.20155536
0.20155412
0.201552
0.20155086
0.20154925
0.20152369
0.20151958
0.20150569
0.20148161
0.20147774
0.20146807
0.20146446
0.2014566
0.20144299
0.20143549
0.20143126
0.20142367
0.20141706
0.20141588
0.20141529
0.2014138
0.20141214
0.20140181
0.20139603
0.20139079
0.20135912
0.20135912
0.20134848
0.20134744
0.20134744
0.20133643
0.20133643
0.20133437
0.2013337
0.20131806
0.20131457
0.20128204
0.20127673
0.20127392
0.2012648
0.20126447
0.2012611
0.20125581
0.20125455
0.2012466
0.20124558
0.2012392
0.20122473
0.20120981
0.2012073
0.2012071
0.20120658
0.20118901
0.20118001
0.20117345
0.20115887
0.2011417
0.20113902
0.20113878
0.20113562
0.20111793
0.20110077
0.20109086
0.20108947
0.20108943
0.2010883
0.20108515
0.20107836
0.20107388
0.20107247
0.20106791
0.20106283
0.2010539
0.20104773
0.20104736
0.20100586
0.2009987
0.20099187
0.20098831
0.20098655
0.20098652
0.2009856
0.20097111
0.20096621
0.20096269
0.20095253
0.20094815
0.20094195
0.20093724
0.20093395
0.20093355
0.20092957
0.20092691
0.20092651
0.20090854
0.2009011
0.20089704
0.20089611
0.20089611
0.20088874
0.20088066
0.20087515
0.20084123
0.20083766
0.20082498
0.20082197
0.20081966
0.20081608
0.20080999
0.20080866
0.20080572
0.20080496
0.200797
0.200797
0.2007963
0.20079514
0.20078117
0.20078085
0.20077908
0.20077486
0.20077448
0.20076725
0.20076197
0.20075686
0.20075406
0.2007503
0.2007503
0.2007491
0.20072839
0.20072444
0.20072424
0.20071633
0.20071352
0.20071025
0.20070268
0.20069647
0.20068064
0.20067638
0.20067134
0.20064777
0.20064224
0.20063609
0.20063394
0.20063166
0.20061032
0.2006059
0.20059948
0.20058751
0.20056817
0.20056678
0.20052253
0.20052001
0.20049006
0.20048073
0.20046201
0.200459
0.20045897
0.20045142
0.20045055
0.20043595
0.20043088
0.20042282
0.20041008
0.20040396
0.20039319
0.20038217
0.20038006
0.20035963
0.20033942
0.20033461
0.2003345
0.20033048
0.20032865
0.20032677
0.20031923
0.20031364
0.20029727
0.20029363
0.20028986
0.20027821
0.20026167
0.20023829
0.20023243
0.20023187
0.200219
0.20020115
0.20020115
0.20019118
0.20018728
0.20018464
0.20018034
0.20017603
0.20016761
0.2001528
0.20014304
0.20012929
0.2001147
0.20010556
0.20008455
0.20008177
0.20005712
0.2000558
0.20004812
0.20004025
0.20003016
0.20001759
0.20000751
0.20000285
0.20000248
0.20000248
0.19999537
0.19999525
0.19999272
0.19998698
0.1999534
0.19994703
0.19993065
0.19991119
0.19990584
0.19990475
0.19989838
0.19989628
0.19989328
0.1998865
0.19987975
0.19987759
0.1998755
0.19987471
0.19986968
0.19986236
0.19986051
0.19983545
0.199833
0.19982591
0.19981866
0.19981852
0.19981562
0.1997864
0.19978626
0.19978204
0.19977148
0.19975704
0.19975324
0.19975315
0.1997233
0.1997196
0.19971777
0.19971755
0.19970664
0.19969858
0.1996913
0.19968222
0.19967301
0.19965726
0.19965713
0.19965601
0.19965577
0.1996437
0.19963455
0.19963035
0.19962889
0.19962646
0.19962505
0.19962238
0.1996222
0.19961198
0.19960707
0.19960666
0.19960196
0.1995793
0.19957781
0.19956392
0.19955873
0.19955397
0.1995471
0.19954579
0.19954099
0.19953288
0.19952229
0.1995159
0.19949892
0.19949801
0.19949655
0.19948098
0.1994788
0.19945706
0.19945526
0.19945164
0.19944291
0.19942851
0.19942337
0.19941765
0.1994049
0.19939508
0.19938654
0.19936995
0.19936672
0.19936672
0.19934602
0.19933559
0.19933558
0.19932169
0.19929042
0.1992884
0.19928642
0.19928502
0.1992796
0.1992753
0.19925539
0.19924419
0.19924419
0.19923621
0.19923055
0.19922902
0.19922489
0.19922453
0.1992236
0.19921689
0.19918141
0.19917442
0.1991701
0.19915277
0.19915044
0.19914953
0.19914208
0.19914138
0.19912243
0.19911757
0.19911522
0.1991098
0.19910185
0.19909346
0.19907042
0.1990693
0.19906564
0.19906165
0.19906107
0.1990585
0.19904773
0.19903336
0.19903308
0.19903171
0.19903171
0.1990316
0.19903031
0.19901597
0.19901358
0.19900873
0.19899102
0.19897999
0.19896013
0.19895987
0.19895588
0.1989374
0.1989363
0.19892752
0.19892699
0.19892193
0.19891684
0.1989165
0.19891137
0.19890589
0.19890267
0.19890267
0.19888596
0.19888538
0.19888404
0.19887498
0.1988731
0.1988725
0.1988719
0.19885752
0.19884817
0.19884449
0.19883695
0.19883169
0.19882739
0.19882728
0.19881618
0.1988152
0.19881047
0.19878648
0.1987862
0.19878085
0.19878021
0.1987736
0.19876827
0.19876596
0.1987619
0.1987546
0.19874561
0.1987429
0.1987429
0.19874081
0.19874051
0.1987329
0.19873205
0.1987304
0.198724
0.19871315
0.1987118
0.19870438
0.19868642
0.19868578
0.1986836
0.19866887
0.19866356
0.19865473
0.19864866
0.19864406
0.19864085
0.19863904
0.19861898
0.19860816
0.19859372
0.19858786
0.1985728
0.19857013
0.19855037
0.1985501
0.19853884
0.19853266
0.19852427
0.19852266
0.19851488
0.19850223
0.19849886
0.1984984
0.1984836
0.19847895
0.19847105
0.19846979
0.1984644
0.19846158
0.19844854
0.1984353
0.19843042
0.19842479
0.19840853
0.19839767
0.1983858
0.19837628
0.1983717
0.19836871
0.19836737
0.19836149
0.19835824
0.19835821
0.19835821
0.19835773
0.19835496
0.19834122
0.19833276
0.19832851
0.19831784
0.1983016
0.19830157
0.19829792
0.19828752
0.19828251
0.19827966
0.19827902
0.19827788
0.19827321
0.19826859
0.1982612
0.19825678
0.19824453
0.1982407
0.19823214
0.19822754
0.19822066
0.19821988
0.1982164
0.19821292
0.19821282
0.19819866
0.19819179
0.19818918
0.19818807
0.1981839
0.19818251
0.19818148
0.19817853
0.19815008
0.19814934
0.19814321
0.1981339
0.19813354
0.19813053
0.19812559
0.19811879
0.19811621
0.19811621
0.19811577
0.19811381
0.1981138
0.19811329
0.19810897
0.19809565
0.19809268
0.19808124
0.19808096
0.19807795
0.19807047
0.19804281
0.19804062
0.19804
0.19803427
0.19802448
0.19802378
0.19801056
0.19800715
0.1980001
0.1979911
0.19798905
0.19798338
0.19797751
0.19797695
0.19797663
0.19796209
0.1979582
0.19795091
0.19794957
0.19794731
0.19794045
0.19794017
0.19793788
0.19793135
0.19793083
0.19792143
0.19790788
0.19790316
0.19788711
0.1978869
0.1978787
0.19787766
0.19787501
0.19786847
0.19785655
0.19785655
0.19784786
0.19783534
0.19782692
0.19782169
0.19781944
0.19781157
0.19781122
0.19780305
0.19779806
0.19779457
0.19779457
0.19779308
0.19778457
0.19777857
0.19777589
0.19776583
0.19776003
0.1977563
0.1977563
0.19774853
0.19774707
0.19773719
0.19773124
0.19772744
0.19771898
0.19771327
0.19770893
0.19769841
0.19769698
0.1976925
0.19768311
0.19767976
0.19766216
0.19765738
0.19764957
0.19764957
0.19764331
0.19764304
0.1976277
0.19762392
0.19762251
0.1976217
0.19761275
0.19759399
0.19758783
0.19758783
0.1975838
0.19758353
0.19756742
0.1975656
0.19756077
0.19755718
0.19754702
0.19754237
0.19753462
0.19752915
0.1975262
0.19752571
0.19752249
0.19750726
0.1975
0.19749476
0.19747709
0.19747312
0.19747041
0.19746655
0.19745746
0.19744967
0.19744967
0.19744948
0.19744803
0.19744615
0.19744167
0.19743717
0.19743055
0.19742548
0.1974228
0.19741066
0.19740948
0.19740483
0.19739799
0.19739413
0.1973878
0.19738342
0.19737954
0.19737864
0.19737525
0.19735947
0.19735765
0.1973557
0.19732907
0.197314
0.19731027
0.19730589
0.1973035
0.19730254
0.19730052
0.1972941
0.19728515
0.1972691
0.19726782
0.19726713
0.19726564
0.19725904
0.1972566
0.19725414
0.1972486
0.19723716
0.19723716
0.19722977
0.1972264
0.19721481
0.19720964
0.19720888
0.19720127
0.19719319
0.1971922
0.19718085
0.19718063
0.19716889
0.19715627
0.19715567
0.19715439
0.19715013
0.1971476
0.19714195
0.19713527
0.19713382
0.19711746
0.19711733
0.19711725
0.19711442
0.19711442
0.19711442
0.19710709
0.19710663
0.19710335
0.19709207
0.19709204
0.19706304
0.1970612
0.1970589
0.19705565
0.19705449
0.19703318
0.19702753
0.19702469
0.19702159
0.19701508
0.19699892
0.19699101
0.19698922
0.19697076
0.19696848
0.19695637
0.1969422
0.19693281
0.1969229
0.19691947
0.19691822
0.19691348
0.19691019
0.1969008
0.19689876
0.1968964
0.19688162
0.19687058
0.19687058
0.19686598
0.19685629
0.19684877
0.19684426
0.1968413
0.19683664
0.19682778
0.19682546
0.1968227
0.19681793
0.19679108
0.1967826
0.19677773
0.19677155
0.19676946
0.19676912
0.19676909
0.1967597
0.19675577
0.19675338
0.19675007
0.1967466
0.19674443
0.1967404
0.19673353
0.19673225
0.19671695
0.19671589
0.19671589
0.19671439
0.19671084
0.19668192
0.19667996
0.19667852
0.19667388
0.19666763
0.19665703
0.196654
0.19664833
0.19664763
0.19664082
0.1966177
0.19659568
0.19659364
0.19659096
0.19659007
0.19658819
0.19658819
0.1965814
0.19657022
0.19656813
0.1965628
0.19654799
0.19654363
0.19652794
0.196522
0.19651806
0.19651021
0.19651021
0.19650479
0.19650139
0.19649626
0.19649358
0.19648872
0.1964804
0.19648036
0.19647856
0.19647856
0.19645327
0.19645198
0.19644122
0.19643621
0.1964352
0.19642377
0.19642164
0.19642106
0.19640714
0.19639054
0.19639006
0.19638892
0.19638778
0.19638713
0.19638634
0.1963795
0.19637766
0.19634953
0.19634666
0.19634613
0.19634183
0.1963386
0.1963386
0.1963365
0.19633198
0.19632815
0.19631611
0.1963158
0.1963146
0.19631073
0.19629666
0.1962952
0.19628724
0.1962815
0.19628015
0.19627857
0.19627848
0.19626954
0.19625898
0.19624639
0.19624585
0.19623478
0.1962339
0.19622688
0.19622521
0.19622095
0.19621986
0.19621192
0.19620275
0.19616593
0.19616243
0.19616216
0.19615276
0.19614847
0.19614042
0.19613594
0.19613089
0.19611897
0.19611219
0.19610873
0.19608085
0.19607897
0.196078
0.196078
0.19607595
0.19607097
0.19607037
0.19606662
0.19606519
0.19605775
0.1960494
0.19604847
0.1960367
0.19601743
0.19600867
0.19600381
0.19600278
0.19599953
0.19599307
0.1959866
0.19597286
0.19597268
0.1959632
0.19595543
0.19595441
0.1959475
0.19594644
0.19593635
0.19591792
0.19591472
0.19590692
0.19589587
0.19589473
0.19588937
0.19588624
0.19587325
0.1958695
0.19586705
0.195864
0.19586278
0.19586104
0.19586003
0.19585556
0.19584806
0.195847
0.19584295
0.1958413
0.19583705
0.1958363
0.19583112
0.19583052
0.19581923
0.19581746
0.19581378
0.19581242
0.19580023
0.19579083
0.19578066
0.19577092
0.19577
0.19576967
0.19576311
0.19575803
0.19575614
0.19574873
0.19574514
0.19572969
0.19572659
0.19571899
0.19571663
0.19571584
0.19571562
0.19571175
0.19571164
0.1957087
0.19570723
0.19570723
0.19570045
0.19569872
0.19569397
0.19569397
0.1956835
0.19568217
0.19567618
0.19565843
0.19564392
0.19563942
0.19563372
0.19563164
0.1956191
0.19560076
0.19559932
0.19558388
0.19557972
0.19557737
0.19557232
0.19557232
0.19557121
0.1955621
0.195553
0.19554685
0.19554521
0.19553581
0.19551836
0.1955126
0.19550973
0.19550513
0.19550513
0.1955023
0.1954986
0.19549032
0.19548465
0.19548465
0.1954825
0.19548135
0.1954716
0.1954713
0.19545238
0.19544843
0.19543976
0.19543836
0.1954368
0.19543158
0.195431
0.19541998
0.195395
0.19539261
0.19538893
0.19538316
0.19538294
0.19538182
0.19536683
0.19536221
0.19535981
0.19534056
0.19534048
0.19532844
0.1953235
0.19532275
0.1953227
0.1953195
0.19531126
0.19530182
0.1952981
0.1952855
0.19527905
0.19527686
0.19525962
0.19525214
0.19523658
0.1952349
0.19523439
0.19523278
0.19522695
0.1952246
0.19521755
0.19521615
0.19521429
0.19521238
0.19520928
0.19520535
0.19519372
0.19518593
0.19517648
0.1951758
0.19517368
0.19517294
0.19516958
0.19516629
0.19516629
0.19516331
0.19516243
0.19515747
0.19514304
0.19513905
0.19513778
0.19513556
0.195132
0.19512989
0.19512983
0.19511922
0.19511922
0.1951165
0.19511022
0.19510823
0.19510566
0.19510514
0.1951006
0.19509348
0.19509296
0.19509093
0.19508106
0.1950644
0.19506168
0.19505702
0.1950532
0.19505225
0.19504407
0.19504066
0.19503756
0.19503565
0.19503014
0.19502746
0.19502355
0.19501242
0.19500878
0.19500367
0.19499624
0.19499423
0.19498496
0.19496277
0.19496039
0.19495912
0.19493547
0.19493149
0.19493149
0.19492897
0.1949178
0.1948994
0.19489802
0.19489335
0.19488327
0.19487831
0.19487795
0.194872
0.19487128
0.19486736
0.19486609
0.194864
0.19484535
0.19483978
0.1948397
0.19483711
0.19483061
0.19482723
0.19481714
0.19481538
0.1948073
0.19480306
0.19480126
0.19479847
0.19479509
0.19478278
0.19477399
0.19477296
0.19476995
0.19476739
0.19476232
0.19476232
0.19475757
0.19475746
0.19475518
0.1947518
0.19471757
0.19471584
0.19471431
0.19470982
0.19470972
0.1947084
0.19469701
0.19469436
0.19469354
0.19468962
0.1946784
0.1946757
0.19467518
0.1946649
0.19465823
0.19465299
0.19463682
0.19462278
0.19460428
0.19459662
0.19459142
0.19458929
0.19458595
0.19458085
0.19457933
0.19457874
0.1945717
0.19455169
0.1945371
0.19453026
0.19451985
0.19451739
0.19451621
0.19450647
0.1944902
0.19448833
0.19448803
0.19448185
0.19447544
0.19446923
0.19445844
0.19445756
0.19444351
0.19444007
0.19443727
0.19441998
0.19441606
0.1944008
0.19440041
0.19439699
0.19439696
0.19439384
0.19438508
0.19438475
0.19438459
0.19437744
0.19437735
0.1943678
0.19436648
0.194364
0.1943618
0.19435525
0.19435288
0.19433632
0.19432959
0.19432805
0.19432735
0.194326
0.19431522
0.19431484
0.19431028
0.19429651
0.19429293
0.19429113
0.19428281
0.19427133
0.19426794
0.19426641
0.19426383
0.19424558
0.19424053
0.1942388
0.19423787
0.19423631
0.19422558
0.1942242
0.19422024
0.19421588
0.19420378
0.1941721
0.19417125
0.1941628
0.194162
0.19415234
0.19413324
0.19411746
0.19410676
0.19410282
0.19409722
0.19409132
0.19409093
0.19407281
0.19407253
0.19406581
0.19406563
0.19405106
0.19404672
0.19403997
0.19403414
0.19400848
0.19400017
0.19399478
0.19399478
0.19399258
0.19399084
0.19398063
0.193972
0.19396926
0.19396164
0.19395946
0.19395128
0.19395062
0.19395037
0.19395037
0.19394237
0.19394127
0.19393867
0.19392553
0.19392109
0.1939153
0.19391276
0.1939126
0.19387142
0.19386768
0.19386753
0.19386683
0.19385868
0.19383994
0.19383949
0.19383033
0.1938238
0.1938229
0.19381979
0.19381866
0.19381762
0.19381762
0.19380361
0.1937962
0.19378729
0.19378647
0.19377795
0.19377787
0.19377351
0.19376592
0.1937548
0.19375351
0.19375029
0.19374621
0.19374394
0.19371647
0.19370694
0.19370507
0.19370463
0.19369437
0.1936934
0.19369064
0.19368134
0.19367181
0.19367033
0.19366007
0.19365259
0.19365211
0.19365211
0.19364917
0.19364522
0.19363396
0.19363013
0.19362925
0.19362767
0.19362684
0.19361614
0.1936142
0.19361031
0.19360909
0.19358917
0.19356869
0.193566
0.19355308
0.19355276
0.19355029
0.1935448
0.19354466
0.1935429
0.19353999
0.19353312
0.19353148
0.19351596
0.19351564
0.19350524
0.1935043
0.19350074
0.19349241
0.19349061
0.19348821
0.19348267
0.1934764
0.19347325
0.19347161
0.19347051
0.19346218
0.1934611
0.19345112
0.19343747
0.19343427
0.19343401
0.19343385
0.19343305
0.19342043
0.19342
0.19341095
0.19339405
0.19338612
0.19338402
0.19337726
0.1933713
0.19336417
0.19336165
0.19336037
0.19334386
0.19334228
0.19332965
0.19332743
0.19332188
0.19331726
0.1933156
0.19331555
0.19331433
0.19330727
0.19330683
0.19329326
0.19329023
0.1932855
0.19327912
0.19327876
0.19327861
0.19323225
0.1932313
0.19322036
0.19318914
0.19318439
0.19317399
0.1931687
0.193167
0.19316153
0.19315568
0.19315413
0.19311553
0.19311069
0.19310963
0.19310306
0.19310097
0.19308312
0.19308195
0.19306424
0.19306317
0.19306079
0.19304417
0.19304377
0.19302873
0.19302253
0.1930174
0.19301562
0.19301562
0.1930152
0.19301406
0.19301303
0.19300623
0.1930043
0.19300361
0.1930007
0.19299515
0.19299276
0.19298844
0.19297832
0.19297569
0.19297129
0.19295484
0.19295241
0.19292063
0.19291642
0.19290069
0.19289283
0.19289102
0.1928784
0.19287694
0.19287027
0.19283305
0.19283153
0.19283153
0.19283153
0.19283153
0.19282942
0.19282708
0.19282568
0.19281876
0.1928077
0.1928046
0.19280276
0.1928008
0.19280006
0.19279732
0.19278497
0.19277172
0.1927669
0.19275641
0.19275622
0.19275162
0.19274946
0.19274716
0.19273873
0.1927339
0.19272016
0.19270457
0.19270054
0.19269417
0.19269413
0.19268566
0.1926802
0.19267544
0.19267167
0.19266514
0.19266169
0.19263642
0.19262663
0.19259053
0.19258916
0.19257276
0.19256973
0.19256945
0.19256492
0.19256033
0.19256018
0.19254704
0.19254385
0.19253883
0.1925352
0.19252977
0.19252326
0.19252203
0.19251941
0.19251485
0.19251452
0.19251384
0.19250278
0.19250102
0.19249415
0.19249359
0.19248751
0.19248623
0.19248043
0.19247966
0.19247966
0.1924769
0.1924769
0.19247358
0.19246763
0.19246466
0.1924354
0.19241965
0.19241634
0.19241607
0.19240707
0.19240071
0.19238703
0.19238625
0.19238587
0.19238578
0.19238572
0.19238506
0.19237417
0.19237353
0.19236653
0.19234951
0.19234654
0.19234395
0.19233234
0.19233201
0.19232602
0.19228852
0.19227351
0.19226621
0.19226609
0.19226433
0.19226053
0.19225922
0.19225733
0.19224796
0.1922416
0.19224004
0.19223431
0.19222285
0.19221845
0.19221768
0.1922143
0.19221231
0.19221206
0.19219935
0.1921957
0.19219564
0.1921949
0.19219369
0.19218911
0.19218072
0.19217351
0.19217351
0.19216833
0.19216695
0.19216403
0.19216296
0.19215879
0.19215083
0.19214784
0.19214539
0.19213931
0.1921255
0.19212252
0.19212122
0.19212092
0.19212067
0.19211477
0.1921136
0.19210319
0.1920986
0.19209196
0.19207981
0.19207817
0.19206934
0.19206779
0.19206308
0.19205965
0.19205701
0.19205399
0.19204648
0.19204518
0.19204435
0.19203952
0.19203478
0.19203168
0.19203168
0.19201224
0.19200587
0.19200554
0.1920014
0.1920014
0.19199854
0.19199507
0.19198546
0.19197842
0.1919755
0.19197536
0.19197428
0.1919735
0.1919554
0.19195467
0.19195202
0.19194303
0.19193773
0.1919264
0.19190033
0.19189982
0.19189952
0.19189522
0.19189061
0.19188435
0.19188051
0.19187759
0.19187666
0.1918689
0.19184129
0.19184129
0.19184022
0.19183251
0.19182053
0.19181514
0.19181469
0.1918112
0.1918084
0.19180536
0.19180536
0.19180217
0.19180061
0.19179504
0.19179305
0.19178796
0.19178605
0.19178002
0.19177964
0.19177426
0.19176042
0.19175883
0.19174922
0.19174397
0.19174314
0.1917384
0.1917383
0.19172806
0.19172485
0.19172272
0.19171359
0.19170754
0.19170672
0.19170225
0.19169971
0.19169752
0.1916849
0.19168273
0.19167203
0.19167115
0.191671
0.191671
0.19166036
0.19165802
0.19165178
0.19165178
0.19165161
0.19164903
0.1916234
0.191623
0.1916165
0.19161399
0.19160958
0.19160557
0.19159408
0.19159219
0.1915906
0.19157745
0.19157486
0.19156717
0.19156487
0.19155866
0.19154376
0.19153526
0.19152477
0.19151384
0.1915106
0.19150946
0.19149828
0.19148675
0.1914755
0.19145866
0.19145364
0.19144574
0.19144553
0.19142771
0.19142771
0.19142559
0.19142191
0.19141556
0.19141242
0.19141217
0.19140963
0.19140238
0.19139957
0.19139527
0.19138372
0.19138277
0.19136903
0.19135442
0.19134519
0.1913393
0.19133122
0.19132853
0.19131584
0.19131295
0.19131187
0.19130898
0.19130561
0.19130342
0.19130321
0.19130132
0.19129863
0.19128618
0.19128448
0.1912789
0.19127567
0.19127454
0.19126895
0.19126578
0.19125725
0.19125035
0.19124371
0.19122788
0.19122703
0.19122668
0.19122472
0.19122024
0.19120932
0.19118983
0.19117822
0.191177
0.1911721
0.19117157
0.19116962
0.19116952
0.19115517
0.19115311
0.19115232
0.1911428
0.19112317
0.19111733
0.1910961
0.191096
0.19109128
0.19107139
0.19107117
0.19106479
0.19106475
0.19106363
0.19106273
0.1910603
0.1910568
0.19105072
0.19103941
0.19103651
0.19101745
0.1910169
0.1910167
0.19101614
0.19100669
0.19100599
0.1910036
0.1909939
0.19099343
0.19098882
0.19096781
0.19096592
0.19094211
0.19094162
0.19093172
0.19092423
0.19092351
0.19091494
0.19090387
0.19089432
0.19089231
0.19089231
0.19088952
0.19088283
0.1908776
0.19087517
0.19087352
0.19086352
0.19086298
0.1908565
0.19084659
0.19083352
0.1908247
0.19082065
0.1908206
0.19078894
0.19078846
0.19078729
0.19078568
0.19077538
0.19076966
0.19076385
0.19076154
0.19075997
0.19073649
0.19073544
0.19073126
0.19073083
0.19072515
0.19071537
0.19071414
0.19071078
0.1907013
0.19068544
0.19068427
0.19068322
0.19066836
0.19066828
0.19066173
0.19066173
0.1906562
0.19065483
0.19065125
0.19064435
0.19064252
0.19064231
0.19064051
0.19062957
0.19061932
0.19059491
0.19059195
0.19057734
0.19056895
0.19056419
0.19056128
0.19055057
0.1905446
0.1905395
0.19051865
0.1905138
0.19050501
0.19048038
0.19047405
0.1904702
0.19046977
0.19046582
0.19045597
0.19045392
0.19044803
0.19044653
0.19044535
0.19044383
0.19043507
0.19042529
0.19041957
0.19041717
0.19041702
0.19041595
0.19040631
0.19040245
0.19040103
0.19039926
0.19039464
0.19039261
0.19038391
0.19038257
0.1903727
0.19037144
0.19036469
0.19036038
0.19035806
0.19035581
0.19033654
0.190334
0.19033375
0.19032167
0.19031753
0.19030975
0.19030963
0.19030412
0.19030407
0.19030082
0.19030002
0.19029535
0.19029014
0.19028671
0.19028448
0.1902834
0.19028176
0.19028088
0.19028065
0.1902783
0.1902775
0.19027561
0.19027404
0.19026965
0.19026686
0.1902587
0.1902552
0.19023989
0.19023702
0.19023581
0.1901992
0.19019817
0.19018888
0.19018233
0.19017322
0.19017316
0.19016977
0.19015923
0.1901538
0.19015302
0.19014986
0.19014932
0.1901431
0.19013847
0.19013602
0.19012757
0.19011495
0.1900836
0.19008091
0.19007957
0.19006407
0.19006203
0.19004105
0.19003657
0.19003524
0.1900339
0.19002692
0.19000703
0.18999535
0.18998413
0.1899697
0.1899628
0.18995911
0.18995625
0.18994106
0.1899395
0.18992499
0.18992428
0.18992403
0.18991686
0.18991686
0.18990317
0.18990317
0.18990292
0.1898998
0.1898896
0.18988065
0.18987262
0.18986434
0.18986389
0.18986286
0.18985869
0.18983975
0.18983851
0.1898175
0.18981612
0.18980551
0.18980147
0.1897869
0.18978176
0.18977192
0.18976982
0.18976466
0.18975575
0.1897388
0.189734
0.18971439
0.18971042
0.18971042
0.18970214
0.18970177
0.189698
0.1896957
0.18969342
0.18968631
0.18968152
0.18966442
0.18965726
0.1896449
0.18963984
0.18963695
0.18963666
0.1896171
0.1896171
0.18960808
0.18959263
0.1895813
0.1895756
0.18956569
0.1895598
0.18955094
0.18954863
0.18954477
0.18954304
0.18953261
0.18953109
0.18952972
0.18952759
0.18952149
0.18952091
0.18951447
0.18950807
0.18950593
0.18950117
0.18949988
0.1894974
0.18948856
0.18948711
0.18948448
0.18948428
0.18947554
0.18946555
0.18945284
0.18944782
0.18944606
0.18944606
0.18944295
0.18943912
0.18943587
0.18942289
0.18941504
0.18941331
0.18941239
0.18941203
0.18941028
0.18940166
0.18939012
0.18938977
0.18938665
0.18938665
0.18937923
0.18935362
0.18933938
0.18933845
0.18933448
0.18933055
0.18931365
0.18931052
0.18930705
0.18930428
0.18930428
0.18928379
0.18928085
0.18927899
0.18926066
0.18925732
0.189255
0.18923353
0.18923315
0.18923075
0.18922594
0.18922237
0.18921775
0.18921442
0.18920004
0.1891928
0.18919216
0.18918908
0.18918511
0.18917581
0.18916191
0.18915577
0.18915208
0.1891465
0.18912658
0.18912318
0.18912168
0.18912168
0.18909691
0.18909086
0.18908119
0.18907985
0.18907204
0.18906797
0.18906206
0.18906005
0.18906005
0.1890596
0.18905541
0.18905436
0.18905424
0.1890319
0.18903033
0.18899833
0.1889981
0.18898848
0.18897977
0.18897344
0.18896113
0.18896066
0.18895416
0.18890043
0.18889078
0.18886557
0.18885237
0.18885066
0.18884547
0.18884422
0.18883806
0.18880416
0.1888026
0.18879905
0.1887943
0.18877193
0.18876778
0.18876672
0.18875256
0.18874541
0.18874402
0.18872835
0.18872708
0.18872403
0.18870242
0.18870173
0.18867095
0.18866844
0.18865614
0.1886532
0.1886338
0.18862905
0.18862514
0.18859982
0.18859556
0.18859047
0.1885803
0.1885789
0.18857175
0.18855889
0.18854909
0.18854757
0.18854697
0.1885419
0.18853861
0.18852188
0.18851279
0.18849656
0.18849503
0.18849328
0.18848583
0.18847731
0.18843193
0.18842414
0.18841566
0.18841414
0.18841414
0.188412
0.18840465
0.18838495
0.18837573
0.18837103
0.18836872
0.18835747
0.1883399
0.1883398
0.18830992
0.18830605
0.18830383
0.18830372
0.18829682
0.18829224
0.18828195
0.18827902
0.18827552
0.18827537
0.18826798
0.18823259
0.18821894
0.18821886
0.18820779
0.18820396
0.18820271
0.18819891
0.18819456
0.18819363
0.18819347
0.18819216
0.1881907
0.1881802
0.18817312
0.18817134
0.18816699
0.18816699
0.18815592
0.18815482
0.18814538
0.18811953
0.18810964
0.18810701
0.18810461
0.18809797
0.18808031
0.18807846
0.18807837
0.18807657
0.18807392
0.18805422
0.18804777
0.1880457
0.188037
0.18803282
0.18803257
0.188028
0.18802677
0.18802224
0.18801895
0.18800952
0.188006
0.18799382
0.18797538
0.18797141
0.1879713
0.18796493
0.18795979
0.18795677
0.1879543
0.18794191
0.18794131
0.18793237
0.18792303
0.18792135
0.18792011
0.18790042
0.18790042
0.18788823
0.18788177
0.18787639
0.18786888
0.187866
0.1878532
0.18783775
0.18783665
0.18783395
0.18783395
0.18782797
0.18781298
0.18781163
0.18780574
0.18779497
0.18779182
0.18778819
0.18778515
0.18778503
0.18778309
0.1877802
0.18777767
0.18777339
0.18776868
0.1877664
0.18775749
0.18774812
0.18774712
0.18774633
0.1877305
0.18771705
0.18769674
0.18768635
0.18767096
0.18765934
0.1876545
0.18765153
0.18762892
0.18762529
0.1876207
0.18761921
0.18761787
0.18760875
0.18760817
0.18760523
0.18758741
0.18757798
0.18756971
0.18756056
0.18755901
0.18755299
0.18754755
0.18754476
0.1875225
0.18751669
0.1875061
0.18750222
0.18748407
0.18748003
0.18747619
0.18747601
0.18746549
0.18746015
0.18745413
0.18744045
0.1874397
0.18743315
0.18741915
0.18741424
0.18741424
0.18740742
0.18740465
0.18738061
0.18735756
0.18735702
0.18735565
0.1873547
0.18734944
0.18734904
0.18732852
0.18730617
0.18730411
0.18728001
0.18725047
0.18724555
0.18722959
0.18721114
0.18720661
0.18720149
0.18719958
0.18718164
0.18718052
0.18717249
0.18716078
0.18716034
0.18715967
0.18715155
0.18715042
0.18713494
0.18712501
0.18712501
0.1871198
0.18711327
0.187108
0.18708415
0.1870839
0.18708031
0.18707447
0.18706803
0.18705045
0.18704069
0.18703161
0.18702778
0.18701194
0.18700205
0.1870017
0.18699925
0.18699552
0.18697426
0.18694709
0.18690908
0.18690443
0.18689239
0.1868913
0.1868913
0.1868889
0.18686844
0.18685555
0.1868391
0.18681519
0.18681131
0.18680653
0.18678354
0.18677785
0.18677537
0.18673034
0.18671481
0.1866971
0.18668248
0.18667434
0.18667394
0.18665814
0.18665785
0.18665123
0.18663411
0.1866195
0.18659931
0.18656169
0.18655767
0.1865575
0.18654923
0.18654263
0.18651329
0.18648916
0.18648916
0.18648766
0.18648309
0.18647829
0.18647762
0.18647212
0.1864698
0.1864665
0.18645431
0.18644828
0.1864476
0.18644363
0.18643276
0.18642637
0.18641335
0.18641332
0.18639332
0.18639135
0.18637434
0.18637042
0.1863695
0.18635236
0.18631603
0.18630624
0.1862955
0.18629369
0.1862802
0.18627931
0.18627077
0.18626343
0.18626206
0.18625973
0.18625881
0.18625364
0.18625358
0.18622534
0.18621577
0.1862072
0.1862072
0.18617088
0.18616448
0.18614952
0.18614918
0.18612024
0.18611214
0.18609816
0.186084
0.18606499
0.18605483
0.18605483
0.1860387
0.18601742
0.18600625
0.18600115
0.18599437
0.18598704
0.18596627
0.18595156
0.18594639
0.18594323
0.1859406
0.18590638
0.1858953
0.18588859
0.18588693
0.18588609
0.18586183
0.18584654
0.18584557
0.18581605
0.18578845
0.18577662
0.18577096
0.18576537
0.18576448
0.18575945
0.18575895
0.18568878
0.18567187
0.1856708
0.18566538
0.18565941
0.18565898
0.18565221
0.18565065
0.18564978
0.18561085
0.18560685
0.18559156
0.18557937
0.18557715
0.18556193
0.18555984
0.18555453
0.18555287
0.18555206
0.185529
0.18552463
0.18552381
0.18551329
0.18550965
0.1854926
0.18547334
0.18539909
0.18536912
0.18536286
0.18535163
0.18532547
0.1853176
0.18530194
0.18530011
0.18529429
0.1852552
0.18521245
0.18519844
0.18518917
0.18516017
0.18512298
0.18504426
0.18503815
0.18503815
0.18503654
0.18500063
0.18499024
0.18498771
0.18498309
0.18497553
0.18497364
0.18497089
0.18496102
0.18493399
0.18491776
0.18490227
0.18489242
0.18486688
0.18485048
0.18482195
0.18481667
0.18480735
0.18480012
0.18477292
0.18476804
0.18474743
0.18473229
0.18471369
0.1847056
0.18469964
0.18469296
0.18468781
0.18468234
0.18464908
0.1846092
0.18459325
0.1845873
0.18457955
0.18457563
0.18457025
0.18455878
0.18455856
0.18454355
0.1845231
0.18452115
0.18452059
0.18451375
0.18451375
0.18450771
0.18448092
0.18447687
0.18443647
0.18442677
0.18440679
0.18437766
0.18433525
0.18430088
0.1842935
0.18429239
0.18429211
0.18427023
0.1842587
0.18425828
0.18423383
0.18417393
0.18416642
0.18416388
0.18412371
0.18411797
0.1841066
0.18410476
0.1840488
0.18404427
0.18402907
0.18402418
0.1840098
0.1839882
0.18397896
0.18396749
0.18395285
0.18388703
0.18387736
0.18387526
0.18386509
0.18384926
0.18384025
0.18381034
0.18380195
0.18378787
0.1837728
0.18374284
0.18374014
0.1837248
0.18368936
0.18368144
0.18367468
0.18363392
0.18362677
0.18352361
0.1835183
0.1834637
0.18346336
0.18339998
0.18339905
0.1833899
0.18333079
0.1833085
0.18329456
0.18327191
0.18325613
0.18324524
0.18321367
0.18320367
0.18315049
0.18314402
0.18312292
0.18311685
0.18308075
0.18306512
0.1830162
0.18301454
0.182908
0.18290119
0.18287143
0.18286698
0.18286575
0.18286453
0.18280026
0.18278874
0.18272401
0.18271145
0.18269561
0.18264858
0.18247452
0.18246168
0.18245645
0.18244784
0.18239115
0.18238252
0.18238112
0.18236421
0.1823122
0.1823097
0.18230613
0.18225445
0.18222348
0.18217623
0.18215273
0.1820886
0.18208523
0.18201976
0.18192254
0.18191928
0.18190975
0.18186921
0.18184829
0.18184012
0.18178867
0.18174906
0.18174417
0.18174325
0.18173644
0.18173307
0.18170431
0.18166943
0.18165548
0.18162213
0.18156777
0.18154421
0.1815272
0.1814296
0.18138106
0.1813692
0.18133743
0.18118332
0.18112037
0.18111011
0.18105035
0.18103343
0.18099937
0.18097648
0.18093374
0.18088683
0.18087962
0.1808439
0.18084107
0.18081632
0.18061031
0.1805913
0.18054654
0.18038571
0.18034941
0.18027447
0.18027273
0.18022299
0.18016462
0.18015958
0.18010901
0.18009594
0.17991793
0.17984805
0.17980887
0.17972478
0.17971525
0.17971355
0.17968443
0.1796029
0.179599
0.17947945
0.17933536
0.179236
0.17908512
0.17903073
0.17902082
0.17902069
0.17883798
0.17878622
0.17872271
0.17866412
0.17865953
0.17857653
0.17857227
0.17851837
0.17851366
0.17843014
0.1784291
0.17838086
0.17837743
0.17835948
0.17831104
0.17828928
0.17815268
0.17812593
0.17807725
0.17802684
0.17799899
0.17792624
0.17792317
0.17779732
0.17777213
0.17776959
0.177705
0.17767788
0.17763683
0.17753822
0.17752352
0.17749025
0.17738718
0.17732315
0.17728841
0.1772022
0.177186
0.17711155
0.17708266
0.17708005
0.17694843
0.17693111
0.17679143
0.17675267
0.17673297
0.17670888
0.17670882
0.17668973
0.17664956
0.17650668
0.17648879
0.17648798
0.17646673
0.17641474
0.17639197
0.17626388
0.17610878
0.17609079
0.17606282
0.17599829
0.17595352
0.17590117
0.17589884
0.17575417
0.17572907
0.17569488
0.17565668
0.17562972
0.17556159
0.17550536
0.17548862
0.17546006
0.17533475
0.17530458
0.1752558
0.17519039
0.17514303
0.17510863
0.17507645
0.17504418
0.17501043
0.17487277
0.17486414
0.17484064
0.17476484
0.17467476
0.17460276
0.17460251
0.1745301
0.17450204
0.17449895
0.17442182
0.17432557
0.17429115
0.17423603
0.17422312
0.17401744
0.1739973
0.1739075
0.17376482
0.17370445
0.17358354
0.17353143
0.17344859
0.17342715
0.17333053
0.17325395
0.17325254
0.17324784
0.17307211
0.17307062
0.17282256
0.17267278
0.17250931
0.1724077
0.17233638
0.1722885
0.17228098
0.17226896
0.17226188
0.17220539
0.17220515
0.1719958
0.17199424
0.17190012
0.17187254
0.17173766
0.17156622
0.17144254
0.17142324
0.17132364
0.17130329
0.17119417
0.17101884
0.17084247
0.1707963
0.170631
0.17057881
0.17039736
0.17026219
0.17021826
0.17020285
0.17017639
0.17014116
0.1700704
0.17005704
0.16969594
0.16953906
0.16916174
0.16914831
0.16914819
0.16902886
0.16892484
0.16892278
0.16876547
0.16874406
0.16869813
0.16841318
0.16793236
0.16769984
0.16572812
0.16545649
0.16532801
