[0.34312475]
[0.32056543]
[0.31555712]
[0.2821316]
[0.28144073]
[0.27561176]
[0.273407]
[0.27265748]
[0.27034086]
[0.26997024]
[0.26972473]
[0.26812527]
[0.26734307]
[0.26721996]
[0.2669529]
[0.26642397]
[0.26640618]
[0.26386112]
[0.26196402]
[0.2619555]
[0.2609047]
[0.2605835]
[0.2599581]
[0.2573111]
[0.25720158]
[0.2549462]
[0.25390732]
[0.2531607]
[0.25257194]
[0.25236785]
[0.2517672]
[0.2516611]
[0.2512633]
[0.2512201]
[0.25055352]
[0.2503497]
[0.2496578]
[0.24935217]
[0.24900748]
[0.24820314]
[0.24742033]
[0.24720381]
[0.24704602]
[0.24703515]
[0.24678648]
[0.24667074]
[0.24611132]
[0.24567086]
[0.24567086]
[0.24564855]
[0.24547589]
[0.24543336]
[0.24535201]
[0.24476244]
[0.24464783]
[0.24463134]
[0.24438298]
[0.2440236]
[0.24341407]
[0.24335515]
[0.24290954]
[0.24286439]
[0.24232951]
[0.24200769]
[0.24174055]
[0.24167503]
[0.2415193]
[0.24137995]
[0.24115063]
[0.24083392]
[0.24064209]
[0.24033616]
[0.24026722]
[0.23994912]
[0.23975952]
[0.23961213]
[0.23845498]
[0.2379056]
[0.23765644]
[0.23738985]
[0.23721263]
[0.2368544]
[0.2366285]
[0.23659654]
[0.2361242]
[0.23602845]
[0.23587613]
[0.23562603]
[0.23520865]
[0.235021]
[0.2348042]
[0.2346048]
[0.23449126]
[0.23447664]
[0.23431724]
[0.2339892]
[0.23396705]
[0.23389916]
[0.23386666]
[0.23384039]
[0.2337369]
[0.23367456]
[0.2335443]
[0.23340416]
[0.23328766]
[0.23320146]
[0.23314865]
[0.23293816]
[0.23287347]
[0.2327745]
[0.23274644]
[0.23270811]
[0.2320911]
[0.23196056]
[0.2318739]
[0.23185173]
[0.2317268]
[0.231584]
[0.23137444]
[0.2313509]
[0.2312047]
[0.23084927]
[0.2307952]
[0.23070928]
[0.23066539]
[0.23061392]
[0.23061392]
[0.2304601]
[0.23039716]
[0.23022455]
[0.22981454]
[0.22977424]
[0.22975715]
[0.22975495]
[0.22970279]
[0.22970268]
[0.22966279]
[0.22957872]
[0.22941805]
[0.22933143]
[0.2292526]
[0.22914548]
[0.2290386]
[0.22899865]
[0.2289473]
[0.22892126]
[0.22891678]
[0.22891678]
[0.22884493]
[0.22877449]
[0.22859728]
[0.22856565]
[0.22835301]
[0.2282151]
[0.22818598]
[0.22815585]
[0.22799854]
[0.22778532]
[0.22767508]
[0.22765876]
[0.22752132]
[0.22738652]
[0.22735381]
[0.22722773]
[0.22722276]
[0.22722222]
[0.22693454]
[0.22682767]
[0.22681913]
[0.22649431]
[0.22610033]
[0.22609565]
[0.22602506]
[0.2259717]
[0.22596093]
[0.22566628]
[0.2256076]
[0.2255993]
[0.22553793]
[0.2253159]
[0.22524835]
[0.22516905]
[0.2250804]
[0.22505306]
[0.22499347]
[0.22497247]
[0.22477968]
[0.22471352]
[0.22468589]
[0.2246686]
[0.22458449]
[0.22449964]
[0.22442536]
[0.22441137]
[0.22432776]
[0.2242738]
[0.22417088]
[0.22411485]
[0.2240308]
[0.22398253]
[0.223844]
[0.2237391]
[0.22340253]
[0.22330044]
[0.22326331]
[0.22322476]
[0.22321911]
[0.22312312]
[0.22305416]
[0.22303939]
[0.22297342]
[0.2229247]
[0.22288541]
[0.22287461]
[0.2226849]
[0.22259155]
[0.22251743]
[0.22251403]
[0.22228794]
[0.22228664]
[0.22224313]
[0.22223026]
[0.22219153]
[0.2221664]
[0.22208759]
[0.22201999]
[0.22194447]
[0.22190422]
[0.22181128]
[0.2218049]
[0.22171773]
[0.22169665]
[0.22167389]
[0.2216712]
[0.22166494]
[0.22142696]
[0.22142057]
[0.22138414]
[0.22135934]
[0.22119375]
[0.22118357]
[0.22114325]
[0.22110745]
[0.22104774]
[0.22099705]
[0.22092098]
[0.22087955]
[0.22084261]
[0.22082025]
[0.22081502]
[0.22077933]
[0.22074656]
[0.22071716]
[0.22064456]
[0.22063133]
[0.22048473]
[0.22042823]
[0.2203433]
[0.2203408]
[0.22024313]
[0.22022133]
[0.22020894]
[0.22019126]
[0.22014704]
[0.22011276]
[0.21991976]
[0.21991259]
[0.21990025]
[0.21985449]
[0.2197954]
[0.2197786]
[0.21977417]
[0.21975492]
[0.21973768]
[0.2196272]
[0.21954419]
[0.21954358]
[0.21944132]
[0.2194275]
[0.2193804]
[0.21935365]
[0.21916643]
[0.21913676]
[0.21912822]
[0.21908826]
[0.2188865]
[0.21880324]
[0.21874988]
[0.21874696]
[0.21872857]
[0.21859589]
[0.21858226]
[0.21850124]
[0.21848]
[0.21833712]
[0.2183158]
[0.21831056]
[0.21822645]
[0.21814357]
[0.21812928]
[0.21805955]
[0.21803978]
[0.21798435]
[0.21796536]
[0.21787058]
[0.21768965]
[0.21766455]
[0.21761386]
[0.21760368]
[0.21758339]
[0.217537]
[0.21740778]
[0.21735942]
[0.21733262]
[0.21732235]
[0.2171843]
[0.21717566]
[0.21717487]
[0.21712412]
[0.21709003]
[0.2170545]
[0.21703704]
[0.21702841]
[0.21700189]
[0.21693459]
[0.21689636]
[0.2168924]
[0.21687996]
[0.21687996]
[0.21687534]
[0.21682645]
[0.21679413]
[0.21676129]
[0.2167528]
[0.21673125]
[0.21671322]
[0.21670206]
[0.21669382]
[0.21668486]
[0.21657215]
[0.21653454]
[0.21648876]
[0.21647954]
[0.21636088]
[0.216285]
[0.21627745]
[0.21625029]
[0.21624689]
[0.21614638]
[0.21601644]
[0.21599641]
[0.21596232]
[0.21594451]
[0.21593866]
[0.21582255]
[0.21576177]
[0.21575372]
[0.21575372]
[0.21566135]
[0.21552324]
[0.21550712]
[0.21547073]
[0.21545412]
[0.2154478]
[0.21539412]
[0.21535063]
[0.21533822]
[0.21532829]
[0.21530823]
[0.21517527]
[0.21515386]
[0.21510133]
[0.21507144]
[0.21504934]
[0.21502078]
[0.21498403]
[0.21495669]
[0.21490124]
[0.21490088]
[0.21489666]
[0.21487723]
[0.21487723]
[0.21485287]
[0.21483752]
[0.21480057]
[0.21470912]
[0.21463445]
[0.21458939]
[0.21456988]
[0.21453024]
[0.21437776]
[0.21437036]
[0.21430096]
[0.21428551]
[0.21427688]
[0.21426424]
[0.21425752]
[0.21418297]
[0.21418045]
[0.21416847]
[0.21415299]
[0.21414264]
[0.2141426]
[0.21408427]
[0.21395157]
[0.21386284]
[0.2137797]
[0.21377614]
[0.21377069]
[0.21375085]
[0.21374123]
[0.21370877]
[0.21369769]
[0.21366024]
[0.21365121]
[0.21364804]
[0.21356657]
[0.21354057]
[0.21349461]
[0.21347022]
[0.21345879]
[0.21339831]
[0.2133592]
[0.21324466]
[0.21316807]
[0.2131489]
[0.21313445]
[0.21313255]
[0.21298668]
[0.21296777]
[0.21292639]
[0.21290423]
[0.21287741]
[0.21282819]
[0.21278384]
[0.21272142]
[0.21270274]
[0.21269242]
[0.21265681]
[0.2126276]
[0.21253331]
[0.21251301]
[0.2124926]
[0.21242046]
[0.21241212]
[0.21240927]
[0.21239443]
[0.21237311]
[0.21236952]
[0.21234243]
[0.21230331]
[0.21230188]
[0.21228229]
[0.21227765]
[0.21225224]
[0.21209538]
[0.21206892]
[0.21203838]
[0.211998]
[0.21194649]
[0.21193127]
[0.21192972]
[0.21191336]
[0.21190305]
[0.21188234]
[0.21181454]
[0.21172434]
[0.21165325]
[0.21161583]
[0.21158583]
[0.2115691]
[0.21149954]
[0.2114762]
[0.21145904]
[0.21145223]
[0.21143629]
[0.21137764]
[0.21137731]
[0.21135227]
[0.21124949]
[0.21120036]
[0.21119478]
[0.21118832]
[0.21115826]
[0.2111523]
[0.21113974]
[0.211117]
[0.21110456]
[0.21108213]
[0.21107739]
[0.21107431]
[0.21106267]
[0.2110351]
[0.21102849]
[0.21096948]
[0.2109302]
[0.21090224]
[0.21087645]
[0.21086933]
[0.21085873]
[0.21084754]
[0.21083742]
[0.21077545]
[0.21076642]
[0.21070814]
[0.21068604]
[0.21068041]
[0.2106726]
[0.21066242]
[0.21056394]
[0.21055456]
[0.2105485]
[0.21054018]
[0.21051262]
[0.21050954]
[0.21050227]
[0.21049677]
[0.21044274]
[0.21040083]
[0.2102813]
[0.21023609]
[0.21021086]
[0.21019001]
[0.21012092]
[0.21003449]
[0.21001506]
[0.20996203]
[0.20996165]
[0.20995846]
[0.20995438]
[0.20992807]
[0.20986357]
[0.20981835]
[0.20979662]
[0.20978424]
[0.20964874]
[0.20964757]
[0.20964128]
[0.20960197]
[0.20960197]
[0.20957893]
[0.20950213]
[0.20948401]
[0.20946518]
[0.2094328]
[0.20940691]
[0.20938721]
[0.20935746]
[0.20934294]
[0.20922415]
[0.20919305]
[0.20919137]
[0.20918287]
[0.20913666]
[0.20908143]
[0.20907518]
[0.20905058]
[0.20901775]
[0.20898588]
[0.20892933]
[0.20888239]
[0.2088316]
[0.20879708]
[0.20879598]
[0.20879567]
[0.20874535]
[0.2086671]
[0.20866553]
[0.20865506]
[0.20865382]
[0.20864712]
[0.20864686]
[0.20862196]
[0.20861675]
[0.20856465]
[0.20854418]
[0.20853958]
[0.2085318]
[0.20849155]
[0.20847979]
[0.20845047]
[0.20845026]
[0.20843703]
[0.20841993]
[0.20841776]
[0.20840952]
[0.20835456]
[0.2083511]
[0.20835027]
[0.20828196]
[0.2082813]
[0.20824955]
[0.20824504]
[0.20823887]
[0.20822853]
[0.2082187]
[0.20819792]
[0.20818079]
[0.20815764]
[0.20813526]
[0.20799989]
[0.20799911]
[0.20795424]
[0.20794405]
[0.20793232]
[0.20792812]
[0.20789133]
[0.20788708]
[0.20788236]
[0.20788094]
[0.20785423]
[0.20785296]
[0.20782018]
[0.20780535]
[0.20780168]
[0.20778622]
[0.20777807]
[0.20775962]
[0.20774923]
[0.20772882]
[0.20771557]
[0.20769683]
[0.20769304]
[0.20762902]
[0.20762126]
[0.20759338]
[0.20756692]
[0.20753574]
[0.20749529]
[0.20746069]
[0.20745143]
[0.20740265]
[0.20736812]
[0.20736763]
[0.20730135]
[0.20729548]
[0.20727856]
[0.20725317]
[0.20724292]
[0.20721206]
[0.20720828]
[0.20720512]
[0.20717159]
[0.2071693]
[0.20711169]
[0.20711051]
[0.20710105]
[0.20705453]
[0.20702063]
[0.2070102]
[0.20700935]
[0.20700002]
[0.20698135]
[0.20696676]
[0.20696014]
[0.20695683]
[0.20694393]
[0.20693663]
[0.20692225]
[0.20691293]
[0.20691073]
[0.20690605]
[0.20687722]
[0.20687655]
[0.20686273]
[0.20684871]
[0.20684339]
[0.20683053]
[0.20682438]
[0.20677224]
[0.20676604]
[0.20674795]
[0.206741]
[0.20667543]
[0.20665511]
[0.20665336]
[0.2066264]
[0.20660977]
[0.20660672]
[0.20659664]
[0.20658742]
[0.20657949]
[0.20657033]
[0.20654961]
[0.20651682]
[0.20648876]
[0.20647791]
[0.20639816]
[0.20638241]
[0.20635112]
[0.20634525]
[0.20631862]
[0.20627801]
[0.2062304]
[0.20622149]
[0.2061981]
[0.20617647]
[0.20616691]
[0.20611554]
[0.20608754]
[0.20607913]
[0.20607653]
[0.2060682]
[0.20605676]
[0.2060482]
[0.20603743]
[0.20602521]
[0.2060188]
[0.20599975]
[0.20594966]
[0.20594044]
[0.20589557]
[0.20588993]
[0.20588867]
[0.20585877]
[0.20583698]
[0.20582148]
[0.20578344]
[0.20575152]
[0.20574647]
[0.2056675]
[0.20563354]
[0.20562848]
[0.20561169]
[0.20559925]
[0.20559518]
[0.20558256]
[0.20557526]
[0.20555659]
[0.20554405]
[0.20551977]
[0.20550069]
[0.20545493]
[0.20542157]
[0.20541291]
[0.2053477]
[0.20527434]
[0.20527314]
[0.20526838]
[0.20525041]
[0.20524228]
[0.20521183]
[0.20517597]
[0.20512022]
[0.20512022]
[0.20510978]
[0.20509362]
[0.20505989]
[0.20502649]
[0.20502602]
[0.20501593]
[0.20501174]
[0.20499042]
[0.2049852]
[0.20495015]
[0.20494585]
[0.20493868]
[0.20491026]
[0.20489646]
[0.20489216]
[0.20483978]
[0.20483732]
[0.20483533]
[0.20483519]
[0.20481825]
[0.20479009]
[0.20478795]
[0.20476684]
[0.20474674]
[0.20471798]
[0.204681]
[0.20462283]
[0.20460978]
[0.2046051]
[0.2045954]
[0.20458634]
[0.20456924]
[0.20456581]
[0.20455526]
[0.20454903]
[0.20452748]
[0.2045151]
[0.2045001]
[0.20447482]
[0.20446211]
[0.20445476]
[0.20443146]
[0.20439877]
[0.20438026]
[0.20437747]
[0.20437612]
[0.20437469]
[0.20434657]
[0.2043083]
[0.20429625]
[0.20427145]
[0.2042629]
[0.20423338]
[0.20423038]
[0.20421022]
[0.20420752]
[0.20420672]
[0.20419881]
[0.20419423]
[0.2041919]
[0.20418298]
[0.20416972]
[0.20411465]
[0.20406199]
[0.20403364]
[0.20401601]
[0.20401423]
[0.20401323]
[0.203952]
[0.20390019]
[0.20389251]
[0.20388398]
[0.20387779]
[0.20387779]
[0.20383401]
[0.20378564]
[0.20378153]
[0.20376606]
[0.20375678]
[0.20374537]
[0.20371838]
[0.20368364]
[0.20367695]
[0.20361806]
[0.20359659]
[0.20357151]
[0.20353739]
[0.20352384]
[0.20352185]
[0.20351091]
[0.20349109]
[0.20349087]
[0.2034718]
[0.20346323]
[0.20346287]
[0.20344575]
[0.20343098]
[0.20340155]
[0.20339425]
[0.20335752]
[0.20335649]
[0.20333539]
[0.20328796]
[0.20327954]
[0.20326109]
[0.20316409]
[0.20310278]
[0.20309964]
[0.20309106]
[0.20308045]
[0.2030759]
[0.20307097]
[0.20307097]
[0.20306224]
[0.20306121]
[0.20303345]
[0.2030308]
[0.20301244]
[0.2030101]
[0.20295596]
[0.2029495]
[0.20292889]
[0.20291965]
[0.20289963]
[0.20289041]
[0.20284769]
[0.20284581]
[0.20283794]
[0.20280126]
[0.20279354]
[0.2027876]
[0.20276389]
[0.20276389]
[0.20275411]
[0.20271993]
[0.20271932]
[0.20270686]
[0.2026649]
[0.20266211]
[0.20265639]
[0.20260048]
[0.20254847]
[0.20252693]
[0.20252673]
[0.20252073]
[0.20247795]
[0.20245735]
[0.20242576]
[0.2024137]
[0.20240237]
[0.202401]
[0.20237912]
[0.20233177]
[0.20231561]
[0.2022894]
[0.20228511]
[0.20227855]
[0.20227051]
[0.20226413]
[0.20222491]
[0.20220828]
[0.20220195]
[0.20214947]
[0.20212258]
[0.20210584]
[0.20209177]
[0.202079]
[0.2020778]
[0.20207067]
[0.20206317]
[0.20206171]
[0.20206046]
[0.20204863]
[0.20203741]
[0.20201473]
[0.20200616]
[0.20197377]
[0.20197281]
[0.2019617]
[0.20195422]
[0.20190813]
[0.20189741]
[0.20188944]
[0.20188512]
[0.20183752]
[0.20179805]
[0.20176925]
[0.201721]
[0.2017165]
[0.20170732]
[0.20170078]
[0.20168741]
[0.2016808]
[0.2016677]
[0.20164295]
[0.20164222]
[0.20163232]
[0.20161918]
[0.2016068]
[0.20158358]
[0.20156156]
[0.2015363]
[0.2015321]
[0.2015321]
[0.20152515]
[0.20152444]
[0.20148204]
[0.20147938]
[0.20147009]
[0.20141795]
[0.20140076]
[0.20139706]
[0.20139696]
[0.20139627]
[0.20139182]
[0.20137914]
[0.20134068]
[0.20129329]
[0.20124726]
[0.20124237]
[0.20121083]
[0.20120683]
[0.20120683]
[0.2012028]
[0.20119993]
[0.20116241]
[0.20115384]
[0.20114231]
[0.20112322]
[0.20111623]
[0.20111603]
[0.20110314]
[0.20108339]
[0.2010593]
[0.20105784]
[0.20104933]
[0.20104729]
[0.20104198]
[0.20103145]
[0.20103073]
[0.2010235]
[0.20102309]
[0.20102039]
[0.20100708]
[0.20100626]
[0.20100087]
[0.20099935]
[0.2009762]
[0.20094103]
[0.200918]
[0.20087686]
[0.20084348]
[0.20083989]
[0.20081829]
[0.20078044]
[0.20072918]
[0.20072632]
[0.20072398]
[0.20070665]
[0.20070411]
[0.20066582]
[0.20066494]
[0.2006561]
[0.20065004]
[0.2006499]
[0.20062761]
[0.20061821]
[0.20060486]
[0.200588]
[0.20056695]
[0.20056069]
[0.20054331]
[0.20054163]
[0.20049776]
[0.20048153]
[0.20047931]
[0.20046873]
[0.20046313]
[0.20045632]
[0.20044385]
[0.2004431]
[0.20042159]
[0.20041755]
[0.20040238]
[0.20039648]
[0.20039618]
[0.20036052]
[0.20034054]
[0.20033763]
[0.2003366]
[0.20031211]
[0.20030835]
[0.20030782]
[0.20030354]
[0.20029388]
[0.2002935]
[0.20028389]
[0.20028205]
[0.20028204]
[0.20027836]
[0.20025747]
[0.20022166]
[0.2002129]
[0.2002129]
[0.20019707]
[0.20019707]
[0.20017152]
[0.2001443]
[0.20011753]
[0.200104]
[0.20009407]
[0.20007661]
[0.20007661]
[0.20007439]
[0.20006049]
[0.20004624]
[0.20003873]
[0.20002148]
[0.20000392]
[0.20000367]
[0.19999748]
[0.19997966]
[0.19996686]
[0.19995087]
[0.19993432]
[0.19991906]
[0.19989088]
[0.1998872]
[0.19987562]
[0.19986355]
[0.19982088]
[0.19980884]
[0.19978496]
[0.19977342]
[0.1997689]
[0.1997654]
[0.19976388]
[0.1997149]
[0.19970205]
[0.19969775]
[0.19968438]
[0.19965738]
[0.19964018]
[0.19962828]
[0.19959821]
[0.1995934]
[0.19958158]
[0.19957687]
[0.19957499]
[0.19955964]
[0.19946873]
[0.1994648]
[0.19945018]
[0.19944902]
[0.19944498]
[0.19941717]
[0.19938797]
[0.19938377]
[0.1993823]
[0.19937815]
[0.19935413]
[0.1993456]
[0.19931719]
[0.19930573]
[0.19929667]
[0.1992854]
[0.19928296]
[0.19927526]
[0.19926707]
[0.19925547]
[0.1992516]
[0.19924188]
[0.1992334]
[0.1992213]
[0.19920665]
[0.19918735]
[0.19914746]
[0.19914648]
[0.19911373]
[0.19910622]
[0.19910046]
[0.19909847]
[0.19909847]
[0.19909464]
[0.19907631]
[0.19906649]
[0.19906259]
[0.19904894]
[0.19904526]
[0.19903973]
[0.19902694]
[0.19897799]
[0.19896647]
[0.19895047]
[0.19893433]
[0.19891696]
[0.19890974]
[0.1989012]
[0.1988996]
[0.19889739]
[0.19888832]
[0.19888656]
[0.19886579]
[0.19882935]
[0.19881818]
[0.1988044]
[0.1987977]
[0.19879611]
[0.19879101]
[0.19878417]
[0.1987784]
[0.19876108]
[0.19875605]
[0.19875003]
[0.1987481]
[0.19873297]
[0.19873208]
[0.19872995]
[0.19872905]
[0.19871427]
[0.19871125]
[0.19867796]
[0.19866471]
[0.19865796]
[0.1986246]
[0.19860034]
[0.19859871]
[0.19859621]
[0.19858961]
[0.19858822]
[0.19857132]
[0.1985674]
[0.19856372]
[0.19855787]
[0.19855101]
[0.19853994]
[0.19853891]
[0.19853799]
[0.19853064]
[0.19852442]
[0.19850387]
[0.1984766]
[0.19841242]
[0.19839558]
[0.19839428]
[0.19838718]
[0.19837286]
[0.19834115]
[0.1983161]
[0.19831525]
[0.19831207]
[0.19829914]
[0.19828656]
[0.19827998]
[0.19827835]
[0.19827773]
[0.19825155]
[0.19823241]
[0.19821988]
[0.19820906]
[0.19819744]
[0.19817783]
[0.19817391]
[0.19817224]
[0.19816788]
[0.19813818]
[0.198132]
[0.19810696]
[0.19810393]
[0.19808654]
[0.1980853]
[0.19805574]
[0.19804926]
[0.19803195]
[0.19802983]
[0.19802393]
[0.19798544]
[0.19798061]
[0.19795516]
[0.1979457]
[0.19793162]
[0.19791546]
[0.19790477]
[0.19790192]
[0.19790035]
[0.19790022]
[0.19788946]
[0.19786407]
[0.19785817]
[0.19785614]
[0.19784811]
[0.19782558]
[0.19781114]
[0.19779873]
[0.19779181]
[0.19778283]
[0.19777188]
[0.19773392]
[0.19772315]
[0.19769982]
[0.19768894]
[0.19767682]
[0.19766435]
[0.19764368]
[0.19761595]
[0.19760662]
[0.19758923]
[0.19758382]
[0.19755448]
[0.19754809]
[0.19753246]
[0.19751897]
[0.19750778]
[0.19750726]
[0.1975055]
[0.1974807]
[0.19744828]
[0.19744779]
[0.19743414]
[0.19741224]
[0.19740796]
[0.19736877]
[0.19736588]
[0.19736324]
[0.19736044]
[0.19734895]
[0.19734566]
[0.19733393]
[0.19733344]
[0.1973328]
[0.19731988]
[0.1973]
[0.19729811]
[0.19729632]
[0.19728617]
[0.19728251]
[0.19726774]
[0.1972657]
[0.19724987]
[0.19724557]
[0.19722882]
[0.1972253]
[0.1972253]
[0.1972225]
[0.1972104]
[0.19720048]
[0.19718848]
[0.19718733]
[0.19718315]
[0.19715968]
[0.1971584]
[0.19715598]
[0.19714947]
[0.19714652]
[0.19714177]
[0.1971138]
[0.19711296]
[0.1971112]
[0.19709346]
[0.1970803]
[0.19707046]
[0.19706452]
[0.1970426]
[0.19703855]
[0.19701187]
[0.19700734]
[0.19699548]
[0.19697016]
[0.19696547]
[0.19696236]
[0.19695115]
[0.19693689]
[0.19693235]
[0.19692685]
[0.19691937]
[0.1969145]
[0.19691366]
[0.19691204]
[0.19691038]
[0.19690543]
[0.19687907]
[0.19687843]
[0.19686724]
[0.19686069]
[0.19686069]
[0.19683574]
[0.19683231]
[0.19681771]
[0.19680676]
[0.19680335]
[0.19680333]
[0.19678426]
[0.19672577]
[0.19671944]
[0.19671078]
[0.1967002]
[0.19666527]
[0.19663301]
[0.19663125]
[0.19663109]
[0.19662644]
[0.19659017]
[0.19658464]
[0.19657053]
[0.19656345]
[0.19656296]
[0.19653717]
[0.19652326]
[0.19652256]
[0.19648969]
[0.19647832]
[0.19647238]
[0.19645846]
[0.19645616]
[0.19644155]
[0.19643198]
[0.19642596]
[0.19641818]
[0.1964049]
[0.19640456]
[0.19633673]
[0.19631907]
[0.19630875]
[0.19629464]
[0.19629227]
[0.19628008]
[0.19627722]
[0.19627708]
[0.19626862]
[0.1962594]
[0.19623773]
[0.19621988]
[0.19621105]
[0.1962081]
[0.19618869]
[0.19617543]
[0.19615915]
[0.19612971]
[0.19610922]
[0.19606465]
[0.19605161]
[0.19604032]
[0.19603477]
[0.19601493]
[0.19598627]
[0.19598454]
[0.19595927]
[0.19595791]
[0.195951]
[0.19593892]
[0.19593675]
[0.19593203]
[0.19592892]
[0.19590893]
[0.19588977]
[0.19587524]
[0.19586127]
[0.19584525]
[0.19584253]
[0.19583409]
[0.19582039]
[0.19576403]
[0.1957632]
[0.19575948]
[0.19575158]
[0.19575158]
[0.1957506]
[0.19572426]
[0.19572216]
[0.19571418]
[0.19569358]
[0.19568045]
[0.19566539]
[0.19565283]
[0.19563782]
[0.19562556]
[0.19562419]
[0.19562131]
[0.19560234]
[0.19560091]
[0.19560035]
[0.19560024]
[0.19557668]
[0.19556776]
[0.19556403]
[0.19556403]
[0.19556056]
[0.19553728]
[0.19552913]
[0.19552207]
[0.19551031]
[0.19550659]
[0.19550031]
[0.19547053]
[0.19546178]
[0.1954538]
[0.19545183]
[0.19545002]
[0.19543402]
[0.19542885]
[0.19541551]
[0.19541502]
[0.19539005]
[0.19538917]
[0.1953871]
[0.19538268]
[0.19538245]
[0.19536032]
[0.19534718]
[0.19534284]
[0.19533317]
[0.1953188]
[0.19528146]
[0.19526072]
[0.19525631]
[0.19525123]
[0.19525123]
[0.19525123]
[0.19525123]
[0.19522841]
[0.1952157]
[0.19521014]
[0.19519171]
[0.1951886]
[0.19518702]
[0.19518602]
[0.1951857]
[0.19516209]
[0.1951562]
[0.19515373]
[0.19515105]
[0.19514944]
[0.19514944]
[0.19514558]
[0.19514485]
[0.19513406]
[0.19511911]
[0.19510059]
[0.19509003]
[0.1950866]
[0.19508046]
[0.19507205]
[0.19505556]
[0.19505452]
[0.19504912]
[0.19504829]
[0.19501488]
[0.1949879]
[0.19498605]
[0.19497949]
[0.1949745]
[0.19497003]
[0.1949685]
[0.19495799]
[0.19495519]
[0.19495195]
[0.19491601]
[0.19489902]
[0.19489142]
[0.19489062]
[0.19488679]
[0.19488013]
[0.19487576]
[0.19486846]
[0.19486628]
[0.19484147]
[0.19483973]
[0.19483747]
[0.19483516]
[0.19482735]
[0.19481486]
[0.19480641]
[0.19479889]
[0.19479495]
[0.19479145]
[0.19478476]
[0.19477645]
[0.19474168]
[0.19473787]
[0.19473787]
[0.19472775]
[0.19472432]
[0.19471422]
[0.19470206]
[0.19469571]
[0.19468635]
[0.19468442]
[0.19468257]
[0.19463599]
[0.1946225]
[0.1946221]
[0.19462042]
[0.19461381]
[0.19461095]
[0.1946066]
[0.19460517]
[0.1946017]
[0.19458205]
[0.1945532]
[0.1945532]
[0.19453871]
[0.19453026]
[0.19451648]
[0.19451061]
[0.19449903]
[0.19449133]
[0.19448951]
[0.19448592]
[0.19447877]
[0.19446419]
[0.19444802]
[0.19444375]
[0.19443136]
[0.19441901]
[0.19441332]
[0.1944121]
[0.19441175]
[0.19439591]
[0.19439036]
[0.19438507]
[0.1943721]
[0.1943695]
[0.19436334]
[0.1943578]
[0.19434519]
[0.19433673]
[0.19432177]
[0.19431163]
[0.19430777]
[0.19429868]
[0.19422826]
[0.19422057]
[0.1942197]
[0.19421524]
[0.19421257]
[0.19420734]
[0.19420648]
[0.19418916]
[0.1941886]
[0.19417407]
[0.19416589]
[0.19416489]
[0.19416308]
[0.19416022]
[0.1941439]
[0.19414143]
[0.19413571]
[0.19411276]
[0.19410224]
[0.19409114]
[0.19408311]
[0.1940745]
[0.19407174]
[0.19406813]
[0.19405404]
[0.19404511]
[0.19403823]
[0.19403261]
[0.19402215]
[0.19402076]
[0.19401409]
[0.19401108]
[0.19400673]
[0.1939934]
[0.19399318]
[0.1939908]
[0.19395554]
[0.19395001]
[0.1939477]
[0.19394137]
[0.19393437]
[0.19393343]
[0.19392946]
[0.19391495]
[0.19390279]
[0.19389862]
[0.19388898]
[0.19388266]
[0.19386694]
[0.19386333]
[0.1938374]
[0.19383618]
[0.19381616]
[0.19381244]
[0.19380572]
[0.19380313]
[0.19379888]
[0.19379342]
[0.19378519]
[0.19378148]
[0.19377586]
[0.19376473]
[0.19376397]
[0.19375245]
[0.19374199]
[0.19373453]
[0.19372788]
[0.19372788]
[0.19372353]
[0.19372334]
[0.19371751]
[0.19371183]
[0.193711]
[0.19369292]
[0.19369246]
[0.19369088]
[0.19368413]
[0.19368374]
[0.19368194]
[0.1936696]
[0.19366005]
[0.19363523]
[0.19363444]
[0.19362997]
[0.19362338]
[0.19362251]
[0.19361128]
[0.19358702]
[0.19358288]
[0.19358219]
[0.19357905]
[0.19357719]
[0.19352801]
[0.19351746]
[0.19351028]
[0.19350837]
[0.19349594]
[0.19349594]
[0.19349594]
[0.19348721]
[0.19348705]
[0.1934709]
[0.19346389]
[0.19346185]
[0.19345951]
[0.193429]
[0.19340344]
[0.19339927]
[0.19339357]
[0.19335358]
[0.19335173]
[0.19334877]
[0.19333446]
[0.19331881]
[0.19330403]
[0.19328946]
[0.19328168]
[0.1932775]
[0.19326931]
[0.19326672]
[0.19324824]
[0.1932461]
[0.1932459]
[0.1932454]
[0.19323252]
[0.1932098]
[0.19320895]
[0.19320121]
[0.19317633]
[0.193173]
[0.1931537]
[0.19313549]
[0.193133]
[0.193133]
[0.19312854]
[0.19312665]
[0.19312127]
[0.19310027]
[0.19306903]
[0.19306289]
[0.19306247]
[0.1930623]
[0.19305825]
[0.1930579]
[0.19305079]
[0.1930482]
[0.19304536]
[0.19303963]
[0.19303851]
[0.19303827]
[0.19301781]
[0.19300917]
[0.19299427]
[0.19298193]
[0.19297741]
[0.19297726]
[0.19297129]
[0.19296141]
[0.19295971]
[0.19294764]
[0.19293803]
[0.19293645]
[0.19291481]
[0.19287741]
[0.19286104]
[0.19286014]
[0.19285165]
[0.19284452]
[0.19283438]
[0.19283432]
[0.19278112]
[0.19276175]
[0.1927483]
[0.19274686]
[0.19274308]
[0.19273895]
[0.19273496]
[0.19273211]
[0.19273111]
[0.1927235]
[0.19272254]
[0.19271876]
[0.19271769]
[0.19270737]
[0.19270165]
[0.19270048]
[0.19268024]
[0.19267277]
[0.19266725]
[0.19264895]
[0.19262812]
[0.19262812]
[0.1926111]
[0.19260702]
[0.19260246]
[0.1925755]
[0.1925607]
[0.19255604]
[0.19254832]
[0.19254403]
[0.19253066]
[0.19251317]
[0.1925112]
[0.1925112]
[0.19249022]
[0.19247454]
[0.19247013]
[0.19246255]
[0.19246213]
[0.19243143]
[0.1924214]
[0.1924214]
[0.19241413]
[0.1924011]
[0.1924007]
[0.19238101]
[0.192373]
[0.19232722]
[0.19232495]
[0.19232412]
[0.19229242]
[0.19228628]
[0.19228055]
[0.1922759]
[0.19224523]
[0.1922427]
[0.19223934]
[0.19222885]
[0.19222762]
[0.19222711]
[0.19222395]
[0.1922212]
[0.1921985]
[0.1921897]
[0.19217257]
[0.19215089]
[0.19214688]
[0.19214255]
[0.19213861]
[0.19213797]
[0.19213502]
[0.1921301]
[0.19211759]
[0.19211525]
[0.19210774]
[0.19210754]
[0.19209556]
[0.19209191]
[0.19208924]
[0.1920775]
[0.1920697]
[0.19205594]
[0.19204725]
[0.19204594]
[0.19204038]
[0.19203687]
[0.1920356]
[0.19203234]
[0.19202332]
[0.19202282]
[0.19200653]
[0.19199419]
[0.19199418]
[0.19199374]
[0.19198558]
[0.19198337]
[0.19197565]
[0.19196506]
[0.19193412]
[0.19193408]
[0.19192398]
[0.19191292]
[0.19191137]
[0.19191137]
[0.19190273]
[0.19189766]
[0.1918963]
[0.19189058]
[0.19187582]
[0.1918741]
[0.19185923]
[0.19185576]
[0.1918476]
[0.19184604]
[0.1918426]
[0.19183074]
[0.19182684]
[0.1918267]
[0.19180508]
[0.19178541]
[0.19176517]
[0.19176406]
[0.19174641]
[0.19173323]
[0.19173092]
[0.19172667]
[0.19172569]
[0.19172543]
[0.19172409]
[0.19167913]
[0.19167326]
[0.19167256]
[0.19166481]
[0.19166027]
[0.19164614]
[0.19164315]
[0.19163795]
[0.19162926]
[0.19162326]
[0.19161592]
[0.19161111]
[0.19159411]
[0.19158505]
[0.1915787]
[0.1915774]
[0.19155107]
[0.19154963]
[0.1915424]
[0.19154182]
[0.19154058]
[0.1915361]
[0.19153416]
[0.19153246]
[0.19150901]
[0.19149122]
[0.19148974]
[0.19148813]
[0.1914751]
[0.1914692]
[0.19146374]
[0.19146217]
[0.19145313]
[0.19143996]
[0.19143775]
[0.19143535]
[0.19143127]
[0.19142888]
[0.19142748]
[0.19142523]
[0.19141006]
[0.19140421]
[0.19139539]
[0.19138892]
[0.19138497]
[0.19135763]
[0.1913514]
[0.19134918]
[0.19134918]
[0.19132277]
[0.19130519]
[0.1913013]
[0.19129556]
[0.19129294]
[0.19127688]
[0.19127136]
[0.1912634]
[0.19126117]
[0.19126095]
[0.19125807]
[0.1912557]
[0.1912535]
[0.19125167]
[0.19125067]
[0.19123864]
[0.19123864]
[0.19123022]
[0.19122663]
[0.19122207]
[0.19121476]
[0.19120216]
[0.19119361]
[0.1911876]
[0.1911876]
[0.19118367]
[0.19117935]
[0.19117881]
[0.19116981]
[0.19114903]
[0.19114903]
[0.19114308]
[0.1911421]
[0.191135]
[0.19110799]
[0.19109528]
[0.19109528]
[0.19108897]
[0.19108206]
[0.19107851]
[0.19107327]
[0.19107242]
[0.1910688]
[0.19105859]
[0.19105843]
[0.1910351]
[0.19103378]
[0.19103228]
[0.19101013]
[0.19100806]
[0.19100223]
[0.1909913]
[0.19098227]
[0.19097508]
[0.19097479]
[0.19097175]
[0.19096571]
[0.19096301]
[0.19096236]
[0.19095853]
[0.1909551]
[0.19095504]
[0.19093414]
[0.19092242]
[0.19091538]
[0.19091412]
[0.19090608]
[0.19089647]
[0.19089647]
[0.19089563]
[0.19088718]
[0.19088641]
[0.19088641]
[0.19087893]
[0.19087592]
[0.19086231]
[0.19085068]
[0.19084774]
[0.19083911]
[0.19082244]
[0.19082065]
[0.19081587]
[0.19081578]
[0.19081123]
[0.19079517]
[0.19079402]
[0.19078705]
[0.19078565]
[0.1907846]
[0.19078274]
[0.19078176]
[0.19077684]
[0.19077466]
[0.1907722]
[0.19076812]
[0.19076207]
[0.19075449]
[0.19075109]
[0.19073866]
[0.19073024]
[0.19072488]
[0.19072488]
[0.1907119]
[0.1907105]
[0.19069713]
[0.19069694]
[0.19069025]
[0.19068119]
[0.19067232]
[0.19064784]
[0.19064592]
[0.19064592]
[0.19063966]
[0.1906311]
[0.1906311]
[0.19061391]
[0.19061126]
[0.19060314]
[0.19059904]
[0.19059318]
[0.19058454]
[0.19058308]
[0.190574]
[0.1905676]
[0.19056521]
[0.19055888]
[0.19054562]
[0.19054267]
[0.19052874]
[0.19052139]
[0.19051711]
[0.19050962]
[0.1905058]
[0.19050539]
[0.19049728]
[0.19049555]
[0.19049498]
[0.19045748]
[0.19044767]
[0.19043145]
[0.19042903]
[0.19042252]
[0.1904198]
[0.19041884]
[0.19041733]
[0.19039375]
[0.19038218]
[0.19037963]
[0.19034661]
[0.19034441]
[0.19034183]
[0.1903412]
[0.1903185]
[0.19031523]
[0.19030324]
[0.19029914]
[0.19029628]
[0.19029328]
[0.19029301]
[0.19028798]
[0.19027667]
[0.19025998]
[0.19025868]
[0.19025476]
[0.19024858]
[0.19024481]
[0.19022776]
[0.19021884]
[0.19020772]
[0.19020243]
[0.19020121]
[0.19019942]
[0.19019596]
[0.19018796]
[0.19017811]
[0.19016063]
[0.19015868]
[0.19015047]
[0.19014722]
[0.1901324]
[0.19011232]
[0.19010927]
[0.19010732]
[0.19010209]
[0.19009714]
[0.19009556]
[0.1900928]
[0.19008934]
[0.19007081]
[0.19006208]
[0.19005822]
[0.19005562]
[0.19005342]
[0.19004312]
[0.19004102]
[0.19003406]
[0.19002698]
[0.19001384]
[0.19000715]
[0.1900021]
[0.18999289]
[0.18998446]
[0.18996714]
[0.18995386]
[0.18995377]
[0.18995367]
[0.18995173]
[0.18994227]
[0.18993843]
[0.18991432]
[0.18990871]
[0.18988067]
[0.18988058]
[0.18988046]
[0.1898762]
[0.18987222]
[0.1898712]
[0.18986933]
[0.18985868]
[0.18985865]
[0.18985721]
[0.18985033]
[0.18984951]
[0.18984558]
[0.18983643]
[0.18983157]
[0.1898274]
[0.18982221]
[0.18981335]
[0.1898014]
[0.18980108]
[0.1897979]
[0.189783]
[0.18978128]
[0.18977433]
[0.18976688]
[0.1897492]
[0.1897406]
[0.1897392]
[0.18972847]
[0.18972744]
[0.18971805]
[0.18971755]
[0.18971378]
[0.18970619]
[0.1897061]
[0.1896981]
[0.18968004]
[0.18967679]
[0.18967222]
[0.18966863]
[0.18966807]
[0.18965751]
[0.1896541]
[0.18965004]
[0.18963012]
[0.18962134]
[0.18962015]
[0.18961735]
[0.18961383]
[0.18960604]
[0.18959384]
[0.1895771]
[0.18957387]
[0.18957287]
[0.18955858]
[0.18955658]
[0.18955567]
[0.18955445]
[0.18953684]
[0.18953551]
[0.18951803]
[0.18950859]
[0.18950565]
[0.18950534]
[0.18947326]
[0.18945621]
[0.18945456]
[0.18945417]
[0.18944871]
[0.18944263]
[0.1894424]
[0.18942787]
[0.18942633]
[0.18942036]
[0.18940382]
[0.18938927]
[0.18938445]
[0.18937205]
[0.189371]
[0.18936568]
[0.18936428]
[0.18936428]
[0.18934128]
[0.18933995]
[0.18933521]
[0.18933319]
[0.18931222]
[0.18928361]
[0.18926197]
[0.1892551]
[0.18925302]
[0.18925259]
[0.18923983]
[0.18923552]
[0.18923351]
[0.18921652]
[0.18921025]
[0.18920656]
[0.18919325]
[0.18919227]
[0.18915445]
[0.18914607]
[0.18913943]
[0.1891357]
[0.189132]
[0.18912934]
[0.18912034]
[0.18910974]
[0.18910679]
[0.18910177]
[0.18908654]
[0.18908097]
[0.18906409]
[0.18905959]
[0.18905245]
[0.18905245]
[0.18905142]
[0.18905073]
[0.18905073]
[0.18904488]
[0.18904191]
[0.18901707]
[0.18901645]
[0.18900615]
[0.18899842]
[0.18899453]
[0.1889765]
[0.18896498]
[0.18896346]
[0.18896253]
[0.18895437]
[0.18894902]
[0.18894745]
[0.18894474]
[0.18893448]
[0.18888313]
[0.18888313]
[0.18888243]
[0.1888802]
[0.18886939]
[0.18886861]
[0.18886553]
[0.18886486]
[0.18884718]
[0.18884718]
[0.188834]
[0.18882388]
[0.18880865]
[0.18880627]
[0.18880278]
[0.18879974]
[0.1887843]
[0.18878002]
[0.18877284]
[0.18877111]
[0.18874255]
[0.18873654]
[0.18872522]
[0.18870589]
[0.18869558]
[0.18869175]
[0.18869175]
[0.18866591]
[0.18866563]
[0.1886638]
[0.18866204]
[0.1886571]
[0.18865065]
[0.18865009]
[0.1886247]
[0.18862347]
[0.18861394]
[0.18859757]
[0.18859337]
[0.18859282]
[0.1885512]
[0.18854661]
[0.18854536]
[0.18854494]
[0.18846725]
[0.18846703]
[0.18846263]
[0.18845783]
[0.18844883]
[0.18844604]
[0.18844084]
[0.1884229]
[0.18841991]
[0.18841834]
[0.18841574]
[0.18841024]
[0.18839912]
[0.18839568]
[0.18838863]
[0.18838853]
[0.18837409]
[0.18837054]
[0.18836257]
[0.18835434]
[0.18835317]
[0.18835193]
[0.18834971]
[0.18834607]
[0.18834019]
[0.18833177]
[0.18833072]
[0.18832226]
[0.18831922]
[0.1883093]
[0.1883043]
[0.18830152]
[0.18830027]
[0.18829238]
[0.18828347]
[0.18828316]
[0.18827645]
[0.18827225]
[0.18824896]
[0.18824098]
[0.18823817]
[0.18823749]
[0.18823649]
[0.18823063]
[0.18822637]
[0.18822128]
[0.18821798]
[0.18821564]
[0.18821271]
[0.18820238]
[0.18820065]
[0.18819478]
[0.18819119]
[0.188182]
[0.18817806]
[0.18817796]
[0.18817621]
[0.18816546]
[0.18815985]
[0.18813886]
[0.1881295]
[0.1881295]
[0.1881277]
[0.18811801]
[0.1881147]
[0.18811314]
[0.1881013]
[0.1880809]
[0.18807581]
[0.18807092]
[0.18806416]
[0.18804309]
[0.18804309]
[0.18803966]
[0.18803722]
[0.18803722]
[0.18803373]
[0.18802643]
[0.18800114]
[0.18799084]
[0.18798284]
[0.18797328]
[0.18796518]
[0.18796436]
[0.18796386]
[0.1879591]
[0.18795773]
[0.1879542]
[0.1879451]
[0.18791327]
[0.18791305]
[0.18790953]
[0.18790442]
[0.1878984]
[0.18788606]
[0.18788122]
[0.18787925]
[0.18787783]
[0.1878774]
[0.18782644]
[0.18782549]
[0.18782009]
[0.18781811]
[0.18781091]
[0.18780836]
[0.18780498]
[0.18779874]
[0.18779771]
[0.18778338]
[0.18778098]
[0.1877736]
[0.18776512]
[0.18776366]
[0.18776195]
[0.18775554]
[0.1877449]
[0.18774481]
[0.18774146]
[0.18773429]
[0.18771458]
[0.18771437]
[0.18769702]
[0.18769594]
[0.18769574]
[0.18769543]
[0.18769181]
[0.18769047]
[0.18768984]
[0.1876814]
[0.18767442]
[0.18765758]
[0.18765344]
[0.18763767]
[0.18763587]
[0.18763581]
[0.18762857]
[0.18762751]
[0.18762223]
[0.18762003]
[0.18761817]
[0.18761306]
[0.18760745]
[0.18760745]
[0.1876033]
[0.18759581]
[0.187595]
[0.18759272]
[0.18759185]
[0.18759137]
[0.18757895]
[0.18757783]
[0.18756893]
[0.1875682]
[0.18756664]
[0.18755913]
[0.18755865]
[0.18755333]
[0.1875267]
[0.18752514]
[0.18751644]
[0.18751466]
[0.18750957]
[0.18750942]
[0.18750899]
[0.18749933]
[0.1874963]
[0.1874963]
[0.18749492]
[0.18748647]
[0.18748647]
[0.18748583]
[0.18748432]
[0.18747698]
[0.18744208]
[0.18743286]
[0.18742533]
[0.18741475]
[0.18740422]
[0.18740276]
[0.1873963]
[0.1873943]
[0.18739319]
[0.18739319]
[0.18739277]
[0.18739235]
[0.18738566]
[0.18738063]
[0.18737516]
[0.18737231]
[0.1873696]
[0.18736741]
[0.18735677]
[0.18734522]
[0.18734503]
[0.18732677]
[0.18732284]
[0.18731837]
[0.18731616]
[0.18731445]
[0.18729332]
[0.18729153]
[0.18728589]
[0.18728375]
[0.18727583]
[0.18726324]
[0.18724915]
[0.18723787]
[0.18723464]
[0.18722798]
[0.18722148]
[0.18722145]
[0.18721722]
[0.18721361]
[0.18721119]
[0.18721014]
[0.18720725]
[0.18719648]
[0.18719184]
[0.18718319]
[0.18718182]
[0.18718182]
[0.18717918]
[0.18717779]
[0.18717556]
[0.18716285]
[0.18715522]
[0.18715358]
[0.18715163]
[0.18715163]
[0.18715066]
[0.18715045]
[0.1871445]
[0.18714304]
[0.18714093]
[0.18713489]
[0.18712424]
[0.18711053]
[0.18710566]
[0.18708597]
[0.1870856]
[0.18707901]
[0.18705462]
[0.18705395]
[0.18704233]
[0.18703987]
[0.18703717]
[0.1870362]
[0.18702698]
[0.18702435]
[0.18702301]
[0.18701313]
[0.18700694]
[0.1870012]
[0.18699563]
[0.18699114]
[0.18699113]
[0.18698843]
[0.18697095]
[0.18695761]
[0.18695593]
[0.18694808]
[0.1869435]
[0.18694156]
[0.18692072]
[0.1869152]
[0.18691391]
[0.18691358]
[0.18691307]
[0.18690692]
[0.18690504]
[0.18688871]
[0.18688571]
[0.18688443]
[0.18686716]
[0.18686417]
[0.18685333]
[0.18684506]
[0.18684481]
[0.18682157]
[0.18681327]
[0.18681248]
[0.18681107]
[0.18680862]
[0.18679935]
[0.18678808]
[0.18678597]
[0.18677272]
[0.18676579]
[0.18675958]
[0.18675129]
[0.18674332]
[0.18673052]
[0.1867296]
[0.1867223]
[0.18671644]
[0.18671508]
[0.186713]
[0.18671098]
[0.1867075]
[0.18669516]
[0.18667796]
[0.18667741]
[0.1866592]
[0.18664825]
[0.18663575]
[0.18663462]
[0.18662928]
[0.18661629]
[0.18661441]
[0.18661313]
[0.18661313]
[0.18660778]
[0.18659708]
[0.18658893]
[0.1865819]
[0.1865715]
[0.18656687]
[0.1865503]
[0.18654892]
[0.18654814]
[0.18654731]
[0.18654598]
[0.1865328]
[0.1865289]
[0.18652557]
[0.18652374]
[0.18649971]
[0.1864956]
[0.18647724]
[0.18647401]
[0.18646587]
[0.18644229]
[0.18643717]
[0.18643269]
[0.18642725]
[0.1864216]
[0.18642147]
[0.18642081]
[0.18640973]
[0.18640926]
[0.18640564]
[0.18639323]
[0.18639246]
[0.18638644]
[0.18638164]
[0.18637528]
[0.18637034]
[0.18635772]
[0.18634446]
[0.18634321]
[0.18634078]
[0.18633914]
[0.18633287]
[0.18633252]
[0.1863301]
[0.18632768]
[0.18632539]
[0.18632014]
[0.18630606]
[0.18629976]
[0.18629804]
[0.18629271]
[0.18628873]
[0.18625939]
[0.18624963]
[0.18624438]
[0.1862441]
[0.18621068]
[0.18619172]
[0.18618602]
[0.18618602]
[0.1861833]
[0.18617961]
[0.18617044]
[0.1861563]
[0.18615495]
[0.18614645]
[0.18614341]
[0.18614042]
[0.18614002]
[0.18612769]
[0.18612379]
[0.1861192]
[0.18610962]
[0.18610922]
[0.18610485]
[0.18610165]
[0.18609026]
[0.18607762]
[0.18606216]
[0.18606192]
[0.18605985]
[0.1860554]
[0.18604264]
[0.18602264]
[0.18601574]
[0.1860069]
[0.18600503]
[0.1859882]
[0.18598796]
[0.18598796]
[0.18598466]
[0.18597174]
[0.18595815]
[0.1859542]
[0.18594885]
[0.1859391]
[0.18593267]
[0.18593182]
[0.18592674]
[0.18592493]
[0.18591803]
[0.1859139]
[0.18591237]
[0.1858961]
[0.18588427]
[0.18588148]
[0.18587665]
[0.18586995]
[0.18586767]
[0.18586265]
[0.18582495]
[0.18582322]
[0.18582095]
[0.18581875]
[0.18581524]
[0.18580553]
[0.18579507]
[0.18578997]
[0.18578841]
[0.18577445]
[0.18576981]
[0.18576832]
[0.18576497]
[0.18574859]
[0.1857456]
[0.18573837]
[0.1857376]
[0.18573385]
[0.18573187]
[0.18572702]
[0.18572627]
[0.18572062]
[0.18571042]
[0.18570836]
[0.18569118]
[0.18567051]
[0.18566887]
[0.18566865]
[0.18566795]
[0.18565375]
[0.18565188]
[0.18565018]
[0.18563572]
[0.18562423]
[0.1856212]
[0.18561785]
[0.18561192]
[0.18560682]
[0.18559948]
[0.18559714]
[0.18559714]
[0.18559359]
[0.18558383]
[0.1855729]
[0.18557228]
[0.18556578]
[0.18555915]
[0.18555178]
[0.18553276]
[0.18553126]
[0.18553083]
[0.18552917]
[0.18552154]
[0.18550955]
[0.18550129]
[0.1854992]
[0.18549733]
[0.18549517]
[0.18549216]
[0.1854907]
[0.18548991]
[0.18548976]
[0.18548784]
[0.18548693]
[0.18547755]
[0.18547021]
[0.18547021]
[0.1854592]
[0.18544741]
[0.18544741]
[0.18543877]
[0.18543483]
[0.18542066]
[0.18541788]
[0.1854131]
[0.18539952]
[0.18538201]
[0.18537858]
[0.18537459]
[0.185372]
[0.18536435]
[0.185354]
[0.18534227]
[0.18533134]
[0.18532501]
[0.18532225]
[0.18531808]
[0.18531239]
[0.18531227]
[0.18530248]
[0.1853016]
[0.18528233]
[0.18526769]
[0.18524744]
[0.18524362]
[0.18524238]
[0.18522891]
[0.18522546]
[0.18522546]
[0.18522525]
[0.18521366]
[0.18520518]
[0.18520135]
[0.18518515]
[0.18517418]
[0.185174]
[0.18517235]
[0.18515411]
[0.18514575]
[0.18514302]
[0.18513927]
[0.18513694]
[0.18513373]
[0.18512744]
[0.18512]
[0.18511996]
[0.185111]
[0.18510874]
[0.1851068]
[0.18510611]
[0.18509935]
[0.18509705]
[0.1850968]
[0.18509483]
[0.18509358]
[0.1850913]
[0.1850869]
[0.18506843]
[0.18506382]
[0.1850544]
[0.18505435]
[0.18504862]
[0.18503265]
[0.18502982]
[0.1850226]
[0.18501116]
[0.18500493]
[0.18499523]
[0.18498793]
[0.18498552]
[0.18497628]
[0.18497576]
[0.18497413]
[0.18497181]
[0.18496741]
[0.18495724]
[0.18495604]
[0.18495499]
[0.18494435]
[0.18494332]
[0.18494126]
[0.1849227]
[0.1849205]
[0.18491656]
[0.18491562]
[0.18491468]
[0.18490057]
[0.18489422]
[0.18489024]
[0.1848877]
[0.18487875]
[0.18487327]
[0.18486474]
[0.18486324]
[0.18486184]
[0.18484733]
[0.18484733]
[0.18484522]
[0.18483013]
[0.18482456]
[0.18482368]
[0.1848114]
[0.18480572]
[0.18480523]
[0.18480298]
[0.18480073]
[0.18479663]
[0.18478149]
[0.1847757]
[0.18477343]
[0.1847619]
[0.184761]
[0.184761]
[0.18475375]
[0.1847503]
[0.18474981]
[0.18474877]
[0.18474874]
[0.18474874]
[0.18474635]
[0.184733]
[0.18473145]
[0.18473025]
[0.18472812]
[0.18472418]
[0.1847176]
[0.18469751]
[0.18469103]
[0.18468942]
[0.18468654]
[0.18466938]
[0.18466677]
[0.18466572]
[0.18466152]
[0.18465833]
[0.18464823]
[0.18464412]
[0.18464091]
[0.1846303]
[0.184622]
[0.18460116]
[0.18458278]
[0.18458278]
[0.18457109]
[0.18456739]
[0.18456616]
[0.18455715]
[0.18455486]
[0.1845543]
[0.1845543]
[0.18455142]
[0.18454933]
[0.18454356]
[0.18453869]
[0.18453135]
[0.1845269]
[0.18452314]
[0.18452239]
[0.18451269]
[0.18450288]
[0.18449153]
[0.18448193]
[0.18447582]
[0.1844746]
[0.18447088]
[0.18446481]
[0.18446478]
[0.18446407]
[0.1844551]
[0.184452]
[0.18444847]
[0.18443196]
[0.18442985]
[0.1844273]
[0.18441768]
[0.18441232]
[0.18441087]
[0.18440436]
[0.1843899]
[0.18438876]
[0.18438412]
[0.18434265]
[0.18431091]
[0.18430792]
[0.18429346]
[0.1842797]
[0.1842746]
[0.18427037]
[0.18426786]
[0.18426225]
[0.18426117]
[0.18424943]
[0.18424037]
[0.18422265]
[0.18421553]
[0.1842133]
[0.18421166]
[0.18421005]
[0.18420704]
[0.18420216]
[0.18418823]
[0.18418574]
[0.18417086]
[0.1841649]
[0.18416385]
[0.18416284]
[0.18416125]
[0.18414791]
[0.18413407]
[0.18413374]
[0.18412809]
[0.18412375]
[0.18411118]
[0.18411028]
[0.18408853]
[0.18408178]
[0.18406509]
[0.18406169]
[0.18406132]
[0.18406132]
[0.18405722]
[0.18405081]
[0.18402915]
[0.18402892]
[0.18402398]
[0.18401815]
[0.1840154]
[0.18400112]
[0.18399842]
[0.18399702]
[0.18399338]
[0.18399131]
[0.18399027]
[0.1839758]
[0.18397133]
[0.18397087]
[0.18396102]
[0.18395956]
[0.1839578]
[0.18395376]
[0.18395321]
[0.1839433]
[0.1839364]
[0.18392316]
[0.1839203]
[0.18391593]
[0.18391392]
[0.18391022]
[0.18389542]
[0.18389083]
[0.18388312]
[0.1838817]
[0.18388024]
[0.18387789]
[0.18386962]
[0.18386853]
[0.18386604]
[0.18385829]
[0.183854]
[0.18384759]
[0.18384722]
[0.18382466]
[0.18382455]
[0.18382402]
[0.18382347]
[0.18382248]
[0.18380903]
[0.1838086]
[0.1838035]
[0.18378803]
[0.18377848]
[0.18376775]
[0.1837647]
[0.18374988]
[0.18374437]
[0.18373924]
[0.18373282]
[0.18373027]
[0.1837247]
[0.18371476]
[0.18370219]
[0.18369566]
[0.18368514]
[0.1836808]
[0.18367855]
[0.18367612]
[0.18367401]
[0.18367307]
[0.18367007]
[0.18366425]
[0.18365301]
[0.18365145]
[0.18364912]
[0.183646]
[0.18363939]
[0.18363848]
[0.18363196]
[0.18363011]
[0.18362862]
[0.18362412]
[0.1836198]
[0.1836198]
[0.18360649]
[0.18359862]
[0.18359591]
[0.18359198]
[0.18359172]
[0.18359147]
[0.1835734]
[0.18356615]
[0.18355846]
[0.18355778]
[0.18354067]
[0.18353985]
[0.18353921]
[0.18352659]
[0.18352541]
[0.18352541]
[0.18352541]
[0.18352541]
[0.18352295]
[0.18350825]
[0.18349598]
[0.18348758]
[0.18348329]
[0.18346815]
[0.18346815]
[0.18346815]
[0.18346396]
[0.1834414]
[0.18343411]
[0.18342838]
[0.18342806]
[0.18342422]
[0.18341047]
[0.18339786]
[0.18339421]
[0.1833837]
[0.18338199]
[0.18337509]
[0.18337126]
[0.18336709]
[0.18335368]
[0.18334882]
[0.18334582]
[0.18333575]
[0.18332773]
[0.18331315]
[0.18330622]
[0.18329743]
[0.18329148]
[0.18328328]
[0.18328132]
[0.18326952]
[0.18324766]
[0.18324451]
[0.18324138]
[0.1832386]
[0.18322651]
[0.18322462]
[0.1832218]
[0.18321003]
[0.18320538]
[0.18320331]
[0.18319447]
[0.1831854]
[0.1831803]
[0.18317962]
[0.18317764]
[0.18316032]
[0.18313856]
[0.1831376]
[0.1831354]
[0.18312539]
[0.1831177]
[0.18311732]
[0.18311423]
[0.18310538]
[0.18310049]
[0.18309054]
[0.18308707]
[0.18308252]
[0.18308154]
[0.18307777]
[0.18306401]
[0.18305284]
[0.18305063]
[0.18304467]
[0.18304257]
[0.1830247]
[0.18302317]
[0.18302183]
[0.18301694]
[0.18301414]
[0.1829999]
[0.18299595]
[0.18299389]
[0.18298756]
[0.18298525]
[0.18298247]
[0.18297559]
[0.1829722]
[0.18296829]
[0.18296829]
[0.18295899]
[0.18292874]
[0.18292864]
[0.18292731]
[0.18292245]
[0.1829216]
[0.18291879]
[0.1829179]
[0.18291426]
[0.18290856]
[0.18290527]
[0.18289784]
[0.18289779]
[0.1828806]
[0.18285638]
[0.18285596]
[0.1828506]
[0.18283619]
[0.18282767]
[0.18282142]
[0.1827962]
[0.1827894]
[0.18278752]
[0.18278559]
[0.18278338]
[0.18278112]
[0.18278007]
[0.18275921]
[0.18275702]
[0.1827465]
[0.18273816]
[0.18273078]
[0.18272729]
[0.18272649]
[0.1827218]
[0.18271685]
[0.18271348]
[0.18271294]
[0.18270756]
[0.18270196]
[0.1827005]
[0.18268393]
[0.18268098]
[0.18268009]
[0.18267268]
[0.18266281]
[0.18265668]
[0.18263762]
[0.18263492]
[0.18261407]
[0.18261233]
[0.18260801]
[0.18260339]
[0.18258739]
[0.18258172]
[0.18257125]
[0.18256544]
[0.18255807]
[0.1825356]
[0.18253458]
[0.18251869]
[0.1825105]
[0.18250667]
[0.18249644]
[0.18248469]
[0.1824761]
[0.18247543]
[0.1824664]
[0.18245868]
[0.18245463]
[0.18244195]
[0.18244074]
[0.18243113]
[0.18243112]
[0.18239793]
[0.18238477]
[0.182378]
[0.18237612]
[0.18237211]
[0.18236369]
[0.18235637]
[0.18234426]
[0.18234247]
[0.18233046]
[0.18230703]
[0.1823042]
[0.18230101]
[0.18230057]
[0.18229297]
[0.18227226]
[0.18226884]
[0.18226452]
[0.18225797]
[0.18225718]
[0.1822559]
[0.18224476]
[0.18223725]
[0.18223277]
[0.18221588]
[0.18220916]
[0.1822021]
[0.18219855]
[0.18219018]
[0.18218899]
[0.18218568]
[0.18218338]
[0.18218182]
[0.1821755]
[0.18217261]
[0.182168]
[0.18215525]
[0.1821533]
[0.18215215]
[0.18214524]
[0.18213849]
[0.18213832]
[0.18213819]
[0.18213294]
[0.1821247]
[0.18211839]
[0.18210964]
[0.1821018]
[0.18209864]
[0.18209666]
[0.18209153]
[0.18209152]
[0.18209042]
[0.18208927]
[0.18208557]
[0.18208379]
[0.18208149]
[0.18207589]
[0.1820596]
[0.18205471]
[0.18205118]
[0.18203722]
[0.18203296]
[0.18203226]
[0.18203007]
[0.18201485]
[0.1820114]
[0.18199678]
[0.18199128]
[0.18198994]
[0.18197629]
[0.18197627]
[0.18197192]
[0.18197119]
[0.18196577]
[0.18196233]
[0.18195935]
[0.18195716]
[0.18194032]
[0.18192933]
[0.18192846]
[0.1819183]
[0.18191783]
[0.18191518]
[0.18191044]
[0.18190327]
[0.1818945]
[0.18188816]
[0.18188494]
[0.18188494]
[0.18188265]
[0.18187822]
[0.18187393]
[0.18187094]
[0.18186927]
[0.181866]
[0.18186574]
[0.18186393]
[0.18185517]
[0.18185104]
[0.18183948]
[0.18182984]
[0.18182431]
[0.18182424]
[0.18181798]
[0.18181634]
[0.18181483]
[0.18180433]
[0.18179953]
[0.18179753]
[0.18179479]
[0.18179296]
[0.18179113]
[0.18179113]
[0.18177474]
[0.18176965]
[0.18176827]
[0.18175775]
[0.18174605]
[0.18173654]
[0.18173414]
[0.18173322]
[0.18173279]
[0.18173264]
[0.18171497]
[0.18171208]
[0.18170343]
[0.18169922]
[0.18169357]
[0.18168831]
[0.18167482]
[0.18166547]
[0.18166533]
[0.18166238]
[0.18166137]
[0.18166061]
[0.18164559]
[0.18163645]
[0.18163358]
[0.18161586]
[0.18161371]
[0.18160553]
[0.18160535]
[0.18160136]
[0.18160129]
[0.18159534]
[0.18159342]
[0.18159306]
[0.18158923]
[0.18158342]
[0.18158248]
[0.18157125]
[0.18156809]
[0.18156648]
[0.1815648]
[0.18156256]
[0.18156214]
[0.18155977]
[0.18155977]
[0.18155836]
[0.18155758]
[0.18154867]
[0.18154752]
[0.18154752]
[0.18153962]
[0.1815335]
[0.18152986]
[0.18150793]
[0.181504]
[0.18150249]
[0.18149877]
[0.1814982]
[0.18149689]
[0.18148282]
[0.18147586]
[0.18147364]
[0.18146677]
[0.18145539]
[0.18143708]
[0.18143417]
[0.18142816]
[0.18142577]
[0.18142577]
[0.18142577]
[0.18140873]
[0.18140802]
[0.18140194]
[0.18139404]
[0.1813909]
[0.18138924]
[0.18138345]
[0.18138151]
[0.18137093]
[0.18136907]
[0.18133892]
[0.1813238]
[0.18131225]
[0.18130882]
[0.18129829]
[0.18128878]
[0.18128604]
[0.18127297]
[0.18126829]
[0.18124329]
[0.18123816]
[0.18123549]
[0.18123347]
[0.18123265]
[0.181229]
[0.18121079]
[0.18120852]
[0.18120232]
[0.18120183]
[0.18119656]
[0.18119581]
[0.18119256]
[0.18119241]
[0.18119146]
[0.1811868]
[0.18118155]
[0.18117441]
[0.18116616]
[0.18114328]
[0.18114185]
[0.18113136]
[0.1811311]
[0.18113011]
[0.18112125]
[0.18111803]
[0.18110864]
[0.18110593]
[0.18108499]
[0.18108366]
[0.18108332]
[0.18108314]
[0.18107915]
[0.1810749]
[0.18107153]
[0.18106437]
[0.1810636]
[0.18105677]
[0.1810461]
[0.18103023]
[0.18102771]
[0.18102577]
[0.18101215]
[0.18100367]
[0.18096745]
[0.180954]
[0.18094017]
[0.18093275]
[0.18092395]
[0.18092355]
[0.1809058]
[0.18090427]
[0.18089728]
[0.18089017]
[0.18088743]
[0.18087582]
[0.18087365]
[0.18087223]
[0.1808539]
[0.18084955]
[0.18084785]
[0.18084215]
[0.18083978]
[0.18083762]
[0.18083508]
[0.18082674]
[0.1808264]
[0.180823]
[0.180819]
[0.18081643]
[0.1808162]
[0.18081397]
[0.18080728]
[0.1807966]
[0.18076107]
[0.18075904]
[0.18075238]
[0.18075]
[0.18074521]
[0.18073975]
[0.18072347]
[0.18071824]
[0.18071768]
[0.18071538]
[0.18071467]
[0.18071437]
[0.18071365]
[0.18069911]
[0.18069822]
[0.18069343]
[0.18069343]
[0.18069302]
[0.18069199]
[0.18069057]
[0.18068989]
[0.18067674]
[0.18067674]
[0.1806721]
[0.18067159]
[0.18067159]
[0.18066017]
[0.18065344]
[0.18064988]
[0.18064982]
[0.18064946]
[0.18064941]
[0.18064846]
[0.1806291]
[0.18062578]
[0.18061718]
[0.18059285]
[0.1805914]
[0.18058984]
[0.180576]
[0.1805714]
[0.1805663]
[0.1805663]
[0.1805663]
[0.18054534]
[0.18053721]
[0.18053353]
[0.18053053]
[0.18052725]
[0.18052612]
[0.18051372]
[0.18050094]
[0.1804861]
[0.18047895]
[0.1804788]
[0.18047857]
[0.18047589]
[0.18047072]
[0.18045795]
[0.18045738]
[0.18045382]
[0.18045342]
[0.18044268]
[0.1804419]
[0.1804401]
[0.18043758]
[0.1804294]
[0.18042874]
[0.18042801]
[0.1804162]
[0.18040517]
[0.18039681]
[0.18038505]
[0.1803702]
[0.1803584]
[0.18035132]
[0.18034615]
[0.18033804]
[0.18032755]
[0.18032233]
[0.18032096]
[0.1803186]
[0.18031833]
[0.18030953]
[0.18030529]
[0.18030207]
[0.18028674]
[0.18028572]
[0.18028305]
[0.18028235]
[0.180274]
[0.18026896]
[0.18026547]
[0.18026547]
[0.18026137]
[0.18025847]
[0.1802554]
[0.1802554]
[0.18025532]
[0.18024835]
[0.1802255]
[0.180221]
[0.18021813]
[0.180218]
[0.18021062]
[0.18020672]
[0.18020357]
[0.18020082]
[0.18019855]
[0.18019314]
[0.18018878]
[0.18018124]
[0.18017973]
[0.18017663]
[0.18017416]
[0.18017165]
[0.18016903]
[0.18014173]
[0.18013245]
[0.1801284]
[0.18012431]
[0.18012412]
[0.18012321]
[0.18012124]
[0.18012068]
[0.18011793]
[0.18010421]
[0.18010421]
[0.18010114]
[0.18008885]
[0.18008323]
[0.18006435]
[0.18005148]
[0.18004306]
[0.1800404]
[0.18003781]
[0.18003666]
[0.18003623]
[0.18002535]
[0.1800209]
[0.1800124]
[0.18001123]
[0.18001032]
[0.17998727]
[0.17996572]
[0.17996521]
[0.17996493]
[0.17996429]
[0.17995216]
[0.17994495]
[0.17994379]
[0.17994346]
[0.17994301]
[0.17993766]
[0.17990537]
[0.17990485]
[0.17990299]
[0.17990299]
[0.17990118]
[0.17989968]
[0.17989102]
[0.17987421]
[0.17987262]
[0.17987172]
[0.17985718]
[0.17985658]
[0.17985043]
[0.17984083]
[0.17983998]
[0.17983957]
[0.17983636]
[0.1798314]
[0.17982659]
[0.17982659]
[0.17982289]
[0.1798206]
[0.17981167]
[0.17980522]
[0.17979808]
[0.1797943]
[0.17979063]
[0.17977244]
[0.17977212]
[0.17976792]
[0.1797677]
[0.17976287]
[0.17974308]
[0.17973432]
[0.17972594]
[0.17972396]
[0.1797025]
[0.17968342]
[0.17968285]
[0.17968285]
[0.17968011]
[0.179678]
[0.17967369]
[0.17966524]
[0.17965317]
[0.17963608]
[0.17963292]
[0.17962845]
[0.17962687]
[0.17962548]
[0.1796214]
[0.17961064]
[0.17960468]
[0.17960405]
[0.179598]
[0.17959522]
[0.17958076]
[0.17957051]
[0.17957021]
[0.17956913]
[0.17956579]
[0.17954287]
[0.17952888]
[0.17951278]
[0.17951278]
[0.17950284]
[0.17949767]
[0.1794965]
[0.17949641]
[0.17948677]
[0.17948188]
[0.17947806]
[0.17947097]
[0.17947015]
[0.17945689]
[0.17945407]
[0.17944878]
[0.17944752]
[0.17943454]
[0.17943354]
[0.17943293]
[0.17942858]
[0.1794131]
[0.17941178]
[0.17940818]
[0.17940687]
[0.17939399]
[0.17938139]
[0.17936437]
[0.1793608]
[0.17935658]
[0.17935437]
[0.17935343]
[0.17935315]
[0.17934752]
[0.1793377]
[0.1793377]
[0.17933679]
[0.1793315]
[0.17932402]
[0.17931986]
[0.17929876]
[0.17929447]
[0.17929275]
[0.17929119]
[0.17928818]
[0.17927879]
[0.17927216]
[0.17927004]
[0.17926733]
[0.17926581]
[0.17923583]
[0.17922463]
[0.17922062]
[0.17921555]
[0.17921194]
[0.17920636]
[0.17920195]
[0.17920099]
[0.17919573]
[0.17919505]
[0.17918868]
[0.17917499]
[0.17917435]
[0.17917031]
[0.17916465]
[0.17916235]
[0.17914902]
[0.17914636]
[0.17914458]
[0.17913036]
[0.17912942]
[0.17912841]
[0.1791268]
[0.17912388]
[0.17911296]
[0.17910548]
[0.17908898]
[0.17908533]
[0.17908302]
[0.17908022]
[0.17907314]
[0.17906684]
[0.17905547]
[0.1790541]
[0.17904484]
[0.17904323]
[0.17903613]
[0.17903325]
[0.17903066]
[0.17903066]
[0.17902507]
[0.1790221]
[0.17902088]
[0.17900792]
[0.17900322]
[0.17900184]
[0.17897795]
[0.17897458]
[0.17896308]
[0.17895196]
[0.1789424]
[0.1789424]
[0.17893493]
[0.17891417]
[0.17891169]
[0.1789023]
[0.17889874]
[0.17888281]
[0.17888281]
[0.1788779]
[0.17887786]
[0.17887728]
[0.17887361]
[0.17886762]
[0.17885208]
[0.17883864]
[0.1788341]
[0.17883013]
[0.17882648]
[0.17882352]
[0.1788202]
[0.1788156]
[0.17881046]
[0.17880884]
[0.1788082]
[0.17880492]
[0.17880185]
[0.1787946]
[0.17879112]
[0.17878532]
[0.17878385]
[0.17877384]
[0.17876977]
[0.17876084]
[0.1787584]
[0.17875472]
[0.17875361]
[0.17875157]
[0.17874844]
[0.17874812]
[0.1787365]
[0.17873408]
[0.17873296]
[0.17872284]
[0.17872258]
[0.1787145]
[0.17870754]
[0.17870474]
[0.17870094]
[0.17869344]
[0.17868614]
[0.1786651]
[0.1786604]
[0.17863743]
[0.17863342]
[0.17863287]
[0.1786255]
[0.1786255]
[0.17862463]
[0.17861651]
[0.17860419]
[0.17860413]
[0.1785881]
[0.17856748]
[0.1785593]
[0.17855756]
[0.17855427]
[0.17854895]
[0.17854744]
[0.17853637]
[0.17853059]
[0.17852753]
[0.1784881]
[0.17848395]
[0.17848198]
[0.17847839]
[0.17846605]
[0.17846529]
[0.17846175]
[0.1784578]
[0.17845036]
[0.17844981]
[0.17843546]
[0.17843288]
[0.17842792]
[0.1784052]
[0.1783965]
[0.17839108]
[0.17839068]
[0.17839041]
[0.17838982]
[0.17837705]
[0.17837624]
[0.17836738]
[0.17836407]
[0.17834811]
[0.17834653]
[0.17834231]
[0.17833681]
[0.17833006]
[0.17832588]
[0.17832446]
[0.17832117]
[0.17830576]
[0.17830339]
[0.17829913]
[0.17829742]
[0.17829373]
[0.17829332]
[0.17829055]
[0.17825754]
[0.1782572]
[0.17825696]
[0.17825137]
[0.1782369]
[0.17821938]
[0.17819236]
[0.17819236]
[0.17818998]
[0.17817418]
[0.1781733]
[0.17815575]
[0.17814855]
[0.1781429]
[0.17814201]
[0.17813978]
[0.17812933]
[0.17812249]
[0.17812127]
[0.17811948]
[0.1781184]
[0.17811479]
[0.178104]
[0.17809296]
[0.17808284]
[0.17804767]
[0.17803925]
[0.17803507]
[0.17803441]
[0.17801508]
[0.17800945]
[0.17800868]
[0.17800732]
[0.17800312]
[0.17799704]
[0.17799498]
[0.17798825]
[0.17797884]
[0.17797852]
[0.17797682]
[0.17796262]
[0.17795989]
[0.17795676]
[0.17795473]
[0.1779436]
[0.17790972]
[0.1779022]
[0.17787592]
[0.17785354]
[0.17783934]
[0.17783743]
[0.17783666]
[0.17782153]
[0.1778093]
[0.1778093]
[0.1778093]
[0.1777978]
[0.1777949]
[0.17779142]
[0.1777847]
[0.1777716]
[0.17776531]
[0.1777579]
[0.17775783]
[0.17773081]
[0.1777305]
[0.17772323]
[0.17771792]
[0.17771788]
[0.17770709]
[0.17768525]
[0.17767254]
[0.1776695]
[0.17766818]
[0.17766508]
[0.17764875]
[0.17763242]
[0.17762558]
[0.17761488]
[0.17760195]
[0.17759828]
[0.17759202]
[0.17759041]
[0.17757154]
[0.1775583]
[0.1775555]
[0.17754915]
[0.17754848]
[0.17754579]
[0.17752507]
[0.17752391]
[0.17752299]
[0.17751469]
[0.17749923]
[0.17749923]
[0.17749903]
[0.17749535]
[0.17749429]
[0.17749232]
[0.17748027]
[0.17746374]
[0.17746025]
[0.17745839]
[0.17745149]
[0.17744668]
[0.17743002]
[0.17742905]
[0.1774189]
[0.1774012]
[0.17739333]
[0.17739233]
[0.17738809]
[0.17738657]
[0.17738117]
[0.17737356]
[0.17737219]
[0.17737117]
[0.17735949]
[0.17735782]
[0.17733712]
[0.1773243]
[0.17729925]
[0.17729743]
[0.17729189]
[0.17729042]
[0.17728896]
[0.17727867]
[0.17727454]
[0.17726532]
[0.17726384]
[0.17726271]
[0.17726211]
[0.17726198]
[0.17725623]
[0.17725289]
[0.17724438]
[0.17724079]
[0.1772401]
[0.17723466]
[0.1772336]
[0.17721683]
[0.17721677]
[0.1772161]
[0.17720439]
[0.1771976]
[0.17719564]
[0.17719008]
[0.1771893]
[0.17717697]
[0.17716795]
[0.1771434]
[0.17714103]
[0.177138]
[0.17713621]
[0.177132]
[0.17712863]
[0.1770943]
[0.1770932]
[0.17709218]
[0.17709072]
[0.17708552]
[0.17708491]
[0.17707567]
[0.17707567]
[0.17707555]
[0.17707106]
[0.1770672]
[0.17705914]
[0.17704946]
[0.17702846]
[0.17701979]
[0.17701823]
[0.17701481]
[0.17700584]
[0.17698908]
[0.17698102]
[0.17698066]
[0.17698012]
[0.17694709]
[0.17694357]
[0.17693785]
[0.17692919]
[0.17692776]
[0.17692623]
[0.1769046]
[0.1769023]
[0.1768986]
[0.17689753]
[0.17688835]
[0.17688835]
[0.1768806]
[0.17687918]
[0.1768727]
[0.17687139]
[0.17685445]
[0.17685369]
[0.1768519]
[0.17684649]
[0.17683455]
[0.176834]
[0.1768271]
[0.17680703]
[0.17680635]
[0.17680277]
[0.17679808]
[0.17679335]
[0.17679204]
[0.1767905]
[0.1767572]
[0.17674108]
[0.17674048]
[0.17673373]
[0.17669217]
[0.17668204]
[0.17667812]
[0.1766775]
[0.17665759]
[0.17665091]
[0.17664361]
[0.17663586]
[0.17661625]
[0.1766101]
[0.17660584]
[0.17660007]
[0.17659444]
[0.17657967]
[0.17657854]
[0.17657365]
[0.17657314]
[0.17657314]
[0.17656589]
[0.17656238]
[0.17655818]
[0.17654589]
[0.17653498]
[0.1765245]
[0.17651331]
[0.17651097]
[0.17650092]
[0.17649694]
[0.17645913]
[0.17644466]
[0.17643543]
[0.17643423]
[0.17642818]
[0.17642283]
[0.17641622]
[0.17641622]
[0.17641534]
[0.17641488]
[0.17640743]
[0.1764074]
[0.17639616]
[0.17639337]
[0.17637308]
[0.17635635]
[0.17632802]
[0.17632735]
[0.17632549]
[0.17630132]
[0.17629594]
[0.17628264]
[0.17624915]
[0.17623945]
[0.1762311]
[0.17622426]
[0.17622042]
[0.17621303]
[0.17620565]
[0.176186]
[0.17618442]
[0.17617483]
[0.1761628]
[0.1761557]
[0.17613678]
[0.17613523]
[0.17613386]
[0.17613097]
[0.1761073]
[0.1760999]
[0.17607932]
[0.17607783]
[0.17607382]
[0.17606516]
[0.17605555]
[0.17605555]
[0.1760495]
[0.17604512]
[0.17604242]
[0.17604008]
[0.17603888]
[0.17603888]
[0.17602599]
[0.17601423]
[0.17600736]
[0.17600265]
[0.17600074]
[0.17599991]
[0.17599481]
[0.17599481]
[0.17599481]
[0.17599475]
[0.17599152]
[0.1759903]
[0.1759679]
[0.17595915]
[0.17594823]
[0.17594823]
[0.17594515]
[0.17593013]
[0.17592277]
[0.17591813]
[0.17591743]
[0.17590672]
[0.17589349]
[0.17589281]
[0.17589281]
[0.17588109]
[0.17585455]
[0.17585205]
[0.17583477]
[0.17579602]
[0.17579132]
[0.17579022]
[0.17578223]
[0.17578174]
[0.17577153]
[0.17576842]
[0.1757674]
[0.17575693]
[0.17574556]
[0.17572531]
[0.17571734]
[0.17570913]
[0.17570497]
[0.17567566]
[0.17567167]
[0.17566991]
[0.17566699]
[0.17565332]
[0.17561351]
[0.17559963]
[0.17559147]
[0.17558439]
[0.17558414]
[0.175573]
[0.17556997]
[0.1755665]
[0.1755665]
[0.17553793]
[0.17553306]
[0.17549442]
[0.17546694]
[0.17545676]
[0.17543632]
[0.17543222]
[0.17542844]
[0.17542738]
[0.1754219]
[0.17541547]
[0.17539571]
[0.1753888]
[0.17537789]
[0.17537789]
[0.17537506]
[0.17535785]
[0.17532414]
[0.17531136]
[0.17530277]
[0.17527519]
[0.1752745]
[0.17526874]
[0.17525317]
[0.17524983]
[0.17523515]
[0.17522489]
[0.1752017]
[0.17520022]
[0.17519636]
[0.17517474]
[0.175174]
[0.17512982]
[0.17509127]
[0.17508298]
[0.17507258]
[0.17505981]
[0.17505303]
[0.17504571]
[0.17504215]
[0.17501454]
[0.17500204]
[0.17499474]
[0.17495741]
[0.17495726]
[0.17491913]
[0.17489797]
[0.17487809]
[0.17487346]
[0.17486338]
[0.17485417]
[0.17485265]
[0.17484607]
[0.17484505]
[0.17484319]
[0.17484185]
[0.17483114]
[0.17481354]
[0.17478271]
[0.17477816]
[0.17477314]
[0.17476022]
[0.17473693]
[0.17470674]
[0.1746877]
[0.1746697]
[0.17466412]
[0.1746516]
[0.17464814]
[0.17463383]
[0.17462781]
[0.17461832]
[0.17460814]
[0.174606]
[0.17459406]
[0.1745878]
[0.17457582]
[0.17456551]
[0.17454956]
[0.174546]
[0.17454462]
[0.17453037]
[0.17448387]
[0.1744593]
[0.17443869]
[0.17443213]
[0.17443033]
[0.17442973]
[0.17441921]
[0.17441544]
[0.17439939]
[0.17436747]
[0.17435114]
[0.17433807]
[0.17431581]
[0.17430922]
[0.17430793]
[0.1742916]
[0.17428792]
[0.17424679]
[0.1742389]
[0.17423226]
[0.17422745]
[0.17421623]
[0.17421564]
[0.17419349]
[0.17419314]
[0.17418352]
[0.17417817]
[0.17417262]
[0.17414631]
[0.17414413]
[0.17413752]
[0.17413458]
[0.17413458]
[0.17413113]
[0.17412174]
[0.17410375]
[0.17409614]
[0.1740944]
[0.17404722]
[0.1740369]
[0.17399968]
[0.17398712]
[0.1739755]
[0.17397249]
[0.173972]
[0.17396927]
[0.17396593]
[0.173958]
[0.17395744]
[0.17395094]
[0.17394656]
[0.17394388]
[0.17393364]
[0.1739235]
[0.17391826]
[0.1739135]
[0.17390223]
[0.17389427]
[0.1738836]
[0.17385004]
[0.17384751]
[0.1738395]
[0.17383298]
[0.17381074]
[0.17380622]
[0.17380129]
[0.17377505]
[0.17376995]
[0.1737677]
[0.17372723]
[0.173717]
[0.17369826]
[0.1736887]
[0.17368631]
[0.1736624]
[0.1736624]
[0.17364942]
[0.17362969]
[0.17361724]
[0.17360397]
[0.17359431]
[0.17359336]
[0.17358325]
[0.17357546]
[0.17356932]
[0.17356853]
[0.1735587]
[0.17353633]
[0.17352977]
[0.17352885]
[0.17352535]
[0.1735182]
[0.17351292]
[0.17350708]
[0.17346953]
[0.1734368]
[0.17339641]
[0.17337653]
[0.1733762]
[0.17336127]
[0.17336021]
[0.17335886]
[0.17335829]
[0.17335734]
[0.17334984]
[0.17329001]
[0.1732877]
[0.17328425]
[0.17325981]
[0.1732493]
[0.17323552]
[0.1732308]
[0.17321773]
[0.17319825]
[0.17318986]
[0.17316522]
[0.17316268]
[0.17313917]
[0.17313443]
[0.17312847]
[0.17310812]
[0.17310672]
[0.1730941]
[0.17308222]
[0.17303836]
[0.17297305]
[0.17296182]
[0.17295639]
[0.17295639]
[0.1729522]
[0.172931]
[0.17292553]
[0.17290463]
[0.17287813]
[0.1728694]
[0.17286514]
[0.17286332]
[0.1728494]
[0.17283072]
[0.17282617]
[0.17282026]
[0.17281654]
[0.17281619]
[0.17279848]
[0.17277423]
[0.17276031]
[0.17275852]
[0.17271781]
[0.17269102]
[0.17268836]
[0.17265432]
[0.17261939]
[0.17261514]
[0.17261116]
[0.1725848]
[0.17251778]
[0.17251602]
[0.17249753]
[0.17249429]
[0.17249393]
[0.17248248]
[0.17242897]
[0.17240754]
[0.17240444]
[0.17239588]
[0.17238572]
[0.17238164]
[0.17238033]
[0.17237477]
[0.17234455]
[0.1723405]
[0.17234033]
[0.17233136]
[0.1722979]
[0.17227979]
[0.1722793]
[0.17225909]
[0.17220502]
[0.17219244]
[0.17218444]
[0.1721796]
[0.17216523]
[0.17216097]
[0.17215376]
[0.17214184]
[0.17212234]
[0.17211813]
[0.17211525]
[0.17209025]
[0.17208871]
[0.17208871]
[0.1720865]
[0.17208332]
[0.17205991]
[0.17204852]
[0.1720466]
[0.1720097]
[0.1720097]
[0.17199321]
[0.1719734]
[0.17196418]
[0.1719619]
[0.17196123]
[0.17193387]
[0.17193092]
[0.17191273]
[0.17189892]
[0.1718986]
[0.1718744]
[0.17187114]
[0.17186101]
[0.17185767]
[0.17184079]
[0.17178406]
[0.17178157]
[0.17177437]
[0.17176479]
[0.17176028]
[0.17174989]
[0.17174667]
[0.1717396]
[0.17172067]
[0.17166851]
[0.17162724]
[0.17162561]
[0.17159407]
[0.17159054]
[0.17156363]
[0.17156209]
[0.17151453]
[0.17151135]
[0.17150427]
[0.17150162]
[0.17149976]
[0.17147566]
[0.17145991]
[0.17143795]
[0.17137676]
[0.1713711]
[0.1713672]
[0.17130786]
[0.17130691]
[0.17123742]
[0.17122172]
[0.17121689]
[0.1711426]
[0.17112924]
[0.17112511]
[0.17112426]
[0.17109534]
[0.1710796]
[0.17105477]
[0.17102757]
[0.17102689]
[0.17102633]
[0.17102458]
[0.17101552]
[0.17095797]
[0.1709314]
[0.17092681]
[0.17092311]
[0.17088388]
[0.17087963]
[0.17085126]
[0.17085065]
[0.1708421]
[0.1708404]
[0.17083228]
[0.17083173]
[0.17083173]
[0.17082626]
[0.17081435]
[0.17080009]
[0.17079566]
[0.17077182]
[0.17077076]
[0.17076096]
[0.1707241]
[0.1706927]
[0.17067856]
[0.17066896]
[0.17065208]
[0.17064406]
[0.17063119]
[0.17062107]
[0.17061672]
[0.17058659]
[0.17058259]
[0.17056668]
[0.17055863]
[0.1705456]
[0.1705284]
[0.17050105]
[0.17042932]
[0.17039326]
[0.17037687]
[0.17031884]
[0.17030863]
[0.17026433]
[0.17025368]
[0.17024252]
[0.17021756]
[0.17020802]
[0.17018417]
[0.1701444]
[0.17012721]
[0.17010128]
[0.1700653]
[0.1700587]
[0.17005734]
[0.17005305]
[0.17004351]
[0.1700084]
[0.16997232]
[0.16995071]
[0.16992527]
[0.16991596]
[0.1699121]
[0.16989455]
[0.16987383]
[0.1698595]
[0.16984473]
[0.16982976]
[0.16982947]
[0.16982946]
[0.1698084]
[0.16980286]
[0.16978694]
[0.16978458]
[0.16977467]
[0.16974515]
[0.16973658]
[0.16968991]
[0.1696765]
[0.16962959]
[0.16951035]
[0.16945775]
[0.16943735]
[0.1694352]
[0.16941996]
[0.16941777]
[0.16939022]
[0.1693896]
[0.16937472]
[0.16936931]
[0.16936553]
[0.1692497]
[0.1692458]
[0.16916056]
[0.16909346]
[0.16906747]
[0.16906643]
[0.16902824]
[0.16902202]
[0.16901521]
[0.16898109]
[0.16892415]
[0.16874652]
[0.16868085]
[0.16866572]
[0.16858071]
[0.16857406]
[0.16856766]
[0.16852875]
[0.16850801]
[0.16849324]
[0.1683615]
[0.1682966]
[0.16829044]
[0.16825211]
[0.16819076]
[0.16816919]
[0.16816062]
[0.16814148]
[0.16811973]
[0.1681121]
[0.1680718]
[0.16806471]
[0.16802447]
[0.16801909]
[0.16788776]
[0.16788642]
[0.16787502]
[0.16778056]
[0.16777007]
[0.16774648]
[0.16773266]
[0.16768657]
[0.16767263]
[0.16765143]
[0.16764979]
[0.16757558]
[0.16757442]
[0.16752818]
[0.16752112]
[0.16748862]
[0.16738123]
[0.16732118]
[0.16719349]
[0.16714817]
[0.16712998]
[0.16707608]
[0.16707128]
[0.16682439]
[0.16680573]
[0.16676755]
[0.16671775]
[0.16667084]
[0.16650927]
[0.16648741]
[0.16643731]
[0.1662901]
[0.16624178]
[0.16611001]
[0.16575648]
[0.16571888]
[0.16567971]
[0.1656455]
[0.16553336]
[0.1653452]
[0.16520657]
[0.16506706]
[0.1650276]
[0.16499284]
[0.16494228]
[0.16493694]
[0.16493429]
[0.16489413]
[0.16481051]
[0.16471466]
[0.16466579]
[0.16454281]
[0.1644462]
[0.16443352]
[0.16421182]
[0.16420044]
[0.164073]
[0.16405876]
[0.16405034]
[0.16404045]
[0.16402824]
[0.16385792]
[0.1638217]
[0.16370775]
[0.1636693]
[0.16366227]
[0.16364376]
[0.1635374]
[0.16336355]
[0.16332737]
[0.16331808]
[0.1633153]
[0.1632493]
[0.1631653]
[0.16314386]
[0.16312017]
[0.1631016]
[0.16307427]
[0.16307351]
[0.16300893]
[0.16299626]
[0.1629779]
[0.162919]
[0.16274557]
[0.16273506]
[0.16265418]
[0.1621588]
[0.16214864]
[0.16210313]
[0.1620962]
[0.16206415]
[0.16206048]
[0.16203718]
[0.16202138]
[0.16194066]
[0.16191837]
[0.16190816]
[0.16190669]
[0.1618038]
[0.1617631]
[0.16166851]
[0.16166458]
[0.1616463]
[0.16148207]
[0.16146098]
[0.16145054]
[0.16134538]
[0.16125888]
[0.16112398]
[0.16108581]
[0.16105424]
[0.1610264]
[0.16099969]
[0.16097346]
[0.16084906]
[0.16081242]
[0.16080692]
[0.1607073]
[0.1606764]
[0.16065505]
[0.16063525]
[0.16045782]
[0.16038203]
[0.16031373]
[0.16029106]
[0.16022795]
[0.16011281]
[0.1600988]
[0.1600579]
[0.16001579]
[0.15996858]
[0.15993182]
[0.15993084]
[0.15983763]
[0.1598001]
[0.15967366]
[0.15965278]
[0.159579]
[0.15950716]
[0.15949573]
[0.15941523]
[0.15938132]
[0.15933312]
[0.1592198]
[0.1589962]
[0.15894161]
[0.15883772]
[0.15878022]
[0.15871057]
[0.15863703]
[0.15858963]
[0.15854356]
[0.15851873]
[0.15847664]
[0.15843734]
[0.15836684]
[0.15835933]
[0.15829328]
[0.1582231]
[0.15818003]
[0.15812859]
[0.15795815]
[0.15794182]
[0.1575961]
[0.15759282]
[0.15744485]
[0.15736596]
[0.15735301]
[0.15732141]
[0.15729055]
[0.15722314]
[0.15718651]
[0.15704985]
[0.15682934]
[0.15682758]
[0.15682262]
[0.15681092]
[0.15675285]
[0.15674357]
[0.15664266]
[0.15636441]
[0.15636319]
[0.15631533]
[0.1560969]
[0.1559168]
[0.15589507]
[0.15587695]
[0.1557179]
[0.155653]
[0.15554234]
[0.15547585]
[0.1553866]
[0.15526776]
[0.15521652]
[0.15505594]
[0.15495941]
[0.1548872]
[0.15461445]
[0.15451309]
[0.15412873]
[0.15386869]
[0.15377945]
[0.15371898]
[0.15337561]
[0.15335663]
