0.7013886
0.67383844
0.6535718
0.6350387
0.63477755
0.6342797
0.62898105
0.6207433
0.6114796
0.6097749
0.5739205
0.55688155
0.5365881
0.53394747
0.5313743
0.52647793
0.5248318
0.5157439
0.50602746
0.48376137
0.4835529
0.47262204
0.4715944
0.46280065
0.46228114
0.4578232
0.45664287
0.45090476
0.44868597
0.4449316
0.44318947
0.44185764
0.44032228
0.43107104
0.43068218
0.4291554
0.42877534
0.42566594
0.4226536
0.41805604
0.41687047
0.41445947
0.41325453
0.4116393
0.40985933
0.40867385
0.40730464
0.40701357
0.40574232
0.39886433
0.39800522
0.3976758
0.3963234
0.39385086
0.39306456
0.3914961
0.39095715
0.3901768
0.3894184
0.3892027
0.3876566
0.38631645
0.38631645
0.38624236
0.38384196
0.3819819
0.3816899
0.38026688
0.37990838
0.37827864
0.3781688
0.3778751
0.3775175
0.37731266
0.37714782
0.37706235
0.37278095
0.37233174
0.37190738
0.36690363
0.36603066
0.361542
0.3598556
0.3598556
0.35974008
0.35814357
0.35798806
0.35576913
0.35531846
0.35409728
0.35402846
0.35339698
0.3522923
0.35182256
0.35147497
0.35087115
0.34982932
0.34869757
0.34410346
0.34384698
0.3435586
0.34348255
0.34310305
0.34299552
0.3426633
0.342647
0.34255674
0.3422415
0.34195453
0.3418242
0.341125
0.34086874
0.3404441
0.3391343
0.3378673
0.33691835
0.3367157
0.33647883
0.33623505
0.33610076
0.33560926
0.33463913
0.33452147
0.33451593
0.3335165
0.33268273
0.33252862
0.332264
0.3319655
0.33162382
0.33091873
0.33091763
0.3289889
0.3289869
0.32725373
0.32693705
0.32610044
0.32482576
0.32404125
0.32357997
0.3219827
0.32100278
0.32055315
0.32049054
0.32037228
0.32016033
0.31981483
0.3198101
0.31966653
0.3195993
0.31941533
0.31896672
0.31863022
0.31775698
0.31736526
0.31523874
0.31517503
0.3150134
0.31453195
0.31438464
0.31393427
0.31291363
0.31264707
0.3126275
0.31219953
0.31074256
0.31065965
0.30986327
0.30927753
0.30901998
0.30899665
0.30746335
0.30721956
0.30687964
0.3065798
0.30606276
0.30552274
0.3054717
0.30521408
0.3039437
0.30326295
0.3029976
0.30247614
0.30238435
0.30161414
0.30148807
0.30129242
0.30129242
0.30121458
0.30064628
0.29988843
0.29951468
0.29901364
0.29832095
0.29807237
0.29794785
0.2978919
0.2972597
0.2971148
0.29659128
0.29648992
0.2963936
0.2959611
0.295948
0.29534984
0.29413164
0.29387364
0.29369745
0.29342815
0.2924247
0.29172763
0.2917272
0.29164016
0.29103646
0.2909431
0.29016712
0.28934297
0.28932393
0.2883657
0.28753516
0.2870415
0.28676042
0.28475595
0.28426918
0.28418687
0.28367564
0.28337273
0.283331
0.2828156
0.28276995
0.28262064
0.2826199
0.28231123
0.2822714
0.28212908
0.28172648
0.28147885
0.28077787
0.2805132
0.2803007
0.2802892
0.2800525
0.27998933
0.27980298
0.27967742
0.27904475
0.2788893
0.27877173
0.27852872
0.278395
0.27839404
0.27814227
0.27769142
0.27763775
0.2773106
0.27679724
0.27677318
0.2755975
0.27549148
0.27541432
0.27531415
0.2752997
0.27520826
0.27520695
0.27502453
0.2746608
0.2745978
0.27441162
0.27353683
0.27328935
0.27313587
0.27311543
0.27304527
0.27288926
0.27267197
0.2724155
0.27216825
0.27186486
0.2716372
0.2711348
0.27108335
0.27096418
0.2708702
0.27083704
0.27023134
0.26997378
0.26991963
0.26977703
0.26976413
0.2695413
0.26946083
0.26942897
0.26913127
0.26894587
0.26894587
0.26820028
0.26805866
0.26782542
0.26776296
0.267622
0.2675092
0.26679304
0.26671544
0.26641724
0.266218
0.26563117
0.26550364
0.26521617
0.26520583
0.2651454
0.26509884
0.2650691
0.26495504
0.264891
0.26488686
0.26484433
0.2647333
0.26470265
0.264472
0.26442534
0.2643657
0.2643657
0.2643318
0.2642634
0.26420972
0.26375985
0.26374564
0.26374564
0.26363337
0.26333773
0.2632995
0.2627431
0.2625702
0.26250866
0.26245642
0.26212364
0.2618545
0.2618365
0.2615441
0.2614034
0.2611793
0.26114306
0.2610582
0.26105797
0.26095864
0.26081684
0.26064867
0.26049593
0.25989974
0.25982124
0.25974935
0.25962412
0.2596114
0.25949788
0.25937462
0.25930202
0.25909236
0.25899145
0.25893074
0.25893074
0.2589123
0.25875562
0.2586591
0.25846153
0.25846153
0.25832483
0.258297
0.25810605
0.25789842
0.25768894
0.25768894
0.25749323
0.25736752
0.2573204
0.2572409
0.25723767
0.2571225
0.25705075
0.2568642
0.25658345
0.25644776
0.25644776
0.2564262
0.25596106
0.25593987
0.25588822
0.25512046
0.25503907
0.2549762
0.25488207
0.25483638
0.2545135
0.25441223
0.25434864
0.25433466
0.25417992
0.2541641
0.25377864
0.25377178
0.25356907
0.2533092
0.25329494
0.25302562
0.2529572
0.2526699
0.25249848
0.25241652
0.25229317
0.25201535
0.25177073
0.2509844
0.25045934
0.2504247
0.25015703
0.25002918
0.25000137
0.2499237
0.2499229
0.2499153
0.24948928
0.24932964
0.24905229
0.2489275
0.24857338
0.24837606
0.24828936
0.24820904
0.24813753
0.24778627
0.24767976
0.24737911
0.24663277
0.24656333
0.24644412
0.24640092
0.2463139
0.2461272
0.24609937
0.2460953
0.2460335
0.24590874
0.24578717
0.24570757
0.24570711
0.24562438
0.24536955
0.24531858
0.24517156
0.245166
0.245166
0.24511775
0.24506213
0.2449692
0.2447691
0.24447982
0.24446234
0.24415119
0.2441303
0.2441303
0.243937
0.24391977
0.24390803
0.24380788
0.24379148
0.24376613
0.24354938
0.24341622
0.24339297
0.24331641
0.24310127
0.24301861
0.24292977
0.24272528
0.24264053
0.24248031
0.24246521
0.24230371
0.24180026
0.24158545
0.24129547
0.24108955
0.2406723
0.24054278
0.24050736
0.24015677
0.23995622
0.23989895
0.23979504
0.23971267
0.23963486
0.23938772
0.2393772
0.23934709
0.23912658
0.23900859
0.23888159
0.23886369
0.23856455
0.2384741
0.23840266
0.23827496
0.2382017
0.23814525
0.23809671
0.23804085
0.2375163
0.23744664
0.2373952
0.2372899
0.2372495
0.23719414
0.23717134
0.23713696
0.23698963
0.23693955
0.2369153
0.23680519
0.23679733
0.23671597
0.23658243
0.23638026
0.23634195
0.2362116
0.23620553
0.235906
0.2359039
0.23569565
0.23546563
0.2354098
0.23538761
0.2353474
0.2352306
0.235133
0.23510844
0.2349864
0.23484486
0.23476282
0.23468031
0.23463866
0.23450516
0.23437978
0.23437978
0.23433243
0.23416325
0.2340946
0.23407854
0.23404674
0.23401332
0.23400141
0.23369317
0.23360458
0.2335444
0.23351257
0.23338273
0.23332825
0.2332954
0.23327814
0.2332076
0.2331598
0.23303269
0.23296517
0.2329623
0.23293215
0.23289602
0.23288913
0.23284851
0.23273464
0.23270543
0.23236309
0.23225792
0.23215836
0.23208104
0.23196447
0.23189414
0.23187457
0.23172899
0.23166095
0.23160955
0.23158017
0.23142959
0.231215
0.23111579
0.2310397
0.23090366
0.23087712
0.23085514
0.23085435
0.23063631
0.23063631
0.23051398
0.23047432
0.23047403
0.23045576
0.23027498
0.23024045
0.2302017
0.23019202
0.23006025
0.22999854
0.22999854
0.22992653
0.22987582
0.22978151
0.22975422
0.22974335
0.22972766
0.2296099
0.22949415
0.2293954
0.22928439
0.22927605
0.22926168
0.22912948
0.22911394
0.2289344
0.22883914
0.22855182
0.228377
0.22832195
0.22829781
0.22829528
0.2282458
0.22819883
0.22819439
0.22810364
0.22805072
0.2279799
0.22797911
0.22787635
0.22767742
0.22760376
0.22755767
0.22753306
0.22746724
0.22741362
0.22722389
0.22707516
0.22707516
0.22700265
0.22668198
0.22666018
0.22666018
0.2265281
0.2264991
0.22637902
0.22613046
0.22608271
0.22605711
0.22605354
0.22597347
0.22592293
0.22589302
0.22585393
0.22584297
0.22576725
0.22575998
0.22557683
0.22555481
0.22549772
0.22544858
0.22537601
0.22533931
0.2253063
0.22530273
0.2251339
0.2250432
0.2250432
0.2250051
0.22478648
0.22465144
0.22445047
0.22441751
0.22438236
0.22437002
0.22436877
0.22436877
0.22431856
0.22421141
0.22418097
0.22414032
0.22403373
0.22401077
0.22399552
0.22398947
0.22373912
0.223709
0.22355181
0.22352827
0.22337055
0.22324981
0.22314262
0.22295052
0.22289868
0.2228524
0.2228171
0.22263804
0.22253126
0.22244808
0.22239015
0.22231384
0.22200237
0.22200237
0.22192357
0.2219053
0.22186537
0.22177942
0.22168344
0.22162572
0.22158797
0.22150292
0.221451
0.22124599
0.22123149
0.22120154
0.221112
0.2210851
0.22101538
0.22098081
0.22084776
0.2206575
0.22065163
0.22062387
0.2206162
0.22052452
0.22042145
0.2204159
0.22040676
0.22040495
0.22024845
0.22007371
0.21997488
0.2199734
0.21981071
0.21953405
0.21952264
0.2195207
0.21948634
0.21947905
0.21944706
0.21938953
0.21938668
0.21906127
0.21897255
0.21896052
0.21892126
0.21886937
0.21881963
0.21873404
0.21854216
0.21853833
0.21853405
0.21839812
0.21829544
0.2181575
0.218138
0.21812229
0.21787779
0.21787508
0.21777071
0.21777071
0.21777071
0.21773946
0.21771961
0.21769547
0.21769547
0.21737804
0.21724433
0.21706527
0.2169367
0.21692011
0.21689996
0.2168369
0.21680523
0.21680523
0.21667878
0.21656245
0.21648782
0.21648385
0.21642706
0.21638855
0.21633723
0.21633634
0.21629497
0.21621884
0.21613199
0.21613199
0.21609324
0.21606158
0.21602157
0.21600904
0.21600674
0.2160026
0.21599075
0.2159587
0.21595848
0.21589975
0.2157452
0.21572007
0.21567692
0.21552636
0.21552502
0.21552502
0.215503
0.2154204
0.2151773
0.215121
0.21508175
0.215004
0.21495752
0.21492322
0.21487477
0.21487477
0.21486773
0.21484457
0.21479638
0.2146014
0.21437483
0.21432827
0.21427996
0.21426761
0.21426488
0.2141836
0.2141763
0.21411388
0.21391709
0.21386746
0.21382692
0.21382692
0.21382692
0.21377602
0.21359031
0.21359031
0.2135159
0.2135159
0.21342438
0.21342438
0.21338144
0.2133507
0.21313213
0.21285166
0.21282716
0.21282716
0.21281886
0.21281886
0.21278471
0.21278138
0.21274598
0.21274598
0.21274598
0.21274218
0.21271496
0.212611
0.21257724
0.21240579
0.21231487
0.21231212
0.21226381
0.21215007
0.21213494
0.21211407
0.21193379
0.21190687
0.21190687
0.2118567
0.211792
0.21170722
0.21169904
0.21157277
0.21151057
0.21147172
0.21145988
0.21141054
0.21139039
0.21138416
0.21132207
0.21119931
0.21118577
0.21117233
0.211008
0.21098682
0.21083787
0.21077955
0.21077955
0.21077955
0.21068126
0.21067445
0.21050721
0.21048582
0.21036713
0.2102659
0.21017317
0.21014836
0.21014689
0.21013573
0.21005134
0.21001203
0.20999363
0.20990592
0.2099059
0.20978479
0.20978479
0.20969523
0.20951568
0.20943439
0.20935585
0.20929731
0.20923539
0.20915064
0.20903492
0.2090242
0.2089653
0.2089653
0.20894484
0.20888877
0.20887856
0.20882207
0.20880383
0.2087615
0.20874329
0.20870632
0.20870632
0.20863895
0.20858866
0.2085772
0.2085752
0.20854352
0.20850731
0.20838343
0.20838343
0.20838343
0.20836549
0.20833181
0.20828119
0.20826994
0.20823349
0.20821057
0.20819056
0.20818977
0.20807254
0.20796584
0.20795418
0.20791359
0.2078642
0.20780888
0.20779896
0.20762467
0.20762056
0.20762056
0.20759587
0.20759316
0.2075251
0.20749582
0.20749538
0.20748694
0.20744911
0.2074379
0.20740141
0.20738801
0.20737289
0.20737058
0.20730397
0.20727666
0.20727481
0.20717138
0.20716415
0.20710722
0.2071055
0.20700681
0.20691091
0.20689957
0.20683657
0.20680498
0.20675631
0.20669763
0.2065196
0.20651269
0.2065113
0.20627113
0.2062158
0.20620449
0.20615022
0.20613913
0.20608562
0.20605253
0.20603529
0.20603253
0.20589806
0.20588917
0.20588577
0.20582458
0.20581988
0.20575523
0.2056863
0.20565236
0.20563003
0.20561977
0.20560212
0.20558548
0.2055757
0.20552894
0.20551766
0.20551714
0.20549014
0.20543657
0.20536284
0.20533124
0.2052685
0.20523115
0.20519243
0.20518774
0.20511974
0.20510337
0.20510289
0.20502517
0.20502032
0.204983
0.20475565
0.20472877
0.20472872
0.20472047
0.20466386
0.20458616
0.2045316
0.20441252
0.20440273
0.20435147
0.20428823
0.20413512
0.20412372
0.20411533
0.20410942
0.2040253
0.20400693
0.2038375
0.20380801
0.20376134
0.20370783
0.20364882
0.2036413
0.2035238
0.20349403
0.20341969
0.20340702
0.20337728
0.20337608
0.20333245
0.20325811
0.20324427
0.20319863
0.20312108
0.20311388
0.20305617
0.20301163
0.20293474
0.20292807
0.20289423
0.20289017
0.20287
0.20285729
0.20279397
0.20279306
0.20279245
0.20272654
0.20271316
0.20267196
0.20264848
0.20250846
0.20250367
0.20250367
0.20249258
0.20238158
0.2023706
0.20236729
0.20236729
0.20235354
0.20223708
0.20223583
0.20223254
0.20219167
0.20217434
0.20212956
0.2021061
0.20207323
0.20199344
0.20199344
0.20196472
0.20196432
0.2019603
0.20195948
0.20192198
0.20191514
0.20187876
0.20185469
0.20178404
0.20177828
0.2017415
0.2017415
0.20169958
0.2016851
0.2016791
0.20165598
0.20162342
0.20161545
0.20159616
0.20159078
0.20152819
0.20150776
0.20125201
0.20124276
0.20124276
0.20112802
0.2010977
0.20108025
0.20107996
0.20101696
0.2010122
0.2009916
0.20095569
0.20087317
0.20086604
0.20086385
0.20086156
0.20085387
0.20084284
0.20081702
0.20080419
0.20075823
0.20065573
0.20055881
0.20047787
0.2003395
0.20021461
0.20018052
0.2001116
0.19998215
0.19997175
0.19997175
0.19990106
0.19988212
0.19985996
0.19977954
0.19968222
0.19963875
0.19957927
0.19954818
0.19946687
0.19939063
0.19936961
0.1993375
0.19931024
0.19913557
0.1991259
0.19904855
0.19902201
0.19901341
0.1989581
0.19887127
0.19883694
0.19883597
0.19881983
0.19879465
0.19868286
0.19863984
0.19861914
0.19858707
0.1985639
0.19854677
0.19851431
0.19849388
0.19846533
0.19845705
0.19845095
0.1983231
0.19823422
0.19817325
0.19813474
0.19808018
0.19805107
0.19803236
0.19803236
0.19798413
0.19798115
0.19797942
0.19797784
0.19791333
0.19790609
0.19784492
0.19775818
0.19774377
0.19772002
0.19753598
0.19752726
0.19749857
0.19745597
0.19742607
0.19742607
0.19735928
0.19728847
0.19719645
0.19719614
0.19711816
0.19709542
0.19706252
0.19700766
0.1969732
0.1969234
0.1969214
0.19691038
0.1968913
0.19688523
0.19684546
0.19680467
0.19676906
0.19675207
0.19674566
0.19663443
0.19661371
0.19653563
0.1965133
0.19650185
0.19649616
0.19648771
0.19646886
0.19645533
0.19644931
0.19642815
0.19636361
0.19634508
0.19633995
0.19628252
0.19624135
0.19621614
0.1961849
0.1961601
0.19614281
0.1961376
0.19602261
0.1960017
0.19597976
0.19594622
0.1958894
0.19588926
0.19586541
0.19583406
0.19580248
0.19580106
0.19572635
0.19570573
0.19568145
0.19563168
0.19563061
0.19561182
0.19561097
0.19560651
0.19557127
0.1955505
0.19550598
0.19546482
0.19538678
0.19533618
0.19529928
0.19523782
0.19519655
0.195188
0.19515362
0.19513297
0.19504584
0.19503823
0.19503802
0.19503361
0.19501571
0.19499747
0.19496632
0.19478454
0.19477095
0.19476779
0.19474359
0.19470468
0.19468886
0.19468886
0.1946462
0.19457826
0.19450766
0.19448142
0.19448142
0.19447961
0.19440456
0.19435842
0.19435759
0.19428897
0.19426626
0.19425389
0.19420438
0.19410805
0.19407222
0.19406824
0.19406335
0.19406335
0.19399442
0.19391309
0.19391309
0.19387983
0.19387537
0.19378878
0.19353814
0.19348884
0.19342594
0.19336294
0.19335356
0.19332367
0.19331218
0.19329114
0.19326453
0.19321702
0.19318384
0.19315462
0.19315162
0.19298682
0.19294538
0.19276464
0.19274585
0.19265139
0.19257984
0.19245282
0.19239227
0.19230893
0.19225909
0.19224496
0.1922029
0.19219698
0.19206536
0.19205159
0.19200908
0.19197568
0.19195102
0.19194436
0.19193187
0.19188313
0.19178374
0.19173925
0.19173715
0.19167589
0.19160992
0.19160387
0.19157816
0.19157104
0.19152352
0.1914634
0.19139954
0.1913942
0.1913942
0.1913347
0.1913318
0.1913109
0.19130212
0.19128007
0.19125919
0.19122235
0.19122235
0.19117217
0.1911067
0.19103514
0.19101037
0.1909903
0.19098385
0.19097944
0.19097914
0.1909394
0.19090235
0.19089751
0.1908973
0.19087343
0.19086929
0.19085002
0.19085002
0.19078633
0.190745
0.19069454
0.19065765
0.19064514
0.1906419
0.19058372
0.19057658
0.19057658
0.19057658
0.19054314
0.19042161
0.19032517
0.19032122
0.19029109
0.19017638
0.1901689
0.19012102
0.19002134
0.19002104
0.190002
0.18998462
0.1899758
0.1899524
0.18989961
0.18989055
0.18984024
0.189823
0.18981625
0.18978198
0.18975572
0.18973476
0.18965846
0.18956347
0.18952471
0.18947001
0.18940824
0.18939453
0.18933341
0.1893259
0.18931727
0.18931727
0.18928844
0.18926512
0.1892044
0.1891805
0.18917939
0.1891625
0.18914144
0.18909949
0.18908706
0.1890705
0.18904996
0.18896222
0.18894628
0.18893069
0.1888023
0.18877532
0.18875895
0.18870945
0.18868887
0.18855926
0.1885473
0.1885379
0.18850988
0.18850718
0.18849209
0.18848807
0.1884511
0.18837965
0.18837658
0.1883698
0.18830611
0.1882561
0.18810181
0.18807828
0.18806665
0.18806216
0.18801633
0.18793131
0.1878589
0.18784474
0.1878395
0.18781188
0.18772313
0.18769874
0.18769577
0.18768878
0.1876264
0.18760951
0.18760675
0.18756878
0.18756321
0.18751916
0.18748862
0.18745251
0.18741184
0.18735887
0.18730809
0.18727635
0.18727021
0.18726218
0.1872181
0.18719089
0.18717447
0.18713461
0.18709454
0.18709043
0.18707311
0.18706335
0.18700245
0.18699843
0.18695007
0.18694101
0.18688267
0.18678397
0.18675923
0.18667379
0.18664281
0.18663836
0.18661003
0.18660039
0.18660039
0.18657644
0.18651865
0.18649988
0.18648079
0.18644333
0.18642509
0.18642195
0.18641016
0.18640271
0.18638757
0.18637839
0.18637596
0.18636501
0.18626897
0.18626691
0.1862635
0.18625954
0.18622224
0.18620199
0.1861397
0.18613075
0.18610051
0.18607755
0.1860538
0.18602914
0.1859207
0.1859136
0.18588509
0.18588509
0.18587123
0.18583167
0.18581806
0.18572268
0.1857058
0.18570454
0.18570268
0.18567923
0.18566027
0.18565904
0.185651
0.1856314
0.18561582
0.18553984
0.18552034
0.18551774
0.18550569
0.18548773
0.18545526
0.18543948
0.18543948
0.18543948
0.18543859
0.18542422
0.18538794
0.18538669
0.18538605
0.18534467
0.1853399
0.1852227
0.18520738
0.1851735
0.18515384
0.1851405
0.18513942
0.18513778
0.18501496
0.18497907
0.18497907
0.18496174
0.18495263
0.18488435
0.18486992
0.18485963
0.18485005
0.18484384
0.18481094
0.18480827
0.18475628
0.18472755
0.18470837
0.18470503
0.18469709
0.18456939
0.18453111
0.18452519
0.1844348
0.18438542
0.18435551
0.18426162
0.18426079
0.1842434
0.18419808
0.18416047
0.18413721
0.18405993
0.18402253
0.18402009
0.18400812
0.18397237
0.183949
0.18387714
0.18381204
0.18381204
0.1837606
0.18373998
0.18372598
0.18370871
0.18368515
0.18363276
0.18358995
0.18357636
0.18355721
0.18355696
0.18355696
0.18349048
0.18347283
0.18346715
0.18346569
0.18338351
0.18337926
0.18337542
0.18336292
0.18334672
0.18334614
0.18333028
0.1832644
0.18321487
0.18319939
0.18316832
0.18312085
0.1831105
0.1830946
0.1830354
0.18302675
0.18301459
0.18294288
0.18294288
0.18293121
0.18285286
0.18280849
0.18280849
0.18280472
0.18279096
0.18268543
0.18264061
0.18254934
0.18249676
0.18248723
0.18246162
0.18246062
0.18243372
0.18242563
0.18241948
0.18241948
0.18241948
0.18241823
0.1823938
0.18237343
0.18236667
0.18236412
0.18235499
0.18233469
0.18231024
0.18229225
0.18229033
0.18228422
0.18227904
0.18226744
0.18223616
0.18217152
0.18212701
0.18205532
0.18204646
0.18201904
0.18201636
0.18191187
0.18187894
0.18187185
0.18185191
0.18183573
0.1818351
0.18179296
0.18174565
0.18174204
0.18168956
0.18161918
0.18155685
0.18154275
0.18151464
0.18148112
0.18148112
0.18146862
0.18142231
0.18141183
0.18131876
0.18129842
0.1812797
0.18126705
0.18125786
0.18123978
0.18123782
0.1812243
0.1811569
0.18101346
0.18100187
0.18096441
0.18092346
0.18092346
0.18092148
0.18092148
0.18092148
0.18089586
0.180867
0.18082625
0.1807975
0.18076755
0.18073808
0.18071009
0.18068235
0.18067716
0.18059416
0.1805163
0.1804989
0.18049057
0.18048845
0.18047424
0.18038003
0.18037097
0.18030633
0.18030436
0.18024231
0.1802107
0.1800496
0.1800496
0.18004565
0.17999586
0.17999586
0.17996036
0.17992194
0.17991194
0.17988631
0.17985968
0.17985405
0.17983809
0.17982985
0.17981203
0.17980179
0.1797434
0.1797244
0.17969698
0.17964631
0.17963563
0.17962736
0.17961872
0.17959951
0.17956336
0.17956328
0.17956328
0.17953025
0.17948698
0.17944376
0.17938617
0.1793745
0.17935261
0.17932655
0.17929664
0.17928995
0.17927033
0.17927033
0.1792564
0.17923923
0.17923023
0.17918402
0.17917052
0.17910825
0.17908081
0.17908056
0.17903867
0.17903702
0.17902915
0.1789356
0.17892425
0.17890766
0.1789071
0.17889546
0.17888865
0.17886962
0.17884207
0.17878805
0.17877817
0.17876656
0.1787438
0.17873442
0.17873317
0.17870037
0.1786324
0.17856406
0.17855543
0.1785074
0.17844906
0.17843568
0.17839353
0.17837903
0.17836984
0.17835103
0.17832442
0.1783066
0.17830105
0.17830105
0.17830105
0.17829627
0.17827564
0.17822891
0.17818996
0.17818786
0.17818786
0.17806329
0.17804937
0.1780412
0.17798933
0.1779773
0.17794175
0.17793041
0.17783311
0.1778268
0.17776062
0.17770147
0.17765923
0.17765188
0.17762719
0.17761712
0.1775906
0.17757228
0.17755507
0.1775235
0.17752229
0.17751795
0.17750925
0.17747508
0.1774455
0.17744055
0.17740242
0.17738608
0.17726092
0.17725755
0.17725258
0.17723158
0.17718044
0.17710158
0.17709304
0.17707673
0.17707032
0.17703621
0.1769532
0.17694522
0.17692325
0.17691779
0.17689699
0.17688654
0.17688654
0.17683685
0.17676494
0.17671302
0.17670386
0.17669918
0.17660403
0.17657615
0.17657079
0.176499
0.17649764
0.17649636
0.17648947
0.17648333
0.17648333
0.17644668
0.17644262
0.17643829
0.17641671
0.17639542
0.17639416
0.17638765
0.17624949
0.17620775
0.17620066
0.17609426
0.17609426
0.17605788
0.17596717
0.17594162
0.17591816
0.17591709
0.17590831
0.17587146
0.17587146
0.1758641
0.17585641
0.175847
0.1758162
0.17577548
0.175765
0.17575732
0.17573655
0.17567806
0.17565086
0.17564562
0.17564562
0.17564562
0.17558329
0.17556906
0.17554718
0.17554663
0.17552586
0.17551799
0.17551272
0.17544448
0.17531201
0.17531201
0.1753064
0.17530163
0.17527355
0.17526448
0.17524634
0.17522775
0.1750712
0.17505081
0.175032
0.17500141
0.1749281
0.17491995
0.1749119
0.1749119
0.17487957
0.17485341
0.17483772
0.17477025
0.17465276
0.17461908
0.17461254
0.17461069
0.17458987
0.17456351
0.17451675
0.17451416
0.17446855
0.17441653
0.1744101
0.17440133
0.1743081
0.17430358
0.17428464
0.1742559
0.17424692
0.17423056
0.17421377
0.1741643
0.17416157
0.17415406
0.174132
0.1741177
0.1741177
0.17411685
0.17406316
0.17403287
0.1740216
0.17399171
0.1739843
0.17397447
0.17389424
0.17386746
0.17384042
0.17382997
0.17377804
0.17377804
0.17376913
0.17375879
0.17371078
0.17370725
0.17368293
0.17368005
0.17367543
0.17366625
0.17365573
0.17363076
0.17359374
0.1735857
0.17354272
0.1735234
0.1735234
0.17351402
0.17343229
0.17343187
0.17342566
0.17336428
0.1733605
0.17330141
0.17329685
0.17327468
0.17327468
0.17326905
0.1732653
0.17323524
0.17322715
0.17321824
0.1732097
0.17319591
0.17315644
0.17312223
0.17312223
0.17311828
0.17309037
0.17304969
0.17299902
0.17298381
0.1729829
0.1729744
0.17296891
0.17278202
0.17278083
0.17277446
0.17276445
0.17275368
0.17275368
0.17273739
0.17272696
0.17270987
0.17268574
0.17266275
0.17264359
0.17262417
0.17253844
0.17253675
0.1725023
0.17249548
0.17246976
0.17243539
0.17237604
0.17236914
0.17232525
0.17230098
0.17223303
0.17219676
0.17213036
0.17207853
0.17207254
0.1720038
0.17193075
0.17186722
0.1718326
0.17181489
0.17180438
0.17176782
0.17175187
0.17175102
0.17170937
0.1717049
0.17170078
0.1716646
0.17164469
0.1716074
0.1715625
0.1715625
0.17152636
0.17146005
0.17144942
0.17144582
0.17144075
0.17140298
0.17139961
0.17139909
0.17126133
0.17125805
0.17115104
0.1711478
0.1711106
0.17107083
0.17106651
0.1710093
0.17099102
0.17097868
0.17094213
0.17091726
0.17089145
0.17086992
0.17084031
0.17083204
0.1708087
0.17071478
0.17070748
0.17066102
0.17060164
0.1705967
0.17058662
0.17057109
0.1705569
0.17055127
0.1705108
0.1705108
0.17047393
0.1704255
0.17034094
0.17030297
0.1702507
0.17022309
0.17019032
0.17017122
0.1701661
0.1700833
0.17006594
0.1700623
0.17005901
0.17003794
0.1700121
0.170001
0.1699967
0.1699953
0.16994514
0.16993992
0.16991685
0.16989574
0.16989505
0.16989364
0.16989364
0.1698864
0.16988301
0.16987291
0.16984005
0.16983491
0.16981949
0.16980927
0.16980927
0.16974333
0.16974059
0.16973762
0.16973056
0.16971077
0.16968612
0.16968508
0.16967933
0.1696579
0.16961142
0.16956623
0.16954999
0.16952129
0.16951051
0.16945624
0.16944936
0.16941813
0.16940889
0.16939424
0.1692902
0.1692889
0.16917849
0.16917229
0.1691678
0.1691556
0.16913757
0.16913705
0.16913705
0.16912906
0.16911405
0.16907232
0.16903065
0.1689586
0.16895284
0.1689358
0.16890089
0.1689003
0.16889936
0.16883066
0.16879837
0.16878492
0.16874927
0.16874804
0.16868278
0.16866468
0.16866374
0.1686636
0.1686421
0.16861688
0.16860652
0.16858575
0.16858076
0.16854797
0.1685463
0.16853666
0.1685038
0.1684609
0.1683793
0.16836609
0.16833724
0.16833264
0.16830114
0.16829653
0.16828515
0.16823055
0.16821091
0.1682066
0.16818662
0.1681172
0.1681163
0.16811623
0.16811036
0.16803735
0.16798474
0.16796254
0.16791749
0.1679135
0.16790177
0.16788805
0.16788265
0.16786698
0.16785923
0.16778
0.16777614
0.16776522
0.167754
0.167702
0.16767845
0.16767588
0.16760713
0.16757832
0.16757503
0.16755076
0.16753738
0.16751373
0.16750948
0.16748868
0.16746287
0.16743396
0.16742611
0.167421
0.16736126
0.16726054
0.16723716
0.167228
0.1671862
0.16714852
0.16711551
0.16710556
0.16710098
0.16709487
0.16708037
0.16707313
0.16703846
0.16701461
0.16698073
0.16692604
0.16691636
0.16685268
0.16681448
0.16676793
0.16674282
0.16671538
0.16670445
0.16668066
0.16661254
0.1666077
0.16657138
0.16645236
0.16642824
0.16641708
0.1664054
0.16637689
0.16636416
0.16635679
0.16633417
0.16629067
0.16627268
0.16627255
0.16625696
0.16625458
0.16625008
0.16624631
0.16624436
0.1662439
0.16624136
0.16623071
0.16623044
0.16622801
0.1661996
0.16617236
0.1661363
0.16609727
0.16609462
0.16608305
0.16608009
0.16605586
0.16600831
0.16598973
0.16598086
0.16596489
0.16594104
0.1659039
0.16590305
0.16587639
0.16582751
0.16582167
0.1658008
0.16575107
0.16575049
0.16573712
0.16565908
0.16563024
0.16557348
0.16556706
0.16552022
0.1655054
0.16548829
0.16547124
0.1654495
0.16544555
0.16542995
0.16537157
0.16534664
0.16533695
0.16532911
0.16530694
0.16526875
0.16515146
0.16513635
0.16508892
0.16507928
0.16506384
0.16506036
0.16501988
0.16499136
0.16494745
0.16494158
0.16493289
0.16489342
0.16481985
0.16475803
0.16473761
0.16465281
0.16464837
0.16461195
0.16460748
0.16457516
0.16456535
0.16455944
0.16454543
0.1645207
0.16447914
0.16447733
0.16442204
0.16440259
0.16438378
0.16433407
0.16433227
0.16432343
0.16430123
0.16428003
0.16422641
0.16422053
0.16421956
0.16421242
0.16420394
0.16418286
0.1641748
0.16416003
0.16414604
0.16412732
0.1641211
0.16410936
0.16409884
0.16407233
0.16401042
0.16398513
0.16398188
0.1639743
0.16395356
0.16394185
0.16394028
0.16390513
0.16385083
0.16384566
0.16384281
0.16374156
0.16373686
0.16370021
0.1636924
0.16366199
0.16363862
0.16356947
0.16351338
0.16349581
0.16347435
0.16341516
0.16337338
0.16326968
0.16326274
0.16324428
0.16323057
0.16319856
0.16319019
0.16318354
0.16317351
0.16316485
0.16315229
0.16312437
0.16311975
0.16310464
0.16308863
0.16306807
0.16303344
0.1630287
0.16302466
0.16301003
0.16296569
0.16295673
0.16292882
0.1629132
0.16289523
0.16284718
0.16284364
0.16281608
0.16280271
0.1627673
0.1627535
0.16274242
0.16271114
0.16271052
0.16270515
0.1626822
0.16268031
0.1625918
0.16256785
0.16256179
0.16251014
0.16248569
0.16246784
0.16244416
0.16243435
0.1623531
0.16231562
0.16229624
0.16225977
0.16224849
0.16224065
0.16223487
0.16222516
0.16221696
0.16219123
0.16218714
0.1621852
0.16216773
0.16216297
0.16213799
0.16213325
0.16212985
0.16210932
0.16203213
0.16200587
0.16200148
0.16198419
0.16198109
0.16196182
0.16190678
0.16189352
0.16183822
0.16183065
0.16182037
0.16181017
0.16181017
0.16179404
0.16177787
0.16176656
0.16174717
0.16172609
0.16169764
0.16169302
0.16164507
0.16163135
0.16161841
0.1615677
0.16156158
0.161526
0.16148505
0.16142084
0.16137551
0.1613651
0.16135912
0.16134994
0.16134049
0.16132663
0.16127191
0.16127191
0.16126338
0.16124816
0.16111474
0.1610696
0.16106503
0.16101979
0.16095978
0.16094822
0.16093835
0.16090494
0.16087127
0.16085483
0.16085087
0.16080141
0.16077416
0.16074395
0.16073295
0.16066594
0.16066594
0.16066594
0.16063139
0.16063139
0.16060597
0.1606048
0.16056225
0.16054994
0.16054375
0.1605399
0.16045058
0.16039586
0.16038331
0.16037537
0.16035743
0.16035348
0.16032583
0.16029114
0.1602728
0.16026655
0.16022646
0.16022067
0.16021338
0.16021237
0.16020124
0.16014566
0.16004921
0.1600453
0.16003487
0.16002217
0.15999468
0.15997696
0.15997696
0.1599736
0.15995435
0.15992156
0.15988298
0.15988176
0.15984766
0.15984319
0.15980656
0.15980577
0.15980043
0.15978286
0.15978286
0.15976128
0.15975504
0.15974282
0.15967694
0.15965708
0.15965708
0.15965708
0.15962505
0.15958649
0.15947051
0.15945958
0.15942165
0.15940353
0.15940353
0.15939987
0.15939115
0.15936035
0.1593569
0.1593468
0.15928568
0.15927534
0.15926768
0.15926097
0.1592551
0.1592004
0.15918726
0.15916479
0.15916453
0.15916364
0.15915285
0.15914749
0.15910344
0.15910196
0.15909001
0.15907522
0.15903662
0.15897149
0.15896797
0.15896545
0.15893172
0.15885316
0.15881717
0.1587964
0.15879275
0.15879261
0.15876105
0.15875842
0.15875453
0.15874349
0.15869923
0.15869632
0.15867852
0.1586576
0.1586443
0.1586392
0.1586048
0.15858504
0.15856488
0.15856215
0.15855443
0.15854548
0.15851063
0.15850413
0.15846573
0.15843546
0.15841146
0.15840395
0.15836649
0.1583648
0.15836203
0.15833859
0.15831317
0.1582102
0.15820394
0.15816674
0.15815838
0.15814589
0.15811989
0.15809605
0.15808289
0.15805496
0.15796116
0.15795127
0.15790504
0.15789124
0.15789124
0.15788849
0.15786028
0.15780847
0.15779153
0.15774317
0.15773363
0.15770599
0.15766704
0.1576407
0.15763661
0.1575756
0.1575644
0.15755984
0.15755461
0.15755422
0.15754014
0.15750168
0.15748999
0.15748487
0.15743983
0.15738091
0.15730818
0.15725054
0.15722658
0.15720105
0.15715943
0.15715943
0.15715611
0.1571348
0.15711477
0.15711161
0.15709458
0.15707697
0.15704559
0.15702696
0.15700209
0.15695521
0.15689781
0.15685517
0.15684076
0.15680678
0.15679565
0.15672578
0.15672389
0.15671226
0.15670608
0.1566429
0.15662897
0.15662663
0.1566009
0.1565995
0.15655825
0.15653332
0.15650259
0.1565002
0.15648246
0.15647887
0.1564754
0.15644898
0.15644632
0.15641795
0.15641654
0.15639147
0.15636693
0.1563519
0.15632208
0.15631762
0.15631063
0.15627876
0.15626258
0.15624864
0.15623343
0.15622151
0.15622127
0.15620923
0.1562086
0.15619075
0.15619075
0.15617228
0.15617001
0.15616581
0.1561605
0.15612343
0.15611592
0.15608303
0.15606652
0.15604645
0.15603305
0.15599258
0.15597017
0.15592404
0.15589134
0.15588112
0.15587746
0.15587126
0.15583614
0.15583538
0.15581149
0.15580007
0.15578233
0.1557789
0.155761
0.15568283
0.15566666
0.15566528
0.15564816
0.15561947
0.15558
0.15556785
0.15556252
0.15552476
0.15547062
0.1554612
0.1554336
0.15541917
0.15539415
0.15538979
0.15535274
0.15534166
0.15533966
0.15530637
0.15528673
0.1552655
0.15524665
0.15524265
0.15524265
0.1552262
0.15519051
0.15516971
0.15516418
0.15515594
0.15514809
0.15514362
0.15505816
0.15503141
0.15502359
0.15498805
0.15498228
0.15497962
0.15497932
0.15496852
0.15496689
0.15495571
0.15494369
0.15488361
0.1548369
0.1547606
0.15475033
0.15468916
0.15464327
0.1546058
0.15457515
0.15457045
0.15452398
0.15450254
0.15449105
0.15438052
0.1543804
0.154377
0.15436862
0.15432489
0.15427963
0.15426944
0.15425736
0.15423124
0.154208
0.15420207
0.15419859
0.15418167
0.15414052
0.15413675
0.15413675
0.15407561
0.15406524
0.15405679
0.15402633
0.15402386
0.15401
0.1540082
0.1540005
0.15395397
0.15394993
0.15394744
0.1539263
0.15392461
0.15390907
0.15389968
0.15387616
0.1538594
0.15385766
0.15384884
0.1537964
0.15378101
0.15376373
0.1537618
0.15372896
0.15367568
0.15365838
0.15363848
0.1535691
0.15352884
0.15352884
0.1535264
0.15347354
0.15345831
0.15345119
0.15343459
0.15343419
0.15341897
0.15341265
0.15339532
0.15337545
0.1533527
0.15334764
0.15333043
0.15331787
0.15328667
0.15327789
0.15326433
0.15322919
0.15321484
0.15315945
0.15315369
0.15314494
0.15312889
0.15309046
0.15303749
0.15299442
0.1529881
0.15298378
0.15296538
0.15295736
0.15295234
0.15293022
0.1528875
0.15288569
0.152802
0.15271108
0.15268126
0.1526705
0.15266399
0.15264489
0.15262552
0.15260701
0.15254617
0.15253273
0.15253149
0.15252416
0.15251048
0.15249072
0.15249045
0.15242982
0.15242821
0.15241207
0.15240419
0.15236905
0.15229113
0.15223463
0.15218756
0.1521839
0.15215905
0.15211491
0.15204242
0.15203656
0.15201956
0.15200953
0.15198857
0.15195416
0.15194002
0.15192708
0.15173215
0.15171848
0.15166809
0.15166377
0.15159535
0.15157542
0.1515318
0.15152717
0.15151778
0.15151705
0.15151238
0.15148488
0.15148376
0.15145442
0.15142232
0.15140311
0.1513759
0.15133066
0.15129238
0.15128358
0.15126808
0.15123412
0.15119869
0.15116575
0.1511473
0.15110892
0.15108061
0.15108001
0.151065
0.15104403
0.1510415
0.15104076
0.15103433
0.15103279
0.15101172
0.15097985
0.15097514
0.15095311
0.1509501
0.15091123
0.15090396
0.15090236
0.15087333
0.15084371
0.1507898
0.15077391
0.15076713
0.15076317
0.15075031
0.15073808
0.15073629
0.15073392
0.15073115
0.1507255
0.15068437
0.15063202
0.15057684
0.1505565
0.15054438
0.15053138
0.15052217
0.15051858
0.15048146
0.15046884
0.15043738
0.15042818
0.1504088
0.15038794
0.15037067
0.1503329
0.15031321
0.15030813
0.1502952
0.15028375
0.15025361
0.15022956
0.15022719
0.15018938
0.15018184
0.15016791
0.1501488
0.1501321
0.15006717
0.15006313
0.1500223
0.15000442
0.14997365
0.14988571
0.14985693
0.14980331
0.14975719
0.14975363
0.14973655
0.14971659
0.14970772
0.14969757
0.14969534
0.14968854
0.14967987
0.14966862
0.14964393
0.14961694
0.14961457
0.14960116
0.14958915
0.14956823
0.14955904
0.14955707
0.14954245
0.14948553
0.149464
0.14945467
0.14944759
0.14942637
0.14941254
0.1493664
0.1493265
0.14930955
0.1493093
0.14930172
0.14928551
0.14926657
0.14925721
0.14916594
0.14915402
0.14911538
0.14905882
0.14904915
0.14898865
0.14896278
0.14896278
0.14896278
0.14893304
0.14892714
0.14886107
0.14884557
0.14883396
0.14873885
0.14873786
0.14872615
0.14866905
0.14860305
0.14854912
0.14852782
0.14851485
0.14847028
0.14845374
0.14842878
0.14840566
0.14838488
0.14838022
0.14836784
0.14832789
0.14827791
0.14827646
0.14826761
0.14826587
0.14826079
0.14821655
0.14815846
0.14814876
0.14813326
0.1480903
0.14806937
0.14803934
0.14799112
0.14796053
0.1479175
0.14790066
0.14789982
0.14783336
0.14782286
0.14778097
0.1477359
0.14772305
0.14769718
0.1476931
0.14767964
0.14764652
0.14764057
0.14762564
0.147591
0.14756654
0.14752676
0.14748655
0.14747669
0.1474621
0.14743191
0.14736395
0.14730798
0.14730522
0.1472845
0.14723732
0.1472188
0.14710434
0.14710219
0.14710164
0.14707881
0.14707495
0.14706782
0.14704697
0.14702478
0.1470014
0.14695244
0.14693746
0.14693409
0.1469057
0.14689805
0.14689201
0.14687529
0.1468522
0.14684439
0.14683129
0.14680575
0.14680333
0.14680155
0.14671446
0.14670484
0.14668664
0.14663343
0.14663287
0.14661968
0.14661378
0.14659725
0.14659403
0.1465253
0.14650242
0.14650019
0.1464682
0.14645137
0.14641841
0.1463682
0.14634748
0.14634009
0.14633597
0.14631334
0.14631328
0.14629589
0.1462529
0.14622578
0.14617445
0.14613193
0.14607795
0.14605364
0.14604928
0.14601661
0.14601621
0.1460019
0.14596835
0.14593828
0.14590126
0.14588319
0.14587912
0.14586782
0.14586109
0.14585483
0.14585334
0.14579634
0.14577527
0.14575437
0.14569725
0.14566052
0.1456588
0.14562814
0.14560494
0.14560167
0.14555307
0.14550939
0.14549552
0.14549369
0.14549012
0.14543962
0.1454145
0.14539331
0.14538671
0.14531781
0.1452991
0.14529002
0.14528519
0.14525701
0.14525242
0.145219
0.14521267
0.14520954
0.14520124
0.14515659
0.14512983
0.1451287
0.1451287
0.1451287
0.1451287
0.14512485
0.14510828
0.14510658
0.14505148
0.1450496
0.14504153
0.14500844
0.14500487
0.14499071
0.14499071
0.14496796
0.14495483
0.14487392
0.14482802
0.14479
0.1447767
0.14476833
0.14470702
0.14469454
0.1446746
0.14466533
0.14464001
0.14461218
0.14459749
0.14454919
0.14448959
0.14439026
0.14437754
0.14436397
0.1443552
0.14434889
0.14426328
0.14423656
0.14423026
0.14422981
0.14422314
0.14418769
0.1441697
0.14410771
0.14410348
0.14407124
0.14406578
0.14406455
0.14402822
0.14400828
0.14397532
0.14396691
0.1439104
0.14390205
0.1438731
0.14385317
0.14385147
0.14380272
0.14380187
0.143772
0.14377183
0.14369893
0.14367685
0.14363362
0.14361556
0.14359653
0.14355075
0.1435313
0.143516
0.14347604
0.14346607
0.14345063
0.1434351
0.1434086
0.1434045
0.14329581
0.14328189
0.14327969
0.14327386
0.14326966
0.14325312
0.1432441
0.14324161
0.14322099
0.14315428
0.14313526
0.14311156
0.14310573
0.14305604
0.14302635
0.14299735
0.14296508
0.1429449
0.14292882
0.142922
0.14286397
0.14284307
0.14284062
0.14282365
0.14280857
0.14280708
0.14278854
0.14278418
0.14273518
0.14269243
0.14263654
0.14263363
0.14262995
0.14262637
0.14259888
0.14256233
0.14254913
0.142516
0.14250572
0.14250557
0.14246935
0.14245899
0.14245412
0.14244859
0.14240943
0.14239064
0.14237855
0.1423596
0.14235547
0.14232229
0.14230786
0.14230344
0.14229672
0.14227748
0.14227648
0.14226681
0.14226013
0.14224525
0.14221239
0.14221239
0.142204
0.14220226
0.14217347
0.14215904
0.1421583
0.142083
0.14207713
0.14204349
0.14203471
0.14203449
0.14203437
0.14203383
0.14202224
0.14199987
0.14197086
0.1419535
0.14186718
0.14178033
0.14175677
0.14170715
0.14169593
0.14168984
0.14166352
0.14166126
0.1416552
0.14164452
0.14164136
0.14162453
0.14162189
0.14161618
0.141598
0.14159226
0.14158925
0.14155048
0.14155032
0.14152372
0.14150383
0.14140716
0.14137779
0.14137779
0.14137574
0.14131437
0.14131142
0.14127196
0.14125103
0.14124037
0.14122221
0.1411909
0.14118718
0.1411563
0.14109929
0.1410932
0.14108326
0.14107522
0.1410277
0.14098978
0.14096293
0.14096247
0.14095917
0.14093654
0.14092979
0.14091475
0.14088604
0.14086835
0.14081365
0.14079891
0.14077315
0.1407647
0.14075072
0.14073801
0.14069761
0.14069289
0.14066237
0.14062491
0.14062491
0.14061093
0.14058572
0.14053613
0.14051303
0.14051056
0.14049311
0.14047779
0.14045304
0.14040901
0.14040901
0.14039588
0.14039163
0.14038765
0.14038582
0.1403406
0.14033894
0.14028636
0.14027733
0.14023915
0.1402253
0.14021549
0.14021252
0.14018844
0.14018252
0.14014822
0.14013897
0.14009266
0.14005457
0.14003979
0.14000729
0.13998014
0.13997884
0.13994275
0.13993442
0.13990183
0.13985942
0.13979138
0.13977438
0.13976352
0.13973902
0.13967906
0.13955934
0.13955934
0.13954996
0.13954672
0.13951638
0.13946494
0.13943726
0.13938254
0.13936506
0.1393355
0.1393323
0.13933043
0.13932526
0.1393049
0.139245
0.13922672
0.1392142
0.13918409
0.1391812
0.13908334
0.1390629
0.13904452
0.13904372
0.13904172
0.1390305
0.13901898
0.1390082
0.1389915
0.13898493
0.13895133
0.1389142
0.13881208
0.13878432
0.13876902
0.13875218
0.1387424
0.13868637
0.13866083
0.13864623
0.13862413
0.13861257
0.13861023
0.13858476
0.13858476
0.13858262
0.13851523
0.13850108
0.13846916
0.13834977
0.1382856
0.13826166
0.13815886
0.138152
0.13814832
0.13813564
0.1381189
0.13811566
0.1381152
0.13807553
0.13805234
0.13804772
0.13804622
0.13804494
0.13804395
0.13801567
0.13800757
0.1380064
0.13788658
0.13788655
0.13784903
0.13781713
0.13781379
0.13778791
0.13776305
0.1377559
0.13775305
0.13773528
0.13771628
0.13767345
0.13764857
0.13760632
0.13757572
0.1375597
0.13754104
0.13753909
0.1375291
0.137517
0.13749625
0.13748413
0.13746114
0.13738745
0.13735907
0.13735081
0.13727744
0.13727252
0.13724902
0.13720092
0.13717711
0.13716681
0.1371276
0.13712327
0.13708006
0.13707586
0.13706915
0.13703619
0.1370292
0.13702263
0.1370045
0.13700123
0.13698724
0.13694365
0.13693556
0.1369168
0.13686578
0.13685347
0.13684525
0.13679367
0.13678697
0.13677841
0.1366842
0.13667469
0.13667378
0.13662386
0.13658282
0.13655177
0.13654809
0.13654736
0.13652967
0.13645387
0.13639285
0.13638611
0.13634054
0.13627082
0.1362461
0.13624105
0.13613662
0.13609502
0.1360527
0.13603258
0.13602565
0.13599703
0.13596164
0.13594535
0.13593185
0.13592087
0.13578865
0.13577196
0.13576917
0.13563876
0.13561946
0.13561128
0.13560376
0.13559794
0.13559453
0.13559258
0.13556315
0.13555023
0.13551508
0.13550131
0.13545418
0.13545358
0.1354504
0.13544638
0.1354463
0.13543226
0.1353985
0.13539553
0.1353853
0.13537581
0.13536751
0.13535221
0.13533334
0.13530289
0.13529357
0.13525933
0.13521677
0.13521437
0.13518661
0.13517602
0.1351683
0.13515379
0.13511756
0.13511096
0.1350754
0.1350231
0.13500598
0.13497585
0.13495457
0.13487971
0.13486706
0.13481028
0.13475434
0.134665
0.13459417
0.13458402
0.13457698
0.13457379
0.13455595
0.13455595
0.13453646
0.13452654
0.13450421
0.13450222
0.13446747
0.13446356
0.13445488
0.13444905
0.13444689
0.13439557
0.13435662
0.13435297
0.13432868
0.13430886
0.13426816
0.13424253
0.13423921
0.13420574
0.13420084
0.1341915
0.1341745
0.13413805
0.13409768
0.13406828
0.13405718
0.13404232
0.13404031
0.13400283
0.13399786
0.13395073
0.13391538
0.13390899
0.13377897
0.13377406
0.13375837
0.13373514
0.13372672
0.13372235
0.13366255
0.13365506
0.1336071
0.13359275
0.13348666
0.1334508
0.1334281
0.13340648
0.13338634
0.13338488
0.13336222
0.13335952
0.13335362
0.13334414
0.13332583
0.13329478
0.13329159
0.13327825
0.1332606
0.1331951
0.1331934
0.13318536
0.1331646
0.13310784
0.13303259
0.13302203
0.13301738
0.13297996
0.13290463
0.13287957
0.1328787
0.132877
0.13287577
0.13284947
0.13278893
0.13277039
0.1327341
0.13266015
0.13263604
0.1326287
0.13261992
0.13259096
0.13257746
0.13257717
0.13257475
0.13253316
0.13251655
0.1325056
0.13248159
0.13246493
0.13246
0.13244666
0.13244127
0.13242981
0.13238873
0.13237208
0.13235672
0.1323447
0.13229825
0.13229184
0.13229126
0.13226007
0.13221708
0.13220803
0.13219972
0.1321546
0.13214876
0.13213791
0.13212766
0.13210721
0.13210145
0.1320983
0.13205503
0.13205323
0.13200225
0.13199438
0.13190858
0.13182592
0.13181676
0.13180372
0.13179904
0.13179581
0.13171546
0.13165666
0.1315933
0.13156159
0.13152958
0.1315153
0.13149928
0.13145016
0.1314457
0.13144556
0.13143097
0.1313348
0.13133419
0.13132288
0.1313188
0.13127926
0.13125958
0.13122244
0.13121478
0.13121238
0.13119823
0.13119736
0.1311939
0.13119173
0.13118279
0.1311696
0.13108198
0.13107677
0.13107634
0.13105553
0.13104847
0.13102277
0.13101457
0.13100423
0.13100423
0.13100304
0.13099647
0.13097717
0.13095707
0.13095519
0.13092817
0.13092315
0.13092104
0.13089396
0.13089328
0.13086472
0.13085486
0.13084392
0.13083972
0.13077347
0.13067317
0.1306156
0.13058183
0.13057491
0.1305717
0.13044865
0.13042639
0.1304068
0.13040206
0.13039239
0.13031958
0.13027522
0.13025023
0.1302468
0.1302405
0.1302264
0.13016997
0.1301669
0.13013138
0.13011545
0.1301059
0.13004735
0.13003182
0.13001047
0.12996544
0.12996419
0.12992042
0.12991583
0.12990107
0.12988684
0.12986119
0.12979995
0.12976305
0.12975127
0.12972574
0.12968986
0.12967339
0.12965468
0.12961163
0.1295952
0.12957889
0.12953582
0.1295326
0.1295254
0.12944716
0.12944642
0.12940869
0.12931919
0.12925492
0.12918538
0.12918007
0.12917948
0.12913826
0.12913413
0.1291271
0.12911563
0.12910604
0.1291007
0.12908915
0.12904118
0.1290161
0.12898542
0.12891519
0.12889513
0.12887582
0.12886593
0.12884901
0.12880385
0.12875059
0.12864047
0.12861128
0.12857057
0.12857047
0.1285593
0.12855463
0.12854044
0.12851799
0.1285119
0.12848945
0.12847123
0.1284629
0.12842236
0.1284066
0.12838632
0.12837794
0.12835324
0.12828144
0.12826428
0.12822132
0.12819906
0.12818973
0.12816717
0.12811667
0.12810092
0.1281
0.1280707
0.128008
0.12800783
0.12799995
0.12796567
0.12796213
0.12791605
0.12791179
0.1278777
0.12785432
0.12782942
0.12782182
0.12780544
0.12780036
0.12779608
0.12778318
0.12778196
0.12774736
0.12773375
0.12772839
0.1277251
0.127702
0.12769827
0.1276531
0.127638
0.1276221
0.127604
0.12753874
0.12751667
0.1274909
0.12744051
0.12738912
0.12733819
0.12730086
0.1272964
0.12728857
0.12727374
0.12726937
0.12724498
0.12718351
0.12712525
0.1271245
0.12708451
0.1270702
0.12706652
0.12704583
0.12703106
0.12702446
0.1270004
0.12694255
0.12692162
0.12691538
0.12689507
0.12689349
0.12684861
0.12683642
0.12676674
0.12675369
0.12673962
0.12672582
0.12671712
0.12671675
0.1267123
0.12670138
0.12659733
0.12656277
0.12654138
0.12647243
0.12645277
0.12643677
0.12642823
0.12640049
0.12639797
0.12639256
0.12638856
0.12630105
0.12627327
0.12622176
0.12618108
0.1261738
0.1261633
0.12615001
0.12613381
0.12612073
0.1260919
0.12608632
0.12607639
0.1260685
0.12605579
0.12605067
0.12602222
0.12599465
0.12598534
0.12598324
0.12595126
0.12594321
0.12587935
0.12586871
0.12586072
0.12584566
0.12583444
0.12582982
0.12580848
0.12580706
0.12580132
0.12578812
0.1257865
0.12578045
0.12570195
0.12569086
0.12568754
0.1256855
0.12568107
0.12567092
0.12562765
0.12559788
0.12556
0.1255389
0.1255232
0.1255001
0.12545629
0.12544554
0.12540793
0.12536548
0.12535565
0.12529878
0.1252819
0.12527902
0.12526752
0.12523666
0.12523644
0.12523478
0.12522928
0.12519889
0.12518808
0.12518753
0.12514067
0.12511094
0.12509242
0.12504248
0.12504047
0.12502573
0.12498565
0.12497523
0.12497037
0.12495498
0.12495158
0.124931715
0.12491975
0.124913186
0.124893785
0.124880396
0.1248768
0.1248506
0.12484742
0.12483511
0.12482831
0.12478752
0.12478662
0.1247841
0.12475114
0.12474805
0.12473391
0.12470848
0.124691315
0.12467878
0.1246353
0.12462896
0.12461977
0.12461311
0.1246123
0.12460776
0.124604836
0.12459927
0.12455849
0.124530785
0.12450372
0.12449127
0.1244673
0.12441304
0.12440384
0.12438938
0.12424644
0.12424357
0.12423112
0.12414825
0.124099016
0.124055326
0.1239951
0.12397886
0.1239676
0.123956114
0.12392905
0.123893954
0.12388579
0.12385757
0.12383379
0.12381743
0.123817295
0.123810135
0.12378573
0.123755835
0.12373768
0.12373329
0.12372225
0.1237186
0.123693734
0.123693526
0.123682655
0.12367294
0.123666346
0.12366059
0.123638704
0.12363166
0.12359221
0.12355302
0.12355003
0.12351635
0.12350838
0.12348281
0.12346289
0.12345076
0.12343905
0.123415776
0.12341288
0.12337936
0.12331491
0.12330419
0.12322545
0.12314189
0.12305561
0.12300817
0.12298512
0.12298363
0.12298119
0.12297792
0.122937866
0.12287587
0.12285145
0.12284662
0.12283617
0.12281452
0.122792944
0.12274949
0.12274205
0.12273685
0.122715995
0.12265318
0.122642376
0.12263622
0.122565754
0.12255723
0.12251048
0.122506216
0.12250617
0.12250484
0.12249628
0.12246445
0.12245062
0.12243419
0.12243063
0.12241122
0.12237885
0.12230113
0.12225409
0.12224816
0.122185394
0.12215159
0.12215082
0.12213584
0.12212009
0.12211243
0.12210788
0.12210256
0.1220906
0.12207433
0.12205625
0.12205611
0.12205039
0.12199874
0.12199346
0.12198022
0.12196298
0.12195648
0.121954
0.12190683
0.12189692
0.121886455
0.12188059
0.12184662
0.12183967
0.121797994
0.12170321
0.12170252
0.12164616
0.121641695
0.12158655
0.12156818
0.12151304
0.12149765
0.12146466
0.12146192
0.12141965
0.1213878
0.12138368
0.12138048
0.12133698
0.12127723
0.121192254
0.12118682
0.12117836
0.12114005
0.121108666
0.12109325
0.121074036
0.12095967
0.120936215
0.12088168
0.120867856
0.12086714
0.12084874
0.120825015
0.12081699
0.120769545
0.12076048
0.120750405
0.12074514
0.12074458
0.12074164
0.12073517
0.120718986
0.120684445
0.12060183
0.12058316
0.12056464
0.12051337
0.120463476
0.12044015
0.1204398
0.120416276
0.120393336
0.1203902
0.12033386
0.12032402
0.120313905
0.12030191
0.12029786
0.1202635
0.12025806
0.12021913
0.12020344
0.12018142
0.12016654
0.12016578
0.12014657
0.120144166
0.120144114
0.120044485
0.120040156
0.11999987
0.11992808
0.119862996
0.11985965
0.1198257
0.1198256
0.11982348
0.11981565
0.119754486
0.119705215
0.11967185
0.11948437
0.11947201
0.11946872
0.1194672
0.11941714
0.119415686
0.11938987
0.119389094
0.11934808
0.11928254
0.11927889
0.11926549
0.11924539
0.11923502
0.11920135
0.119184926
0.11914577
0.119123265
0.11910731
0.11904293
0.11901868
0.11901863
0.118996315
0.11896764
0.11893272
0.118890546
0.11887205
0.118859835
0.118803084
0.11868732
0.11865269
0.118628144
0.11860139
0.11854052
0.11852838
0.118489265
0.118470296
0.118376814
0.118327655
0.11828729
0.11826569
0.118232846
0.11820036
0.11820031
0.11818579
0.11815705
0.11815489
0.11809389
0.118043825
0.118019514
0.11793944
0.11793488
0.11791692
0.117895894
0.11786854
0.117856815
0.11784869
0.11780498
0.11779762
0.11777475
0.117713675
0.117707305
0.11769724
0.1176403
0.11763257
0.11760951
0.11760758
0.11755046
0.1175434
0.11745589
0.11743257
0.11740776
0.11737759
0.117343195
0.11732946
0.117329225
0.11730085
0.11727156
0.11727136
0.1172679
0.11721056
0.117208704
0.11719356
0.11713228
0.11713194
0.117116556
0.11711187
0.117110185
0.11706765
0.11701507
0.116992354
0.116933264
0.11691696
0.116900176
0.1168448
0.11683472
0.11675083
0.11672179
0.11666913
0.11663039
0.116605125
0.11658692
0.116584584
0.116551764
0.11652231
0.11649708
0.11648413
0.11647503
0.11642709
0.116350904
0.11634414
0.1163318
0.1163221
0.11628297
0.11628131
0.11625367
0.1162455
0.11623868
0.11623692
0.11623533
0.11622962
0.11619419
0.11618854
0.11618124
0.11618075
0.11616846
0.116141595
0.11610869
0.11609675
0.1160817
0.11607063
0.116033085
0.11602411
0.11602308
0.11599954
0.11597324
0.11593293
0.115921736
0.115867466
0.115857944
0.11584579
0.1157729
0.11573298
0.115697816
0.115678474
0.115659095
0.11564509
0.11562558
0.11558312
0.11550031
0.11546909
0.11537863
0.11536325
0.115346774
0.11521006
0.11520026
0.115158275
0.11513344
0.115084186
0.11501724
0.1150128
0.11498915
0.11495227
0.11494882
0.11493519
0.11491176
0.11490526
0.11486164
0.11484589
0.114810035
0.114802204
0.11478305
0.114719234
0.11470475
0.114691235
0.11464917
0.11460045
0.11458031
0.114570975
0.114560336
0.11454854
0.11452281
0.11451357
0.114502385
0.11450161
0.11448418
0.114477076
0.11436802
0.114347
0.114318185
0.11431553
0.11430308
0.11428342
0.11426166
0.11424876
0.114212796
0.11419695
0.11417562
0.11411363
0.11397623
0.11396797
0.11394422
0.11393425
0.11393189
0.11387458
0.113853335
0.1138473
0.11382642
0.11378563
0.113745056
0.11373208
0.11371969
0.11370898
0.11369633
0.11359695
0.113580935
0.1135355
0.11353182
0.11352112
0.11349318
0.11342848
0.1134133
0.113404416
0.113385506
0.11333161
0.11332375
0.113305636
0.11324647
0.11323126
0.11320595
0.11319246
0.11317554
0.113118365
0.11311431
0.1130547
0.11302004
0.113013975
0.11292095
0.11288598
0.11282344
0.11277453
0.112758204
0.11275753
0.11271881
0.112692356
0.11268577
0.11267293
0.112652645
0.112617366
0.11260427
0.112541094
0.112502106
0.112486064
0.11247381
0.1124711
0.11243225
0.112410456
0.112400025
0.112385444
0.11230315
0.11215711
0.112041965
0.11196533
0.111959696
0.1119184
0.111907214
0.111887135
0.11188181
0.11184899
0.11182683
0.11176077
0.11173705
0.111714385
0.11168718
0.11168221
0.111680984
0.111627
0.11161937
0.11156267
0.11153506
0.111533955
0.111509524
0.11137282
0.11135489
0.11134701
0.111318715
0.11125199
0.111202106
0.11115232
0.1111259
0.1111214
0.1110511
0.11104362
0.11104134
0.11099712
0.110950455
0.1108853
0.110825054
0.11082099
0.11071474
0.11069148
0.1106878
0.11049072
0.110424936
0.11041815
0.11039232
0.110382326
0.11032542
0.110287204
0.110222355
0.110204816
0.11019237
0.11015582
0.110104695
0.110090524
0.1099753
0.10997395
0.10994256
0.1099086
0.109902486
0.10988014
0.1098496
0.10982368
0.109810375
0.10979977
0.10972182
0.10970165
0.10963605
0.10961273
0.10958166
0.109568946
0.10954192
0.109530546
0.109505646
0.109428994
0.10932785
0.109298244
0.10922511
0.10918318
0.109171376
0.10903912
0.10899091
0.10891716
0.1088838
0.10887751
0.10886765
0.108743735
0.108731486
0.10870234
0.108694896
0.10853059
0.108524784
0.1084409
0.1084347
0.10839936
0.108361736
0.10832814
0.108320355
0.10832012
0.10830946
0.10827909
0.10825815
0.108251244
0.10823904
0.10820986
0.10820403
0.10820379
0.108200274
0.10819846
0.10815222
0.10809773
0.10808588
0.108069554
0.107973814
0.10794012
0.107870996
0.10785831
0.107852936
0.10778299
0.10777111
0.10771966
0.107691035
0.10753186
0.107509084
0.10744769
0.10744121
0.1074172
0.10740239
0.107393384
0.10733919
0.107337326
0.10732539
0.107300356
0.107292585
0.10723368
0.10717113
0.10710028
0.10708724
0.107032806
0.10700939
0.106991336
0.10698398
0.10693555
0.10688528
0.10686498
0.1068545
0.10681939
0.10676953
0.10672262
0.10671098
0.106690325
0.10664113
0.10655667
0.106540106
0.106508225
0.10648637
0.10644963
0.10643997
0.10628109
0.106265396
0.106208935
0.10615911
0.10608312
0.10608054
0.10607543
0.1060644
0.10606413
0.105946735
0.10593367
0.10583835
0.10581654
0.105797365
0.105794385
0.1057625
0.10573907
0.10571953
0.10566306
0.10557582
0.10550904
0.105480514
0.105473325
0.1054538
0.1054301
0.10541188
0.10535267
0.10534441
0.10532971
0.10520283
0.10514939
0.10507982
0.10507332
0.1050516
0.10495173
0.10478991
0.10476221
0.10474502
0.10468458
0.10449006
0.104421996
0.10439502
0.104362875
0.10410135
0.10394099
0.10392299
0.103869624
0.10374745
0.103704214
0.10365128
0.10363776
0.103563815
0.10356056
0.10340772
0.1032983
0.10324966
0.10320923
0.10317282
0.10314313
0.10301691
0.102921605
0.1028533
0.102826305
0.10272687
0.10257603
0.10253675
0.10242245
0.10240889
0.1023952
0.10227176
0.10221899
0.10216302
0.10215703
0.10202296
0.10195016
0.10185076
0.101637915
0.101566404
0.10155845
0.10147482
0.10146152
0.101412155
0.10136854
0.10131522
0.10126843
0.10124405
0.1012178
0.10096107
0.1009457
0.10091935
0.1008581
0.10070046
0.100695625
0.10057103
0.10047997
0.10040053
0.10035295
0.10024326
0.10020626
0.10018957
0.10012141
0.10003281
0.09993446
0.099926524
0.09992027
0.09980328
0.09961278
0.09951633
0.09949352
0.0993825
0.09934577
0.09929269
0.099252954
0.099167384
0.09916201
0.09912497
0.0990526
0.099044725
0.09895482
0.09887963
0.098856516
0.09882602
0.09863674
0.098608926
0.098369956
0.09833158
0.09832183
0.09816809
0.098091304
0.09807555
0.09804324
0.09800374
0.097931474
0.09792058
0.0978619
0.09779604
0.097714834
0.09769831
0.09763841
0.09760546
0.09760088
0.097522
0.09747789
0.09737723
0.09737439
0.097321235
0.09718911
0.097069435
0.097045615
0.09698644
0.0969278
0.09688762
0.09684121
0.0968228
0.09652739
0.09643516
0.09636052
0.09626195
0.096170664
0.09615065
0.09595897
0.09582063
0.09573067
0.09562064
0.09556315
0.09554831
0.09542841
0.09539746
0.09535767
0.095336184
0.095261335
0.09514606
0.09514269
0.09511575
0.09498298
0.09497364
0.094896816
0.09488233
0.09486985
0.094866
0.09476473
0.09469882
0.09468379
0.09466133
0.09443657
0.09436259
0.09418869
0.09410563
0.09381828
0.093815796
0.093743026
0.09357957
0.09357803
0.093544744
0.093540795
0.093316555
0.09326094
0.09315468
0.0930568
0.09293669
0.09292947
0.09280174
0.092755914
0.09270029
0.092630774
0.09260725
0.09255915
0.09254078
0.09238384
0.09229712
0.092289954
0.09224025
0.092228904
0.09221993
0.092176884
0.092017345
0.09200802
0.0919703
0.091816545
0.09169816
0.0916371
0.09155263
0.09151953
0.09139967
0.09138628
0.091289066
0.09126151
0.091165334
0.09105802
0.09095936
0.09076431
0.090740345
0.09073012
0.09070268
0.0906923
0.09065668
0.09063481
0.09061493
0.09054143
0.09023561
0.089970075
0.08989924
0.0898686
0.08984155
0.08939683
0.089224674
0.089222126
0.089211434
0.089136064
0.08912434
0.08911712
0.08907797
0.08906741
0.08906594
0.08891348
0.08890351
0.08887103
0.08878277
0.08874042
0.0886863
0.08864268
0.08863972
0.08860136
0.08855109
0.08852009
0.08824008
0.088217795
0.08818633
0.08799034
0.08788691
0.08788586
0.08787627
0.08787524
0.087805435
0.08778611
0.08776789
0.08742041
0.08732102
0.087260604
0.087214634
0.08711559
0.08708651
0.08699726
0.08694279
0.08617585
0.08602979
0.086012
0.08581836
0.08562545
0.08548618
0.08537771
0.08532305
0.08516135
0.08479548
0.084783845
0.08478179
0.08427004
0.0842605
0.08419974
0.08393307
0.083838
0.083549716
0.083468616
0.08315989
0.082228065
0.08209177
0.08208025
