[0.6984091]
[0.6824103]
[0.62541115]
[0.6176486]
[0.60825735]
[0.5552062]
[0.55028063]
[0.54000264]
[0.53390074]
[0.5335457]
[0.5307279]
[0.52740633]
[0.5147985]
[0.48276058]
[0.48199221]
[0.48199221]
[0.4729743]
[0.47244826]
[0.47071835]
[0.46363822]
[0.4616266]
[0.45459545]
[0.45297217]
[0.4497822]
[0.4414527]
[0.43778035]
[0.43559626]
[0.42948493]
[0.42398733]
[0.42278233]
[0.42277935]
[0.4097905]
[0.4073705]
[0.40733853]
[0.40402415]
[0.40317765]
[0.39894065]
[0.39782524]
[0.39728373]
[0.39316916]
[0.39204755]
[0.39190963]
[0.3879345]
[0.3877037]
[0.38702103]
[0.38394216]
[0.38282233]
[0.37992138]
[0.3787134]
[0.3773962]
[0.37297153]
[0.37284195]
[0.3725335]
[0.3710996]
[0.3694605]
[0.36892986]
[0.36889514]
[0.3680719]
[0.3667855]
[0.3661005]
[0.3657836]
[0.3657552]
[0.36471882]
[0.36380997]
[0.36182746]
[0.35940194]
[0.3578043]
[0.35683978]
[0.35590988]
[0.35538343]
[0.35480946]
[0.3545383]
[0.35453418]
[0.3542303]
[0.3539645]
[0.35377595]
[0.3522926]
[0.35185224]
[0.35133812]
[0.35014826]
[0.3494923]
[0.34899324]
[0.3484003]
[0.34828353]
[0.34757408]
[0.34666654]
[0.34637573]
[0.34512657]
[0.34370527]
[0.3426776]
[0.3425364]
[0.34168905]
[0.34156573]
[0.3415092]
[0.34104452]
[0.3392391]
[0.33600602]
[0.33553958]
[0.33536544]
[0.33433455]
[0.33431026]
[0.33415425]
[0.33388484]
[0.3332983]
[0.3332983]
[0.33204997]
[0.3316985]
[0.33077595]
[0.33069783]
[0.33005357]
[0.3294111]
[0.32824016]
[0.32767737]
[0.3260641]
[0.32574517]
[0.32543364]
[0.32522538]
[0.32520908]
[0.32474068]
[0.3245648]
[0.3241992]
[0.32406953]
[0.32373282]
[0.3230033]
[0.3225551]
[0.32142887]
[0.32018882]
[0.31837025]
[0.31780678]
[0.31759202]
[0.31742576]
[0.3172013]
[0.3169433]
[0.31692797]
[0.31652907]
[0.31642446]
[0.31576663]
[0.31436738]
[0.31429395]
[0.31377652]
[0.313691]
[0.3136805]
[0.3132401]
[0.31314468]
[0.31288785]
[0.31259793]
[0.31247887]
[0.31230783]
[0.312194]
[0.31123757]
[0.31120002]
[0.31089482]
[0.31030622]
[0.31025475]
[0.30979916]
[0.30971232]
[0.30967772]
[0.30876404]
[0.3084424]
[0.30819714]
[0.3078133]
[0.30747995]
[0.30734912]
[0.3071238]
[0.30679545]
[0.30624104]
[0.30617437]
[0.30592462]
[0.30585405]
[0.30554086]
[0.30505905]
[0.30487406]
[0.30437204]
[0.30409455]
[0.30402717]
[0.30272797]
[0.30262896]
[0.30260956]
[0.3023885]
[0.30193096]
[0.30160406]
[0.30117637]
[0.3011222]
[0.30039558]
[0.30032215]
[0.29996693]
[0.29947054]
[0.29860172]
[0.29860172]
[0.2985412]
[0.29846933]
[0.29819006]
[0.29817528]
[0.29806823]
[0.298037]
[0.29734528]
[0.29730642]
[0.29694575]
[0.296716]
[0.29624307]
[0.29590213]
[0.29563954]
[0.29475728]
[0.29405725]
[0.293966]
[0.293168]
[0.29290533]
[0.2927679]
[0.29271626]
[0.29239938]
[0.29225752]
[0.29224217]
[0.29218498]
[0.29216728]
[0.2921556]
[0.29153478]
[0.29145843]
[0.2913156]
[0.29086715]
[0.29065496]
[0.2904608]
[0.29038304]
[0.29024047]
[0.29016998]
[0.2901642]
[0.2901427]
[0.28965428]
[0.2895465]
[0.28892952]
[0.28891486]
[0.28890163]
[0.28827778]
[0.28814763]
[0.288144]
[0.2879131]
[0.28773084]
[0.28747976]
[0.28724083]
[0.28672096]
[0.2867108]
[0.2865527]
[0.28634262]
[0.28602183]
[0.28595296]
[0.28576583]
[0.28554446]
[0.2853853]
[0.2853853]
[0.284634]
[0.28437862]
[0.28404653]
[0.28353995]
[0.28335306]
[0.28326237]
[0.28308544]
[0.2827786]
[0.28253007]
[0.28249642]
[0.28207457]
[0.28177825]
[0.2814903]
[0.28136107]
[0.2808328]
[0.2808189]
[0.28073192]
[0.28070563]
[0.28055322]
[0.2804291]
[0.2803229]
[0.28029913]
[0.28000927]
[0.2799618]
[0.27979687]
[0.27969867]
[0.2794113]
[0.27935123]
[0.2793306]
[0.2793038]
[0.27915952]
[0.27893063]
[0.27853468]
[0.27848247]
[0.27841792]
[0.27825764]
[0.27817693]
[0.27811664]
[0.2779671]
[0.27784604]
[0.27781463]
[0.277318]
[0.27684698]
[0.2768427]
[0.27684218]
[0.27682784]
[0.27646127]
[0.27643284]
[0.27643254]
[0.27639815]
[0.27632612]
[0.27620155]
[0.27620155]
[0.27613056]
[0.27599856]
[0.27589715]
[0.2754182]
[0.27540225]
[0.2752493]
[0.27518517]
[0.2751732]
[0.27485064]
[0.27427283]
[0.27394283]
[0.27357388]
[0.27350107]
[0.27307636]
[0.27295563]
[0.27274784]
[0.27253526]
[0.27194425]
[0.27187368]
[0.2711881]
[0.2711831]
[0.27095845]
[0.27044138]
[0.27037653]
[0.26961157]
[0.2696097]
[0.26945913]
[0.26932427]
[0.26924565]
[0.2690906]
[0.26870996]
[0.2684574]
[0.26826876]
[0.26758626]
[0.2674908]
[0.26626104]
[0.2661323]
[0.26592028]
[0.26537767]
[0.26536208]
[0.26518983]
[0.26517567]
[0.26514748]
[0.26497084]
[0.26494086]
[0.26473883]
[0.26435673]
[0.2642823]
[0.2642413]
[0.26393092]
[0.26370606]
[0.26342934]
[0.2633547]
[0.26306808]
[0.26263252]
[0.2625393]
[0.2624891]
[0.26229683]
[0.26217496]
[0.26188028]
[0.26160643]
[0.2613035]
[0.26107138]
[0.2608584]
[0.260783]
[0.26070255]
[0.2606771]
[0.2605211]
[0.26044732]
[0.2603064]
[0.26027322]
[0.26009223]
[0.25957108]
[0.2594508]
[0.2594508]
[0.2593917]
[0.25921053]
[0.25864986]
[0.25864962]
[0.25800732]
[0.25793406]
[0.25786301]
[0.25778624]
[0.25748384]
[0.25748384]
[0.25745097]
[0.2573274]
[0.25686035]
[0.25639138]
[0.2562734]
[0.25621426]
[0.2558599]
[0.25566262]
[0.25550017]
[0.25540245]
[0.25538373]
[0.25522622]
[0.25497374]
[0.25497097]
[0.2545578]
[0.2542743]
[0.2541029]
[0.2540924]
[0.2540924]
[0.2539956]
[0.25383788]
[0.2535618]
[0.2535617]
[0.25340322]
[0.25339067]
[0.2533538]
[0.25300413]
[0.25299248]
[0.25287598]
[0.25277054]
[0.25272232]
[0.25255206]
[0.2524235]
[0.25184986]
[0.25170675]
[0.2515172]
[0.25132492]
[0.25123316]
[0.25120938]
[0.25115776]
[0.2510888]
[0.25108084]
[0.2510493]
[0.25088176]
[0.25074774]
[0.25062087]
[0.25042656]
[0.25036433]
[0.25028148]
[0.25019607]
[0.24995427]
[0.24995427]
[0.24985483]
[0.24976592]
[0.24968979]
[0.24946907]
[0.24930136]
[0.24920245]
[0.24920136]
[0.24915138]
[0.24909711]
[0.24872793]
[0.24866505]
[0.24861982]
[0.2485646]
[0.24844623]
[0.24841803]
[0.24841206]
[0.24837367]
[0.24831885]
[0.2482938]
[0.24807712]
[0.24784882]
[0.24768311]
[0.24756181]
[0.24739438]
[0.24702318]
[0.24690807]
[0.24679522]
[0.2467644]
[0.24671483]
[0.24663532]
[0.2465748]
[0.24638508]
[0.24636039]
[0.24611455]
[0.24597767]
[0.24566357]
[0.24563476]
[0.24544704]
[0.24544382]
[0.24533321]
[0.24532154]
[0.24531467]
[0.24517295]
[0.24511592]
[0.24511117]
[0.24510428]
[0.24496232]
[0.2449031]
[0.24478544]
[0.24468163]
[0.24465433]
[0.24463356]
[0.24457578]
[0.24435732]
[0.24424909]
[0.24423231]
[0.24411483]
[0.24402976]
[0.24392863]
[0.24391644]
[0.24389459]
[0.24372135]
[0.24370039]
[0.24337554]
[0.24328068]
[0.24322554]
[0.24294367]
[0.24287915]
[0.24275997]
[0.24266025]
[0.24231142]
[0.24222136]
[0.24206965]
[0.24186866]
[0.24178295]
[0.24159832]
[0.24141341]
[0.24138212]
[0.24135143]
[0.24129719]
[0.24128023]
[0.24087581]
[0.24085294]
[0.24085294]
[0.24081104]
[0.24045177]
[0.24044804]
[0.24019946]
[0.24010374]
[0.24003838]
[0.24001971]
[0.23998205]
[0.2396747]
[0.23965895]
[0.23953785]
[0.23930192]
[0.239273]
[0.23923956]
[0.23923956]
[0.2391904]
[0.23918194]
[0.2391602]
[0.23891959]
[0.2389075]
[0.23890227]
[0.23888856]
[0.23870738]
[0.23865308]
[0.23841958]
[0.23826817]
[0.23825724]
[0.23821728]
[0.23813334]
[0.23806985]
[0.2379686]
[0.2379346]
[0.23787475]
[0.23785438]
[0.237837]
[0.2377389]
[0.2376621]
[0.2376621]
[0.23766145]
[0.23764381]
[0.2375851]
[0.23732586]
[0.23730166]
[0.23682563]
[0.2367839]
[0.23675004]
[0.23662288]
[0.2365095]
[0.23642465]
[0.23641437]
[0.2364063]
[0.2362264]
[0.23605752]
[0.23600219]
[0.23581438]
[0.23581438]
[0.23570436]
[0.23569946]
[0.23562132]
[0.23560138]
[0.2355351]
[0.2355351]
[0.23480937]
[0.23480795]
[0.23471858]
[0.2346696]
[0.23464197]
[0.2346092]
[0.23449782]
[0.23448445]
[0.23443465]
[0.23421861]
[0.23416069]
[0.23411402]
[0.23405614]
[0.23403162]
[0.23376916]
[0.23374529]
[0.23364334]
[0.23361214]
[0.23330946]
[0.23322986]
[0.2331756]
[0.23316471]
[0.23316471]
[0.23314263]
[0.23305604]
[0.2330255]
[0.23292673]
[0.23288994]
[0.23280008]
[0.23278376]
[0.2327833]
[0.232377]
[0.2322768]
[0.23227464]
[0.23219965]
[0.23217244]
[0.23213236]
[0.23196116]
[0.23195118]
[0.23191889]
[0.23188637]
[0.23176077]
[0.23169725]
[0.23168209]
[0.2316629]
[0.23166269]
[0.23148248]
[0.23145063]
[0.2314467]
[0.23136045]
[0.23130594]
[0.23126619]
[0.23108883]
[0.2310026]
[0.23097245]
[0.23084264]
[0.23080908]
[0.2307369]
[0.23065892]
[0.23050381]
[0.23034729]
[0.23004663]
[0.230027]
[0.22974648]
[0.22967668]
[0.22958654]
[0.22956705]
[0.22955781]
[0.22955625]
[0.22931558]
[0.22929864]
[0.22902286]
[0.22894482]
[0.22894408]
[0.22883743]
[0.22874996]
[0.22869526]
[0.2286101]
[0.22840399]
[0.22838643]
[0.22835506]
[0.22822353]
[0.22815879]
[0.22811285]
[0.22787729]
[0.22763276]
[0.22746079]
[0.22745466]
[0.22744775]
[0.22739005]
[0.22716345]
[0.22711065]
[0.22706442]
[0.22706199]
[0.22705892]
[0.22702509]
[0.227012]
[0.22700022]
[0.22688332]
[0.22688332]
[0.2268389]
[0.22674078]
[0.22668163]
[0.22664294]
[0.22661729]
[0.22657633]
[0.22652516]
[0.22645351]
[0.22616757]
[0.22596142]
[0.22592902]
[0.22592902]
[0.22591926]
[0.2259013]
[0.22561327]
[0.22558068]
[0.22547054]
[0.22530839]
[0.22530262]
[0.22517857]
[0.22508906]
[0.22505714]
[0.22478245]
[0.22478068]
[0.22470914]
[0.22469234]
[0.22459906]
[0.22458093]
[0.22454871]
[0.22441943]
[0.2243008]
[0.22420086]
[0.2240287]
[0.22395292]
[0.22395155]
[0.22388817]
[0.22387293]
[0.22377186]
[0.22364049]
[0.22343548]
[0.22330296]
[0.22328787]
[0.22328132]
[0.22318934]
[0.22317526]
[0.22315322]
[0.223128]
[0.22309951]
[0.22293317]
[0.222813]
[0.22274528]
[0.22260168]
[0.22250883]
[0.22240506]
[0.2223532]
[0.22222072]
[0.22214897]
[0.22210398]
[0.2220354]
[0.22195618]
[0.22194923]
[0.2218606]
[0.22179654]
[0.22164749]
[0.22136432]
[0.22132209]
[0.22129953]
[0.2212857]
[0.22120863]
[0.2212013]
[0.22114977]
[0.22112429]
[0.2211206]
[0.2210408]
[0.22086425]
[0.22078995]
[0.22077183]
[0.22077183]
[0.22072706]
[0.22065283]
[0.22060451]
[0.22046025]
[0.22045374]
[0.22041886]
[0.22028796]
[0.22015597]
[0.22003262]
[0.22000845]
[0.21975875]
[0.21965075]
[0.2196286]
[0.21961676]
[0.21961676]
[0.21953063]
[0.21946596]
[0.21943568]
[0.21935685]
[0.21920946]
[0.21908373]
[0.21902856]
[0.21898976]
[0.21897459]
[0.21884151]
[0.21868637]
[0.21854809]
[0.21852978]
[0.21844561]
[0.21831247]
[0.21831125]
[0.21828057]
[0.21823464]
[0.218203]
[0.21816786]
[0.2179994]
[0.21799283]
[0.21793506]
[0.21793506]
[0.2178886]
[0.21788633]
[0.21775949]
[0.21755867]
[0.2175403]
[0.21736486]
[0.21732302]
[0.21731132]
[0.21727984]
[0.21725224]
[0.21718816]
[0.21716599]
[0.21711677]
[0.21710859]
[0.21705797]
[0.21702832]
[0.21699432]
[0.21686758]
[0.21682619]
[0.21674162]
[0.21670547]
[0.21667223]
[0.21654303]
[0.2164403]
[0.2164315]
[0.2163126]
[0.2162986]
[0.21629307]
[0.21623436]
[0.21623291]
[0.21618457]
[0.2161396]
[0.21610326]
[0.21603042]
[0.21598615]
[0.21593073]
[0.21593073]
[0.21588695]
[0.21580487]
[0.21580298]
[0.21566176]
[0.21558118]
[0.21557753]
[0.21556391]
[0.2155173]
[0.2154504]
[0.21542794]
[0.2154015]
[0.21537398]
[0.21529806]
[0.21528956]
[0.21523754]
[0.21512417]
[0.2150739]
[0.21502896]
[0.21490873]
[0.21485095]
[0.21481968]
[0.21480447]
[0.21467751]
[0.21465194]
[0.21461457]
[0.2145768]
[0.21455693]
[0.21433556]
[0.21419853]
[0.21410622]
[0.21408972]
[0.21401554]
[0.21396631]
[0.21384151]
[0.21384151]
[0.21383865]
[0.21381493]
[0.21372458]
[0.21347696]
[0.21347669]
[0.21340606]
[0.21333481]
[0.21333177]
[0.2133063]
[0.21323091]
[0.2130808]
[0.21296902]
[0.21295817]
[0.21294571]
[0.21290645]
[0.2128201]
[0.21280392]
[0.21274948]
[0.21274844]
[0.2127451]
[0.21272618]
[0.21267551]
[0.21260802]
[0.212594]
[0.21252756]
[0.21249428]
[0.21248722]
[0.21247162]
[0.2124326]
[0.21240476]
[0.21238522]
[0.21224031]
[0.21213084]
[0.21198072]
[0.21188441]
[0.21185549]
[0.21180144]
[0.21176338]
[0.21174398]
[0.21167472]
[0.21164952]
[0.21162939]
[0.21159941]
[0.21153574]
[0.21151972]
[0.2113914]
[0.21137708]
[0.21131763]
[0.21130954]
[0.21124388]
[0.211164]
[0.21106237]
[0.21099572]
[0.21098645]
[0.21095438]
[0.21094547]
[0.21083787]
[0.21077591]
[0.21072073]
[0.21070579]
[0.21052597]
[0.21049069]
[0.21043876]
[0.21039617]
[0.21032892]
[0.21031882]
[0.21028027]
[0.21023051]
[0.21021576]
[0.21019946]
[0.21013024]
[0.21011387]
[0.21009572]
[0.21008538]
[0.21008275]
[0.2100223]
[0.20989133]
[0.20985357]
[0.2097936]
[0.20971231]
[0.20959623]
[0.20958304]
[0.20955528]
[0.20955497]
[0.20951527]
[0.209509]
[0.20950502]
[0.20944978]
[0.20939183]
[0.20939073]
[0.20932333]
[0.20928206]
[0.20926553]
[0.20914644]
[0.20914145]
[0.20900092]
[0.2089818]
[0.20895128]
[0.2089117]
[0.20890893]
[0.20889549]
[0.20889495]
[0.20884113]
[0.2087376]
[0.20873012]
[0.20872319]
[0.20869416]
[0.20866333]
[0.20851326]
[0.20848776]
[0.20847668]
[0.20830412]
[0.20829065]
[0.20829065]
[0.20824952]
[0.20809507]
[0.20808785]
[0.20784888]
[0.2078326]
[0.2077433]
[0.20773816]
[0.20765738]
[0.20765738]
[0.20762451]
[0.2076208]
[0.20753069]
[0.20752592]
[0.20750375]
[0.20745842]
[0.20744328]
[0.2072904]
[0.2072846]
[0.20726979]
[0.20723023]
[0.20722662]
[0.20717442]
[0.20695585]
[0.20685656]
[0.20685102]
[0.20683217]
[0.20682772]
[0.20678954]
[0.20669155]
[0.20666946]
[0.20663501]
[0.20661584]
[0.20658305]
[0.20651382]
[0.2064558]
[0.20643182]
[0.20639822]
[0.20635788]
[0.20633118]
[0.20617756]
[0.20617533]
[0.20614186]
[0.20608452]
[0.20606203]
[0.20603432]
[0.20585153]
[0.20582563]
[0.20580448]
[0.20579845]
[0.2057971]
[0.20563175]
[0.2056159]
[0.20560415]
[0.20552057]
[0.20545799]
[0.20543352]
[0.20541865]
[0.20541835]
[0.20533675]
[0.20533592]
[0.20530912]
[0.20527598]
[0.20527437]
[0.20526244]
[0.20524599]
[0.20518988]
[0.20509413]
[0.2050625]
[0.2050232]
[0.20501307]
[0.20497157]
[0.20489624]
[0.20487659]
[0.20485894]
[0.20485894]
[0.20478795]
[0.2046702]
[0.20466992]
[0.20463698]
[0.20460917]
[0.2046088]
[0.20459057]
[0.20453162]
[0.20446555]
[0.20444356]
[0.20442098]
[0.20436853]
[0.20435357]
[0.20420262]
[0.20417197]
[0.20413789]
[0.2040238]
[0.20401745]
[0.20379561]
[0.20376165]
[0.20376106]
[0.20373057]
[0.2036745]
[0.20347215]
[0.20343582]
[0.20341313]
[0.20335431]
[0.2033445]
[0.2032994]
[0.20326665]
[0.2032341]
[0.20322047]
[0.20316535]
[0.20314126]
[0.20297757]
[0.20297757]
[0.20297584]
[0.20297584]
[0.20292307]
[0.2029223]
[0.20290129]
[0.20282158]
[0.20281848]
[0.20281608]
[0.20275941]
[0.20273855]
[0.20272076]
[0.20257369]
[0.20257163]
[0.20255627]
[0.20253694]
[0.20247889]
[0.20242344]
[0.20239341]
[0.20237456]
[0.20237197]
[0.20235416]
[0.2023517]
[0.20234182]
[0.2023218]
[0.20229034]
[0.20224996]
[0.20224577]
[0.20222479]
[0.2021616]
[0.20206237]
[0.20198491]
[0.2018418]
[0.20182043]
[0.20178008]
[0.2017797]
[0.20174432]
[0.20167401]
[0.20161624]
[0.20154543]
[0.20147647]
[0.20141667]
[0.20133802]
[0.20132673]
[0.20129517]
[0.20124388]
[0.2011452]
[0.20111388]
[0.20109557]
[0.20105778]
[0.20104612]
[0.20102532]
[0.20102]
[0.20093803]
[0.20090461]
[0.2008995]
[0.20089275]
[0.20088032]
[0.20087312]
[0.20085908]
[0.20085908]
[0.20076337]
[0.20072405]
[0.20072114]
[0.20070508]
[0.20065437]
[0.2006128]
[0.20055898]
[0.20052388]
[0.20049392]
[0.20048004]
[0.20046505]
[0.20042947]
[0.2002163]
[0.20021507]
[0.20016988]
[0.20014492]
[0.20012954]
[0.2001058]
[0.20010531]
[0.20008607]
[0.20007321]
[0.20007321]
[0.20002754]
[0.19999348]
[0.19998448]
[0.19992848]
[0.19987945]
[0.19986808]
[0.19979234]
[0.19977884]
[0.19973712]
[0.1997255]
[0.19970891]
[0.19970876]
[0.19970536]
[0.19968532]
[0.19953692]
[0.1994527]
[0.19944824]
[0.19943894]
[0.19940005]
[0.19933844]
[0.19929567]
[0.19921745]
[0.19921745]
[0.19919297]
[0.19919297]
[0.19917102]
[0.19916975]
[0.19916968]
[0.19912735]
[0.19908659]
[0.19906878]
[0.19890705]
[0.19880617]
[0.19879165]
[0.19868474]
[0.19868171]
[0.19862114]
[0.1986047]
[0.19843161]
[0.19839847]
[0.19839847]
[0.19833322]
[0.19827546]
[0.19823994]
[0.1982033]
[0.19818673]
[0.19806366]
[0.1980627]
[0.1980627]
[0.19795714]
[0.19786763]
[0.19782971]
[0.19781932]
[0.19775058]
[0.1977201]
[0.19766833]
[0.19765528]
[0.1976432]
[0.19759649]
[0.19756338]
[0.19748901]
[0.19746551]
[0.19744264]
[0.197436]
[0.19743206]
[0.19739977]
[0.19733462]
[0.19733462]
[0.19728889]
[0.19726938]
[0.1972009]
[0.19712515]
[0.1971019]
[0.19706592]
[0.19701494]
[0.19698937]
[0.19697662]
[0.19685881]
[0.19677484]
[0.19675256]
[0.19673075]
[0.19672702]
[0.19670974]
[0.19668595]
[0.19660611]
[0.19660611]
[0.19657454]
[0.1964369]
[0.19642545]
[0.19635464]
[0.19631784]
[0.19626214]
[0.1962101]
[0.19620997]
[0.19619821]
[0.19607724]
[0.19604184]
[0.19603689]
[0.19603463]
[0.1959755]
[0.19596204]
[0.19593018]
[0.19590154]
[0.19589473]
[0.19587703]
[0.19583818]
[0.19581756]
[0.19581367]
[0.19580543]
[0.19570887]
[0.19569212]
[0.19564064]
[0.19560188]
[0.19557737]
[0.19550541]
[0.19546579]
[0.19537398]
[0.1953677]
[0.19534336]
[0.19531377]
[0.19523366]
[0.19521284]
[0.1951896]
[0.19512524]
[0.19510992]
[0.19504444]
[0.19502935]
[0.19502935]
[0.19495754]
[0.1948744]
[0.19478434]
[0.19476745]
[0.1947261]
[0.19469929]
[0.1946279]
[0.19459932]
[0.1945915]
[0.1945467]
[0.19453086]
[0.19452538]
[0.19444327]
[0.19443241]
[0.19442669]
[0.19441807]
[0.19430707]
[0.19427568]
[0.19424562]
[0.19424163]
[0.19411947]
[0.19407444]
[0.1940352]
[0.1940104]
[0.19395706]
[0.19393466]
[0.19392757]
[0.193901]
[0.19389896]
[0.19385022]
[0.19376469]
[0.19375154]
[0.19374414]
[0.19367349]
[0.19359788]
[0.19357975]
[0.19353715]
[0.19352832]
[0.19352832]
[0.19351794]
[0.19351794]
[0.19350362]
[0.19348729]
[0.1934407]
[0.19331697]
[0.19331464]
[0.19328016]
[0.19327499]
[0.19324984]
[0.19322126]
[0.19322091]
[0.19318685]
[0.19317703]
[0.19317454]
[0.19314893]
[0.19311832]
[0.19311546]
[0.19309147]
[0.19307368]
[0.19301009]
[0.1929684]
[0.19296062]
[0.19288336]
[0.19281709]
[0.19281709]
[0.19280066]
[0.19279999]
[0.19278407]
[0.19277394]
[0.19274245]
[0.192697]
[0.19265094]
[0.19264594]
[0.19262291]
[0.19259927]
[0.19250964]
[0.19246101]
[0.19245645]
[0.19244345]
[0.19240417]
[0.19238028]
[0.19227768]
[0.19224818]
[0.19217248]
[0.19207212]
[0.19204852]
[0.19198005]
[0.19195513]
[0.19195215]
[0.19191167]
[0.19189885]
[0.19188601]
[0.19184083]
[0.19182102]
[0.1917752]
[0.19172886]
[0.19170703]
[0.19170703]
[0.19161671]
[0.19161129]
[0.19160774]
[0.19160253]
[0.19154634]
[0.19154549]
[0.19152527]
[0.191525]
[0.19151023]
[0.1914673]
[0.19145069]
[0.19142032]
[0.19139454]
[0.1913677]
[0.19127147]
[0.19127147]
[0.19125225]
[0.19122824]
[0.19121751]
[0.19121501]
[0.19118595]
[0.19116123]
[0.19112182]
[0.19107376]
[0.19103374]
[0.19096233]
[0.19096039]
[0.19084917]
[0.19084917]
[0.19084296]
[0.19079186]
[0.19076738]
[0.19071239]
[0.19070084]
[0.19069967]
[0.19064577]
[0.190645]
[0.1906433]
[0.19051741]
[0.19041978]
[0.19037259]
[0.19035637]
[0.1903356]
[0.19011849]
[0.19011849]
[0.19011849]
[0.19005877]
[0.19004628]
[0.18997012]
[0.18996978]
[0.18990217]
[0.18990041]
[0.18990041]
[0.18988372]
[0.18982172]
[0.18978864]
[0.18978454]
[0.18974897]
[0.18973784]
[0.18962245]
[0.18961577]
[0.18956932]
[0.18952626]
[0.18950596]
[0.18943878]
[0.18938391]
[0.18937413]
[0.18935996]
[0.18931994]
[0.18931994]
[0.1893176]
[0.18929982]
[0.18929769]
[0.18922858]
[0.1892074]
[0.18911724]
[0.18911503]
[0.18899098]
[0.1889825]
[0.18889824]
[0.18877414]
[0.18876092]
[0.18875133]
[0.18875133]
[0.18872969]
[0.18871942]
[0.18871942]
[0.18871143]
[0.18862595]
[0.18859845]
[0.18859458]
[0.18852377]
[0.18851183]
[0.18850638]
[0.1884904]
[0.18848905]
[0.18841657]
[0.18839727]
[0.188373]
[0.18837038]
[0.18830769]
[0.18822797]
[0.18813574]
[0.18799712]
[0.18798266]
[0.18794608]
[0.1879356]
[0.18793525]
[0.18790664]
[0.18789886]
[0.1878878]
[0.18785931]
[0.18776968]
[0.18773498]
[0.18764223]
[0.18760894]
[0.18757877]
[0.18756767]
[0.18750517]
[0.18750517]
[0.18748733]
[0.18747927]
[0.18746471]
[0.18743472]
[0.18742135]
[0.18739173]
[0.1873483]
[0.18733728]
[0.18733728]
[0.18731913]
[0.1873116]
[0.1872561]
[0.18716383]
[0.18715593]
[0.1871139]
[0.1870866]
[0.18703927]
[0.18702778]
[0.18687826]
[0.18674006]
[0.18673046]
[0.18671502]
[0.18671152]
[0.1866839]
[0.18664324]
[0.18658021]
[0.18656935]
[0.18654639]
[0.18650872]
[0.18646191]
[0.18640035]
[0.18638408]
[0.1863577]
[0.18634512]
[0.18631457]
[0.18628454]
[0.18627536]
[0.18627536]
[0.18626387]
[0.18626286]
[0.18620867]
[0.18619181]
[0.18611804]
[0.18598656]
[0.1859621]
[0.1858977]
[0.18585622]
[0.18582967]
[0.18579866]
[0.18578719]
[0.18578155]
[0.18570454]
[0.18564051]
[0.18561536]
[0.18559356]
[0.18554467]
[0.18554264]
[0.1855412]
[0.18552978]
[0.1854934]
[0.18541996]
[0.18541628]
[0.18537557]
[0.18535063]
[0.18532397]
[0.18527423]
[0.18515104]
[0.1851263]
[0.18510954]
[0.1849098]
[0.18487449]
[0.18487449]
[0.18486452]
[0.18485081]
[0.18477947]
[0.18476927]
[0.18476927]
[0.18475303]
[0.18474413]
[0.1845017]
[0.18448286]
[0.1844774]
[0.18446626]
[0.1844268]
[0.18439274]
[0.18436702]
[0.18436702]
[0.18427777]
[0.18421444]
[0.1842036]
[0.18419972]
[0.18419941]
[0.18417484]
[0.1841331]
[0.18413042]
[0.18405582]
[0.18404071]
[0.18403204]
[0.18396346]
[0.18394272]
[0.18388572]
[0.1838589]
[0.18383107]
[0.18380599]
[0.18379766]
[0.18376905]
[0.18373847]
[0.18369317]
[0.18368381]
[0.1836491]
[0.18359905]
[0.18356979]
[0.1835247]
[0.18349072]
[0.18347558]
[0.1834089]
[0.18340126]
[0.18339051]
[0.18336749]
[0.18331487]
[0.18329702]
[0.183198]
[0.18315327]
[0.1831232]
[0.18310694]
[0.18308009]
[0.1829446]
[0.18291897]
[0.18291576]
[0.18286277]
[0.18276529]
[0.18276373]
[0.18272983]
[0.18269882]
[0.18269664]
[0.1826837]
[0.18262997]
[0.18262787]
[0.18262602]
[0.18262373]
[0.18262085]
[0.18260649]
[0.18256058]
[0.18249778]
[0.18246944]
[0.18244313]
[0.18244238]
[0.18234542]
[0.18232334]
[0.1822824]
[0.18222943]
[0.18219738]
[0.18214513]
[0.18197815]
[0.18195103]
[0.18185969]
[0.1818163]
[0.18180133]
[0.18178673]
[0.18178324]
[0.1816866]
[0.1816726]
[0.18167135]
[0.18163471]
[0.18159537]
[0.18153684]
[0.18153684]
[0.1815148]
[0.1815124]
[0.18147518]
[0.18132931]
[0.18132648]
[0.18126547]
[0.1812447]
[0.18124264]
[0.18124264]
[0.18117526]
[0.18110761]
[0.18109283]
[0.18103217]
[0.18099944]
[0.1809399]
[0.18093799]
[0.18092918]
[0.18092261]
[0.18091258]
[0.18089181]
[0.18080369]
[0.18078208]
[0.18078049]
[0.18075907]
[0.18075907]
[0.18074173]
[0.18072838]
[0.18065792]
[0.180622]
[0.18061826]
[0.18059444]
[0.18057789]
[0.18055399]
[0.18055399]
[0.18054467]
[0.18048784]
[0.18047328]
[0.18037252]
[0.18030816]
[0.1801686]
[0.18015473]
[0.18014987]
[0.18014029]
[0.18011804]
[0.18010472]
[0.18010472]
[0.18002982]
[0.18000378]
[0.17999512]
[0.17997077]
[0.17992742]
[0.17987713]
[0.17983592]
[0.17983308]
[0.17976482]
[0.1797378]
[0.17966591]
[0.1796514]
[0.17957765]
[0.1795083]
[0.1795083]
[0.179502]
[0.17949194]
[0.17947763]
[0.17945418]
[0.17945236]
[0.17938802]
[0.17936854]
[0.17932387]
[0.17931727]
[0.17930631]
[0.17927599]
[0.17924665]
[0.17922722]
[0.17918998]
[0.17916235]
[0.17913906]
[0.17909378]
[0.1790875]
[0.1789752]
[0.17892627]
[0.17888261]
[0.17887494]
[0.17885748]
[0.17881036]
[0.17880215]
[0.17880058]
[0.17880058]
[0.1787982]
[0.17878349]
[0.17875081]
[0.17871766]
[0.17871062]
[0.17870843]
[0.17860655]
[0.17860547]
[0.17853327]
[0.17848314]
[0.17838961]
[0.17837591]
[0.17836076]
[0.17834912]
[0.1782993]
[0.1782664]
[0.17826113]
[0.17824806]
[0.17823716]
[0.17823043]
[0.17818919]
[0.17814666]
[0.17803472]
[0.17802157]
[0.17800409]
[0.1779766]
[0.17797375]
[0.17794347]
[0.17793189]
[0.17793189]
[0.17785415]
[0.17782708]
[0.17782457]
[0.17778999]
[0.17778392]
[0.17777644]
[0.17776734]
[0.17775987]
[0.17772768]
[0.17772147]
[0.17769116]
[0.17753524]
[0.17745751]
[0.177457]
[0.17745489]
[0.17744069]
[0.17743129]
[0.17741384]
[0.17737268]
[0.17734578]
[0.17733347]
[0.17733334]
[0.17733334]
[0.17733334]
[0.17731288]
[0.17725834]
[0.17723708]
[0.17723708]
[0.17723708]
[0.17722797]
[0.17718962]
[0.17707908]
[0.17699711]
[0.17695355]
[0.17694183]
[0.17692588]
[0.17687169]
[0.17682837]
[0.17682226]
[0.17675579]
[0.17671603]
[0.1767025]
[0.17668115]
[0.17667645]
[0.17664449]
[0.17664209]
[0.17660822]
[0.17653112]
[0.17652804]
[0.17652403]
[0.17634429]
[0.17634179]
[0.17631195]
[0.17625012]
[0.17619634]
[0.17617065]
[0.17614552]
[0.17614186]
[0.1761165]
[0.17609914]
[0.17608769]
[0.17599785]
[0.17598236]
[0.17591316]
[0.17590947]
[0.17586511]
[0.1757646]
[0.17567514]
[0.1756485]
[0.17563817]
[0.17563045]
[0.17557451]
[0.17552273]
[0.17551427]
[0.17543614]
[0.17539993]
[0.1753962]
[0.1753962]
[0.17521627]
[0.17518975]
[0.17517358]
[0.17513421]
[0.17511517]
[0.17511123]
[0.17508997]
[0.17507002]
[0.17504077]
[0.17500983]
[0.1749682]
[0.17495395]
[0.1749482]
[0.17492042]
[0.17489748]
[0.17489748]
[0.17489716]
[0.1748587]
[0.17480677]
[0.17477117]
[0.17474335]
[0.17471208]
[0.17470032]
[0.1746817]
[0.17464629]
[0.17457214]
[0.17456874]
[0.17456032]
[0.17451988]
[0.1744825]
[0.17447376]
[0.17446582]
[0.17444843]
[0.17441358]
[0.17440914]
[0.17439912]
[0.17435147]
[0.17434396]
[0.17433129]
[0.17433129]
[0.17431915]
[0.17431661]
[0.174223]
[0.174223]
[0.1742222]
[0.1741749]
[0.1741749]
[0.17412686]
[0.17412686]
[0.17412357]
[0.17410849]
[0.17409874]
[0.17407915]
[0.17407645]
[0.17398448]
[0.17395408]
[0.17393419]
[0.1739172]
[0.17387085]
[0.17386602]
[0.17384785]
[0.17375667]
[0.17375393]
[0.17364112]
[0.17355543]
[0.1735383]
[0.17352547]
[0.17351604]
[0.17347282]
[0.17341594]
[0.17341594]
[0.17341118]
[0.17338862]
[0.17336887]
[0.17334905]
[0.17330508]
[0.17327984]
[0.17327704]
[0.17322245]
[0.17317787]
[0.1731533]
[0.1731378]
[0.17312568]
[0.17306234]
[0.1730609]
[0.17305598]
[0.17303133]
[0.17296243]
[0.1729153]
[0.1728315]
[0.17282933]
[0.17278036]
[0.17277677]
[0.17277282]
[0.17276672]
[0.17273214]
[0.1727255]
[0.17271961]
[0.17268609]
[0.17262635]
[0.1726228]
[0.17260964]
[0.17257544]
[0.17257544]
[0.17257544]
[0.17255138]
[0.17251475]
[0.17249855]
[0.17249855]
[0.1724397]
[0.1723723]
[0.17236042]
[0.17235509]
[0.1723371]
[0.17233631]
[0.17229316]
[0.17227672]
[0.17227235]
[0.17218931]
[0.17218839]
[0.17217943]
[0.17217943]
[0.17217943]
[0.17216563]
[0.1721553]
[0.17214653]
[0.17213376]
[0.17212181]
[0.1720919]
[0.1720451]
[0.17202975]
[0.17197047]
[0.17196856]
[0.17195648]
[0.17193936]
[0.17188813]
[0.17187883]
[0.17186731]
[0.17179216]
[0.17174505]
[0.1717303]
[0.17172633]
[0.17168747]
[0.17168558]
[0.17164855]
[0.17160659]
[0.17158155]
[0.17155999]
[0.17155172]
[0.17153643]
[0.17149833]
[0.17148064]
[0.17147918]
[0.17146203]
[0.1714495]
[0.1714383]
[0.17140062]
[0.17138213]
[0.17137066]
[0.17134757]
[0.17133486]
[0.17133486]
[0.1712859]
[0.17125118]
[0.17123981]
[0.17121734]
[0.17120357]
[0.17120005]
[0.17119968]
[0.17113957]
[0.17110224]
[0.17110206]
[0.1710876]
[0.17107941]
[0.17106579]
[0.17103997]
[0.1710285]
[0.17099659]
[0.1709887]
[0.17098662]
[0.17096117]
[0.17093138]
[0.17090449]
[0.17081454]
[0.17077479]
[0.17073779]
[0.17072912]
[0.17061631]
[0.17061006]
[0.17060831]
[0.17046246]
[0.17044768]
[0.17041957]
[0.17040156]
[0.17031531]
[0.17030339]
[0.17028129]
[0.17026208]
[0.17020422]
[0.17014301]
[0.17008233]
[0.17007206]
[0.17006688]
[0.17006412]
[0.17006281]
[0.16999698]
[0.16999698]
[0.16998035]
[0.16997914]
[0.16993669]
[0.1699268]
[0.16990578]
[0.16987516]
[0.16972129]
[0.16971356]
[0.16970442]
[0.16968404]
[0.16967487]
[0.16962318]
[0.16961032]
[0.16957986]
[0.16955118]
[0.16952686]
[0.1695139]
[0.16949336]
[0.16944756]
[0.169407]
[0.16938263]
[0.16936292]
[0.16934949]
[0.16930506]
[0.16927142]
[0.16925554]
[0.16923814]
[0.1692337]
[0.16912004]
[0.1691093]
[0.16910893]
[0.16910417]
[0.16909815]
[0.16908236]
[0.16905643]
[0.16904522]
[0.16904512]
[0.16898039]
[0.16895539]
[0.16895488]
[0.16887887]
[0.16887291]
[0.16882995]
[0.16878273]
[0.16877002]
[0.16873041]
[0.1686616]
[0.16855557]
[0.16852538]
[0.16852538]
[0.16852224]
[0.16852224]
[0.16842824]
[0.16839376]
[0.16839376]
[0.16837877]
[0.168356]
[0.16829392]
[0.1682361]
[0.1682053]
[0.1682053]
[0.16820298]
[0.16819353]
[0.16817282]
[0.16804618]
[0.16800644]
[0.16790617]
[0.16789438]
[0.16786394]
[0.16782132]
[0.1678107]
[0.16778995]
[0.16774242]
[0.16770019]
[0.16768384]
[0.1676833]
[0.16767113]
[0.16766255]
[0.16763267]
[0.1676195]
[0.16760217]
[0.16759874]
[0.16759744]
[0.16759059]
[0.16759056]
[0.16757455]
[0.16754586]
[0.16754088]
[0.16749944]
[0.16749276]
[0.16747172]
[0.16740943]
[0.16738866]
[0.16738507]
[0.16736135]
[0.16734286]
[0.16725795]
[0.16725194]
[0.16719247]
[0.16719036]
[0.167125]
[0.167125]
[0.1671171]
[0.16711164]
[0.16709274]
[0.16709131]
[0.16707094]
[0.16705538]
[0.1670038]
[0.16693011]
[0.16689497]
[0.16689272]
[0.16688901]
[0.16685009]
[0.16683061]
[0.16681868]
[0.1668154]
[0.16680092]
[0.16678126]
[0.16674592]
[0.16674347]
[0.16667084]
[0.16666934]
[0.16661246]
[0.16658767]
[0.1665831]
[0.16649845]
[0.16642484]
[0.16639607]
[0.16637921]
[0.1663478]
[0.16630831]
[0.16629806]
[0.16627467]
[0.16627467]
[0.16626486]
[0.16624734]
[0.16617851]
[0.16616939]
[0.16614537]
[0.16610105]
[0.16607787]
[0.1660601]
[0.16601937]
[0.16600375]
[0.16600375]
[0.16599993]
[0.16599698]
[0.16598168]
[0.16597804]
[0.16591907]
[0.16586813]
[0.16586484]
[0.16585487]
[0.16583616]
[0.16581404]
[0.16574702]
[0.16569483]
[0.16567226]
[0.16564415]
[0.16562566]
[0.1656145]
[0.16560204]
[0.16558446]
[0.16556762]
[0.16552213]
[0.16550969]
[0.16550402]
[0.16549678]
[0.16546126]
[0.16546126]
[0.16540697]
[0.16540472]
[0.16539973]
[0.16538192]
[0.16532665]
[0.16529064]
[0.16528898]
[0.1652407]
[0.16521385]
[0.16517381]
[0.16516751]
[0.16516273]
[0.16516079]
[0.16513462]
[0.16510305]
[0.16508861]
[0.16508672]
[0.16503723]
[0.16503644]
[0.16502376]
[0.16500273]
[0.16500175]
[0.16499387]
[0.16497384]
[0.16496894]
[0.16487165]
[0.16486803]
[0.16482122]
[0.16475306]
[0.16474517]
[0.16473421]
[0.16471459]
[0.16471191]
[0.16470635]
[0.16467404]
[0.1646582]
[0.16465607]
[0.16463657]
[0.1646016]
[0.16451493]
[0.16448922]
[0.16446541]
[0.16446285]
[0.16444743]
[0.16444623]
[0.16443977]
[0.16442521]
[0.1644144]
[0.16441424]
[0.16440052]
[0.16437557]
[0.16435231]
[0.16433516]
[0.16432638]
[0.16431649]
[0.16430539]
[0.16429581]
[0.1642512]
[0.16418657]
[0.16417237]
[0.16410282]
[0.16409203]
[0.16409203]
[0.16402063]
[0.16398148]
[0.16390343]
[0.16390325]
[0.16388263]
[0.16382965]
[0.16380857]
[0.16378087]
[0.1637347]
[0.16371663]
[0.16368765]
[0.16366556]
[0.16365233]
[0.16365069]
[0.16361323]
[0.16358231]
[0.16357063]
[0.16356054]
[0.16353938]
[0.1635283]
[0.16352025]
[0.16352025]
[0.16351524]
[0.16341797]
[0.16337416]
[0.16331714]
[0.16325071]
[0.16323662]
[0.1632206]
[0.16316834]
[0.16316785]
[0.1631077]
[0.1631077]
[0.16309318]
[0.16308811]
[0.16306618]
[0.16304125]
[0.16297115]
[0.16297115]
[0.16297115]
[0.1629532]
[0.16293171]
[0.16292988]
[0.16285355]
[0.16282977]
[0.16282173]
[0.16281423]
[0.16278154]
[0.16278109]
[0.16268717]
[0.1626761]
[0.16266713]
[0.1626292]
[0.16261998]
[0.1626198]
[0.16261154]
[0.16260277]
[0.16257678]
[0.16255507]
[0.16255507]
[0.16255485]
[0.16255435]
[0.16255324]
[0.16252014]
[0.16249318]
[0.1624742]
[0.16246712]
[0.16245869]
[0.16245136]
[0.16244607]
[0.16243677]
[0.16242112]
[0.16240893]
[0.162382]
[0.16235848]
[0.16235442]
[0.16235225]
[0.16234428]
[0.16230738]
[0.16230524]
[0.16230524]
[0.1622924]
[0.16226998]
[0.16222402]
[0.16219266]
[0.16215579]
[0.16215579]
[0.16197908]
[0.1619783]
[0.16196625]
[0.16190304]
[0.16179967]
[0.16178389]
[0.16175893]
[0.16175887]
[0.16172786]
[0.16172144]
[0.16168873]
[0.16167977]
[0.1616647]
[0.1616221]
[0.16157219]
[0.16154498]
[0.16153353]
[0.16153148]
[0.16148788]
[0.16140918]
[0.16140458]
[0.16140383]
[0.16137911]
[0.16137494]
[0.1612644]
[0.16125113]
[0.16123669]
[0.16123393]
[0.16120963]
[0.16118206]
[0.16115226]
[0.1611195]
[0.16111657]
[0.16111344]
[0.1611087]
[0.16110317]
[0.16105977]
[0.16103138]
[0.16102658]
[0.16101226]
[0.16099554]
[0.16092053]
[0.16079697]
[0.16071604]
[0.16069077]
[0.16065791]
[0.160648]
[0.16062437]
[0.1606013]
[0.16059406]
[0.16055644]
[0.1605474]
[0.16054045]
[0.16052745]
[0.16051255]
[0.16049363]
[0.16045682]
[0.16044918]
[0.16042027]
[0.16027986]
[0.16027912]
[0.16026273]
[0.1602461]
[0.1602447]
[0.16024046]
[0.16019645]
[0.16017483]
[0.16016729]
[0.16012593]
[0.16008435]
[0.16007586]
[0.16004631]
[0.16004623]
[0.1600412]
[0.16004035]
[0.16003133]
[0.1599742]
[0.15997359]
[0.15996027]
[0.159924]
[0.15984592]
[0.15984483]
[0.15984073]
[0.15983613]
[0.1598206]
[0.15981428]
[0.15980251]
[0.15979125]
[0.15979047]
[0.15978996]
[0.15978752]
[0.15977488]
[0.15969545]
[0.15968801]
[0.1596772]
[0.15966727]
[0.15965116]
[0.15964386]
[0.15963677]
[0.15961835]
[0.15961088]
[0.15959018]
[0.15956666]
[0.15956098]
[0.15954022]
[0.15952657]
[0.15946336]
[0.15944792]
[0.15943877]
[0.15943213]
[0.15934776]
[0.15931596]
[0.15931532]
[0.1592615]
[0.15924029]
[0.15918925]
[0.15918566]
[0.15917155]
[0.15913339]
[0.15912727]
[0.15912567]
[0.15911512]
[0.15908931]
[0.15907718]
[0.15906239]
[0.15904912]
[0.1590452]
[0.158977]
[0.15897605]
[0.15896948]
[0.15892339]
[0.15889929]
[0.15889679]
[0.15888736]
[0.15887482]
[0.15884092]
[0.15882239]
[0.15879762]
[0.1587887]
[0.15878475]
[0.15875341]
[0.15858097]
[0.15853275]
[0.15852448]
[0.15852344]
[0.1584714]
[0.15837847]
[0.15835005]
[0.15827963]
[0.15823668]
[0.15821014]
[0.15821014]
[0.15820785]
[0.15816034]
[0.15815103]
[0.15811586]
[0.15808767]
[0.15806636]
[0.15804808]
[0.15797974]
[0.15794522]
[0.15792058]
[0.1578634]
[0.15780352]
[0.15777896]
[0.15776819]
[0.1577407]
[0.15773419]
[0.1576709]
[0.15763164]
[0.15762505]
[0.15761787]
[0.15761487]
[0.15760326]
[0.15755561]
[0.15755504]
[0.15754324]
[0.15753809]
[0.1575126]
[0.15747705]
[0.15745766]
[0.15744457]
[0.15739277]
[0.15738182]
[0.15733074]
[0.15728776]
[0.15727873]
[0.15725844]
[0.15725265]
[0.15724939]
[0.15723613]
[0.15723398]
[0.15719882]
[0.15716998]
[0.15707734]
[0.15706041]
[0.15704912]
[0.15701059]
[0.15700677]
[0.15698859]
[0.15693781]
[0.15690213]
[0.15686211]
[0.15686011]
[0.15684281]
[0.15682465]
[0.15679817]
[0.1567456]
[0.1566948]
[0.15668309]
[0.15666604]
[0.15665348]
[0.1566068]
[0.15659723]
[0.15658574]
[0.15658261]
[0.15655938]
[0.15655714]
[0.15654622]
[0.15648648]
[0.15645231]
[0.1564518]
[0.1563775]
[0.15635154]
[0.15633956]
[0.15633094]
[0.1563255]
[0.15628068]
[0.15625913]
[0.15618017]
[0.15616927]
[0.1561677]
[0.15616311]
[0.15613846]
[0.1561255]
[0.15611875]
[0.15609162]
[0.15609117]
[0.15605608]
[0.15602903]
[0.15602753]
[0.15600665]
[0.15594733]
[0.15594274]
[0.15592204]
[0.1559105]
[0.1558837]
[0.15585384]
[0.15584025]
[0.15583605]
[0.15583111]
[0.15577231]
[0.15575385]
[0.15572073]
[0.15568696]
[0.1556822]
[0.15567437]
[0.15565783]
[0.15565269]
[0.15562204]
[0.15559709]
[0.1555786]
[0.1555786]
[0.15551364]
[0.15551029]
[0.1554896]
[0.15543294]
[0.15542634]
[0.15539128]
[0.15535685]
[0.15533854]
[0.15533477]
[0.15529993]
[0.15528993]
[0.15527526]
[0.1551163]
[0.1550981]
[0.15509756]
[0.15501097]
[0.15497681]
[0.15496913]
[0.15495564]
[0.15492824]
[0.15488641]
[0.15483998]
[0.1548325]
[0.15481627]
[0.15480942]
[0.1547989]
[0.15474248]
[0.1547103]
[0.1547103]
[0.1546809]
[0.15467675]
[0.15467378]
[0.15465654]
[0.15465564]
[0.15465075]
[0.15462744]
[0.15458344]
[0.1545803]
[0.15457605]
[0.1545124]
[0.15450749]
[0.15449303]
[0.15446314]
[0.15445013]
[0.15444048]
[0.15443493]
[0.1544089]
[0.15435661]
[0.15435341]
[0.15431964]
[0.15428972]
[0.15428069]
[0.1542708]
[0.1542388]
[0.15423635]
[0.15422782]
[0.15420935]
[0.15419249]
[0.1541856]
[0.1541816]
[0.15415755]
[0.15407786]
[0.15407425]
[0.15407005]
[0.15404977]
[0.15403797]
[0.15399943]
[0.1539725]
[0.15396689]
[0.1539493]
[0.15393782]
[0.15391518]
[0.15389581]
[0.15381005]
[0.15380639]
[0.15377545]
[0.15375353]
[0.15370794]
[0.15367177]
[0.15364343]
[0.15364254]
[0.15362936]
[0.1536178]
[0.15360641]
[0.15357493]
[0.15356287]
[0.15354468]
[0.15351604]
[0.15346345]
[0.15345305]
[0.15344097]
[0.15343493]
[0.15339455]
[0.15331379]
[0.15323117]
[0.15321298]
[0.15318193]
[0.15317355]
[0.15309739]
[0.15309337]
[0.15308917]
[0.15308484]
[0.1530824]
[0.15302798]
[0.15301506]
[0.15301296]
[0.15296403]
[0.15280324]
[0.1527999]
[0.15279388]
[0.15276642]
[0.15273692]
[0.15272069]
[0.1526317]
[0.15261762]
[0.15260758]
[0.15258558]
[0.15257852]
[0.15252724]
[0.15249586]
[0.15245704]
[0.15243529]
[0.15240376]
[0.1523854]
[0.15231502]
[0.1522811]
[0.15225944]
[0.15224364]
[0.15221035]
[0.15211144]
[0.15208912]
[0.1520742]
[0.15204564]
[0.15202214]
[0.15200688]
[0.1519724]
[0.15196909]
[0.15195207]
[0.15193379]
[0.15188552]
[0.15187362]
[0.15182947]
[0.15179901]
[0.15179668]
[0.15174702]
[0.15171503]
[0.15168945]
[0.15160815]
[0.1515653]
[0.15156089]
[0.15151846]
[0.1514859]
[0.15147145]
[0.15147047]
[0.15145585]
[0.15145075]
[0.1514091]
[0.15140098]
[0.15139382]
[0.15138492]
[0.15137708]
[0.15136349]
[0.15136208]
[0.15132248]
[0.15131328]
[0.1512871]
[0.15127641]
[0.15123017]
[0.15120803]
[0.15120308]
[0.1511814]
[0.15117012]
[0.15113272]
[0.15113078]
[0.15110122]
[0.15106806]
[0.15106513]
[0.151048]
[0.15100795]
[0.15097912]
[0.15096915]
[0.15096505]
[0.15095143]
[0.1509081]
[0.15083186]
[0.1508158]
[0.1508006]
[0.15079875]
[0.15079083]
[0.15077429]
[0.15077257]
[0.15076347]
[0.15070836]
[0.15069468]
[0.15068613]
[0.15068613]
[0.15067485]
[0.15061639]
[0.15055247]
[0.15046334]
[0.15045908]
[0.15040912]
[0.15038297]
[0.15030862]
[0.15028767]
[0.15020931]
[0.150197]
[0.15017864]
[0.15016761]
[0.15012626]
[0.15012626]
[0.15011097]
[0.15004133]
[0.1500301]
[0.14993505]
[0.14989865]
[0.14989045]
[0.14987299]
[0.14971943]
[0.14968902]
[0.14967883]
[0.14965115]
[0.14964062]
[0.14963715]
[0.14963704]
[0.14963025]
[0.14959551]
[0.14958836]
[0.14956161]
[0.14951675]
[0.14944515]
[0.14944443]
[0.14943059]
[0.14939566]
[0.14936352]
[0.14933926]
[0.14930506]
[0.14930218]
[0.1492803]
[0.14927883]
[0.14926761]
[0.14924845]
[0.14921802]
[0.14921315]
[0.14918031]
[0.14916286]
[0.14915057]
[0.14914082]
[0.1491175]
[0.14911292]
[0.14909968]
[0.14905114]
[0.14901847]
[0.14900717]
[0.14896761]
[0.14895932]
[0.14894772]
[0.14894524]
[0.1489394]
[0.14893538]
[0.14892136]
[0.14892046]
[0.14891556]
[0.1487544]
[0.14874794]
[0.14873497]
[0.1487071]
[0.14870046]
[0.14869314]
[0.14865395]
[0.14863338]
[0.14845839]
[0.14842258]
[0.14840968]
[0.14839464]
[0.14839464]
[0.14839464]
[0.14838387]
[0.14836061]
[0.14834207]
[0.14833817]
[0.14832431]
[0.14828016]
[0.14826746]
[0.14825816]
[0.14824967]
[0.14822817]
[0.14820029]
[0.14819422]
[0.14816593]
[0.1481557]
[0.14815143]
[0.14813386]
[0.14811307]
[0.1480787]
[0.1480063]
[0.14797634]
[0.1479675]
[0.1479675]
[0.1479675]
[0.1479675]
[0.1479675]
[0.14792743]
[0.14791884]
[0.14790902]
[0.14790365]
[0.14787933]
[0.1478449]
[0.14780718]
[0.14778076]
[0.14777376]
[0.14776947]
[0.14773865]
[0.14770499]
[0.1477048]
[0.14759539]
[0.14755926]
[0.14746659]
[0.14744604]
[0.14742206]
[0.1474202]
[0.1474174]
[0.1474028]
[0.14739436]
[0.14737046]
[0.14735393]
[0.14733033]
[0.1473097]
[0.14725794]
[0.14723878]
[0.14721446]
[0.1472041]
[0.14720257]
[0.1471993]
[0.14719109]
[0.14718206]
[0.14717692]
[0.14714077]
[0.14712337]
[0.14705755]
[0.14703743]
[0.14703147]
[0.14698423]
[0.14697258]
[0.14690743]
[0.14690743]
[0.14690366]
[0.14688642]
[0.14687532]
[0.14678931]
[0.14671578]
[0.1467117]
[0.14671052]
[0.14671007]
[0.14670414]
[0.14667888]
[0.14663747]
[0.14651829]
[0.14649993]
[0.14649503]
[0.14649363]
[0.14647983]
[0.14646932]
[0.14639486]
[0.14634572]
[0.14633335]
[0.1463137]
[0.1462666]
[0.14625436]
[0.14623128]
[0.14618321]
[0.14617242]
[0.14614528]
[0.14613907]
[0.1460912]
[0.14609091]
[0.1460772]
[0.14604543]
[0.14603975]
[0.14603816]
[0.14603569]
[0.14601265]
[0.14599653]
[0.14595851]
[0.1459569]
[0.14593005]
[0.14591213]
[0.14583705]
[0.14579475]
[0.14572148]
[0.14570908]
[0.14570189]
[0.1456859]
[0.14568135]
[0.1456794]
[0.1456794]
[0.14563958]
[0.14563033]
[0.14561372]
[0.14559402]
[0.14542955]
[0.14542955]
[0.14541265]
[0.14537895]
[0.14533839]
[0.14533666]
[0.14532346]
[0.14531101]
[0.14529748]
[0.14526944]
[0.14525138]
[0.1452436]
[0.14523154]
[0.1452277]
[0.14521137]
[0.14521098]
[0.14520107]
[0.14515214]
[0.14513862]
[0.145128]
[0.1451094]
[0.14510693]
[0.14505433]
[0.1450476]
[0.14500941]
[0.14498834]
[0.14495495]
[0.14494237]
[0.1449301]
[0.14491993]
[0.14486642]
[0.14483735]
[0.1448323]
[0.14474306]
[0.14472464]
[0.14469264]
[0.144689]
[0.14468604]
[0.1446675]
[0.1446556]
[0.14462861]
[0.14461826]
[0.1446167]
[0.14461035]
[0.14459723]
[0.14458703]
[0.14456393]
[0.14456159]
[0.14455138]
[0.14449432]
[0.14449091]
[0.14443679]
[0.1444174]
[0.14438371]
[0.14436315]
[0.14436315]
[0.14435486]
[0.14431833]
[0.1443141]
[0.14430697]
[0.14422615]
[0.14421478]
[0.14419594]
[0.14419594]
[0.14415617]
[0.14415027]
[0.14413352]
[0.144051]
[0.14404672]
[0.14404404]
[0.14404233]
[0.14404044]
[0.14400277]
[0.14398001]
[0.1439739]
[0.14396462]
[0.1439641]
[0.14393024]
[0.14392993]
[0.14387108]
[0.14384396]
[0.14384113]
[0.14383242]
[0.14382797]
[0.14382575]
[0.14379416]
[0.14378741]
[0.1437431]
[0.14370117]
[0.14368479]
[0.14365953]
[0.14364743]
[0.14361462]
[0.14359772]
[0.14357556]
[0.14357051]
[0.14347032]
[0.14346428]
[0.14345306]
[0.14343736]
[0.14343625]
[0.14343001]
[0.14341103]
[0.14338505]
[0.14336021]
[0.14333974]
[0.14332397]
[0.14330314]
[0.14329298]
[0.14326368]
[0.14326368]
[0.14325479]
[0.14319177]
[0.14317785]
[0.14317484]
[0.1431319]
[0.14310092]
[0.14305328]
[0.14304718]
[0.14303821]
[0.14300407]
[0.14299002]
[0.14297697]
[0.14295067]
[0.14294104]
[0.1429099]
[0.14289407]
[0.14288513]
[0.14288239]
[0.14287813]
[0.14287195]
[0.14284535]
[0.14282855]
[0.14282534]
[0.14280324]
[0.14275362]
[0.1427381]
[0.14268477]
[0.14260511]
[0.1426004]
[0.14257962]
[0.14252]
[0.1425165]
[0.14248325]
[0.14245838]
[0.14244969]
[0.14244801]
[0.14243217]
[0.14238279]
[0.14235]
[0.14233999]
[0.14233412]
[0.1422805]
[0.14227591]
[0.14227429]
[0.14223874]
[0.14223656]
[0.1421637]
[0.14213805]
[0.14209777]
[0.14209208]
[0.14206813]
[0.14204064]
[0.14203303]
[0.14201216]
[0.14191674]
[0.14191157]
[0.14189017]
[0.14186879]
[0.14186391]
[0.14181921]
[0.14180604]
[0.14179483]
[0.1417421]
[0.1416703]
[0.14165]
[0.14163452]
[0.14163218]
[0.1416256]
[0.14160717]
[0.14159594]
[0.14151868]
[0.14146285]
[0.14144519]
[0.14143476]
[0.14142191]
[0.14140251]
[0.14140184]
[0.14138725]
[0.14138207]
[0.141371]
[0.14133324]
[0.14130667]
[0.14130147]
[0.1412997]
[0.14128682]
[0.14124969]
[0.1412433]
[0.14122269]
[0.14121054]
[0.14114584]
[0.1411396]
[0.14113636]
[0.14112894]
[0.1411008]
[0.14108819]
[0.14108464]
[0.14108191]
[0.14107415]
[0.1410723]
[0.14106335]
[0.14104956]
[0.14104506]
[0.1410167]
[0.14096612]
[0.14094318]
[0.14093785]
[0.14092754]
[0.14092748]
[0.14087828]
[0.14085393]
[0.14083713]
[0.14080665]
[0.14078905]
[0.14076518]
[0.14074935]
[0.1407465]
[0.14070281]
[0.14067753]
[0.14066726]
[0.14066076]
[0.14066076]
[0.14065896]
[0.14059985]
[0.14059485]
[0.14055823]
[0.1405365]
[0.14047132]
[0.14044556]
[0.1404373]
[0.1404332]
[0.14042847]
[0.14040181]
[0.1403998]
[0.14037354]
[0.14036459]
[0.14036055]
[0.1403571]
[0.1403571]
[0.14035495]
[0.1403444]
[0.14033633]
[0.14030649]
[0.14029199]
[0.14026786]
[0.14025839]
[0.14025839]
[0.14024259]
[0.14022179]
[0.14021242]
[0.14018956]
[0.14016154]
[0.14015588]
[0.14012603]
[0.14008918]
[0.14007571]
[0.14004326]
[0.14002553]
[0.14001389]
[0.13992958]
[0.13992177]
[0.13985975]
[0.13985902]
[0.13984787]
[0.13982058]
[0.13980454]
[0.13980033]
[0.13978069]
[0.13977711]
[0.13974334]
[0.13962549]
[0.13961817]
[0.13960597]
[0.139581]
[0.13957068]
[0.13956799]
[0.13955222]
[0.1395262]
[0.13951658]
[0.13950278]
[0.13944103]
[0.13943051]
[0.13942581]
[0.13942581]
[0.13942467]
[0.13942456]
[0.1393082]
[0.1392965]
[0.13927524]
[0.13925764]
[0.13921842]
[0.13918763]
[0.13918006]
[0.13915479]
[0.13914122]
[0.13913108]
[0.13905983]
[0.13904238]
[0.13904238]
[0.13903998]
[0.1390294]
[0.13900012]
[0.13899522]
[0.13898624]
[0.13896023]
[0.13892135]
[0.13891988]
[0.13883944]
[0.13877623]
[0.13873285]
[0.13869622]
[0.13869265]
[0.13868444]
[0.13864964]
[0.13862202]
[0.13861583]
[0.13857585]
[0.13854699]
[0.13854216]
[0.13852428]
[0.13846296]
[0.13845156]
[0.13838044]
[0.13836183]
[0.13835832]
[0.13830565]
[0.13828626]
[0.13824257]
[0.1381912]
[0.13818674]
[0.13815698]
[0.13815494]
[0.13812087]
[0.13809781]
[0.13809335]
[0.13807817]
[0.13807575]
[0.13806294]
[0.13805375]
[0.13804229]
[0.1380353]
[0.13799831]
[0.13799492]
[0.13797875]
[0.13795151]
[0.13792641]
[0.1379263]
[0.13792293]
[0.1379188]
[0.13791223]
[0.13790804]
[0.13790242]
[0.13789353]
[0.13789265]
[0.1377883]
[0.13778274]
[0.13777986]
[0.13773741]
[0.13773149]
[0.13770595]
[0.13769117]
[0.13768636]
[0.13768288]
[0.13766433]
[0.13766009]
[0.13763264]
[0.13761266]
[0.1375872]
[0.13757724]
[0.1375343]
[0.13753425]
[0.13750479]
[0.1375011]
[0.13745862]
[0.13741697]
[0.13739245]
[0.13735312]
[0.1373507]
[0.13734415]
[0.1373094]
[0.13730818]
[0.13729884]
[0.13729884]
[0.13729629]
[0.13729624]
[0.13726653]
[0.13724293]
[0.13723327]
[0.13721865]
[0.13721375]
[0.13721341]
[0.1372066]
[0.13718547]
[0.13717379]
[0.13716717]
[0.1371432]
[0.13711667]
[0.13710488]
[0.13709682]
[0.13708277]
[0.13707727]
[0.13706625]
[0.13702925]
[0.13702153]
[0.13701369]
[0.1370062]
[0.136955]
[0.13693957]
[0.13692948]
[0.13688378]
[0.13686948]
[0.13685317]
[0.13683388]
[0.13682261]
[0.13678427]
[0.13678075]
[0.1367693]
[0.13675258]
[0.13669044]
[0.1366894]
[0.13668914]
[0.1366775]
[0.13667406]
[0.1366451]
[0.13664256]
[0.13663702]
[0.13661869]
[0.13660184]
[0.1365902]
[0.13655601]
[0.13652104]
[0.13652065]
[0.13645813]
[0.13645528]
[0.13645045]
[0.13639475]
[0.13634919]
[0.1363151]
[0.13625112]
[0.13623628]
[0.13622259]
[0.1362004]
[0.13618524]
[0.13617913]
[0.1361023]
[0.13608935]
[0.13603073]
[0.13602355]
[0.13601103]
[0.13600878]
[0.13600545]
[0.135963]
[0.13595717]
[0.13589421]
[0.13588607]
[0.135854]
[0.13584903]
[0.13583219]
[0.13582267]
[0.13581552]
[0.13580644]
[0.13578364]
[0.13575827]
[0.13575709]
[0.13573863]
[0.1357186]
[0.13571496]
[0.13570143]
[0.13565731]
[0.13565156]
[0.1356501]
[0.13563187]
[0.13562952]
[0.13562712]
[0.13561851]
[0.13559459]
[0.13556324]
[0.13556324]
[0.1355381]
[0.13552473]
[0.13547872]
[0.13547587]
[0.1354735]
[0.135449]
[0.13544248]
[0.13544013]
[0.13543151]
[0.13535911]
[0.13534494]
[0.13532373]
[0.13529848]
[0.13529578]
[0.13525227]
[0.13524632]
[0.13523316]
[0.13522865]
[0.13522759]
[0.13519084]
[0.13518566]
[0.13517217]
[0.13515289]
[0.13513343]
[0.13510029]
[0.13508934]
[0.13507786]
[0.13506334]
[0.13504945]
[0.13501011]
[0.13485153]
[0.13484544]
[0.13481994]
[0.13479024]
[0.13475537]
[0.13471274]
[0.13471152]
[0.13470048]
[0.13469161]
[0.13466577]
[0.13466413]
[0.13466041]
[0.13465825]
[0.1346526]
[0.1346324]
[0.13462344]
[0.13459478]
[0.13458823]
[0.13456984]
[0.13452145]
[0.13449244]
[0.13448262]
[0.13448185]
[0.13447402]
[0.13445626]
[0.13441522]
[0.13440575]
[0.13435715]
[0.1342779]
[0.13426454]
[0.13425456]
[0.1342411]
[0.13421422]
[0.13416049]
[0.1341263]
[0.1341205]
[0.13406815]
[0.13404293]
[0.13404255]
[0.13402069]
[0.13394897]
[0.13392892]
[0.13391446]
[0.13391228]
[0.13388327]
[0.13387275]
[0.13385746]
[0.13380052]
[0.13376325]
[0.13374084]
[0.1337299]
[0.13369064]
[0.13364746]
[0.13363272]
[0.13363156]
[0.13362433]
[0.13352022]
[0.13345477]
[0.13343468]
[0.13330218]
[0.13326746]
[0.1332606]
[0.13325468]
[0.13324256]
[0.1332144]
[0.13318731]
[0.13317771]
[0.13313219]
[0.13306834]
[0.13306327]
[0.13305199]
[0.13304974]
[0.13303845]
[0.13300847]
[0.13298532]
[0.1329131]
[0.13291246]
[0.13290615]
[0.13284695]
[0.13283285]
[0.13280664]
[0.13280118]
[0.13278352]
[0.13276918]
[0.13276407]
[0.13274795]
[0.13274236]
[0.1327003]
[0.13267511]
[0.13266814]
[0.13265201]
[0.13264635]
[0.132627]
[0.13262475]
[0.13261603]
[0.13255416]
[0.13254115]
[0.13249727]
[0.13247995]
[0.13246213]
[0.13241488]
[0.13238867]
[0.13237791]
[0.13232441]
[0.13232441]
[0.13232356]
[0.1323151]
[0.1323078]
[0.13228127]
[0.13226144]
[0.13221596]
[0.13221177]
[0.13220443]
[0.13218722]
[0.13218325]
[0.13209893]
[0.13209176]
[0.13203646]
[0.13198881]
[0.13193813]
[0.13181701]
[0.13179433]
[0.131756]
[0.13174155]
[0.13171093]
[0.13169377]
[0.13168526]
[0.13167399]
[0.13165636]
[0.13165222]
[0.13164786]
[0.13161924]
[0.13159837]
[0.13156098]
[0.1314764]
[0.1314721]
[0.1314501]
[0.1313614]
[0.13131793]
[0.13126735]
[0.1312039]
[0.13116537]
[0.1311653]
[0.13115531]
[0.13115151]
[0.13110338]
[0.13105685]
[0.13100886]
[0.1309493]
[0.13091971]
[0.1309131]
[0.13084412]
[0.1308413]
[0.13083956]
[0.13082074]
[0.13079993]
[0.13077204]
[0.13076459]
[0.13076271]
[0.13075125]
[0.13070688]
[0.13068856]
[0.13065186]
[0.13062128]
[0.13059396]
[0.13051601]
[0.13051006]
[0.1304969]
[0.130496]
[0.13049407]
[0.13048963]
[0.13045542]
[0.13041587]
[0.13041128]
[0.13040978]
[0.13038836]
[0.1303717]
[0.130357]
[0.13029455]
[0.13028297]
[0.13026454]
[0.1302606]
[0.13011761]
[0.13010003]
[0.13009816]
[0.13008745]
[0.13006349]
[0.13003792]
[0.1300212]
[0.12995851]
[0.12995331]
[0.12992473]
[0.12982585]
[0.12982585]
[0.12978882]
[0.1297223]
[0.12965636]
[0.12962897]
[0.12959382]
[0.12956828]
[0.1295404]
[0.12953469]
[0.12946619]
[0.12939185]
[0.12934524]
[0.12933365]
[0.1293279]
[0.12932102]
[0.12930454]
[0.12930064]
[0.12929782]
[0.12926634]
[0.12922758]
[0.12922704]
[0.12920746]
[0.12920442]
[0.12920356]
[0.1291839]
[0.12911019]
[0.1290769]
[0.12904273]
[0.1290333]
[0.12900496]
[0.12897983]
[0.12894678]
[0.12894164]
[0.12893362]
[0.12893307]
[0.12892883]
[0.12891883]
[0.12884714]
[0.12883271]
[0.12878793]
[0.12878619]
[0.12877265]
[0.12875073]
[0.12872832]
[0.1287057]
[0.12870304]
[0.1286994]
[0.1286994]
[0.12869334]
[0.12869288]
[0.1286812]
[0.12867676]
[0.12863694]
[0.128631]
[0.12858933]
[0.12852015]
[0.128514]
[0.12850584]
[0.12850146]
[0.12844686]
[0.12842612]
[0.12840496]
[0.12838258]
[0.12832843]
[0.12832843]
[0.1282933]
[0.12827672]
[0.12827012]
[0.12824823]
[0.12819263]
[0.12818795]
[0.12817511]
[0.1281743]
[0.12813573]
[0.12812313]
[0.12811525]
[0.12810202]
[0.12807877]
[0.12805285]
[0.1280429]
[0.12803684]
[0.12800948]
[0.12798494]
[0.12789448]
[0.12788607]
[0.12781279]
[0.12777095]
[0.12772584]
[0.12767161]
[0.12765063]
[0.12764196]
[0.12763901]
[0.12762557]
[0.12762356]
[0.12758523]
[0.12757891]
[0.12754527]
[0.12752788]
[0.12747201]
[0.12745944]
[0.12744194]
[0.12743272]
[0.12740576]
[0.12739576]
[0.12737915]
[0.12734163]
[0.12733641]
[0.12733206]
[0.12731159]
[0.12729472]
[0.12727845]
[0.1272443]
[0.1272372]
[0.12720902]
[0.12716454]
[0.12711969]
[0.1271017]
[0.12708454]
[0.12704638]
[0.12704286]
[0.12695125]
[0.12694347]
[0.126909]
[0.12689409]
[0.12687312]
[0.12685429]
[0.12684475]
[0.1267678]
[0.12673126]
[0.12671284]
[0.12667918]
[0.1266767]
[0.12666541]
[0.126573]
[0.12652628]
[0.12643918]
[0.1264101]
[0.12634468]
[0.12633242]
[0.12633228]
[0.12627043]
[0.12620814]
[0.12617]
[0.12614949]
[0.12610655]
[0.12608652]
[0.12607366]
[0.12605861]
[0.12605067]
[0.12605055]
[0.12601435]
[0.12601015]
[0.1260002]
[0.12599644]
[0.12597105]
[0.12595642]
[0.12591319]
[0.12591232]
[0.1258987]
[0.12589304]
[0.1258417]
[0.12584127]
[0.12577648]
[0.12576528]
[0.12573145]
[0.1257261]
[0.12572424]
[0.12570734]
[0.12569687]
[0.12569386]
[0.12569346]
[0.12569194]
[0.12568672]
[0.12567352]
[0.12566885]
[0.12562773]
[0.12561195]
[0.12551232]
[0.12550065]
[0.12549525]
[0.12548722]
[0.12540548]
[0.12540433]
[0.1253876]
[0.12537038]
[0.12535796]
[0.12534685]
[0.1253264]
[0.12524094]
[0.12517649]
[0.12508123]
[0.12505896]
[0.12496834]
[0.12495573]
[0.12489541]
[0.12489259]
[0.12487668]
[0.1248495]
[0.12483883]
[0.12481804]
[0.1247966]
[0.12476869]
[0.12474157]
[0.12468154]
[0.12463022]
[0.12461082]
[0.12452996]
[0.12448169]
[0.12445923]
[0.12444969]
[0.12443898]
[0.12442067]
[0.12436915]
[0.12432715]
[0.12426318]
[0.12424858]
[0.12420779]
[0.1241786]
[0.12410831]
[0.1240943]
[0.12403467]
[0.12395643]
[0.12392878]
[0.12387087]
[0.12387023]
[0.12386586]
[0.12385588]
[0.12383755]
[0.12383125]
[0.12382311]
[0.12376679]
[0.12370954]
[0.12370645]
[0.12368031]
[0.12362781]
[0.12357287]
[0.12356465]
[0.12354393]
[0.12352677]
[0.12352374]
[0.12343653]
[0.12342378]
[0.12341372]
[0.12340514]
[0.12339982]
[0.12333158]
[0.12333152]
[0.12319856]
[0.12319825]
[0.1231731]
[0.12315816]
[0.12312901]
[0.12312002]
[0.12311]
[0.12308977]
[0.12307068]
[0.12305875]
[0.12305523]
[0.12302514]
[0.12301367]
[0.12294987]
[0.12292626]
[0.12292234]
[0.12292044]
[0.12288031]
[0.12286277]
[0.12282699]
[0.12276869]
[0.12270936]
[0.12269636]
[0.12268975]
[0.12268841]
[0.12260488]
[0.12259687]
[0.12255269]
[0.12252617]
[0.12250027]
[0.12242085]
[0.12238377]
[0.1223703]
[0.1223693]
[0.12235397]
[0.12235073]
[0.1223497]
[0.12230291]
[0.12227205]
[0.12220339]
[0.12220024]
[0.1221915]
[0.12216646]
[0.12211018]
[0.12208452]
[0.12193675]
[0.12191203]
[0.121837]
[0.12173589]
[0.12171922]
[0.12171017]
[0.12168664]
[0.12166049]
[0.12164288]
[0.12163131]
[0.12162852]
[0.12158258]
[0.12155971]
[0.12153804]
[0.1215319]
[0.12152524]
[0.12150712]
[0.12149647]
[0.12143051]
[0.12134969]
[0.12132155]
[0.12131396]
[0.121304]
[0.12128636]
[0.12128253]
[0.12121932]
[0.12118636]
[0.12112349]
[0.12111715]
[0.12109359]
[0.12103198]
[0.12101925]
[0.12097216]
[0.12096127]
[0.1209603]
[0.12095251]
[0.12095061]
[0.1209503]
[0.12091689]
[0.12090824]
[0.12089415]
[0.12087122]
[0.1208471]
[0.12073965]
[0.12068453]
[0.12067727]
[0.12063638]
[0.12061312]
[0.12057049]
[0.12056485]
[0.12052869]
[0.12052795]
[0.12049786]
[0.1204931]
[0.12047527]
[0.12046829]
[0.12043409]
[0.12035043]
[0.12033623]
[0.12031248]
[0.12028521]
[0.12027997]
[0.12027632]
[0.12023083]
[0.12022837]
[0.12020946]
[0.12019906]
[0.12012601]
[0.12010732]
[0.12006207]
[0.12004624]
[0.12002876]
[0.12001996]
[0.11997091]
[0.11996964]
[0.11996297]
[0.11992224]
[0.11986911]
[0.11981877]
[0.11979364]
[0.11978261]
[0.1197767]
[0.11973483]
[0.11970371]
[0.11970039]
[0.11968371]
[0.11959431]
[0.11958944]
[0.11953814]
[0.11952363]
[0.11951981]
[0.11950073]
[0.11945949]
[0.11945816]
[0.11941268]
[0.11939333]
[0.11938852]
[0.11931797]
[0.11930783]
[0.11929548]
[0.11928101]
[0.11927208]
[0.11925034]
[0.1192015]
[0.11917581]
[0.11916946]
[0.11913155]
[0.11911443]
[0.11911129]
[0.11907263]
[0.11906406]
[0.11903891]
[0.11900833]
[0.1189219]
[0.11892117]
[0.11891416]
[0.11888636]
[0.11887898]
[0.11886051]
[0.1188429]
[0.11880914]
[0.11880817]
[0.11870934]
[0.11860956]
[0.11856355]
[0.11856148]
[0.11854795]
[0.11853819]
[0.11853696]
[0.11851078]
[0.11849964]
[0.11849385]
[0.1184819]
[0.11846737]
[0.1184587]
[0.11842808]
[0.11841573]
[0.11830481]
[0.1182813]
[0.11826385]
[0.1182487]
[0.11824823]
[0.11818866]
[0.11817246]
[0.11809298]
[0.11808535]
[0.11805402]
[0.11802496]
[0.11800582]
[0.11799604]
[0.1179955]
[0.11798927]
[0.11797004]
[0.11789335]
[0.11787838]
[0.11787517]
[0.11786783]
[0.11783583]
[0.11779402]
[0.11771629]
[0.11770082]
[0.11764435]
[0.11760407]
[0.11755472]
[0.11755432]
[0.11752071]
[0.11748859]
[0.11742083]
[0.1174095]
[0.1173842]
[0.11733086]
[0.1173194]
[0.11728841]
[0.11726918]
[0.11724984]
[0.1172482]
[0.11724794]
[0.11724184]
[0.11719888]
[0.1171957]
[0.11710586]
[0.11709215]
[0.11703633]
[0.117031]
[0.11694501]
[0.11688472]
[0.11681706]
[0.11675233]
[0.11671433]
[0.11667847]
[0.11662826]
[0.11660956]
[0.11659828]
[0.11657692]
[0.11655564]
[0.11654253]
[0.11650601]
[0.11644124]
[0.11643042]
[0.11639302]
[0.11638753]
[0.11637464]
[0.11636379]
[0.11628969]
[0.11628703]
[0.1161569]
[0.11613951]
[0.11613189]
[0.11606813]
[0.11606681]
[0.11605703]
[0.11601302]
[0.11601054]
[0.11599359]
[0.11598677]
[0.11598621]
[0.11598475]
[0.11597863]
[0.11594252]
[0.1159277]
[0.11588026]
[0.11585246]
[0.11583777]
[0.11583777]
[0.11581374]
[0.11579425]
[0.11577114]
[0.11573114]
[0.11572219]
[0.11569133]
[0.11561632]
[0.11559087]
[0.11557744]
[0.11553225]
[0.11550467]
[0.11547115]
[0.11543714]
[0.11541452]
[0.11538452]
[0.11536157]
[0.11517148]
[0.11512518]
[0.11511455]
[0.11506686]
[0.11505521]
[0.11503068]
[0.11500172]
[0.11499929]
[0.11497371]
[0.11495356]
[0.11493893]
[0.11486956]
[0.11485913]
[0.11482262]
[0.11481432]
[0.1147439]
[0.1147385]
[0.1147324]
[0.11465962]
[0.11464162]
[0.11459532]
[0.1145539]
[0.11454819]
[0.11453968]
[0.11448263]
[0.11443254]
[0.11438232]
[0.11429077]
[0.11421145]
[0.11412238]
[0.11410757]
[0.11409789]
[0.11408202]
[0.11404969]
[0.11404587]
[0.11394417]
[0.11383572]
[0.11381429]
[0.11380284]
[0.11377761]
[0.11373185]
[0.11370178]
[0.1136685]
[0.11366004]
[0.11363551]
[0.11360909]
[0.11359459]
[0.1135908]
[0.11355115]
[0.11354503]
[0.11349361]
[0.11348225]
[0.11333884]
[0.11332763]
[0.11332291]
[0.1132813]
[0.11326818]
[0.11325816]
[0.11323465]
[0.1132226]
[0.11316521]
[0.11313352]
[0.11312891]
[0.11311851]
[0.11304468]
[0.11303978]
[0.11298073]
[0.11294781]
[0.11294129]
[0.11289594]
[0.11285142]
[0.11284186]
[0.11283576]
[0.11273694]
[0.11270968]
[0.11267053]
[0.1126452]
[0.11258759]
[0.11257302]
[0.11257219]
[0.11255229]
[0.11251873]
[0.11251068]
[0.11248863]
[0.11245188]
[0.11241391]
[0.11238308]
[0.11237386]
[0.11237015]
[0.1123643]
[0.11236323]
[0.11234254]
[0.11224876]
[0.1121877]
[0.11218703]
[0.11216504]
[0.1121151]
[0.1120832]
[0.1120321]
[0.11202661]
[0.11195675]
[0.11190835]
[0.11190072]
[0.11189196]
[0.11183818]
[0.11180892]
[0.1117617]
[0.11166888]
[0.11159366]
[0.11158662]
[0.11154786]
[0.11153013]
[0.1114455]
[0.11140133]
[0.11139578]
[0.11139341]
[0.11137684]
[0.11136376]
[0.1113587]
[0.11135413]
[0.1113408]
[0.11125791]
[0.1112388]
[0.11119258]
[0.11117657]
[0.11116558]
[0.11111749]
[0.11111631]
[0.11105815]
[0.11098362]
[0.1109561]
[0.11084127]
[0.11082277]
[0.11079475]
[0.11079468]
[0.11077678]
[0.11074808]
[0.11068273]
[0.11066255]
[0.11062454]
[0.11055869]
[0.11045459]
[0.11042573]
[0.11040226]
[0.11035034]
[0.11033193]
[0.11028749]
[0.11027523]
[0.11025146]
[0.1102402]
[0.11021733]
[0.11021714]
[0.11019892]
[0.11015227]
[0.11015137]
[0.11011276]
[0.1100354]
[0.11002434]
[0.11000606]
[0.10996686]
[0.10994694]
[0.10994172]
[0.10986392]
[0.10977823]
[0.10976978]
[0.10976508]
[0.1097493]
[0.10972277]
[0.10972171]
[0.10965644]
[0.10958802]
[0.10954904]
[0.10949947]
[0.10948617]
[0.10941789]
[0.10940269]
[0.10937101]
[0.10937088]
[0.10932467]
[0.10920099]
[0.10919693]
[0.10915642]
[0.10913496]
[0.10912566]
[0.10901258]
[0.10899255]
[0.10893948]
[0.10881294]
[0.1087858]
[0.10872582]
[0.10869543]
[0.10867172]
[0.10866787]
[0.10859375]
[0.10859285]
[0.10855987]
[0.10845508]
[0.10844488]
[0.10840402]
[0.10839812]
[0.10838897]
[0.10834318]
[0.10817486]
[0.10814712]
[0.10813985]
[0.10811699]
[0.10804419]
[0.10795767]
[0.10795642]
[0.10790934]
[0.10790034]
[0.1078751]
[0.10787418]
[0.10781968]
[0.10781354]
[0.10781159]
[0.10779463]
[0.10776027]
[0.10773312]
[0.10769801]
[0.10768224]
[0.10766391]
[0.10764791]
[0.10763971]
[0.10763092]
[0.10762686]
[0.10757461]
[0.10752326]
[0.10750483]
[0.10744589]
[0.10743123]
[0.10736714]
[0.10729044]
[0.10723514]
[0.10723346]
[0.10721638]
[0.10715775]
[0.10703744]
[0.10700742]
[0.10694483]
[0.1069136]
[0.10690597]
[0.10690317]
[0.10680977]
[0.10679601]
[0.10679228]
[0.10678191]
[0.10677917]
[0.1067688]
[0.10671391]
[0.10664]
[0.10658491]
[0.1065769]
[0.10656611]
[0.10656216]
[0.10651308]
[0.10650169]
[0.1064925]
[0.10647984]
[0.10631794]
[0.10629991]
[0.10625268]
[0.10621136]
[0.10613579]
[0.1061023]
[0.10602652]
[0.10596195]
[0.10586855]
[0.10583761]
[0.10583429]
[0.10581997]
[0.10577174]
[0.10571712]
[0.10542749]
[0.10528528]
[0.10517447]
[0.10515269]
[0.10510372]
[0.10508334]
[0.10507228]
[0.10505045]
[0.10503566]
[0.10500612]
[0.10497588]
[0.10493286]
[0.10492728]
[0.10484979]
[0.10480368]
[0.10471518]
[0.10457924]
[0.10446401]
[0.10446126]
[0.10434001]
[0.10428575]
[0.10427063]
[0.10413321]
[0.10412026]
[0.10407975]
[0.10401233]
[0.10396758]
[0.10392535]
[0.10386257]
[0.10375617]
[0.10375193]
[0.10374647]
[0.10367175]
[0.10358665]
[0.10355102]
[0.10345934]
[0.10336106]
[0.10327435]
[0.10325796]
[0.10318037]
[0.1031362]
[0.10308629]
[0.10304939]
[0.10303035]
[0.10300242]
[0.10299196]
[0.10295521]
[0.10295201]
[0.10292493]
[0.10282484]
[0.10279915]
[0.10279523]
[0.1027384]
[0.1027008]
[0.10264563]
[0.10259715]
[0.10252778]
[0.10238227]
[0.10236669]
[0.102364]
[0.10232777]
[0.10228393]
[0.10226462]
[0.10223256]
[0.10221469]
[0.10220558]
[0.10218603]
[0.10209312]
[0.10203809]
[0.10191158]
[0.10190868]
[0.10186424]
[0.10179537]
[0.10177401]
[0.10172925]
[0.10171501]
[0.10171051]
[0.10166556]
[0.10158077]
[0.10154974]
[0.10152892]
[0.10141093]
[0.10129467]
[0.1012264]
[0.1011818]
[0.1011759]
[0.10115284]
[0.10111298]
[0.10110228]
[0.10099504]
[0.10097569]
[0.10092147]
[0.10078573]
[0.10075791]
[0.10075644]
[0.10071161]
[0.1006233]
[0.10060817]
[0.10058639]
[0.10053048]
[0.10040417]
[0.10035764]
[0.10034259]
[0.10029007]
[0.10020585]
[0.10020272]
[0.10018989]
[0.10017826]
[0.10009584]
[0.10009325]
[0.1000899]
[0.10007851]
[0.09999401]
[0.09996226]
[0.09992512]
[0.09989865]
[0.09989248]
[0.09985595]
[0.09983706]
[0.09982017]
[0.09980834]
[0.09977122]
[0.09973411]
[0.09966262]
[0.09959666]
[0.09956625]
[0.09954796]
[0.09941314]
[0.09932289]
[0.09931193]
[0.09930225]
[0.09910044]
[0.09908831]
[0.09902386]
[0.09899872]
[0.09899325]
[0.09885295]
[0.09884577]
[0.09879977]
[0.09876683]
[0.09864601]
[0.09861565]
[0.09857875]
[0.09857763]
[0.09855185]
[0.09848721]
[0.09847936]
[0.09835327]
[0.09829894]
[0.09817896]
[0.09809972]
[0.09808685]
[0.09801359]
[0.09795051]
[0.09787873]
[0.09782365]
[0.09769062]
[0.09763433]
[0.09762978]
[0.09745279]
[0.09738072]
[0.09733517]
[0.09725758]
[0.09719305]
[0.09709428]
[0.09702116]
[0.09699221]
[0.09693353]
[0.09693102]
[0.09684586]
[0.09679868]
[0.09676992]
[0.09674501]
[0.09670271]
[0.09668616]
[0.09665129]
[0.09664263]
[0.09659141]
[0.09657926]
[0.09652712]
[0.09651107]
[0.09646832]
[0.09642263]
[0.09637748]
[0.09628908]
[0.09616671]
[0.09613857]
[0.09606823]
[0.09595248]
[0.09592543]
[0.09581504]
[0.09577827]
[0.09565409]
[0.09564844]
[0.09555734]
[0.0955398]
[0.09553412]
[0.09550534]
[0.09547653]
[0.09546728]
[0.09543305]
[0.09542402]
[0.0953471]
[0.09529977]
[0.09521879]
[0.09517981]
[0.09512843]
[0.0951089]
[0.09509297]
[0.0949127]
[0.09483811]
[0.09479697]
[0.0946588]
[0.0946383]
[0.09455889]
[0.0945471]
[0.09449602]
[0.09445924]
[0.09432494]
[0.09426646]
[0.09414213]
[0.09411554]
[0.0940587]
[0.0939916]
[0.09395469]
[0.09390445]
[0.09375234]
[0.09374212]
[0.09374038]
[0.0937335]
[0.0936675]
[0.09354479]
[0.09351075]
[0.09349507]
[0.09347454]
[0.09319708]
[0.09304865]
[0.09301329]
[0.09292292]
[0.09282939]
[0.09279758]
[0.09269723]
[0.09269519]
[0.0926453]
[0.09259302]
[0.09254486]
[0.09233552]
[0.09233492]
[0.09232875]
[0.09225168]
[0.09224788]
[0.09218744]
[0.09218724]
[0.0920083]
[0.09195218]
[0.0918174]
[0.09180676]
[0.09176682]
[0.0915961]
[0.09145711]
[0.09133153]
[0.09128018]
[0.09123795]
[0.09117159]
[0.09115952]
[0.09074306]
[0.09065112]
[0.09058625]
[0.09031542]
[0.09023549]
[0.09004452]
[0.09002611]
[0.08990096]
[0.08982003]
[0.08979391]
[0.0897563]
[0.08963361]
[0.08960598]
[0.08948597]
[0.08922961]
[0.08914745]
[0.08908124]
[0.08904141]
[0.0889978]
[0.08883598]
[0.08881205]
[0.08879693]
[0.0886774]
[0.08864484]
[0.08853221]
[0.08847234]
[0.08844408]
[0.08842449]
[0.08830088]
[0.08829784]
[0.08824208]
[0.08813291]
[0.08810962]
[0.08803032]
[0.08791471]
[0.08779044]
[0.08760848]
[0.08754593]
[0.08747178]
[0.0873674]
[0.08723175]
[0.087114]
[0.08702603]
[0.08701225]
[0.08676443]
[0.08662692]
[0.08656018]
[0.08655424]
[0.08654742]
[0.08644305]
[0.08636079]
[0.08624023]
[0.08616987]
[0.08614305]
[0.08612509]
[0.08607249]
[0.08598357]
[0.08573875]
[0.08572055]
[0.08570836]
[0.08554772]
[0.08550967]
[0.08547457]
[0.0854685]
[0.08532398]
[0.08530667]
[0.08529855]
[0.08499756]
[0.08497902]
[0.08495475]
[0.0849516]
[0.08485676]
[0.08461124]
[0.08449027]
[0.08429066]
[0.08427202]
[0.08415886]
[0.0841229]
[0.0840508]
[0.08395716]
[0.08388643]
[0.08387735]
[0.08370765]
[0.08368651]
[0.08357395]
[0.08350303]
[0.08349887]
[0.08335331]
[0.08324528]
[0.08320951]
[0.0831631]
[0.08305374]
[0.08299604]
[0.08285709]
[0.08263568]
[0.08249257]
[0.0824843]
[0.08245908]
[0.08239299]
[0.08236607]
[0.08236252]
[0.08220395]
[0.08213928]
[0.08211028]
[0.08204418]
[0.08179539]
[0.08172061]
[0.08169938]
[0.08152001]
[0.08149999]
[0.08149027]
[0.08135651]
[0.08133624]
[0.08112673]
[0.08100341]
[0.080868]
[0.08086547]
[0.08078352]
[0.08068626]
[0.08066642]
[0.08054244]
[0.08038305]
[0.08022261]
[0.08005451]
[0.07992919]
[0.07970893]
[0.07961825]
[0.07951174]
[0.07929206]
[0.07928229]
[0.07904776]
[0.0788198]
[0.07881729]
[0.07880707]
[0.07853542]
[0.07842268]
[0.07820615]
[0.07820569]
[0.07749894]
