0.7961617
0.787113
0.75950235
0.6640672
0.59308296
0.5366974
0.52706677
0.52033657
0.5100596
0.49157718
0.49157718
0.49051288
0.48749435
0.48388237
0.47949797
0.47262704
0.46856254
0.46262684
0.4598658
0.45976958
0.44854224
0.43643034
0.43306917
0.4329455
0.42115074
0.42018312
0.4155911
0.4119478
0.4104199
0.40924558
0.4045077
0.40369114
0.40050858
0.39899337
0.39702418
0.39636916
0.3915406
0.38786733
0.38665774
0.3816942
0.37996644
0.37778354
0.37431243
0.37394327
0.37385014
0.37308398
0.36981806
0.36932075
0.36727932
0.36535776
0.36396566
0.3639029
0.3610175
0.3587421
0.35822544
0.3578608
0.35372984
0.352717
0.35244706
0.35231316
0.3515605
0.34899417
0.3477743
0.34697735
0.34689817
0.3457684
0.34545416
0.34326872
0.3427076
0.34229258
0.3422088
0.34207317
0.34200868
0.3414534
0.34141937
0.3412213
0.33926353
0.33886024
0.338344
0.3364288
0.33639726
0.3359989
0.33452025
0.33433118
0.33395535
0.33361468
0.33330485
0.33312213
0.33252266
0.33226782
0.3316493
0.33109927
0.33050388
0.33011082
0.32972044
0.32954377
0.3294111
0.3289891
0.3289891
0.3288501
0.32843724
0.32811552
0.32791904
0.32740015
0.32716578
0.32508177
0.32500285
0.32344013
0.32267702
0.32199526
0.32184395
0.32171983
0.32166332
0.32136074
0.3211146
0.3210564
0.32051113
0.3191289
0.3188221
0.31727657
0.3172763
0.31715417
0.31663898
0.3163861
0.31604618
0.31586874
0.31566733
0.3148503
0.3141562
0.31385761
0.31329602
0.31306005
0.31265038
0.31214428
0.3118378
0.31166914
0.3114319
0.31111342
0.31055245
0.31048855
0.31005108
0.30991262
0.3094664
0.3094664
0.3093983
0.309019
0.30786642
0.30751574
0.30643788
0.30622223
0.30591795
0.30591795
0.30574432
0.30535758
0.30529946
0.30514514
0.3050835
0.30474544
0.3044739
0.3040602
0.30354628
0.30311581
0.30310306
0.3025736
0.30244282
0.30239868
0.3023516
0.30223536
0.30153948
0.30078113
0.30002448
0.30002132
0.29986966
0.2995004
0.29916656
0.29762948
0.29756957
0.29733464
0.2969355
0.29674008
0.29666853
0.29647118
0.2964483
0.2963876
0.29631075
0.29628626
0.29596955
0.29573038
0.29563466
0.29563466
0.29563466
0.29556388
0.2954268
0.29508403
0.29495183
0.29491
0.29459953
0.2938788
0.29366624
0.29316956
0.29227814
0.2920062
0.29184482
0.29133084
0.29089245
0.2905809
0.29000822
0.289622
0.28944916
0.28923982
0.28866914
0.28866768
0.28866768
0.2885359
0.28835282
0.28798857
0.28758928
0.28671458
0.28658792
0.28646663
0.2858357
0.2856645
0.2855347
0.28526625
0.28504917
0.28498214
0.28486553
0.28471056
0.2846826
0.28425553
0.28364116
0.28354332
0.28327635
0.28323147
0.28308076
0.28286803
0.28170508
0.28153312
0.28057328
0.28045434
0.28013638
0.2795919
0.27958965
0.27892393
0.27890953
0.2788933
0.27886617
0.2787534
0.27859372
0.2784166
0.2778115
0.27752814
0.277483
0.27689904
0.27673328
0.2767208
0.27620277
0.27616954
0.2759517
0.275938
0.27578846
0.2757315
0.27555466
0.27539515
0.2752751
0.27502888
0.27488434
0.27488434
0.27488434
0.2748471
0.27473256
0.27469465
0.274693
0.27432948
0.2743273
0.2743182
0.27417263
0.27417263
0.2737765
0.27363023
0.27334738
0.27320036
0.27309176
0.2730893
0.2726207
0.27224427
0.27221888
0.27206737
0.2720332
0.27198002
0.2717922
0.27164388
0.27158505
0.271549
0.27148858
0.2714023
0.27104235
0.27104235
0.27094397
0.27093342
0.2706581
0.27055186
0.27039164
0.2701034
0.27006796
0.2697327
0.26965812
0.2696192
0.26921403
0.26909772
0.2689622
0.26840293
0.26789162
0.26770285
0.26753482
0.26748824
0.26734367
0.26683185
0.26665905
0.26649758
0.2662289
0.2662289
0.26571828
0.26559883
0.26545295
0.26479605
0.264655
0.26437905
0.26420507
0.26373443
0.26372394
0.2633349
0.26328272
0.26281324
0.26263896
0.26245213
0.26245183
0.26224697
0.26168242
0.26119053
0.2610691
0.26090118
0.2607877
0.26031014
0.2603027
0.25978643
0.25976384
0.25961006
0.2591847
0.25904897
0.258811
0.25873452
0.2586254
0.25837007
0.25822067
0.25802267
0.2578368
0.25752613
0.25750744
0.25713724
0.25662985
0.25661567
0.25599205
0.2559859
0.25597402
0.25597227
0.2557214
0.25562212
0.25551343
0.255501
0.2554771
0.25490996
0.25433138
0.25433138
0.25427404
0.25389346
0.25375953
0.2537122
0.25347522
0.25334516
0.2532879
0.25328556
0.25292185
0.25269052
0.2525391
0.252348
0.25232774
0.25232774
0.25220317
0.25213397
0.25187582
0.25185996
0.2516164
0.25158983
0.25120375
0.25110346
0.2510872
0.25090736
0.2508316
0.2507925
0.25068837
0.25051054
0.25039878
0.25031808
0.25028017
0.25013885
0.25007033
0.24983512
0.24974054
0.24953161
0.24942252
0.24941345
0.24897595
0.24881475
0.24877372
0.24870388
0.2485747
0.24853492
0.24841444
0.24828625
0.24802616
0.24799502
0.24781713
0.24757151
0.24751465
0.24749689
0.24744774
0.24733256
0.24714772
0.24703857
0.2469131
0.24685045
0.24682418
0.24658722
0.24657051
0.24657051
0.24649389
0.24643691
0.24643691
0.24643691
0.24636987
0.24623533
0.24618985
0.246162
0.24613905
0.24602349
0.24598566
0.2459466
0.24589945
0.24588653
0.24578604
0.24578473
0.24578473
0.2457722
0.24573775
0.24569014
0.24513018
0.24487747
0.24480478
0.24452183
0.24452183
0.24434516
0.24427
0.24377322
0.24372594
0.24343097
0.24325605
0.24306864
0.24297601
0.24290901
0.24287316
0.24258313
0.24246334
0.24245597
0.24236888
0.24232751
0.24226834
0.24214828
0.24208929
0.24200763
0.24198027
0.24197474
0.24197474
0.24193683
0.24191701
0.24176742
0.24176694
0.24176694
0.24156483
0.24131104
0.2409461
0.24087471
0.24073371
0.24063717
0.2406292
0.24054633
0.24052571
0.24039404
0.24031392
0.2403005
0.24014206
0.24013893
0.24008307
0.23998688
0.2398981
0.23989661
0.23980683
0.23980683
0.23964241
0.23957779
0.23948057
0.23945591
0.23927177
0.2392641
0.23924017
0.23918475
0.23907045
0.23906039
0.23880781
0.23870635
0.23864634
0.23862396
0.23860219
0.23860219
0.23842977
0.2383976
0.23836882
0.23827583
0.23827228
0.23825681
0.23825681
0.23822106
0.23814529
0.23810722
0.23807985
0.23804282
0.23799483
0.23791811
0.23783857
0.23774226
0.2377263
0.23755105
0.2375499
0.23747528
0.23743126
0.23716359
0.23714554
0.2371169
0.23695745
0.23667432
0.23657191
0.23651788
0.23623998
0.23612583
0.23610844
0.23588306
0.2358561
0.23581529
0.23571636
0.2356895
0.2356895
0.23557031
0.23555031
0.23537154
0.23536608
0.23528963
0.23507904
0.23503122
0.23500256
0.23491074
0.23485902
0.2348084
0.23475176
0.23457488
0.23454928
0.23439953
0.23436219
0.23435181
0.23415203
0.23400062
0.2339944
0.23388997
0.2338197
0.23373523
0.23367658
0.23361187
0.23352347
0.2334942
0.2334942
0.23337623
0.23307529
0.23302016
0.2330178
0.23293583
0.23281951
0.23281282
0.23260051
0.23241591
0.23237444
0.23226011
0.2321563
0.23176298
0.23157553
0.23149724
0.2314887
0.23130171
0.23124889
0.23105465
0.23102936
0.23101982
0.23094994
0.23068915
0.23061363
0.2305045
0.23026416
0.23019013
0.23005526
0.23000005
0.22986467
0.22983374
0.22977817
0.22977479
0.22972344
0.22956313
0.22956313
0.22952017
0.22951259
0.22950658
0.22950658
0.22942413
0.22937123
0.22931021
0.22919899
0.22919762
0.22918366
0.22901465
0.22866379
0.22855663
0.22854166
0.22846563
0.22832939
0.22820818
0.22786337
0.22766677
0.22763173
0.22761782
0.22757255
0.22755553
0.22752707
0.22730733
0.22730482
0.22720855
0.22702755
0.22686766
0.22684598
0.2267896
0.22647811
0.22633004
0.22625473
0.22618039
0.22617684
0.22607988
0.22602274
0.22601497
0.22593655
0.22574908
0.22574022
0.22566852
0.22546428
0.22544383
0.22524644
0.22510867
0.22505254
0.2248181
0.22460094
0.22457199
0.2245459
0.2244579
0.22443034
0.22442548
0.22442548
0.22436503
0.22432749
0.22432442
0.22432442
0.22424577
0.22418907
0.22418907
0.22395344
0.22388355
0.22387254
0.2238398
0.22375342
0.22375213
0.22338612
0.22338445
0.22334714
0.22334467
0.22333972
0.22306606
0.22299746
0.22297679
0.22291818
0.22277081
0.22259301
0.22245662
0.22241364
0.22239815
0.2223346
0.22233398
0.22226313
0.22214504
0.22213142
0.22201765
0.22198218
0.22195493
0.22190157
0.22171147
0.22171147
0.2216395
0.22153376
0.22149171
0.22141221
0.22141221
0.22128253
0.2211686
0.22111335
0.22108485
0.22094977
0.22085115
0.22080332
0.22060831
0.22057554
0.22043236
0.2204141
0.22035861
0.22031993
0.22029524
0.22017339
0.22013451
0.22006674
0.22002912
0.22002588
0.22001576
0.22000597
0.21998978
0.21996288
0.21991006
0.21982424
0.21977459
0.21973845
0.21973845
0.2196734
0.21966447
0.21962231
0.21961588
0.21948765
0.21945363
0.21920937
0.21917906
0.21914524
0.21904673
0.21904156
0.21902789
0.21893014
0.2189195
0.21887487
0.21872218
0.21856606
0.21838322
0.21838322
0.218361
0.21813858
0.21802555
0.21794176
0.21790974
0.217891
0.21777351
0.21760716
0.21751018
0.21738335
0.2172087
0.21702212
0.21700609
0.21699198
0.21684605
0.21681288
0.21677679
0.21668325
0.21665819
0.21662721
0.21649082
0.21642007
0.21639334
0.21636751
0.21636322
0.21626844
0.216148
0.21590827
0.21589096
0.2158904
0.21587183
0.21585219
0.21579474
0.21577626
0.21577626
0.21570791
0.21567692
0.21552232
0.21550265
0.21549247
0.21547695
0.21545321
0.21544845
0.21544845
0.21541247
0.21540393
0.21537328
0.21525218
0.21524101
0.21522057
0.21516913
0.21509273
0.21508296
0.2150279
0.2150061
0.21492961
0.21489102
0.21477117
0.21470031
0.21465659
0.21460609
0.21457617
0.21451043
0.21449412
0.21447352
0.21447171
0.21430165
0.21427606
0.21412799
0.21412799
0.21402037
0.21391526
0.21386704
0.21369153
0.21367393
0.21363075
0.21348377
0.21347255
0.21343607
0.21332844
0.21324202
0.2131706
0.21308012
0.21303263
0.21301956
0.2129841
0.21284719
0.21276966
0.21253313
0.21250734
0.21238358
0.21231547
0.21228972
0.21220079
0.21209718
0.2120926
0.21201573
0.2120115
0.21198496
0.21197653
0.21188143
0.21186554
0.21179734
0.21165967
0.21160385
0.21147017
0.21142767
0.21138327
0.21138312
0.21137659
0.21134722
0.21131028
0.21130271
0.21129665
0.21125668
0.21123935
0.21122867
0.21122104
0.21114652
0.21114248
0.21109268
0.21105275
0.21100864
0.21090199
0.2108662
0.21081693
0.21074155
0.2106845
0.21049291
0.2104541
0.21024692
0.21023698
0.21020888
0.21016075
0.21005194
0.20998684
0.2099158
0.20990907
0.20987387
0.20986009
0.2098144
0.20965889
0.20959836
0.20956884
0.20955823
0.20944907
0.20944858
0.20942159
0.20940682
0.20939687
0.20936179
0.2092837
0.20924461
0.20914294
0.20911703
0.20903829
0.20882049
0.2087789
0.20875168
0.20872377
0.20869775
0.20865913
0.20861673
0.20857036
0.20855014
0.20846723
0.2084229
0.20839651
0.20829847
0.20827162
0.20816353
0.20815691
0.20810898
0.20803186
0.20801227
0.20795171
0.20792909
0.20791924
0.20788974
0.20784785
0.20784736
0.20784736
0.20783365
0.20781383
0.20779966
0.20778093
0.20776944
0.2076724
0.20762902
0.20758371
0.20752564
0.20752466
0.20748314
0.20747645
0.20730184
0.20726274
0.20721348
0.20692502
0.2069189
0.20687085
0.20683439
0.20681189
0.20680377
0.20672032
0.20665285
0.20663884
0.20649268
0.2064884
0.20640789
0.20640253
0.20639111
0.20637697
0.20636998
0.20635703
0.20633538
0.20619301
0.20609522
0.20608747
0.20594019
0.20582733
0.20581456
0.20580518
0.20577681
0.20576575
0.2057435
0.2056352
0.2056277
0.20562714
0.20557564
0.2055368
0.2054772
0.20547578
0.20547578
0.20544574
0.20543039
0.20534743
0.20518537
0.20517641
0.20514253
0.20510474
0.20510149
0.20509133
0.20499825
0.20496657
0.2049498
0.20491402
0.20485224
0.20482077
0.2048066
0.2047952
0.20479465
0.20479344
0.20474993
0.20453307
0.20452337
0.20450766
0.2045001
0.20443681
0.20427296
0.20425706
0.20424214
0.20423862
0.20423862
0.20414956
0.20410116
0.20409356
0.20407374
0.20403856
0.2039985
0.20395705
0.2039355
0.20388606
0.20387721
0.20386042
0.20378841
0.20378841
0.2037396
0.20371687
0.20370437
0.20347194
0.20346238
0.2034376
0.2033706
0.20334007
0.20330346
0.20330052
0.20323884
0.20308243
0.20305148
0.20301549
0.2029965
0.20298573
0.20294444
0.2029003
0.202861
0.20271003
0.20269541
0.20261398
0.20259972
0.2024765
0.20245105
0.20230938
0.20226848
0.20215274
0.20214157
0.20210642
0.2020023
0.20197019
0.20188105
0.20185414
0.20174699
0.20172301
0.2016692
0.20164847
0.20162702
0.20161705
0.2015903
0.20153804
0.20151615
0.20148718
0.20146541
0.2012603
0.20109788
0.20109089
0.20104907
0.20104907
0.20100914
0.20099938
0.20098102
0.20085897
0.20084757
0.20084701
0.20083646
0.20081562
0.20074612
0.2007218
0.20071328
0.20066771
0.20066343
0.20065732
0.20060255
0.20059648
0.2005547
0.20051926
0.20049764
0.20044628
0.20042247
0.20037779
0.20020166
0.20019692
0.20014651
0.2001448
0.20011333
0.20009732
0.20007329
0.20000981
0.199964
0.19993564
0.19989122
0.19983782
0.19982204
0.1997342
0.19970654
0.19967557
0.19962771
0.19954829
0.1995333
0.19944797
0.19937551
0.19933006
0.19918643
0.19918643
0.19918011
0.19915183
0.19912702
0.19903651
0.19887571
0.19884199
0.19875206
0.19871925
0.19867371
0.19861811
0.19860823
0.19859847
0.19858277
0.19854137
0.19852996
0.19852702
0.19845957
0.19838524
0.19838524
0.19828679
0.19823404
0.19821778
0.19818372
0.19802468
0.1979918
0.1979915
0.19795147
0.19778553
0.19770606
0.1976738
0.19766344
0.1975087
0.1975034
0.1974819
0.19747356
0.19737394
0.19728059
0.19723426
0.19722328
0.1972232
0.19714922
0.1971453
0.19710474
0.19709109
0.1970844
0.19707093
0.1970657
0.19703977
0.19702661
0.19701578
0.19700737
0.1969772
0.19695029
0.19678928
0.19677272
0.19663285
0.19662757
0.19660471
0.19657843
0.19657663
0.19653246
0.19648996
0.1964892
0.19648762
0.1964638
0.19644442
0.19643952
0.19636953
0.19631512
0.19627179
0.19626124
0.19623253
0.19622725
0.19621147
0.19621144
0.19617313
0.19615425
0.19610126
0.1960983
0.19596414
0.19592331
0.1959074
0.19585392
0.19578998
0.19578415
0.19571836
0.19566676
0.19561847
0.19560702
0.19553997
0.19547988
0.1954717
0.19545232
0.19524579
0.19524543
0.1952347
0.19523215
0.19520283
0.19519456
0.19518536
0.19516519
0.19509831
0.19506402
0.19504845
0.19503759
0.19500944
0.19496556
0.19483857
0.1948076
0.19475645
0.19470191
0.19470038
0.1946979
0.1946564
0.19463189
0.19462651
0.1946156
0.1946156
0.19454132
0.19453453
0.19450538
0.19450538
0.19450413
0.19448435
0.19438532
0.19438532
0.19435687
0.1943493
0.19433202
0.19427095
0.19426759
0.19424158
0.19416872
0.19413745
0.19408508
0.19407107
0.19403356
0.19392404
0.19390287
0.1938259
0.19381806
0.19373862
0.1937216
0.19370614
0.19361456
0.19349937
0.19349696
0.1932049
0.1931933
0.1931748
0.19304232
0.19303705
0.19300678
0.19298495
0.19291942
0.19291942
0.19291824
0.19288984
0.19288962
0.19284368
0.1928228
0.1928005
0.19278604
0.19277939
0.19268106
0.19266056
0.1926406
0.1925372
0.19250835
0.19243008
0.19242528
0.19229943
0.19229566
0.19227335
0.19216837
0.1920944
0.19206332
0.1920237
0.19200312
0.19190162
0.1918906
0.19182509
0.1918156
0.19176814
0.19176507
0.19176456
0.19171703
0.19169909
0.1916716
0.19153401
0.19151928
0.19149403
0.19144328
0.19144328
0.19139582
0.19130312
0.19130312
0.19129713
0.19127353
0.19125852
0.19122338
0.19122124
0.1912131
0.19120626
0.1911691
0.19113992
0.19098707
0.19096968
0.19090587
0.19090587
0.19090587
0.19086692
0.1907975
0.19078463
0.19078298
0.19068372
0.19063918
0.19058716
0.19057374
0.19049752
0.19046248
0.19041605
0.19038938
0.19032007
0.19031338
0.1902591
0.19019361
0.18997052
0.18995202
0.18990998
0.18986158
0.18984127
0.1897466
0.189744
0.18972875
0.18971504
0.18969403
0.1896434
0.1895686
0.18955739
0.18952762
0.18950908
0.18950725
0.18947245
0.18946561
0.18946415
0.18940006
0.18937223
0.18936996
0.18935269
0.18933044
0.18929963
0.18929839
0.18929736
0.1892555
0.18923101
0.18921454
0.18921454
0.18919325
0.18917899
0.1891733
0.18913452
0.18903202
0.18901995
0.18894479
0.18891425
0.1889054
0.18889561
0.18881172
0.1888003
0.18872103
0.18868832
0.18867448
0.18864614
0.18864132
0.18857251
0.1885638
0.18850896
0.18846677
0.18844187
0.18836778
0.18832646
0.18831618
0.18825467
0.18813859
0.1880784
0.1880525
0.18799414
0.18794027
0.18783927
0.18774135
0.18773139
0.18770686
0.18754844
0.18753165
0.18749365
0.18746366
0.18744873
0.18741283
0.18735829
0.18734011
0.18728352
0.1872627
0.18722975
0.18715176
0.18712136
0.18712102
0.18699571
0.18699571
0.18697882
0.18696015
0.18695956
0.18695852
0.18691938
0.18686758
0.18686141
0.18679148
0.18672046
0.18659247
0.18658799
0.18658242
0.18654913
0.18643041
0.18640178
0.18631992
0.18631992
0.18630615
0.18627693
0.18621412
0.18612517
0.18604568
0.18598957
0.18593547
0.18592103
0.18589722
0.18587355
0.18580996
0.18580265
0.18580265
0.1856642
0.18562253
0.18555573
0.18554488
0.18551807
0.18543369
0.18542637
0.18541409
0.18541409
0.18537715
0.18537398
0.18537398
0.18537398
0.18537398
0.18536347
0.18534209
0.1853295
0.18528074
0.18527468
0.18526937
0.18526128
0.18522117
0.18520845
0.18507566
0.18507504
0.18501982
0.18499602
0.18493119
0.18492259
0.1849194
0.18487595
0.18483366
0.18479459
0.18477225
0.18474172
0.18473148
0.18471229
0.18470033
0.18467765
0.18460417
0.18459418
0.18459225
0.18456143
0.18455346
0.18437672
0.18436591
0.1843042
0.18430254
0.18428361
0.18428318
0.18427849
0.18424132
0.18422838
0.18419538
0.18409829
0.18401854
0.18401626
0.1839776
0.18397616
0.18396068
0.1839312
0.18388394
0.18387854
0.18379833
0.18379381
0.18377914
0.18377587
0.18374223
0.18371005
0.1836754
0.1836114
0.18350744
0.18346176
0.18337579
0.18335102
0.18334436
0.1833379
0.1833199
0.18331839
0.18325181
0.18324998
0.18321656
0.18312366
0.18308635
0.18307523
0.18306632
0.18304792
0.18295902
0.18292968
0.18290578
0.18289268
0.1828349
0.1827092
0.18258883
0.18248563
0.18240811
0.18240504
0.1823731
0.18235455
0.18229619
0.18226194
0.1821913
0.18217823
0.18216668
0.18215951
0.18207559
0.18206133
0.18203335
0.18200006
0.18198614
0.1819745
0.18194035
0.1818569
0.18179342
0.18178312
0.18170673
0.18170673
0.1816886
0.18165927
0.18162355
0.18158124
0.18155707
0.1815288
0.1814188
0.18134828
0.18127659
0.18120258
0.18112056
0.18109465
0.18102966
0.18102132
0.18102075
0.18092114
0.18090495
0.18090251
0.18075566
0.18074287
0.18069527
0.18063363
0.18059416
0.1804628
0.18043202
0.1804052
0.1803892
0.18038219
0.18033661
0.18031701
0.18023032
0.18023032
0.18020818
0.18011913
0.18009807
0.18006589
0.18006235
0.18006235
0.1800474
0.18002747
0.18002556
0.18001325
0.18000817
0.17999783
0.17999424
0.17993146
0.17991535
0.17985457
0.17985415
0.17981485
0.17980352
0.17976548
0.17974158
0.1797052
0.17967269
0.17958514
0.17955223
0.17948125
0.17944501
0.17939974
0.17939974
0.17939672
0.1793545
0.17933518
0.17929804
0.17929742
0.17929104
0.1792833
0.17926002
0.1792202
0.1790861
0.17908567
0.17901881
0.17898378
0.17897435
0.17897435
0.17897081
0.1788762
0.17886594
0.1788628
0.17885837
0.17870364
0.17864566
0.17864013
0.1786057
0.1785745
0.17854664
0.178541
0.17843689
0.17840146
0.17837337
0.17829365
0.17828162
0.17827506
0.1782034
0.1782018
0.17816927
0.17816667
0.17814511
0.17810994
0.17810231
0.1780784
0.17807572
0.17803921
0.1780383
0.17798752
0.1779807
0.17797193
0.1779344
0.1778976
0.1778899
0.1778814
0.1778808
0.17784217
0.17782837
0.17778905
0.17774822
0.17772102
0.17770569
0.17768396
0.1776354
0.1776354
0.17763235
0.17762193
0.17760347
0.17752746
0.17747813
0.17740425
0.17736752
0.17735583
0.17733051
0.17732237
0.17731479
0.17724042
0.17716043
0.17709933
0.17708412
0.17708412
0.17707919
0.17707653
0.1769615
0.17695692
0.17691109
0.1768863
0.17682348
0.17681207
0.17681204
0.17681064
0.17681064
0.17680413
0.17680337
0.17679982
0.17673014
0.17670433
0.17670067
0.17668688
0.17663237
0.17663081
0.1765705
0.1765438
0.17646112
0.17642419
0.1763713
0.17631483
0.17631228
0.17628969
0.1762361
0.17620598
0.17620474
0.17617647
0.17616871
0.17614873
0.1761372
0.17611325
0.17606147
0.17605427
0.17604671
0.17600223
0.17597519
0.17596643
0.1759605
0.17595597
0.17589879
0.17589797
0.1758155
0.1758155
0.17581184
0.17579079
0.17573527
0.17568709
0.17568183
0.1756118
0.17549396
0.175481
0.17545228
0.17543323
0.17542072
0.17539528
0.175369
0.17534824
0.17527984
0.17525455
0.1752513
0.17524573
0.1752106
0.17520438
0.17519253
0.17517959
0.17503053
0.17503005
0.17496693
0.17492501
0.17490318
0.17488503
0.17482923
0.17473157
0.17472544
0.1747216
0.1747152
0.17470895
0.17469859
0.17465557
0.1746369
0.17457204
0.17456798
0.1745347
0.1744957
0.1744702
0.17441072
0.17434596
0.17424364
0.17423543
0.17412096
0.17411195
0.17407815
0.17405915
0.17405058
0.17403516
0.17398627
0.17398356
0.17389819
0.17389031
0.17388856
0.17388627
0.1738072
0.17380552
0.17378682
0.17373022
0.17371519
0.17366585
0.17364894
0.17364152
0.17364152
0.17356697
0.17352572
0.17337102
0.1733649
0.1733486
0.17332189
0.1732783
0.17327468
0.17326163
0.17316037
0.17311524
0.17308664
0.17306413
0.17306106
0.17302334
0.17301947
0.17301083
0.17300947
0.17291827
0.17291291
0.17290084
0.17286308
0.172849
0.1728404
0.1728146
0.17280005
0.17260803
0.17257653
0.17251663
0.1724696
0.17241786
0.17241512
0.17241186
0.17232567
0.17220849
0.17220485
0.17214541
0.17212428
0.17209195
0.17207523
0.17187004
0.17180364
0.17178813
0.17172939
0.17152017
0.171476
0.171476
0.17147478
0.17147262
0.17143665
0.17142062
0.17139716
0.17137939
0.17125575
0.17124812
0.17123674
0.17123598
0.17122972
0.17122664
0.17121558
0.17119004
0.17116548
0.17116109
0.17110948
0.17110948
0.17107446
0.17100912
0.1709963
0.17096886
0.17096743
0.17092617
0.17091662
0.17089422
0.17087607
0.17086746
0.17077921
0.17073919
0.17072172
0.17068909
0.17062564
0.17060548
0.17058106
0.17048025
0.17045775
0.17044489
0.17041792
0.17040013
0.17039183
0.170336
0.17024939
0.1702248
0.17021692
0.17018548
0.17018548
0.17016473
0.17014669
0.17010468
0.1700863
0.1700863
0.17008267
0.17001387
0.1700036
0.16999952
0.16995992
0.16990931
0.16988248
0.16984417
0.16981353
0.16980883
0.16980116
0.16978906
0.16978443
0.16977246
0.16976507
0.16968246
0.16966526
0.16966523
0.1696487
0.16962747
0.16962747
0.16962747
0.16960834
0.1695848
0.16955173
0.16953596
0.16950901
0.1694564
0.16944037
0.16938011
0.16937692
0.16933726
0.16930614
0.16927361
0.16925712
0.16924036
0.16922528
0.1692238
0.16917086
0.16914137
0.16913821
0.16910096
0.16906618
0.1690197
0.16898796
0.1689581
0.1689487
0.1689032
0.1689032
0.16889296
0.16889168
0.16886465
0.16886066
0.16883983
0.16883972
0.16883972
0.16876823
0.1687485
0.16874282
0.16873452
0.1687176
0.1687075
0.16870116
0.16869907
0.16864492
0.16862392
0.1686159
0.16860607
0.16859177
0.16856939
0.16856374
0.16853964
0.16853257
0.16849501
0.16849437
0.16849265
0.16847852
0.16845301
0.16844729
0.16840652
0.16832292
0.1683216
0.16831958
0.16831324
0.16828275
0.16822822
0.16821034
0.1681976
0.16816638
0.16813447
0.16813023
0.16812722
0.16809852
0.16808514
0.1680819
0.16807202
0.16805889
0.16801356
0.16799776
0.16798496
0.16797149
0.16794524
0.16792205
0.1679216
0.16783985
0.16777712
0.16776231
0.16775994
0.16774297
0.16771922
0.16771768
0.16770416
0.1677021
0.16768375
0.16760442
0.1675846
0.16755734
0.16745982
0.16724157
0.16723694
0.16716136
0.16713269
0.16708325
0.16706221
0.16705945
0.16705492
0.16705273
0.16703637
0.16690639
0.16690217
0.1668972
0.1668972
0.16688943
0.16688234
0.16686836
0.1668529
0.1668529
0.16683097
0.16682348
0.1668204
0.1667992
0.1667965
0.1667873
0.1667377
0.1667107
0.1666859
0.16667014
0.16656718
0.16654769
0.16653405
0.16652565
0.16648065
0.16643222
0.1664301
0.16642646
0.16639547
0.1663484
0.16634458
0.16633481
0.16632329
0.16631284
0.16631092
0.16631092
0.16630766
0.1662367
0.16623075
0.16622569
0.16614775
0.16613698
0.1661076
0.16604519
0.1660347
0.16601871
0.16601297
0.16600923
0.16599853
0.16594379
0.16592103
0.16586982
0.16586111
0.16580877
0.16580369
0.16570865
0.16569994
0.16567984
0.16564146
0.1656366
0.16562732
0.16562232
0.16560471
0.16559207
0.165586
0.16554904
0.16554607
0.16553073
0.16553073
0.1655307
0.16551743
0.16549937
0.16548522
0.16546902
0.16538212
0.16536698
0.16532315
0.16530026
0.16528313
0.16522747
0.16522346
0.16520521
0.16518676
0.16517174
0.16516577
0.16516355
0.16515681
0.1651417
0.16513626
0.16513331
0.16512157
0.16511343
0.16504814
0.16499883
0.16498162
0.1649268
0.16490488
0.16488448
0.16484411
0.16479488
0.16476075
0.16474782
0.16473044
0.16466852
0.16462989
0.16461086
0.16456196
0.16450132
0.16448663
0.16437252
0.16435368
0.16433683
0.16433683
0.1643274
0.16432264
0.16430473
0.16430344
0.16423976
0.16422449
0.1642063
0.16418014
0.16415991
0.16415715
0.16411802
0.16408402
0.16405429
0.1640114
0.16398656
0.16397734
0.16397518
0.16397163
0.16395769
0.16395189
0.16387478
0.16383012
0.16379507
0.1637898
0.1637382
0.1637336
0.1637302
0.16370124
0.1636895
0.1636797
0.16366792
0.16366772
0.16364452
0.16360384
0.16352569
0.16352336
0.16346487
0.16343667
0.1634305
0.1634032
0.16332161
0.16332161
0.163304
0.163304
0.16327642
0.16327642
0.16327642
0.16326071
0.16322184
0.1631322
0.16312997
0.16312961
0.16310441
0.16310441
0.16310441
0.16308641
0.16305703
0.16303788
0.1629878
0.16296029
0.16295074
0.16294417
0.16291477
0.16290596
0.16287355
0.1628569
0.16280165
0.16280136
0.16280003
0.1627897
0.16275927
0.16272795
0.16271062
0.16268249
0.16264515
0.16264278
0.16262981
0.1625884
0.16250275
0.16244692
0.16244692
0.16238683
0.16236986
0.16236986
0.16232274
0.16229114
0.16224831
0.162241
0.16221747
0.16220549
0.16220231
0.16218019
0.16215166
0.16212063
0.16211528
0.16205615
0.16201082
0.16201082
0.16201082
0.16201009
0.16200857
0.16198054
0.1619787
0.16196492
0.16191831
0.16191556
0.16190733
0.16187868
0.16181825
0.16180888
0.16177042
0.16170137
0.16166863
0.16160084
0.16156426
0.1615627
0.16149011
0.1614597
0.1614119
0.16140361
0.16139127
0.16136618
0.1613517
0.16130792
0.16128334
0.16124628
0.16120538
0.16120344
0.16115741
0.16114013
0.16111776
0.1611012
0.16109985
0.16105822
0.16097674
0.16097036
0.16093655
0.16092613
0.16087826
0.16087607
0.1608696
0.1608678
0.16086644
0.16084595
0.16084379
0.16083835
0.16082838
0.16082838
0.160827
0.16080396
0.16076683
0.16074254
0.16074152
0.16073067
0.16072726
0.16065659
0.16065581
0.16064279
0.16063812
0.16063397
0.16062844
0.16062006
0.16061008
0.16055602
0.16055374
0.1605493
0.16053401
0.16051313
0.16050124
0.16050054
0.16045807
0.16043942
0.16043803
0.16041112
0.16038662
0.16038279
0.16036633
0.16033475
0.1603073
0.16024204
0.16021502
0.16021065
0.16020796
0.16017152
0.1601401
0.16011615
0.16009875
0.16009535
0.16007976
0.16005966
0.1600459
0.1600074
0.15998824
0.15994084
0.15987201
0.15986945
0.1598693
0.15983856
0.1598288
0.15982546
0.15977558
0.15976253
0.15973116
0.15972471
0.15970807
0.15970628
0.15969744
0.15965518
0.15962695
0.15961437
0.15961242
0.15955621
0.15953024
0.15948163
0.15946753
0.15946588
0.15945955
0.15941836
0.15938286
0.1593615
0.15934592
0.15934013
0.15932065
0.15928514
0.15921517
0.15921497
0.15919802
0.15919207
0.15918984
0.15916233
0.15909176
0.15909173
0.15900694
0.15900627
0.15898806
0.15896527
0.15895434
0.15890433
0.15889928
0.15887724
0.15887113
0.15885817
0.15884021
0.15881
0.1587795
0.1587708
0.15876313
0.15875135
0.15873943
0.15873912
0.15871349
0.1586709
0.15865247
0.15860519
0.15849139
0.15848508
0.15847898
0.15840103
0.1583751
0.15836088
0.15833683
0.15832457
0.15829712
0.15826844
0.15826406
0.15825348
0.15825126
0.15824011
0.15821303
0.15816775
0.15816292
0.1581621
0.15813778
0.15810868
0.15800567
0.15800272
0.15798882
0.1579201
0.15788567
0.15784359
0.15780932
0.1578073
0.1578034
0.15779807
0.15775181
0.15772237
0.15762769
0.15761237
0.15761182
0.15761182
0.15758185
0.15756416
0.15756138
0.15753849
0.15751141
0.15748666
0.15746295
0.15743603
0.15739346
0.15736213
0.15735707
0.1573048
0.15723878
0.15722615
0.15720141
0.15716745
0.15716745
0.15714975
0.1571174
0.15708981
0.15707184
0.15695114
0.15694728
0.15693726
0.15689147
0.15688768
0.15688711
0.1568832
0.15687838
0.15687838
0.15686217
0.15686075
0.15685545
0.15683414
0.15683414
0.15680161
0.15676333
0.15668117
0.15665817
0.15662466
0.15660071
0.15654531
0.15653227
0.15646398
0.15646382
0.15644158
0.15638316
0.15626751
0.15624471
0.15622842
0.15622635
0.15615994
0.15610851
0.15609635
0.15609221
0.15607695
0.15606996
0.1560655
0.1560555
0.15604144
0.15601575
0.15598775
0.15596339
0.15594105
0.15592031
0.15591739
0.15591547
0.15590832
0.15587902
0.15586835
0.15577853
0.15577492
0.1557372
0.15569909
0.15562464
0.15553525
0.15548629
0.15536632
0.15535465
0.15531424
0.15530978
0.15530793
0.15530628
0.15528707
0.15524201
0.1552393
0.15523887
0.15522517
0.15520898
0.1551784
0.15512374
0.15509109
0.15508582
0.15508004
0.15501107
0.15500663
0.1549899
0.15496911
0.15490192
0.15487652
0.15487228
0.15483315
0.15482688
0.15479955
0.15478355
0.15477681
0.15476595
0.15471326
0.1547077
0.1546675
0.15453574
0.15452215
0.15450883
0.15448244
0.15446231
0.15443608
0.1542859
0.15427439
0.15427233
0.1542487
0.15421346
0.15420645
0.15417051
0.15412015
0.15407085
0.15406847
0.1540548
0.15404382
0.15404382
0.1540293
0.15401007
0.15395716
0.1539536
0.15389581
0.1538619
0.1538421
0.15381627
0.15381059
0.15379365
0.15378495
0.15371723
0.15368801
0.15368514
0.15366454
0.15363972
0.15361683
0.15357877
0.15355389
0.15353641
0.15350753
0.15346642
0.15344505
0.15344208
0.15340015
0.15335065
0.15331072
0.15330985
0.15326022
0.15324883
0.15324745
0.15323739
0.15321678
0.15320002
0.1531835
0.15318073
0.15317422
0.15313146
0.1531211
0.1530776
0.15304445
0.15303257
0.15302695
0.1530193
0.15300779
0.1529659
0.15295462
0.15294756
0.15292507
0.15292174
0.15290979
0.1529006
0.15286742
0.15286489
0.15282959
0.152818
0.152818
0.15281534
0.15277855
0.1527565
0.15268205
0.15268186
0.15267612
0.15266797
0.15265164
0.15263088
0.15262188
0.1526216
0.15261556
0.15261015
0.15260305
0.15259594
0.15257902
0.15256721
0.15253115
0.15251254
0.15246373
0.15245676
0.15241617
0.15241617
0.15240821
0.15240821
0.15234223
0.15231347
0.15231153
0.15230636
0.15229867
0.15227903
0.152265
0.15226494
0.152261
0.15225528
0.15224396
0.15223971
0.15223688
0.15223165
0.15219226
0.15212472
0.15212394
0.15202597
0.1519563
0.15195505
0.15191613
0.15191032
0.15189886
0.15189797
0.1518702
0.15185936
0.15185611
0.15183665
0.1518158
0.15174024
0.15173353
0.1517269
0.15170352
0.15169033
0.15162976
0.15158287
0.15156609
0.15152413
0.15149291
0.15147755
0.15141562
0.15141454
0.15132953
0.15132047
0.15130663
0.15128097
0.15128091
0.15127167
0.15124674
0.15122472
0.15119858
0.15119782
0.15119748
0.15116027
0.15115966
0.15114076
0.15112075
0.1510988
0.15106006
0.15104933
0.1510492
0.15103483
0.15098846
0.1509711
0.15096238
0.15095252
0.15094578
0.15094349
0.15088136
0.15079542
0.15076692
0.15073723
0.15072998
0.15072998
0.15071736
0.15071736
0.15070069
0.15065207
0.15064791
0.15060514
0.15059103
0.1505763
0.15056892
0.15056531
0.15053345
0.15053238
0.15053238
0.15053152
0.15051748
0.15039714
0.15036826
0.15030013
0.15029937
0.1502916
0.15020485
0.15019569
0.15016648
0.1501301
0.15012106
0.15011653
0.15009296
0.1499891
0.14992264
0.14991784
0.1499143
0.14990689
0.1498911
0.14986767
0.14986515
0.14981419
0.149771
0.14976278
0.1497326
0.14968987
0.1496368
0.14961697
0.14960508
0.14958717
0.14956038
0.1495325
0.1495325
0.1495325
0.14949937
0.14947356
0.14945796
0.149365
0.14936493
0.1493604
0.1493457
0.14933689
0.14933689
0.14933224
0.14932759
0.14931811
0.14924435
0.14913917
0.14912267
0.1491141
0.1491074
0.149093
0.14908247
0.14906256
0.14905106
0.14904666
0.14901462
0.1489292
0.14892901
0.14889394
0.14888163
0.14886396
0.14880177
0.14879292
0.14873584
0.14871754
0.1486296
0.1485697
0.14848512
0.14847642
0.14846459
0.148457
0.14844519
0.14837795
0.14833368
0.14832649
0.14832504
0.14829506
0.1482838
0.14825767
0.14825507
0.14825271
0.1482412
0.14822382
0.14821887
0.14821845
0.14821811
0.1482063
0.14814535
0.14812058
0.14811897
0.14809364
0.14808282
0.14807539
0.14801762
0.14800628
0.14796361
0.14790699
0.14785172
0.14784001
0.14780174
0.1478012
0.14772908
0.14772633
0.14772195
0.14768545
0.14765418
0.1476323
0.14762108
0.14761865
0.14760472
0.1475503
0.14754847
0.14751229
0.14748831
0.1474668
0.1474668
0.147463
0.14744021
0.14743493
0.14743097
0.14742637
0.14738113
0.14736345
0.14731352
0.14728686
0.14728633
0.14725465
0.14721292
0.14720753
0.14720143
0.14720143
0.14717473
0.1471577
0.14712988
0.14712404
0.14711098
0.14695024
0.14694548
0.14688349
0.14682518
0.14677876
0.14676481
0.14672893
0.14672893
0.14672627
0.14670764
0.14668371
0.14667037
0.14662947
0.14662664
0.14662342
0.14659005
0.14658901
0.14657676
0.14652582
0.14646526
0.14646472
0.14642723
0.14641894
0.14640115
0.14637634
0.14631921
0.14629786
0.14629568
0.14624912
0.14624488
0.14620839
0.14620504
0.14620504
0.1461845
0.1461666
0.14612977
0.14612247
0.14611015
0.14610307
0.14608558
0.14605394
0.14603488
0.14602484
0.14602001
0.14601639
0.14600298
0.14599395
0.14598377
0.14594626
0.145902
0.14589451
0.14588833
0.14588833
0.14588232
0.14585358
0.14582494
0.14582075
0.14580265
0.1457432
0.145724
0.14572397
0.14572203
0.14571509
0.14570387
0.14566827
0.14564192
0.14563806
0.14561938
0.14560829
0.14560401
0.14559048
0.14555573
0.14552988
0.14546567
0.14541535
0.14540078
0.14539085
0.14537098
0.14534578
0.14531806
0.14530382
0.14530382
0.145292
0.14526877
0.14522797
0.14519817
0.14518666
0.14518079
0.14516196
0.14515121
0.14508964
0.14507446
0.14507313
0.14505716
0.14504549
0.14503485
0.14499786
0.14499748
0.14498474
0.14498018
0.14495344
0.14494461
0.14491911
0.14487347
0.14473648
0.14473018
0.14468788
0.14467457
0.14467448
0.14466774
0.14459988
0.14448662
0.14447795
0.14446598
0.14444372
0.14438438
0.14437705
0.14431223
0.14427409
0.1441818
0.14417754
0.14410733
0.14408699
0.14403272
0.14403272
0.14401112
0.14394431
0.1439183
0.14390995
0.14389731
0.14389643
0.14387465
0.14385408
0.14381738
0.14381064
0.14381064
0.14380676
0.14379531
0.14377335
0.1437368
0.14371754
0.14369114
0.14364362
0.14363761
0.14359562
0.14359136
0.14357401
0.1435399
0.14351861
0.14351662
0.14348046
0.14345537
0.14338058
0.14338036
0.143364
0.14335841
0.14335059
0.14332676
0.14327858
0.14327525
0.14325306
0.14324218
0.14323351
0.14322187
0.1432207
0.14321898
0.14319502
0.14315772
0.14314845
0.14314644
0.14312957
0.14311962
0.14311717
0.143096
0.14309335
0.14309144
0.14304917
0.1430363
0.14301684
0.14300148
0.14298518
0.14297819
0.1429586
0.14293383
0.14287165
0.14284964
0.1428065
0.14268732
0.14255452
0.14252016
0.14251557
0.1425068
0.14245573
0.14244588
0.14242597
0.14242072
0.14241178
0.14238834
0.14237553
0.14237064
0.14233935
0.14231947
0.14228456
0.1422772
0.1422707
0.14221177
0.14215761
0.14213811
0.14212221
0.14210798
0.14209907
0.14206514
0.14202073
0.14200546
0.14199702
0.14199567
0.14194533
0.14190872
0.14187588
0.14185865
0.14182884
0.1418106
0.14175051
0.14171343
0.14170362
0.1416995
0.14168456
0.1415978
0.14159296
0.1415895
0.14158398
0.14148554
0.14147376
0.14145243
0.14144203
0.1414194
0.14141649
0.14139739
0.14137287
0.1413584
0.14134318
0.14130679
0.1412945
0.14129281
0.14128342
0.14125943
0.14123434
0.14120467
0.14116469
0.14114593
0.14111827
0.14108372
0.14103279
0.14101364
0.14098522
0.14098494
0.1409603
0.1409413
0.14093825
0.1409315
0.14090584
0.1408898
0.14088677
0.14088228
0.14087458
0.14086743
0.14084654
0.14082724
0.14081287
0.14080569
0.14078651
0.14077184
0.14075744
0.14068626
0.14067456
0.1406631
0.1406566
0.14064695
0.14063497
0.1406076
0.14057556
0.14054169
0.14051962
0.14051123
0.14050518
0.14047986
0.14046142
0.14045915
0.14042641
0.14042631
0.14040078
0.14038672
0.14035884
0.14030714
0.14029978
0.14022222
0.14022192
0.1402015
0.14017782
0.14014669
0.14011665
0.14011641
0.14010622
0.14010003
0.14008513
0.14007905
0.14007631
0.14007631
0.14005153
0.14002572
0.14001057
0.13998318
0.13993296
0.13991672
0.13990897
0.13990642
0.13987604
0.1398533
0.13980246
0.13977519
0.13975774
0.13973531
0.13972718
0.13972026
0.13971795
0.13970625
0.13970625
0.13969116
0.13967669
0.13967268
0.13966306
0.13966088
0.13958323
0.13957672
0.13955748
0.1395364
0.1395364
0.13952738
0.1395227
0.13944744
0.13942699
0.13942538
0.13940217
0.13939534
0.13938037
0.1393612
0.13934617
0.13927504
0.13924652
0.13921641
0.13915242
0.13914031
0.13913088
0.13908334
0.13906819
0.13904247
0.13897942
0.13893886
0.13892597
0.13892369
0.1388747
0.13883516
0.1388231
0.13878827
0.13875821
0.13875522
0.13875517
0.13868481
0.13865963
0.13861898
0.13857026
0.13852483
0.13850993
0.13850242
0.13849294
0.13848028
0.13844092
0.13840555
0.13838209
0.13837402
0.13837345
0.13836189
0.13836189
0.13834323
0.1383421
0.13834056
0.13833442
0.13833
0.13830464
0.13827598
0.13824674
0.13824521
0.13824339
0.13823712
0.13821536
0.13820374
0.13818476
0.13812344
0.13811958
0.13811707
0.1380633
0.13796607
0.1379273
0.13791414
0.13790697
0.13785978
0.13784437
0.13776137
0.13775037
0.13773663
0.137725
0.13769695
0.13769259
0.13768846
0.13767748
0.13766952
0.13766181
0.13765998
0.13762508
0.13760126
0.13756794
0.13756545
0.13755524
0.13755469
0.13753942
0.13751632
0.13749573
0.13747354
0.13743962
0.13743238
0.13742708
0.13742353
0.13741753
0.13741615
0.13737886
0.13729067
0.1372861
0.13726403
0.13725016
0.13722727
0.13721852
0.1371766
0.1371757
0.13715845
0.13714367
0.13711213
0.13711119
0.13707446
0.13706593
0.1370576
0.13705647
0.13705252
0.13703676
0.13702206
0.1370069
0.13699664
0.13696428
0.13694452
0.13687767
0.13685966
0.1368115
0.13679093
0.1367459
0.13673644
0.13671081
0.13664374
0.13661635
0.13661239
0.13657746
0.13652444
0.13652228
0.13645215
0.13644229
0.136431
0.13642478
0.13636874
0.13635589
0.13634071
0.13633747
0.13633212
0.13632457
0.13625401
0.13623692
0.13619573
0.13618308
0.13616565
0.13608836
0.13606177
0.13604088
0.13593881
0.13593213
0.13592283
0.13591844
0.13590729
0.13590704
0.13589822
0.13589351
0.1358838
0.13587789
0.13584934
0.13581116
0.13581064
0.13580596
0.13578232
0.1357804
0.13577558
0.1357509
0.13573949
0.1356739
0.1356562
0.13565472
0.13564196
0.13563919
0.13560294
0.13559023
0.13549913
0.13547176
0.13542095
0.1354157
0.1354063
0.13540116
0.13539444
0.13534145
0.13532992
0.13532066
0.13531363
0.13529985
0.1352912
0.13523754
0.13515605
0.13514166
0.13510466
0.13509613
0.13508044
0.13507864
0.13504998
0.13501284
0.13501233
0.13497216
0.13496915
0.13494444
0.13491638
0.13490567
0.13489662
0.13487907
0.13485757
0.13480595
0.13480595
0.13477948
0.13476935
0.1347663
0.13472588
0.13470754
0.1346961
0.1346763
0.13464631
0.13464125
0.13462597
0.13462335
0.13459341
0.13458236
0.13458039
0.13451473
0.13448381
0.13447349
0.13445772
0.13444644
0.13442619
0.13442482
0.13438872
0.13434152
0.13428779
0.13425165
0.13421717
0.13420616
0.1342017
0.13419494
0.1341814
0.13417658
0.13417636
0.13415492
0.13412063
0.13410772
0.13410397
0.13410313
0.13409099
0.13408941
0.1340847
0.13407445
0.13405992
0.13404888
0.13404445
0.13402253
0.13402204
0.1340061
0.13399868
0.13395628
0.13395028
0.13392527
0.13390175
0.13383085
0.13383009
0.13380459
0.13378394
0.13376983
0.13376571
0.13371834
0.1336879
0.13367426
0.13366847
0.13366659
0.13365655
0.1335958
0.1335841
0.13352601
0.13349788
0.13348591
0.13348563
0.13345997
0.13345233
0.13345058
0.13341823
0.13338104
0.13337944
0.13336048
0.13334472
0.13333671
0.1333188
0.13331006
0.13330139
0.13323703
0.13321863
0.13316904
0.13316059
0.13314709
0.13310316
0.1330161
0.13301025
0.13300358
0.13298747
0.13297254
0.13297205
0.13292208
0.13291961
0.13291258
0.13289468
0.1328493
0.132845
0.13280992
0.13278961
0.13273619
0.1327116
0.13270438
0.13270381
0.13259877
0.13259576
0.13257514
0.13256401
0.13255967
0.13253686
0.13249817
0.13241918
0.13239422
0.13234112
0.1323023
0.13224721
0.13224073
0.13220084
0.13219537
0.13218735
0.13214761
0.13213977
0.13212202
0.13210984
0.1320877
0.13208206
0.13207921
0.13205938
0.13205326
0.13202673
0.13202274
0.13201168
0.13200484
0.13196442
0.13196272
0.13189083
0.13187216
0.13185874
0.13184386
0.13183188
0.13182952
0.13181475
0.1316321
0.13163175
0.13155437
0.13148972
0.13146159
0.13138515
0.13133375
0.13132519
0.13129534
0.1312677
0.13124678
0.13122407
0.13120605
0.13117608
0.13117544
0.13117144
0.13115323
0.13113824
0.13106121
0.13102415
0.13101034
0.13098666
0.13094081
0.1309299
0.13092177
0.1309191
0.13089383
0.13083948
0.13083498
0.13083486
0.13083486
0.13082522
0.13081145
0.13079193
0.13074651
0.13074215
0.13073052
0.13071096
0.13070068
0.130685
0.1306731
0.13067223
0.13065961
0.13061602
0.13059588
0.13053308
0.13051856
0.13050376
0.13048612
0.13047828
0.13038303
0.130374
0.13034676
0.13032287
0.13032168
0.13031544
0.13031065
0.13029195
0.13025917
0.1302517
0.13025111
0.13022335
0.13022211
0.13019425
0.13016158
0.1301463
0.13014069
0.1301185
0.13011542
0.13011381
0.13005815
0.13001375
0.13000825
0.12999967
0.12998787
0.12996621
0.12995823
0.12995306
0.1298824
0.129877
0.12987523
0.12985532
0.12984954
0.12981036
0.12975839
0.12975785
0.12975758
0.12972838
0.12971878
0.12962933
0.12959515
0.12954575
0.12952977
0.12951435
0.12951241
0.12948787
0.12948105
0.1294766
0.12945984
0.12944192
0.12943465
0.12942825
0.12942019
0.12940353
0.12939242
0.12934387
0.12934145
0.1293109
0.12928969
0.12925571
0.12925239
0.12923127
0.12921338
0.12914129
0.12913957
0.12907657
0.12905575
0.12904303
0.12903897
0.12901029
0.12898478
0.12897117
0.12896459
0.12894535
0.12892576
0.12887178
0.12885194
0.1288363
0.128828
0.12874037
0.1287255
0.12872326
0.12865315
0.12865295
0.12865162
0.12859368
0.12856317
0.12848258
0.12848164
0.12844318
0.12843496
0.12842298
0.12840849
0.1283857
0.12834918
0.12831536
0.12830643
0.12830484
0.12830484
0.12821004
0.12820855
0.12819639
0.1281834
0.12814295
0.12814242
0.12807935
0.12807712
0.12807381
0.12805256
0.12803027
0.12797657
0.127951
0.12791456
0.12791102
0.12790602
0.12787153
0.1278684
0.12784135
0.12782833
0.12782833
0.1278043
0.1277912
0.12774932
0.1277436
0.12774116
0.12774037
0.12757984
0.12756422
0.12753081
0.12752779
0.12752126
0.12750228
0.12748055
0.1274697
0.12745783
0.12743866
0.127438
0.12743232
0.12741493
0.1273943
0.12738712
0.1273861
0.1273499
0.12731779
0.12731105
0.1273091
0.1272798
0.1272657
0.12718073
0.12715703
0.12715684
0.12715046
0.12711345
0.12704608
0.12702893
0.1269908
0.12696403
0.12692429
0.12688367
0.12687653
0.12687634
0.1268735
0.12686306
0.12684885
0.12681642
0.1267811
0.1267518
0.12674809
0.12673904
0.12668613
0.12667905
0.12666294
0.12666093
0.12665579
0.12662788
0.12660463
0.12659878
0.12653469
0.12650529
0.12649496
0.12649257
0.12648802
0.12644325
0.12644055
0.12643509
0.12643275
0.12639114
0.12638693
0.1263856
0.12634976
0.12634629
0.12633492
0.12624137
0.12619205
0.1261789
0.12612318
0.12611745
0.1261082
0.12607534
0.12607294
0.12605119
0.12603809
0.12599458
0.1259833
0.12596834
0.1258363
0.12580645
0.12579738
0.1257839
0.12576509
0.12571472
0.12564136
0.12563273
0.12554505
0.12554197
0.12552778
0.12552333
0.12548037
0.12543988
0.12542154
0.12539956
0.12538339
0.1253408
0.12533304
0.12531768
0.12531503
0.12531288
0.12531288
0.12527733
0.12518445
0.12515493
0.12507068
0.12504989
0.12503846
0.12500153
0.12499598
0.12498757
0.1249827
0.12495278
0.124902785
0.124895334
0.124892354
0.124867134
0.12486456
0.12480406
0.12479176
0.12478067
0.12477557
0.12476349
0.1247458
0.12467063
0.1246675
0.12459483
0.12458943
0.124562666
0.12451433
0.12447839
0.12441629
0.12439654
0.124396496
0.12436032
0.12435078
0.12434471
0.12433771
0.12430293
0.12426504
0.12425152
0.1242127
0.12420494
0.12418563
0.1241539
0.12414376
0.12412724
0.12406541
0.124050066
0.12404493
0.124038406
0.12394102
0.123929024
0.12390811
0.1238287
0.12382475
0.12379353
0.1237847
0.12378047
0.1237601
0.123749904
0.12370292
0.123702064
0.123694025
0.123681255
0.12363598
0.123633556
0.1236115
0.123576544
0.12355981
0.12355166
0.12350487
0.12348243
0.123472616
0.12330612
0.12326871
0.123200126
0.12318108
0.123155646
0.12313092
0.12312019
0.12308449
0.12307435
0.12306418
0.123062365
0.123058245
0.12304544
0.12299654
0.12293727
0.1229109
0.12290422
0.12290095
0.12289239
0.12289013
0.12288771
0.12281695
0.12281275
0.12278187
0.1227256
0.122719124
0.122703366
0.122656204
0.12265132
0.1226068
0.122595
0.12259178
0.12257584
0.12257209
0.12256186
0.12254971
0.12254971
0.1225409
0.12251444
0.12247863
0.1224616
0.122410625
0.12239439
0.1223928
0.12236939
0.12234524
0.12233115
0.12231845
0.122316405
0.12229923
0.12226947
0.12225598
0.12219591
0.12218403
0.12217361
0.12215994
0.12210984
0.12210805
0.12210688
0.12210131
0.122084334
0.122067064
0.12206338
0.122007854
0.12198006
0.12197823
0.12195325
0.12193972
0.12193666
0.121905215
0.12189615
0.12188348
0.121846355
0.12173397
0.12170426
0.121702775
0.12169931
0.121681295
0.12163631
0.12162262
0.12158781
0.12158454
0.121577114
0.1215448
0.12152139
0.12149691
0.12148675
0.12147966
0.12147448
0.121449694
0.12136388
0.1213229
0.12131391
0.121313065
0.12125658
0.12123039
0.121222995
0.121217415
0.1212038
0.12117767
0.12113489
0.12113393
0.12113043
0.12112617
0.12110206
0.12109963
0.12109558
0.12108338
0.121049605
0.12104161
0.12099339
0.12092631
0.12092353
0.12091374
0.12082755
0.12077425
0.12076534
0.12066595
0.120651536
0.120634034
0.12062361
0.12060834
0.120598935
0.120557725
0.12053796
0.12052867
0.12048889
0.12046827
0.12046574
0.12046225
0.12042735
0.1204076
0.120305225
0.120279394
0.12022869
0.12021888
0.120216385
0.12017498
0.12016107
0.12015013
0.120143175
0.120139375
0.120054536
0.12004997
0.12004997
0.120025896
0.1200187
0.11999848
0.11998927
0.119981594
0.11997749
0.11997142
0.119961
0.119953424
0.11991193
0.1199106
0.11988099
0.119813606
0.11972089
0.1197065
0.1196994
0.11966389
0.11965665
0.119643584
0.119633555
0.11961462
0.11960297
0.119584665
0.11957422
0.1195638
0.11949781
0.119429275
0.119387895
0.11937538
0.11935775
0.11931436
0.11931386
0.119311064
0.11928269
0.11927274
0.11926848
0.11924859
0.11923807
0.11919681
0.11915697
0.11914456
0.11912739
0.11911345
0.11909687
0.11908859
0.11905417
0.119034
0.11901101
0.11895706
0.11895671
0.11893049
0.11885628
0.11884258
0.11883451
0.11883451
0.11879555
0.118792
0.11872333
0.118723236
0.11870942
0.118658446
0.118618056
0.118616566
0.11859448
0.11856204
0.118561424
0.11854928
0.11854719
0.118449196
0.11844432
0.11843948
0.118432924
0.118422054
0.118418805
0.1184161
0.11838597
0.11836126
0.1183285
0.11831888
0.11823747
0.11823363
0.11823344
0.118223794
0.11819746
0.11818563
0.11818121
0.11816634
0.118085876
0.11808132
0.118061826
0.118059255
0.11803468
0.118032716
0.11798168
0.11796987
0.117952
0.11792379
0.11792115
0.11792041
0.11790901
0.11789012
0.11785956
0.11785085
0.11784629
0.11782431
0.117803365
0.11780048
0.117795356
0.1177828
0.11776571
0.1177554
0.117754996
0.117732815
0.11771266
0.11770518
0.117699884
0.117677994
0.11762291
0.11761829
0.11761241
0.11760742
0.11758564
0.11754274
0.1175199
0.11744723
0.11742162
0.11740784
0.11734724
0.11732726
0.117311426
0.11724942
0.11724474
0.11720249
0.117138915
0.117133
0.117054716
0.116999425
0.11699142
0.116982326
0.116964474
0.11690384
0.11689565
0.11686845
0.11686485
0.11686363
0.116857655
0.11685282
0.11685235
0.11684311
0.11676613
0.11675924
0.11672802
0.116701886
0.11666346
0.11663813
0.1166256
0.11658733
0.11654512
0.11654276
0.116542555
0.11652797
0.11643811
0.1163951
0.116387144
0.11633356
0.11632495
0.11629378
0.11629142
0.11627654
0.116273716
0.11626085
0.11624346
0.116199136
0.11619742
0.1161924
0.11610564
0.1161026
0.11608949
0.11593848
0.11591765
0.115878426
0.1158677
0.115810096
0.11579887
0.115789816
0.115767784
0.11576329
0.115703404
0.11567853
0.11566687
0.1156048
0.11552021
0.11549415
0.11546909
0.1153577
0.11532856
0.11532199
0.11531747
0.115304485
0.11529941
0.11527775
0.11526693
0.115227394
0.11517214
0.1151648
0.11510754
0.11508078
0.11504906
0.11495817
0.11495071
0.11494942
0.11493128
0.11493046
0.11491057
0.11482812
0.114815466
0.11480664
0.11479455
0.1147133
0.1146922
0.11466687
0.11463642
0.114564426
0.114546664
0.11454349
0.114521645
0.11451099
0.114468925
0.11446613
0.11444223
0.114423394
0.11442217
0.114406854
0.114385724
0.114325404
0.1142529
0.11423544
0.11415465
0.11414178
0.11407245
0.114031605
0.114023216
0.113985635
0.11398242
0.1139804
0.113954015
0.11395016
0.113949515
0.11391736
0.113902286
0.11382822
0.11382491
0.11378301
0.113762915
0.11374426
0.113701396
0.11369507
0.11368467
0.11367922
0.113675795
0.11367276
0.11367161
0.11367146
0.11366387
0.11363696
0.113631494
0.113627225
0.11361308
0.11358651
0.113526165
0.11350069
0.11345099
0.11336469
0.113306016
0.113306016
0.11326643
0.11325818
0.11320911
0.11318949
0.113166906
0.11315675
0.11312761
0.113092184
0.11308491
0.11308486
0.11308403
0.11307218
0.11303771
0.113000065
0.112987235
0.11297877
0.11297426
0.11296086
0.11295369
0.11293981
0.11291462
0.1128838
0.11284242
0.11282258
0.112767085
0.1127526
0.112745546
0.112719275
0.11265115
0.112639695
0.112623446
0.11262264
0.11261028
0.11260711
0.112591475
0.1125703
0.11248674
0.112457596
0.112453565
0.112332374
0.112320766
0.11229619
0.112291574
0.11228568
0.112271465
0.112262145
0.112217665
0.112191685
0.11214664
0.1121398
0.11213944
0.112111814
0.112098716
0.11209834
0.11207194
0.11197723
0.11195843
0.11194288
0.11185024
0.11183726
0.11180346
0.11179597
0.11170405
0.1116291
0.111578345
0.111559115
0.11155084
0.111489095
0.11140929
0.111406595
0.11140231
0.111400366
0.11139928
0.11138057
0.111335926
0.11129845
0.11126861
0.111241505
0.11122798
0.11122119
0.11119539
0.11118696
0.11117003
0.11115694
0.1111105
0.11110786
0.111087054
0.111069344
0.11105281
0.11102952
0.111010864
0.11100345
0.11094286
0.11092026
0.110912055
0.110909946
0.11087416
0.11076969
0.11071213
0.110673316
0.11065567
0.11064825
0.11053269
0.1105319
0.11052871
0.110515505
0.11049416
0.110375665
0.11033193
0.11031856
0.1102932
0.11028966
0.11028218
0.11027147
0.11023703
0.110218614
0.110187
0.110082515
0.110073686
0.11005724
0.11001652
0.11000291
0.10986627
0.109778754
0.109770946
0.1097607
0.10970801
0.10954727
0.10954599
0.10952928
0.109521806
0.10949786
0.10947652
0.109457806
0.10945112
0.10921581
0.1092032
0.10919647
0.10918928
0.1091637
0.1091487
0.109144434
0.109144025
0.109142266
0.10908386
0.10905151
0.109044746
0.1090032
0.108995475
0.10898815
0.10897262
0.108837165
0.10882096
0.10881786
0.10875922
0.10871728
0.10870315
0.10859666
0.108574755
0.10854529
0.108519815
0.1084992
0.108374916
0.10831604
0.1083006
0.10825421
0.108237825
0.108213425
0.108205006
0.10817596
0.108110346
0.1080998
0.10804724
0.107995965
0.10797107
0.10791986
0.10791263
0.10790775
0.107805
0.107768245
0.107708655
0.107687674
0.107654616
0.10753459
0.10751034
0.10750851
0.10750627
0.107481316
0.10747754
0.10746899
0.1074527
0.10741926
0.10739854
0.107362054
0.107340254
0.10733621
0.107304506
0.10722113
0.10714424
0.10712622
0.10708466
0.10706747
0.107052565
0.107028894
0.10701998
0.1069844
0.10690647
0.10685112
0.10671978
0.10663035
0.10658067
0.10647074
0.106468335
0.10643423
0.10631712
0.10629993
0.106278375
0.10627572
0.106268816
0.106150225
0.10613234
0.10608225
0.10608225
0.105979145
0.105971865
0.105934754
0.105878845
0.10582648
0.10582234
0.105795264
0.10576288
0.10572455
0.105698094
0.105656564
0.105636746
0.10563035
0.10561298
0.10558611
0.10554057
0.10553625
0.10553486
0.10550247
0.10549966
0.10549835
0.10540682
0.10532681
0.105267026
0.10507818
0.10500758
0.10497627
0.10496198
0.10494387
0.10493707
0.10492538
0.10492086
0.10488624
0.10488297
0.10487505
0.10484837
0.104748465
0.104652405
0.10463103
0.10462522
0.10462118
0.104616806
0.10456178
0.1045448
0.104420274
0.104373775
0.104351774
0.10433937
0.104313076
0.10416637
0.10407504
0.10407273
0.10405826
0.103928685
0.10392338
0.10379018
0.103784636
0.10376996
0.10373029
0.103715464
0.10369278
0.10367437
0.10366464
0.103656135
0.10364853
0.103595495
0.10358102
0.10355177
0.10352413
0.103517495
0.103416204
0.103303336
0.10329768
0.10328666
0.10321512
0.103184365
0.1031662
0.10315319
0.10313361
0.10312948
0.10311694
0.10310935
0.103102736
0.102946855
0.10281853
0.10275742
0.10261019
0.102587335
0.10258729
0.102466896
0.10244418
0.10231566
0.10230558
0.102199964
0.102198474
0.10209706
0.10204182
0.101988
0.10191407
0.101842016
0.10182854
0.101761706
0.10154585
0.101445876
0.10142879
0.10142288
0.101327814
0.101252615
0.10119544
0.10117072
0.10116072
0.10115483
0.10115151
0.101123035
0.10104387
0.10102083
0.10097094
0.100940794
0.10091751
0.10089493
0.10081152
0.10063042
0.100492306
0.100489475
0.100480646
0.10043988
0.10041575
0.10040365
0.10032435
0.10028957
0.100259565
0.10017789
0.10010253
0.099847324
0.09979631
0.09978999
0.09970859
0.09968501
0.09962311
0.099560894
0.099506184
0.09942443
0.09937611
0.099370055
0.099316984
0.09929762
0.09927811
0.0992771
0.09926482
0.09924701
0.09919816
0.09909601
0.09907837
0.09904245
0.09900702
0.09898304
0.09890693
0.09888454
0.09868213
0.09866907
0.09839455
0.09837167
0.09829301
0.09829251
0.09822955
0.09811252
0.09805655
0.09750542
0.0974822
0.09746111
0.09743764
0.09742341
0.097385846
0.09725019
0.097206585
0.09706835
0.09706089
0.09693463
0.09692805
0.09690799
0.09686824
0.09677377
0.09673137
0.09667597
0.096674144
0.09661885
0.096456826
0.09643048
0.096429214
0.096263915
0.096197136
0.09614686
0.096075796
0.09598783
0.09575702
0.09550584
0.09550262
0.09521201
0.095119916
0.09506706
0.09500842
0.09486449
0.094781056
0.09471991
0.09433555
0.094217
0.094171904
0.09407732
0.093602166
0.09345476
0.09341313
0.0933872
0.09335563
0.09335086
0.09323495
0.09323019
0.09310933
0.09307082
0.09306948
0.09306934
0.09304687
0.0930265
0.09297096
0.09296643
0.092916206
0.09287189
0.0928523
0.09275637
0.09271465
0.09267419
0.09255387
0.092296004
0.0919536
0.09195163
0.091856174
0.09155319
0.09149148
0.09131747
0.091238365
0.091123834
0.091098025
0.09104074
0.09099552
0.090813376
0.09077429
0.09075
0.0903847
0.090262234
0.09019734
0.09012134
0.09011149
0.09008709
0.090074115
0.09006478
0.090052366
0.08995499
0.089841224
0.08977502
0.08976125
0.08974321
0.0897422
0.08953725
0.08948843
0.08947523
0.08937234
0.08936294
0.089341216
0.08929231
0.08924528
0.089190535
0.089168146
0.0890052
0.08896757
0.08888582
0.08887511
0.088562205
0.088549525
0.088378616
0.088359326
0.088273935
0.08821397
0.088204384
0.08815533
0.08809314
0.08796131
0.08795515
0.0879065
0.08786696
0.08785683
0.08774226
0.087718144
0.08766344
0.08766195
0.08762804
0.08743643
0.0874024
0.087334365
0.087300085
0.08727848
0.087223865
0.08713532
0.087118156
0.08702059
0.087000996
0.08690737
0.08683959
0.08679507
0.086754315
0.08662874
0.08662821
0.08658326
0.08657567
0.08654065
0.086536504
0.08648451
0.0863362
0.08629276
0.08613652
0.08610537
0.08597274
0.08581526
0.08580888
0.08569747
0.08561018
0.08552248
0.08549014
0.085471444
0.08538158
0.08534164
0.08520848
0.08520224
0.08514208
0.08510547
0.08500871
0.08492802
0.08488941
0.08482528
0.08475667
0.08474624
0.08444297
0.084425725
0.08425684
0.08425252
0.08425067
0.08421793
0.084211014
0.08415798
0.0840267
0.08399294
0.08371699
0.08353266
0.08353053
0.083472796
0.08336696
0.083333164
0.08321459
0.08319595
0.08301875
0.08301743
0.0828474
0.08280362
0.08278577
0.08257036
0.08255645
0.08247274
0.08242566
0.08231608
0.08228948
0.08216225
0.08214743
0.082097605
0.082001105
0.08198634
0.08194857
0.081887245
0.081722386
0.08150929
0.08133823
0.081163846
0.081068724
0.08104169
0.08090882
0.08080723
0.08077767
0.0806463
0.080644794
0.08064371
0.08061323
0.08056417
0.08055743
0.08034956
0.080313854
0.080307096
0.080303885
0.08008838
0.07986306
0.07983983
0.07978674
