0.0
0.47275907
0.43887675
0.38654408
0.35188326
0.3165288
0.2998896
0.2961759
0.29628253
0.28453007
0.27396494
0.24574547
0.2246542
0.20310359
0.19019756
0.17272529
0.16541049
0.15418302
0.15110722
0.14585815
0.13925199
0.14021765
0.14001043
0.14009447
0.14108767
0.1431395
0.14788109
0.147329
0.15042394
0.15491539
0.15612768
0.15406379
0.16135345
0.16349567
0.16612174
0.16336325
0.16772185
0.16357636
0.16525176
0.16924413
0.17005304
0.1710539
0.16867404
0.17390162
0.17221719
0.17085159
0.17693025
