0.7019057869911194
0.6971850395202637
0.6927952170372009
0.6887129545211792
0.6849873661994934
0.681466281414032
0.6781066656112671
0.6747510433197021
0.671318531036377
0.6676642298698425
0.6662893295288086
0.6624975800514221
0.658423900604248
0.6540488600730896
0.6493582725524902
0.6443630456924438
0.6390593647956848
0.6334612965583801
0.6275947690010071
0.6214848160743713
0.627235472202301
0.6211927533149719
0.6149120330810547
0.6084486842155457
0.6018377542495728
0.5951136946678162
0.5883026123046875
0.5813975930213928
0.5743953585624695
0.5672748684883118
0.5802570581436157
0.573537290096283
0.5666899681091309
0.5597543716430664
0.5527724027633667
0.5457683801651001
0.5387592911720276
0.5317565202713013
0.5247653126716614
0.5177921652793884
0.5430939197540283
0.5362942218780518
0.5292297601699829
0.5221262574195862
0.5151894092559814
0.5085511803627014
0.5022602677345276
0.4962654411792755
0.4904530346393585
0.48469799757003784
0.5346075892448425
0.528144359588623
0.5212590098381042
0.5144149661064148
0.5079692602157593
0.5021116733551025
0.49685055017471313
0.4920181632041931
0.48736336827278137
0.4826641082763672
0.5556219220161438
0.5497435331344604
0.5431273579597473
0.536378026008606
0.5299874544143677
0.5242666006088257
0.5192845463752747
0.5148810744285583
0.5107428431510925
0.5065440535545349
0.5983929634094238
0.5911045670509338
0.5829517841339111
0.5745996832847595
0.5666036605834961
0.5592955946922302
0.552741289138794
0.546736478805542
0.5409206748008728
0.5349082946777344
0.6207304000854492
0.608293890953064
0.5950486063957214
0.5819792747497559
0.5698311924934387
0.558892548084259
0.5489885807037354
0.5396086573600769
0.5301772952079773
0.5203190445899963
0.5616885423660278
0.5477652549743652
0.5338677763938904
0.5202608704566956
0.507114827632904
0.4944857954978943
0.482348769903183
0.4706347584724426
0.4592958986759186
0.44832083582878113
0.4728156328201294
0.46195995807647705
0.4511347711086273
0.440581351518631
0.4305267632007599
0.4210941791534424
0.41228851675987244
0.4040248394012451
0.39618319272994995
0.3886462450027466
0.4090789556503296
0.40123412013053894
0.39347735047340393
0.38599056005477905
0.37889230251312256
0.37219664454460144
0.36584851145744324
0.3597582280635834
0.35383960604667664
0.34804415702819824
0.3662400245666504
0.3600839078426361
0.3538222014904022
0.34772542119026184
0.34199047088623047
0.33667540550231934
0.33172324299812317
0.3270125091075897
0.3224165141582489
0.31785616278648376
0.3359634280204773
0.33077719807624817
0.32557156682014465
0.32049286365509033
0.31563520431518555
0.3110268712043762
0.3066275417804718
0.302377849817276
0.29822543263435364
0.29414165019989014
0.30821046233177185
0.3035917580127716
0.2988400459289551
0.2942762076854706
0.2900983691215515
0.2863313853740692
0.28287196159362793
0.27956676483154297
0.27628445625305176
0.2729651927947998
0.28781309723854065
0.2843199372291565
0.28078582882881165
0.2773014307022095
0.2739495038986206
0.27076256275177
0.26772814989089966
0.2648051083087921
0.26195061206817627
0.2591368556022644
0.2730976641178131
0.2697400748729706
0.26620787382125854
0.2628501355648041
0.25985947251319885
0.25722581148147583
0.2548024356365204
0.2524072527885437
0.24991931021213531
0.24730855226516724
0.26386064291000366
0.26116910576820374
0.25832825899124146
0.25547757744789124
0.2527466416358948
0.25019127130508423
0.24778176844120026
0.2454451620578766
0.2431122064590454
0.24075394868850708
0.25864824652671814
0.2557606101036072
0.2525951564311981
0.24965454638004303
0.24718061089515686
0.24509616196155548
0.24313703179359436
0.24105548858642578
0.23874536156654358
0.23625752329826355
0.2525539696216583
0.24999098479747772
0.2466888725757599
0.24344220757484436
0.24080727994441986
0.23882143199443817
0.23714956641197205
0.23537860810756683
0.2332765907049179
0.23085902631282806
0.25100985169410706
0.24872124195098877
0.24583286046981812
0.2428637444972992
0.24025385081768036
0.23808683454990387
0.2361433357000351
0.23413391411304474
0.23190151154994965
0.22948810458183289
0.25358518958091736
0.25059717893600464
0.24675416946411133
0.24340449273586273
0.24112500250339508
0.23955246806144714
0.23795239627361298
0.23581862449645996
0.23313671350479126
0.2302580624818802
0.2556084394454956
0.2531372606754303
0.24904443323612213
0.24513699114322662
0.24253466725349426
0.24099823832511902
0.23957599699497223
0.2375148981809616
0.23470984399318695
0.23159915208816528
0.2641080617904663
0.2613397538661957
0.25653091073036194
0.25222545862197876
0.2497529834508896
0.24857033789157867
0.24734948575496674
0.24518583714962006
0.2420676201581955
0.2386474609375
0.2715800404548645
0.26862379908561707
0.26278385519981384
0.2576698362827301
0.2550753355026245
0.25417110323905945
0.2531411051750183
0.25081712007522583
0.2472144514322281
0.2432151585817337
0.28079527616500854
0.27811872959136963
0.27198082208633423
0.26639410853385925
0.26359662413597107
0.26273244619369507
0.26171791553497314
0.25923100113868713
0.25536495447158813
0.251191109418869
0.28591305017471313
0.282444566488266
0.27486467361450195
0.268611878156662
0.26610660552978516
0.2658247947692871
0.2650836110115051
0.2623891830444336
0.2579827904701233
0.25323596596717834
0.3023236095905304
0.3001655340194702
0.29357603192329407
0.2869984209537506
0.283446341753006
0.2823132276535034
0.28130286931991577
0.2787669599056244
0.2745777666568756
0.26980090141296387
0.31005948781967163
0.30671995878219604
0.2989185154438019
0.29204416275024414
0.2888273596763611
0.28792572021484375
0.2866795063018799
0.28356456756591797
0.278812438249588
0.2738006114959717
0.3262384831905365
0.3230094909667969
0.31467053294181824
0.30722537636756897
0.30388402938842773
0.3032554090023041
0.30234768986701965
0.29934173822402954
0.2943423092365265
0.28880906105041504
0.3349587917327881
0.33209115266799927
0.3239271938800812
0.3160637319087982
0.31206634640693665
0.3111131489276886
0.3104378581047058
0.30803003907203674
0.3035959303379059
0.2982487678527832
0.35238292813301086
0.3500114381313324
0.34274157881736755
0.33525538444519043
0.33096492290496826
0.32942625880241394
0.3282177150249481
0.325467586517334
0.32088062167167664
0.31549137830734253
0.3660318851470947
0.3620993494987488
0.3532944321632385
0.34518393874168396
0.34092143177986145
0.33937811851501465
0.3377830982208252
0.3343227803707123
0.3289269506931305
0.3228548765182495
0.37429848313331604
0.3710084557533264
0.36252328753471375
0.3541147708892822
0.3493511974811554
0.34753182530403137
0.345988005399704
0.3427734673023224
0.33762094378471375
0.33164626359939575
0.39238449931144714
0.3888756334781647
0.3802090585231781
0.37157973647117615
0.3664928376674652
0.36438947916030884
0.36277616024017334
0.35970503091812134
0.35471683740615845
0.3486469089984894
0.39349082112312317
0.39059779047966003
0.38378408551216125
0.37613892555236816
0.3705732524394989
0.36736229062080383
0.36493897438049316
0.36172911524772644
0.35715338587760925
0.3516865372657776
0.38133421540260315
0.37733587622642517
0.36975041031837463
0.362305611371994
0.35744407773017883
0.35478150844573975
0.3525342643260956
0.34925612807273865
0.3445633053779602
0.3390597403049469
0.37687554955482483
0.3741081655025482
0.368681937456131
0.3623848557472229
0.3572453260421753
0.35374948382377625
0.35103222727775574
0.34799665212631226
0.34410008788108826
0.3395187556743622
0.38289445638656616
0.37943512201309204
0.3737102150917053
0.367950439453125
0.36372703313827515
0.36088964343070984
0.35834652185440063
0.3551585078239441
0.35109397768974304
0.3465788960456848
0.3813213109970093
0.3783262073993683
0.37281423807144165
0.36713695526123047
0.36303433775901794
0.36042875051498413
0.3581853210926056
0.3552796244621277
0.3513849079608917
0.3468782603740692
0.3833935558795929
0.3803892433643341
0.37487971782684326
0.36895886063575745
0.36438417434692383
0.36125582456588745
0.3585880994796753
0.35541582107543945
0.3514031171798706
0.3468891680240631
0.37804114818573
0.3745408058166504
0.3688561022281647
0.36299142241477966
0.3584943413734436
0.355377733707428
0.3527107536792755
0.34960025548934937
0.34571585059165955
0.34133028984069824
0.3722314238548279
0.3694893717765808
0.3649521768093109
0.3598925769329071
0.355623334646225
0.3524060547351837
0.3496306240558624
0.34655871987342834
0.34286269545555115
0.3387201726436615
0.3681012988090515
0.3648572862148285
0.35949093103408813
0.35412997007369995
0.35017964243888855
0.34747248888015747
0.34501829743385315
0.3419741094112396
0.3381136357784271
0.3338128924369812
0.3646538555622101
0.36201685667037964
0.3571734130382538
0.3518850803375244
0.34772828221321106
0.344876766204834
0.3425122797489166
0.33975887298583984
0.3362457752227783
0.33219483494758606
0.3660188615322113
0.36317679286003113
0.3584827780723572
0.35346660017967224
0.3494420051574707
0.3464891016483307
0.34386226534843445
0.34082916378974915
0.3371540904045105
0.3331272304058075
