[0.46921992]
[0.4672339]
[0.46227875]
[0.4617085]
[0.46130592]
[0.46127334]
[0.45919096]
[0.45657635]
[0.4556553]
[0.4553552]
[0.45284316]
[0.45281714]
[0.45140508]
[0.449153]
[0.447136]
[0.44511425]
[0.44490713]
[0.4448907]
[0.44429305]
[0.43889633]
[0.43087527]
[0.4308239]
[0.43079397]
[0.4306394]
[0.43035346]
[0.43025145]
[0.4299582]
[0.4299582]
[0.42984292]
[0.42984292]
[0.42983714]
[0.4296716]
[0.42944553]
[0.42915136]
[0.42907998]
[0.42862767]
[0.4283552]
[0.42835382]
[0.42819846]
[0.42812577]
[0.42809492]
[0.42706817]
[0.42693034]
[0.42651403]
[0.42626038]
[0.4262304]
[0.42621014]
[0.42618176]
[0.42594618]
[0.42569518]
[0.4255876]
[0.42535505]
[0.42533627]
[0.42529228]
[0.4252049]
[0.42516515]
[0.42502114]
[0.4249196]
[0.42490762]
[0.42490336]
[0.42462936]
[0.4246287]
[0.42451584]
[0.42444247]
[0.42436692]
[0.4243393]
[0.4241364]
[0.42413607]
[0.42387626]
[0.4238453]
[0.42378578]
[0.4235893]
[0.4235222]
[0.4235222]
[0.4235041]
[0.42349216]
[0.42347968]
[0.4234673]
[0.42343137]
[0.42339873]
[0.42339653]
[0.4233247]
[0.42332038]
[0.42320848]
[0.4231085]
[0.4230029]
[0.42298177]
[0.42291093]
[0.42286846]
[0.42285228]
[0.42280868]
[0.42278555]
[0.42275375]
[0.4226728]
[0.42267188]
[0.42262742]
[0.42262742]
[0.42262742]
[0.42258894]
[0.42258894]
[0.42258894]
[0.42258894]
[0.42257896]
[0.4225591]
[0.42255017]
[0.42253754]
[0.4225138]
[0.42250428]
[0.42248845]
[0.42243442]
[0.42238218]
[0.42226803]
[0.42225987]
[0.42222077]
[0.42214835]
[0.42214835]
[0.42214674]
[0.42199266]
[0.42196897]
[0.42183247]
[0.4218123]
[0.42178065]
[0.42178065]
[0.42161158]
[0.42126054]
[0.42123428]
[0.42114085]
[0.42112064]
[0.4208243]
[0.4207005]
[0.42060128]
[0.42056465]
[0.42053604]
[0.42050108]
[0.42048663]
[0.42044863]
[0.4204081]
[0.42040068]
[0.42026088]
[0.41990876]
[0.41988418]
[0.4198262]
[0.41976768]
[0.41973713]
[0.41970834]
[0.41958305]
[0.41958305]
[0.4194992]
[0.41941974]
[0.4194153]
[0.41932344]
[0.4193085]
[0.4192938]
[0.4191947]
[0.41917035]
[0.41915375]
[0.41899648]
[0.4189938]
[0.41898367]
[0.41896015]
[0.41891977]
[0.41891977]
[0.41891977]
[0.41891977]
[0.41890636]
[0.4189042]
[0.41888756]
[0.41884962]
[0.41877565]
[0.41877565]
[0.4187603]
[0.41873372]
[0.41873372]
[0.41873372]
[0.41873372]
[0.41871575]
[0.41870007]
[0.41870007]
[0.41870007]
[0.41870007]
[0.41870007]
[0.41870007]
[0.41870007]
[0.41870007]
[0.41870007]
[0.41870007]
[0.41865468]
[0.41863173]
[0.41861552]
[0.41861552]
[0.41861552]
[0.41861552]
[0.418609]
[0.41860262]
[0.41853842]
[0.4185382]
[0.4185347]
[0.41853207]
[0.41849762]
[0.4184945]
[0.41846848]
[0.41843224]
[0.4183677]
[0.4183369]
[0.418258]
[0.41825527]
[0.41825035]
[0.41823408]
[0.41802317]
[0.41802317]
[0.4177841]
[0.4177701]
[0.4177701]
[0.41774696]
[0.41772625]
[0.4176922]
[0.4176922]
[0.41767263]
[0.41762915]
[0.41760215]
[0.41758683]
[0.41749012]
[0.41741106]
[0.41734567]
[0.41724744]
[0.41714835]
[0.41707796]
[0.41707796]
[0.41707796]
[0.41707796]
[0.41707796]
[0.41702998]
[0.41698566]
[0.41689086]
[0.41684484]
[0.4168426]
[0.41680938]
[0.4167998]
[0.4167687]
[0.41670242]
[0.41661525]
[0.41652235]
[0.41651988]
[0.41645387]
[0.416425]
[0.41639307]
[0.41639307]
[0.41639307]
[0.41639307]
[0.41639307]
[0.41639307]
[0.41639307]
[0.41639307]
[0.41639307]
[0.41639307]
[0.41639167]
[0.41634512]
[0.41629338]
[0.41625232]
[0.41625232]
[0.41624668]
[0.41624668]
[0.41584828]
[0.41584063]
[0.41577244]
[0.41546026]
[0.4153692]
[0.4153692]
[0.41536558]
[0.4153399]
[0.41528437]
[0.4152305]
[0.41510612]
[0.41507533]
[0.41505644]
[0.41492334]
[0.41490155]
[0.41486934]
[0.41485316]
[0.4148284]
[0.4146652]
[0.41459554]
[0.41459554]
[0.41454753]
[0.41448754]
[0.41448244]
[0.41445684]
[0.41440156]
[0.41434285]
[0.41434285]
[0.41432232]
[0.41431153]
[0.4142744]
[0.41427287]
[0.41426224]
[0.41423145]
[0.41417626]
[0.41417038]
[0.41417038]
[0.41417038]
[0.41411927]
[0.4141145]
[0.414059]
[0.41405007]
[0.41403878]
[0.41400176]
[0.413999]
[0.41398633]
[0.41395828]
[0.41393206]
[0.4138724]
[0.41385862]
[0.41385838]
[0.41383854]
[0.413832]
[0.41381437]
[0.41376185]
[0.41375712]
[0.41373333]
[0.41372472]
[0.4137091]
[0.4136479]
[0.4136442]
[0.41364312]
[0.41362476]
[0.41362202]
[0.41361955]
[0.41360915]
[0.41359714]
[0.41359115]
[0.41357222]
[0.41356957]
[0.4135546]
[0.41350847]
[0.41350815]
[0.41350594]
[0.41350594]
[0.4134469]
[0.41343403]
[0.41342023]
[0.41342023]
[0.41339907]
[0.41339907]
[0.41339907]
[0.41339907]
[0.41339907]
[0.41339907]
[0.41339907]
[0.4133862]
[0.41336456]
[0.41335008]
[0.41335008]
[0.41332164]
[0.41327435]
[0.41304138]
[0.41300002]
[0.4129129]
[0.41282377]
[0.41282377]
[0.41280723]
[0.41280684]
[0.41280058]
[0.41280058]
[0.41278493]
[0.41273615]
[0.412735]
[0.4127156]
[0.4127105]
[0.4126253]
[0.4126167]
[0.41255045]
[0.41254753]
[0.4125382]
[0.41250858]
[0.41250294]
[0.41250294]
[0.41236266]
[0.41222423]
[0.41222245]
[0.4120947]
[0.41205648]
[0.4119133]
[0.41184127]
[0.41183245]
[0.4118291]
[0.4117374]
[0.4117181]
[0.41168153]
[0.41166574]
[0.41166535]
[0.4116621]
[0.41165417]
[0.41163006]
[0.41163006]
[0.41163006]
[0.41162762]
[0.41161075]
[0.4115945]
[0.41157135]
[0.41155207]
[0.41154596]
[0.4115423]
[0.4115246]
[0.41151395]
[0.41147837]
[0.4114694]
[0.4114458]
[0.41143814]
[0.4113335]
[0.41131014]
[0.41122958]
[0.4111718]
[0.4111698]
[0.4111698]
[0.4111698]
[0.41114187]
[0.4110841]
[0.41098842]
[0.4108963]
[0.4108963]
[0.4108963]
[0.4108963]
[0.4108963]
[0.4108963]
[0.4108963]
[0.41089383]
[0.41085204]
[0.41080523]
[0.41078648]
[0.41077226]
[0.4107063]
[0.41062608]
[0.41057456]
[0.41056433]
[0.41047776]
[0.41034263]
[0.4103379]
[0.41025403]
[0.4102189]
[0.41013527]
[0.4101296]
[0.41010153]
[0.41008055]
[0.41006067]
[0.40993676]
[0.40980285]
[0.4097732]
[0.409636]
[0.40961793]
[0.40961564]
[0.40956244]
[0.40952417]
[0.40951207]
[0.40951207]
[0.40951207]
[0.40951207]
[0.40951207]
[0.40951207]
[0.40950862]
[0.4094683]
[0.40943462]
[0.40940797]
[0.40939686]
[0.40939686]
[0.40935466]
[0.4093321]
[0.40930948]
[0.40930924]
[0.40930733]
[0.40930343]
[0.4092877]
[0.4092599]
[0.4092489]
[0.40917128]
[0.40917128]
[0.40917128]
[0.40915763]
[0.40905657]
[0.409028]
[0.4089828]
[0.4089729]
[0.40895867]
[0.40893608]
[0.4088206]
[0.4088206]
[0.4088206]
[0.40877473]
[0.40868062]
[0.40862015]
[0.40852556]
[0.40851536]
[0.40851375]
[0.40849707]
[0.40849707]
[0.40849707]
[0.40840414]
[0.40830377]
[0.40809706]
[0.40809706]
[0.40804127]
[0.4079058]
[0.4079058]
[0.4079058]
[0.4079058]
[0.40787864]
[0.40775773]
[0.40775082]
[0.4076118]
[0.4075397]
[0.4075397]
[0.40746748]
[0.40745214]
[0.40735707]
[0.4073435]
[0.40710273]
[0.40709457]
[0.40669996]
[0.4064648]
[0.4063796]
[0.4063697]
[0.4063697]
[0.4063697]
[0.4063697]
[0.40633324]
[0.40538964]
[0.40536368]
[0.40536368]
[0.40536368]
[0.4050176]
[0.40494725]
[0.4049121]
[0.40479267]
[0.4047344]
[0.40464687]
[0.40460572]
[0.4044722]
[0.4044556]
[0.40437028]
[0.40436146]
[0.40426785]
[0.40426785]
[0.40426785]
[0.40426785]
[0.40426785]
[0.40426785]
[0.40426785]
[0.40426785]
[0.40426785]
[0.40426785]
[0.40426785]
[0.40426785]
[0.40426785]
[0.40426785]
[0.40426785]
[0.40426785]
[0.40426785]
[0.40426785]
[0.40426785]
[0.40426785]
[0.40426785]
[0.40426785]
[0.40420115]
[0.40419877]
[0.4041959]
[0.40414837]
[0.40407935]
[0.40407276]
[0.40399995]
[0.4039931]
[0.4039]
[0.40386787]
[0.40386364]
[0.4038176]
[0.40375832]
[0.40284228]
[0.4022538]
[0.40156394]
[0.40144986]
[0.4012769]
[0.39985764]
[0.39976963]
[0.39976963]
[0.39976963]
[0.39976963]
[0.39819318]
[0.39662802]
[0.3965511]
[0.39633322]
[0.3962096]
[0.39616722]
[0.39611393]
[0.39609528]
[0.3960419]
[0.39603668]
[0.395691]
[0.39568087]
[0.3956427]
[0.3956321]
[0.39560965]
[0.39551955]
[0.3954555]
[0.39538327]
[0.39536792]
[0.39536172]
[0.39535546]
[0.3953039]
[0.3952686]
[0.39521495]
[0.39519566]
[0.3951695]
[0.39516377]
[0.39515176]
[0.39509076]
[0.39505532]
[0.39500606]
[0.39498875]
[0.39493117]
[0.39490345]
[0.39484754]
[0.39483774]
[0.3948367]
[0.39483514]
[0.39483055]
[0.39479083]
[0.39477348]
[0.39470538]
[0.3946969]
[0.39467147]
[0.39464417]
[0.39455563]
[0.39452428]
[0.39451504]
[0.3944366]
[0.39438918]
[0.39435062]
[0.39434534]
[0.3942761]
[0.39423513]
[0.3941697]
[0.3941301]
[0.3941034]
[0.39409077]
[0.39406413]
[0.39405885]
[0.39405024]
[0.39403364]
[0.3940161]
[0.39400434]
[0.39398658]
[0.3939568]
[0.39392135]
[0.39379802]
[0.39371544]
[0.39362505]
[0.39357564]
[0.39357015]
[0.39354113]
[0.39353707]
[0.3935292]
[0.39349875]
[0.39344615]
[0.39344347]
[0.39343455]
[0.39343455]
[0.39342898]
[0.3934087]
[0.39340132]
[0.39340132]
[0.39337364]
[0.39337364]
[0.3933187]
[0.39317143]
[0.39316455]
[0.39313656]
[0.39312366]
[0.39311618]
[0.39310995]
[0.3930749]
[0.39303842]
[0.39303842]
[0.39303842]
[0.39300838]
[0.39299315]
[0.3929815]
[0.39294922]
[0.39291114]
[0.39290392]
[0.39288855]
[0.3928258]
[0.39263245]
[0.39260945]
[0.39258578]
[0.3925815]
[0.39251563]
[0.39249477]
[0.39244723]
[0.3923903]
[0.3923851]
[0.39236388]
[0.39230388]
[0.39230022]
[0.39226145]
[0.39224344]
[0.39223048]
[0.39220184]
[0.39217752]
[0.39216843]
[0.39212215]
[0.3920893]
[0.39208373]
[0.3920823]
[0.3920536]
[0.39203653]
[0.39203236]
[0.3920086]
[0.39200392]
[0.3919988]
[0.39199468]
[0.39199036]
[0.39197722]
[0.39195645]
[0.39195645]
[0.39188993]
[0.3918476]
[0.3918422]
[0.3918396]
[0.39183202]
[0.39180505]
[0.3917673]
[0.391757]
[0.39175022]
[0.39174604]
[0.39169273]
[0.39167684]
[0.39164352]
[0.39162934]
[0.39162838]
[0.39162558]
[0.3916244]
[0.39162412]
[0.39160725]
[0.39159635]
[0.39158714]
[0.39157555]
[0.39155707]
[0.3915068]
[0.39150545]
[0.3914962]
[0.3914746]
[0.39147076]
[0.39145458]
[0.39145082]
[0.39143106]
[0.39142513]
[0.39139858]
[0.3913926]
[0.39138463]
[0.39137915]
[0.39132953]
[0.39125362]
[0.39124554]
[0.391215]
[0.391215]
[0.3912112]
[0.39121032]
[0.3911558]
[0.3911558]
[0.3911558]
[0.3911342]
[0.39111507]
[0.3910939]
[0.39107317]
[0.3910566]
[0.39103907]
[0.39103907]
[0.3910333]
[0.39099765]
[0.3909745]
[0.3909689]
[0.39091882]
[0.3909046]
[0.39089492]
[0.39087182]
[0.39086336]
[0.39085892]
[0.39080685]
[0.39079046]
[0.39076966]
[0.39076453]
[0.3907489]
[0.39074787]
[0.39073184]
[0.39072493]
[0.39072108]
[0.39071453]
[0.3906866]
[0.39068025]
[0.39067575]
[0.39067304]
[0.3906673]
[0.39061987]
[0.3906149]
[0.3906149]
[0.39060363]
[0.39060006]
[0.39059505]
[0.3905712]
[0.39057]
[0.39054397]
[0.3905309]
[0.3905296]
[0.39051902]
[0.39050645]
[0.39050597]
[0.39046922]
[0.39044687]
[0.39043128]
[0.3904004]
[0.39038482]
[0.39036897]
[0.39035895]
[0.39032364]
[0.39029512]
[0.3902807]
[0.39026397]
[0.39025217]
[0.39024737]
[0.3902406]
[0.39022782]
[0.39021814]
[0.39020374]
[0.39020345]
[0.39016804]
[0.3901596]
[0.39014494]
[0.39009425]
[0.39007863]
[0.39005217]
[0.39003694]
[0.39003327]
[0.38998532]
[0.38998273]
[0.38994873]
[0.38994408]
[0.38994017]
[0.38993984]
[0.38992813]
[0.3899058]
[0.38990197]
[0.38990197]
[0.38990197]
[0.3899008]
[0.38986966]
[0.3897675]
[0.38976213]
[0.3897546]
[0.38975173]
[0.3896948]
[0.38964087]
[0.38962892]
[0.38957798]
[0.389574]
[0.389574]
[0.38955155]
[0.38950136]
[0.38949668]
[0.3894898]
[0.3894814]
[0.38946614]
[0.3894377]
[0.38938457]
[0.38938245]
[0.38938078]
[0.3893642]
[0.38934875]
[0.3893464]
[0.38934407]
[0.38933316]
[0.3893327]
[0.3893168]
[0.38930306]
[0.3893004]
[0.3892772]
[0.3892415]
[0.38919014]
[0.38918573]
[0.3891751]
[0.38915703]
[0.38915557]
[0.3891521]
[0.38913748]
[0.38912347]
[0.38911003]
[0.3891043]
[0.38908875]
[0.3890836]
[0.38907713]
[0.3890438]
[0.38903147]
[0.38901857]
[0.38899532]
[0.38899007]
[0.38897008]
[0.38896346]
[0.38895965]
[0.3889543]
[0.3889521]
[0.38894573]
[0.3889444]
[0.38894087]
[0.38891825]
[0.38889372]
[0.38889217]
[0.38889217]
[0.38888526]
[0.38887963]
[0.38880947]
[0.38880494]
[0.38880432]
[0.38878787]
[0.38878307]
[0.38878137]
[0.3887781]
[0.38877496]
[0.38874775]
[0.38874713]
[0.38873547]
[0.38871765]
[0.38870412]
[0.38868538]
[0.38868278]
[0.38868257]
[0.3886775]
[0.38864642]
[0.3886392]
[0.38863504]
[0.38862047]
[0.38861206]
[0.38860732]
[0.38860732]
[0.38860098]
[0.38859266]
[0.38858023]
[0.3885766]
[0.38856703]
[0.38855746]
[0.3885508]
[0.38854274]
[0.38853538]
[0.3885213]
[0.38850212]
[0.38847703]
[0.3884728]
[0.38844264]
[0.3884375]
[0.38841817]
[0.38841635]
[0.3883993]
[0.38838667]
[0.38836667]
[0.38836414]
[0.38836122]
[0.3883479]
[0.388342]
[0.388331]
[0.38832775]
[0.3883228]
[0.38831365]
[0.38830057]
[0.3882972]
[0.38829648]
[0.38829097]
[0.3882831]
[0.3882828]
[0.38827598]
[0.38826758]
[0.38826236]
[0.38824925]
[0.38824186]
[0.3882409]
[0.3882351]
[0.38823193]
[0.38820755]
[0.38820386]
[0.38819388]
[0.38816237]
[0.3881557]
[0.38815498]
[0.38814205]
[0.38814104]
[0.38811344]
[0.3881082]
[0.3881082]
[0.3881057]
[0.38810214]
[0.38810053]
[0.3880976]
[0.38809577]
[0.3880898]
[0.38808963]
[0.38808635]
[0.3880791]
[0.38807833]
[0.38806224]
[0.3880527]
[0.38804364]
[0.3880386]
[0.38803437]
[0.38802463]
[0.3880041]
[0.38799906]
[0.38799477]
[0.38799432]
[0.38799354]
[0.38798815]
[0.38797408]
[0.38796824]
[0.3879666]
[0.387965]
[0.38795644]
[0.38793895]
[0.3879384]
[0.38791764]
[0.38791668]
[0.38791668]
[0.38791668]
[0.38791668]
[0.38791668]
[0.38790914]
[0.38789788]
[0.3878958]
[0.38789076]
[0.3878873]
[0.3878752]
[0.3878711]
[0.3878702]
[0.38786846]
[0.3878569]
[0.38784966]
[0.387847]
[0.387847]
[0.38784525]
[0.38783804]
[0.38783723]
[0.3878285]
[0.38782123]
[0.38782123]
[0.38782123]
[0.38782123]
[0.38782123]
[0.38781503]
[0.38781095]
[0.38780397]
[0.3877917]
[0.3877917]
[0.3877917]
[0.38778952]
[0.38778606]
[0.38778526]
[0.38777795]
[0.3877749]
[0.38777474]
[0.387758]
[0.38774422]
[0.387739]
[0.387739]
[0.387739]
[0.38773865]
[0.38773564]
[0.38773113]
[0.38772088]
[0.3877102]
[0.38769507]
[0.38768762]
[0.3876842]
[0.38768387]
[0.38768005]
[0.387679]
[0.38767484]
[0.38766998]
[0.38766998]
[0.38766268]
[0.3876602]
[0.38765904]
[0.38765803]
[0.38765594]
[0.38764846]
[0.3876441]
[0.38760644]
[0.38760644]
[0.38760644]
[0.38760644]
[0.38760415]
[0.3875886]
[0.3875886]
[0.3875886]
[0.3875886]
[0.3875886]
[0.3875886]
[0.38758105]
[0.3875734]
[0.3875386]
[0.38753295]
[0.3875275]
[0.3875275]
[0.38752738]
[0.3875257]
[0.38751766]
[0.3875157]
[0.3875157]
[0.3875157]
[0.3875157]
[0.3875157]
[0.38751227]
[0.38751227]
[0.38751227]
[0.38751227]
[0.38751227]
[0.38751227]
[0.38751227]
[0.3875061]
[0.3874899]
[0.38747445]
[0.38746947]
[0.387465]
[0.387465]
[0.387465]
[0.38745534]
[0.387448]
[0.38744435]
[0.3874365]
[0.3874365]
[0.3874365]
[0.3874365]
[0.38743055]
[0.38739988]
[0.38739485]
[0.38739136]
[0.38738906]
[0.38738906]
[0.38738406]
[0.38738233]
[0.38736913]
[0.38735196]
[0.38733947]
[0.38733947]
[0.38733155]
[0.3873236]
[0.3872949]
[0.3872896]
[0.3872846]
[0.3872837]
[0.38727647]
[0.38727352]
[0.38727146]
[0.38727146]
[0.38726804]
[0.38726804]
[0.38726804]
[0.38726804]
[0.38726804]
[0.38726166]
[0.38726124]
[0.38725802]
[0.38725215]
[0.38722906]
[0.3872266]
[0.3872266]
[0.3872266]
[0.38722125]
[0.38721937]
[0.38721675]
[0.38721675]
[0.38721675]
[0.38721675]
[0.38721675]
[0.3872151]
[0.38720965]
[0.3872086]
[0.38720572]
[0.38720474]
[0.38720208]
[0.38719445]
[0.38719377]
[0.38719374]
[0.38717774]
[0.38717657]
[0.3871698]
[0.3871685]
[0.3871658]
[0.3871658]
[0.3871658]
[0.3871658]
[0.3871658]
[0.3871658]
[0.3871658]
[0.3871658]
[0.3871658]
[0.38715667]
[0.38715667]
[0.3871552]
[0.38715407]
[0.3871527]
[0.38713726]
[0.3871308]
[0.38712227]
[0.3870982]
[0.3870982]
[0.3870982]
[0.3870982]
[0.3870982]
[0.3870982]
[0.3870982]
[0.3870982]
[0.3870982]
[0.3870982]
[0.3870982]
[0.3870982]
[0.38708946]
[0.3870849]
[0.3870849]
[0.3870849]
[0.3870849]
[0.38708428]
[0.38708353]
[0.38707647]
[0.38706782]
[0.38706416]
[0.38706008]
[0.38706008]
[0.38706008]
[0.38705695]
[0.38705695]
[0.38705695]
[0.38705418]
[0.38705418]
[0.38705418]
[0.38705418]
[0.38705418]
[0.38705418]
[0.38705418]
[0.38705418]
[0.38705418]
[0.38705418]
[0.38703096]
[0.38702887]
[0.387024]
[0.387011]
[0.38700774]
[0.38699993]
[0.38698938]
[0.38698593]
[0.38698047]
[0.3869782]
[0.38697723]
[0.38696375]
[0.38694865]
[0.38693997]
[0.3869397]
[0.38692412]
[0.38692346]
[0.38691646]
[0.38691646]
[0.38691646]
[0.38691646]
[0.38691208]
[0.38689956]
[0.38688383]
[0.38688383]
[0.38688383]
[0.3868731]
[0.38687032]
[0.38685015]
[0.38685015]
[0.38685015]
[0.38684863]
[0.38684145]
[0.38684145]
[0.38684145]
[0.3868304]
[0.38682103]
[0.3868188]
[0.38681823]
[0.38681775]
[0.38681626]
[0.38681412]
[0.3867978]
[0.38679636]
[0.38679633]
[0.3867926]
[0.38678932]
[0.38678682]
[0.38678682]
[0.38678682]
[0.38678682]
[0.38678488]
[0.38677502]
[0.38677424]
[0.38677275]
[0.38676965]
[0.38676468]
[0.3867635]
[0.38676333]
[0.38675964]
[0.38674688]
[0.38674673]
[0.38673824]
[0.38672453]
[0.38672453]
[0.38672364]
[0.38672203]
[0.38671637]
[0.38671437]
[0.38671437]
[0.38671437]
[0.38671437]
[0.38671437]
[0.38671216]
[0.38670462]
[0.38670462]
[0.3867035]
[0.38667986]
[0.3866726]
[0.38666874]
[0.38666874]
[0.38666874]
[0.38666874]
[0.38666373]
[0.38666332]
[0.38665873]
[0.38665348]
[0.38665104]
[0.38663685]
[0.3866368]
[0.38662502]
[0.38662502]
[0.38662502]
[0.38662502]
[0.38662404]
[0.38661507]
[0.38661507]
[0.38660112]
[0.38658765]
[0.38658762]
[0.38657328]
[0.3865721]
[0.3865654]
[0.38656485]
[0.3865544]
[0.3865544]
[0.3865544]
[0.3865544]
[0.3865544]
[0.3865544]
[0.3865544]
[0.3865544]
[0.3865544]
[0.3865544]
[0.3865544]
[0.38655156]
[0.38652697]
[0.386526]
[0.386526]
[0.386526]
[0.38652346]
[0.38651866]
[0.38651866]
[0.38651702]
[0.38651702]
[0.38651678]
[0.38651636]
[0.38651636]
[0.38650283]
[0.386495]
[0.3864918]
[0.38648432]
[0.3864752]
[0.3864648]
[0.38645247]
[0.38645118]
[0.3864304]
[0.38642427]
[0.3864225]
[0.38642043]
[0.3864193]
[0.3864193]
[0.3864193]
[0.3864193]
[0.3864193]
[0.3864149]
[0.3864149]
[0.3864104]
[0.3864104]
[0.38639536]
[0.38638082]
[0.38637954]
[0.38636178]
[0.38635588]
[0.38635066]
[0.38634983]
[0.38634983]
[0.38634312]
[0.38634312]
[0.38634312]
[0.38634312]
[0.38634312]
[0.3863282]
[0.38632116]
[0.386319]
[0.386319]
[0.38631773]
[0.38631612]
[0.3863083]
[0.38630542]
[0.38630012]
[0.38629398]
[0.38629138]
[0.38628918]
[0.38628286]
[0.38627857]
[0.3862658]
[0.38626075]
[0.38625824]
[0.38625774]
[0.38625774]
[0.3862476]
[0.3862476]
[0.3862476]
[0.3862476]
[0.3862454]
[0.386243]
[0.38624096]
[0.3862381]
[0.38623014]
[0.3862282]
[0.3862282]
[0.3862282]
[0.3862282]
[0.3862282]
[0.3862282]
[0.3862282]
[0.3862282]
[0.3862282]
[0.3862282]
[0.3862282]
[0.3862282]
[0.3862282]
[0.3862282]
[0.3862282]
[0.3862282]
[0.3862282]
[0.38621485]
[0.38621485]
[0.38621485]
[0.38621485]
[0.38621485]
[0.38621232]
[0.386207]
[0.386207]
[0.3862016]
[0.38620004]
[0.38618693]
[0.38618207]
[0.3861717]
[0.3861706]
[0.38616863]
[0.38616452]
[0.3861553]
[0.38615006]
[0.38613105]
[0.38611886]
[0.38611886]
[0.38611886]
[0.38611886]
[0.38611886]
[0.38611826]
[0.38611826]
[0.38611826]
[0.38611826]
[0.38611826]
[0.38611826]
[0.3860996]
[0.38608587]
[0.38608545]
[0.38606134]
[0.386059]
[0.38605803]
[0.38605216]
[0.3860476]
[0.3860391]
[0.38603693]
[0.3860262]
[0.38602012]
[0.3860195]
[0.38601795]
[0.38601068]
[0.38600734]
[0.3860044]
[0.38600364]
[0.38600364]
[0.38600364]
[0.38600364]
[0.38600364]
[0.38599887]
[0.38598332]
[0.38598213]
[0.38597167]
[0.38597167]
[0.38597167]
[0.38596648]
[0.38596648]
[0.38596648]
[0.38596648]
[0.38596648]
[0.38596648]
[0.38596648]
[0.38596648]
[0.38596648]
[0.38596648]
[0.38596648]
[0.38596648]
[0.38596648]
[0.38596636]
[0.3859605]
[0.38595477]
[0.38595292]
[0.38592106]
[0.3859143]
[0.38591188]
[0.38590613]
[0.38589397]
[0.38589206]
[0.38586912]
[0.38586167]
[0.38585818]
[0.3858496]
[0.3858432]
[0.3858381]
[0.38583574]
[0.38583165]
[0.38582498]
[0.38582218]
[0.38582218]
[0.38582218]
[0.3858182]
[0.38581607]
[0.38581607]
[0.38581315]
[0.38581276]
[0.38580084]
[0.38579297]
[0.385782]
[0.38577393]
[0.38576868]
[0.38575152]
[0.38574556]
[0.38574216]
[0.38574216]
[0.38574216]
[0.38574216]
[0.38574037]
[0.38572705]
[0.38572323]
[0.38572288]
[0.3857161]
[0.38571584]
[0.3857102]
[0.38570365]
[0.3856958]
[0.3856922]
[0.3856818]
[0.38568178]
[0.38566822]
[0.3856668]
[0.3856668]
[0.3856668]
[0.3856668]
[0.3856668]
[0.3856668]
[0.38566557]
[0.38566512]
[0.38565937]
[0.38565817]
[0.38565716]
[0.38565305]
[0.38564456]
[0.38563925]
[0.38563588]
[0.3856144]
[0.38560805]
[0.38560647]
[0.3855969]
[0.3855968]
[0.38558698]
[0.38557804]
[0.38557804]
[0.38557523]
[0.38557404]
[0.3855672]
[0.3855662]
[0.3855662]
[0.3855662]
[0.3855662]
[0.3855662]
[0.3855621]
[0.38555756]
[0.38555202]
[0.38555202]
[0.38554895]
[0.38554895]
[0.38553846]
[0.38553587]
[0.3855357]
[0.3855357]
[0.3855352]
[0.3855333]
[0.38553265]
[0.3855291]
[0.38552815]
[0.38551807]
[0.38551196]
[0.38551092]
[0.38550043]
[0.38549823]
[0.3854975]
[0.3854971]
[0.3854885]
[0.38547772]
[0.3854623]
[0.38545445]
[0.38545445]
[0.38543814]
[0.38543186]
[0.38543186]
[0.3854312]
[0.38542038]
[0.38542038]
[0.38542038]
[0.38542038]
[0.38542038]
[0.38542038]
[0.38542038]
[0.38542038]
[0.38542008]
[0.38541988]
[0.38541797]
[0.3854152]
[0.3854077]
[0.3854027]
[0.38540173]
[0.38540027]
[0.38539904]
[0.3853924]
[0.38539082]
[0.385389]
[0.38538367]
[0.3853824]
[0.38537514]
[0.38537487]
[0.38536307]
[0.3853606]
[0.38535053]
[0.3853395]
[0.3853395]
[0.3853395]
[0.3853395]
[0.38533783]
[0.38533336]
[0.38533178]
[0.38532767]
[0.38530564]
[0.38530275]
[0.38527924]
[0.38527924]
[0.38527924]
[0.38527924]
[0.38527924]
[0.38527924]
[0.38527924]
[0.385275]
[0.38526258]
[0.38525942]
[0.38525754]
[0.38525736]
[0.3852508]
[0.3852428]
[0.38523582]
[0.3852293]
[0.38521615]
[0.38521287]
[0.38521287]
[0.38521287]
[0.3852124]
[0.38520887]
[0.38520613]
[0.38520515]
[0.38518295]
[0.38516957]
[0.3851607]
[0.38516062]
[0.38516062]
[0.38516062]
[0.38516062]
[0.3851514]
[0.38514516]
[0.38514134]
[0.3851366]
[0.38513446]
[0.38513172]
[0.38513172]
[0.38512662]
[0.38512367]
[0.38511574]
[0.38511524]
[0.38511363]
[0.38510972]
[0.38510916]
[0.38510156]
[0.38510093]
[0.38509962]
[0.38509476]
[0.38509396]
[0.38509387]
[0.38509387]
[0.3850917]
[0.3850917]
[0.3850917]
[0.3850917]
[0.38508746]
[0.38508633]
[0.38508463]
[0.3850823]
[0.3850823]
[0.385079]
[0.38506848]
[0.38505578]
[0.38504675]
[0.38503224]
[0.3850273]
[0.3850104]
[0.38500988]
[0.3850048]
[0.3849938]
[0.3849894]
[0.38497862]
[0.38497633]
[0.3849725]
[0.38496795]
[0.38496163]
[0.38496056]
[0.38495424]
[0.38494262]
[0.38494122]
[0.3849381]
[0.38493478]
[0.38493252]
[0.38493246]
[0.3849198]
[0.38491866]
[0.3849133]
[0.384909]
[0.38490584]
[0.38489825]
[0.38489267]
[0.3848912]
[0.3848877]
[0.38488618]
[0.3848832]
[0.38488063]
[0.38487634]
[0.38487378]
[0.38487345]
[0.38486683]
[0.38486665]
[0.38485834]
[0.384854]
[0.3848484]
[0.38484788]
[0.38484776]
[0.38484126]
[0.38484126]
[0.3848405]
[0.38483667]
[0.38483647]
[0.38483506]
[0.38482645]
[0.38482577]
[0.38481832]
[0.3848104]
[0.38480136]
[0.38480136]
[0.38480136]
[0.38478553]
[0.3847836]
[0.38478172]
[0.38478088]
[0.38477516]
[0.38477206]
[0.3847702]
[0.3847654]
[0.38476527]
[0.3847638]
[0.38476112]
[0.38475943]
[0.38475734]
[0.38475734]
[0.38475466]
[0.38475293]
[0.38475108]
[0.38475096]
[0.38475096]
[0.38475096]
[0.38475096]
[0.38475096]
[0.38475096]
[0.38475096]
[0.3847475]
[0.38474593]
[0.38473395]
[0.38473395]
[0.38473266]
[0.38473102]
[0.38472992]
[0.38471916]
[0.3847179]
[0.38471743]
[0.38470712]
[0.3846969]
[0.3846959]
[0.38469425]
[0.3846882]
[0.38468412]
[0.38467556]
[0.38466978]
[0.38466802]
[0.38466352]
[0.38466236]
[0.38466033]
[0.3846595]
[0.38465512]
[0.38465402]
[0.38464347]
[0.38463834]
[0.38463393]
[0.38463283]
[0.38462996]
[0.3846257]
[0.384625]
[0.38462216]
[0.38460714]
[0.3846061]
[0.38460022]
[0.38459462]
[0.3845884]
[0.38458824]
[0.3845862]
[0.38458028]
[0.38457632]
[0.3845754]
[0.38457343]
[0.3845706]
[0.3845695]
[0.38456646]
[0.38456288]
[0.38456112]
[0.3845578]
[0.38455373]
[0.3845482]
[0.38454008]
[0.38453507]
[0.38453493]
[0.3845318]
[0.38452616]
[0.3845237]
[0.38452345]
[0.3845068]
[0.38450536]
[0.38450265]
[0.38450024]
[0.38450024]
[0.38449863]
[0.3844955]
[0.3844934]
[0.38448623]
[0.3844797]
[0.38447106]
[0.3844695]
[0.38446498]
[0.384461]
[0.384461]
[0.384461]
[0.384461]
[0.384461]
[0.384461]
[0.384461]
[0.384461]
[0.38445556]
[0.38445547]
[0.38445547]
[0.38445547]
[0.38445547]
[0.3844481]
[0.3844481]
[0.3844481]
[0.3844481]
[0.3844481]
[0.3844481]
[0.3844481]
[0.3844481]
[0.3844481]
[0.3844481]
[0.3844481]
[0.3844481]
[0.3844481]
[0.3844481]
[0.3844481]
[0.38444248]
[0.3844392]
[0.38442022]
[0.38441637]
[0.38440967]
[0.38440967]
[0.38440967]
[0.38440967]
[0.38440967]
[0.384396]
[0.38439497]
[0.38439342]
[0.3843918]
[0.3843918]
[0.38439175]
[0.3843767]
[0.38436127]
[0.3843602]
[0.3843602]
[0.3843602]
[0.3843602]
[0.38435993]
[0.38434654]
[0.3843453]
[0.38434422]
[0.384344]
[0.38434035]
[0.38433972]
[0.38433215]
[0.38432312]
[0.38431716]
[0.38431376]
[0.38431376]
[0.38430882]
[0.38430673]
[0.38430643]
[0.3843004]
[0.3842993]
[0.38428983]
[0.38428578]
[0.38428578]
[0.38428333]
[0.38428125]
[0.38428053]
[0.3842786]
[0.38427207]
[0.38426107]
[0.38426018]
[0.38425517]
[0.38424775]
[0.38424575]
[0.38424534]
[0.38424468]
[0.3842419]
[0.38424143]
[0.38423532]
[0.38423195]
[0.3842307]
[0.3842303]
[0.38422948]
[0.3842281]
[0.3842281]
[0.38422573]
[0.3842248]
[0.384221]
[0.38422078]
[0.3842147]
[0.3842147]
[0.3842147]
[0.3842147]
[0.3842147]
[0.3842147]
[0.3842147]
[0.38421234]
[0.38421223]
[0.38420853]
[0.38420725]
[0.38420725]
[0.38420725]
[0.3842036]
[0.3842022]
[0.38419116]
[0.38419116]
[0.38418552]
[0.38417932]
[0.384177]
[0.38416842]
[0.3841678]
[0.38416323]
[0.38416305]
[0.38416153]
[0.38415277]
[0.38415265]
[0.38415262]
[0.3841415]
[0.38413993]
[0.38413733]
[0.38413718]
[0.3841362]
[0.3841274]
[0.3841241]
[0.38411918]
[0.38410652]
[0.384106]
[0.38410595]
[0.3841026]
[0.38409656]
[0.3840949]
[0.3840921]
[0.38409153]
[0.38409108]
[0.38408393]
[0.38408336]
[0.38408336]
[0.38408336]
[0.38408336]
[0.38408336]
[0.3840789]
[0.38407496]
[0.38407063]
[0.38406453]
[0.3840628]
[0.38405734]
[0.3840573]
[0.3840573]
[0.3840573]
[0.3840573]
[0.3840573]
[0.3840562]
[0.3840411]
[0.3840382]
[0.3840382]
[0.3840382]
[0.3840382]
[0.3840382]
[0.3840382]
[0.3840382]
[0.3840382]
[0.3840382]
[0.38403058]
[0.38402715]
[0.38402364]
[0.3840233]
[0.38401684]
[0.3840138]
[0.38401216]
[0.3840098]
[0.38400838]
[0.3840079]
[0.3840079]
[0.3840064]
[0.38400424]
[0.3840007]
[0.3840001]
[0.38399947]
[0.38399905]
[0.38399905]
[0.38399905]
[0.38399905]
[0.38399905]
[0.38399905]
[0.38399905]
[0.38399905]
[0.38399905]
[0.38399905]
[0.3839987]
[0.38399792]
[0.3839978]
[0.38399214]
[0.38398957]
[0.3839886]
[0.38398638]
[0.38397953]
[0.3839772]
[0.3839701]
[0.38396817]
[0.38396817]
[0.38396734]
[0.38396543]
[0.3839648]
[0.3839643]
[0.38396126]
[0.3839598]
[0.38395604]
[0.38395485]
[0.383954]
[0.38395244]
[0.38395187]
[0.3839512]
[0.38394153]
[0.38394082]
[0.38392177]
[0.38392177]
[0.38392177]
[0.38392115]
[0.38392076]
[0.38391924]
[0.38390955]
[0.38390636]
[0.38390636]
[0.3838988]
[0.38389403]
[0.38389274]
[0.38389155]
[0.38388854]
[0.383888]
[0.38388038]
[0.38387737]
[0.38387483]
[0.38387316]
[0.38386825]
[0.38386142]
[0.38385656]
[0.38385656]
[0.38385656]
[0.38385656]
[0.38385653]
[0.38385567]
[0.38385475]
[0.38385412]
[0.3838483]
[0.3838461]
[0.38384527]
[0.3838427]
[0.38384095]
[0.38383588]
[0.38383391]
[0.3838321]
[0.3838308]
[0.3838308]
[0.3838308]
[0.3838308]
[0.3838308]
[0.38383034]
[0.38382974]
[0.3838282]
[0.38382325]
[0.38381946]
[0.38381946]
[0.38381946]
[0.38381842]
[0.38381618]
[0.38381618]
[0.38381618]
[0.38381618]
[0.38381618]
[0.38381618]
[0.38381478]
[0.3838127]
[0.38380542]
[0.3838024]
[0.38380057]
[0.3837958]
[0.38379285]
[0.38379243]
[0.38378933]
[0.38378885]
[0.38377824]
[0.3837774]
[0.3837764]
[0.3837734]
[0.38377273]
[0.38377246]
[0.38376078]
[0.38376054]
[0.38376006]
[0.3837531]
[0.3837531]
[0.3837497]
[0.3837449]
[0.38373935]
[0.3837384]
[0.38373342]
[0.38372988]
[0.38372743]
[0.38372424]
[0.38372397]
[0.3837219]
[0.3837219]
[0.38370803]
[0.38370803]
[0.38370803]
[0.3837074]
[0.3837025]
[0.38369596]
[0.38368863]
[0.3836841]
[0.38368028]
[0.38367528]
[0.38367105]
[0.3836676]
[0.38365927]
[0.38365862]
[0.38365686]
[0.38365635]
[0.38365427]
[0.38365427]
[0.38365427]
[0.3836522]
[0.38364303]
[0.38364285]
[0.3836407]
[0.38363862]
[0.38363817]
[0.38363788]
[0.38363305]
[0.38361725]
[0.38361672]
[0.38361573]
[0.38361475]
[0.38361216]
[0.38361132]
[0.38361055]
[0.38360816]
[0.38360816]
[0.38360772]
[0.38360408]
[0.38360405]
[0.3836035]
[0.38359973]
[0.38359672]
[0.38359025]
[0.38359025]
[0.38359025]
[0.38359025]
[0.38359025]
[0.38359025]
[0.38359025]
[0.38359025]
[0.38359025]
[0.38359025]
[0.38359025]
[0.38359025]
[0.38359025]
[0.38359025]
[0.38358605]
[0.38358226]
[0.38358197]
[0.38356212]
[0.38355932]
[0.38355866]
[0.3835573]
[0.3835509]
[0.38354942]
[0.38354853]
[0.38354412]
[0.38354412]
[0.38354412]
[0.38354412]
[0.38354027]
[0.38354027]
[0.38354027]
[0.383531]
[0.38353038]
[0.38352606]
[0.38352412]
[0.3835173]
[0.38351464]
[0.383504]
[0.38349727]
[0.38348556]
[0.38348237]
[0.38348237]
[0.38348237]
[0.38348237]
[0.38348237]
[0.38348055]
[0.38347706]
[0.38347676]
[0.38347608]
[0.3834733]
[0.3834685]
[0.3834685]
[0.38346744]
[0.38346738]
[0.3834636]
[0.3834574]
[0.38345432]
[0.38344073]
[0.38343856]
[0.38343856]
[0.38343593]
[0.38343245]
[0.38342977]
[0.38342088]
[0.38341865]
[0.38341865]
[0.38341567]
[0.38341567]
[0.38341567]
[0.38341212]
[0.3834099]
[0.38340744]
[0.38340032]
[0.38339883]
[0.3833961]
[0.3833951]
[0.38338655]
[0.38338655]
[0.38338655]
[0.38338438]
[0.38338438]
[0.3833834]
[0.38337764]
[0.3833773]
[0.38337547]
[0.38337138]
[0.3833703]
[0.3833678]
[0.38336486]
[0.38335446]
[0.3833529]
[0.38334718]
[0.38334313]
[0.38334212]
[0.38334027]
[0.3833377]
[0.3833336]
[0.38333264]
[0.38333264]
[0.38333264]
[0.38333264]
[0.38333264]
[0.3833311]
[0.38332745]
[0.38332313]
[0.38332313]
[0.38332313]
[0.383316]
[0.3833157]
[0.3833157]
[0.38330996]
[0.3833082]
[0.38330778]
[0.38330778]
[0.38330656]
[0.38330656]
[0.38330656]
[0.38330656]
[0.38330656]
[0.38330537]
[0.38330537]
[0.38330537]
[0.38330537]
[0.38330463]
[0.3832996]
[0.38329107]
[0.38328746]
[0.38327676]
[0.38327357]
[0.38326743]
[0.38326743]
[0.38326743]
[0.38326526]
[0.38326424]
[0.38326284]
[0.38326064]
[0.38325644]
[0.38325644]
[0.38325644]
[0.38325644]
[0.38324362]
[0.38323888]
[0.38323888]
[0.38323888]
[0.38323575]
[0.3832348]
[0.3832348]
[0.3832333]
[0.38323227]
[0.3832305]
[0.3832305]
[0.38322997]
[0.38322994]
[0.38322857]
[0.3832253]
[0.3832172]
[0.38321498]
[0.3832124]
[0.38320673]
[0.38320634]
[0.38320172]
[0.38320154]
[0.38320062]
[0.3832004]
[0.38319838]
[0.38319382]
[0.3831911]
[0.3831907]
[0.3831898]
[0.3831898]
[0.38318837]
[0.38318473]
[0.38318473]
[0.38318473]
[0.38318473]
[0.38318473]
[0.38318473]
[0.38318473]
[0.38318256]
[0.38317576]
[0.38317576]
[0.38317576]
[0.38317314]
[0.38317314]
[0.38317314]
[0.38317314]
[0.38317314]
[0.38317314]
[0.38317314]
[0.38316837]
[0.38316828]
[0.38316593]
[0.38316557]
[0.38316366]
[0.38315913]
[0.38315788]
[0.38315582]
[0.38315275]
[0.38314918]
[0.38314155]
[0.38313153]
[0.3831288]
[0.38312584]
[0.38312584]
[0.3831256]
[0.38312334]
[0.38311243]
[0.38311243]
[0.38311243]
[0.3830999]
[0.38309377]
[0.38309085]
[0.3830874]
[0.38308373]
[0.38308203]
[0.3830774]
[0.3830773]
[0.38307628]
[0.38307592]
[0.3830742]
[0.38307318]
[0.3830626]
[0.3830606]
[0.38305393]
[0.38305274]
[0.38305223]
[0.38304615]
[0.38304552]
[0.38304028]
[0.38303855]
[0.38303855]
[0.38303855]
[0.38303325]
[0.38303295]
[0.38303295]
[0.38303295]
[0.3830264]
[0.3830253]
[0.3830253]
[0.3830253]
[0.3830253]
[0.3830253]
[0.3830253]
[0.38301936]
[0.38301313]
[0.38301054]
[0.38300398]
[0.38300353]
[0.38300145]
[0.38300127]
[0.38300055]
[0.38299784]
[0.38299382]
[0.3829932]
[0.38299203]
[0.38298613]
[0.38297793]
[0.38297766]
[0.38297233]
[0.38297018]
[0.38296977]
[0.3829599]
[0.38295016]
[0.38295004]
[0.382945]
[0.3829413]
[0.38294032]
[0.3829288]
[0.38292444]
[0.38291392]
[0.38291302]
[0.3829106]
[0.38290805]
[0.38290593]
[0.3829025]
[0.38289922]
[0.38289502]
[0.38289118]
[0.38288906]
[0.38288385]
[0.3828825]
[0.38287875]
[0.3828784]
[0.38287824]
[0.38287824]
[0.38287824]
[0.38287824]
[0.38287807]
[0.38287807]
[0.38287807]
[0.38287807]
[0.3828779]
[0.38287342]
[0.38287142]
[0.3828704]
[0.3828695]
[0.38286757]
[0.3828663]
[0.3828651]
[0.38286152]
[0.38285664]
[0.38285345]
[0.38285178]
[0.3828505]
[0.3828456]
[0.3828438]
[0.3828438]
[0.3828438]
[0.38283825]
[0.38282913]
[0.3828268]
[0.3828189]
[0.38281196]
[0.38281196]
[0.38281196]
[0.38281196]
[0.38281003]
[0.38280797]
[0.38280398]
[0.38279656]
[0.38279033]
[0.3827891]
[0.38278383]
[0.38278145]
[0.38278124]
[0.38277847]
[0.38276744]
[0.38276744]
[0.38276744]
[0.3827621]
[0.38275415]
[0.38274634]
[0.3827461]
[0.38274497]
[0.38274497]
[0.3827369]
[0.3827352]
[0.38273272]
[0.38273165]
[0.38273165]
[0.38273165]
[0.38273165]
[0.38273165]
[0.38273165]
[0.38273165]
[0.38273165]
[0.38272884]
[0.3827286]
[0.3827237]
[0.38272285]
[0.3827118]
[0.38270858]
[0.38270855]
[0.38270783]
[0.3827067]
[0.3827053]
[0.38270015]
[0.38269764]
[0.38269636]
[0.38269505]
[0.38269505]
[0.382691]
[0.382691]
[0.382691]
[0.382691]
[0.382691]
[0.3826885]
[0.382682]
[0.3826769]
[0.3826769]
[0.3826769]
[0.3826769]
[0.3826769]
[0.38267562]
[0.38267437]
[0.38267276]
[0.3826643]
[0.3826635]
[0.3826517]
[0.38264486]
[0.38264254]
[0.3826419]
[0.3826414]
[0.3826412]
[0.38263908]
[0.38263223]
[0.38263014]
[0.38262925]
[0.38262925]
[0.38261807]
[0.3826146]
[0.38261285]
[0.38261148]
[0.38260967]
[0.3826038]
[0.38260305]
[0.38260022]
[0.3825992]
[0.38259745]
[0.38258797]
[0.38258377]
[0.3825795]
[0.3825795]
[0.3825795]
[0.38257796]
[0.38257584]
[0.3825744]
[0.3825702]
[0.3825667]
[0.38256395]
[0.38255194]
[0.38253295]
[0.38253057]
[0.38252962]
[0.38252935]
[0.38252124]
[0.38252062]
[0.38252062]
[0.38252062]
[0.38252062]
[0.38252062]
[0.38252]
[0.3825144]
[0.3825144]
[0.3825136]
[0.38251233]
[0.38251233]
[0.38251233]
[0.38251233]
[0.3825107]
[0.3825107]
[0.3825107]
[0.3825042]
[0.38249862]
[0.382497]
[0.382497]
[0.382497]
[0.382497]
[0.38249236]
[0.3824889]
[0.3824889]
[0.38248286]
[0.3824823]
[0.3824751]
[0.38247213]
[0.38246801]
[0.38246801]
[0.38246801]
[0.38246801]
[0.3824624]
[0.38246176]
[0.38246176]
[0.38246155]
[0.38245642]
[0.38243738]
[0.38243738]
[0.38243738]
[0.38243738]
[0.38243738]
[0.38243738]
[0.38243696]
[0.38243344]
[0.38243344]
[0.38243344]
[0.38243344]
[0.38243264]
[0.38243127]
[0.3824286]
[0.38242015]
[0.38241872]
[0.3824176]
[0.3824176]
[0.382416]
[0.38241416]
[0.38241416]
[0.38241416]
[0.38241416]
[0.38241193]
[0.38241178]
[0.38241178]
[0.38241178]
[0.38241178]
[0.38240984]
[0.38240567]
[0.38239512]
[0.3823858]
[0.38238475]
[0.38238394]
[0.3823821]
[0.38237438]
[0.38237163]
[0.38237143]
[0.38237002]
[0.38235742]
[0.38235584]
[0.38234985]
[0.38234985]
[0.38234985]
[0.38234985]
[0.38234985]
[0.3823493]
[0.3823493]
[0.3823439]
[0.3823439]
[0.3823439]
[0.3823439]
[0.38234046]
[0.382339]
[0.38233465]
[0.382334]
[0.3823329]
[0.38232708]
[0.38232708]
[0.38232666]
[0.38232666]
[0.38232666]
[0.38232666]
[0.38232666]
[0.38232666]
[0.38231754]
[0.38231683]
[0.3823061]
[0.38229996]
[0.38229224]
[0.38228202]
[0.38228068]
[0.38227808]
[0.38227767]
[0.38227522]
[0.3822711]
[0.38226765]
[0.38226765]
[0.38226765]
[0.38226765]
[0.38226765]
[0.38226765]
[0.38226604]
[0.38226193]
[0.38225776]
[0.38225272]
[0.38224533]
[0.3822374]
[0.38223663]
[0.38223645]
[0.38223168]
[0.38223037]
[0.3822279]
[0.38222754]
[0.38222533]
[0.38220286]
[0.38219854]
[0.38219392]
[0.38219368]
[0.3821853]
[0.3821821]
[0.38217583]
[0.38217458]
[0.3821736]
[0.3821708]
[0.38216567]
[0.38216567]
[0.38216567]
[0.38216567]
[0.38216567]
[0.38216567]
[0.38216433]
[0.38216373]
[0.38216093]
[0.38216093]
[0.3821599]
[0.38215953]
[0.3821526]
[0.38214314]
[0.38213035]
[0.38212937]
[0.38212618]
[0.38212618]
[0.38212618]
[0.38212368]
[0.38210675]
[0.38208818]
[0.3820857]
[0.3820854]
[0.38208252]
[0.3820779]
[0.38207784]
[0.38207728]
[0.38207728]
[0.38207728]
[0.38207728]
[0.38207728]
[0.38207638]
[0.3820679]
[0.38204917]
[0.38204828]
[0.38204563]
[0.3820439]
[0.3820378]
[0.38203323]
[0.38202748]
[0.38202116]
[0.38200718]
[0.38200718]
[0.38200635]
[0.38200635]
[0.38200635]
[0.38200635]
[0.38199902]
[0.38198766]
[0.38198766]
[0.3819846]
[0.38198343]
[0.381978]
[0.38197717]
[0.3819737]
[0.38197246]
[0.3819691]
[0.38196597]
[0.38196597]
[0.38196597]
[0.38196597]
[0.38196597]
[0.38196597]
[0.38196597]
[0.3819648]
[0.38196212]
[0.38195965]
[0.3819569]
[0.38195303]
[0.3819522]
[0.38194484]
[0.38194484]
[0.3819442]
[0.38193563]
[0.3819313]
[0.3819313]
[0.3819292]
[0.38192004]
[0.38191724]
[0.3819106]
[0.38190898]
[0.38190374]
[0.38190278]
[0.38189608]
[0.38187832]
[0.38187346]
[0.38187242]
[0.38187242]
[0.38187087]
[0.381869]
[0.38186836]
[0.38186747]
[0.38186142]
[0.38185975]
[0.3818546]
[0.3818484]
[0.38184556]
[0.38184556]
[0.38184556]
[0.38184556]
[0.38183954]
[0.38183486]
[0.38182798]
[0.38182226]
[0.3818209]
[0.3818209]
[0.38181907]
[0.38181907]
[0.38181594]
[0.38181594]
[0.38181594]
[0.38181594]
[0.38181594]
[0.38181594]
[0.38181594]
[0.3818122]
[0.38181075]
[0.38181075]
[0.38181022]
[0.38180977]
[0.38180882]
[0.38180807]
[0.38180748]
[0.38180575]
[0.3818044]
[0.3817998]
[0.3817982]
[0.3817982]
[0.38179788]
[0.38179538]
[0.38179538]
[0.38178635]
[0.38178486]
[0.38177973]
[0.38177973]
[0.38177082]
[0.3817707]
[0.38176775]
[0.38176623]
[0.38176236]
[0.38176236]
[0.38176236]
[0.3817606]
[0.38175735]
[0.38174757]
[0.38173962]
[0.38173908]
[0.38173854]
[0.3817376]
[0.38173714]
[0.3817342]
[0.381723]
[0.38172212]
[0.38172212]
[0.3817174]
[0.38171554]
[0.38171226]
[0.38171214]
[0.38171214]
[0.38171214]
[0.38171214]
[0.38171166]
[0.38171166]
[0.38170964]
[0.3817086]
[0.38170114]
[0.3817004]
[0.3817004]
[0.3817004]
[0.3817004]
[0.38169426]
[0.38169426]
[0.38169426]
[0.38168603]
[0.38168183]
[0.3816778]
[0.38167772]
[0.3816767]
[0.3816734]
[0.381672]
[0.381672]
[0.381672]
[0.3816696]
[0.38166857]
[0.38166857]
[0.3816658]
[0.3816648]
[0.3816648]
[0.38166073]
[0.38165897]
[0.38165897]
[0.38165897]
[0.38165897]
[0.38165507]
[0.38165134]
[0.3816503]
[0.38164666]
[0.38164145]
[0.381641]
[0.38163686]
[0.38163334]
[0.3816314]
[0.38163102]
[0.38163102]
[0.38163102]
[0.38162756]
[0.38162756]
[0.38162756]
[0.38162756]
[0.38162714]
[0.3816196]
[0.3816146]
[0.3816146]
[0.3816146]
[0.3816146]
[0.3816146]
[0.3816146]
[0.3816146]
[0.38161385]
[0.38161385]
[0.38161245]
[0.3816086]
[0.38160756]
[0.38159627]
[0.38159627]
[0.38158515]
[0.38158295]
[0.3815821]
[0.3815821]
[0.3815821]
[0.3815815]
[0.38157925]
[0.3815774]
[0.3815745]
[0.38157162]
[0.3815688]
[0.38156497]
[0.38156497]
[0.3815572]
[0.3815572]
[0.3815572]
[0.3815572]
[0.3815572]
[0.38155517]
[0.3815548]
[0.38154712]
[0.38154045]
[0.38153926]
[0.38153732]
[0.3815363]
[0.38153344]
[0.3815304]
[0.38152188]
[0.38151804]
[0.38151804]
[0.38151804]
[0.38151804]
[0.3815161]
[0.38151398]
[0.38151082]
[0.38151047]
[0.38150075]
[0.38149983]
[0.38149557]
[0.38149542]
[0.38148823]
[0.3814876]
[0.3814875]
[0.3814855]
[0.38148126]
[0.38148052]
[0.38147888]
[0.38147074]
[0.38146815]
[0.38146782]
[0.38146782]
[0.38146782]
[0.38146782]
[0.38146782]
[0.38146782]
[0.3814618]
[0.381453]
[0.38145065]
[0.38144827]
[0.3814476]
[0.38144732]
[0.38144723]
[0.38144648]
[0.38144428]
[0.38144428]
[0.38144428]
[0.38144222]
[0.38143942]
[0.38143823]
[0.38143304]
[0.38143206]
[0.3814265]
[0.3814265]
[0.3814265]
[0.3814265]
[0.3814265]
[0.38142312]
[0.38142312]
[0.38142237]
[0.38140878]
[0.38140723]
[0.3814035]
[0.38139904]
[0.38139662]
[0.381394]
[0.38138634]
[0.38138232]
[0.38138232]
[0.38136047]
[0.38135403]
[0.38135198]
[0.38135198]
[0.38135132]
[0.38134697]
[0.38134536]
[0.3813437]
[0.3813437]
[0.3813437]
[0.3813437]
[0.3813437]
[0.3813437]
[0.3813437]
[0.3813437]
[0.3813437]
[0.38134345]
[0.38134244]
[0.38134196]
[0.38134196]
[0.38134196]
[0.38134196]
[0.38133535]
[0.38133535]
[0.38133535]
[0.38133347]
[0.38133347]
[0.38132414]
[0.38132414]
[0.38132045]
[0.3813125]
[0.38131237]
[0.38130686]
[0.38130686]
[0.3813059]
[0.3813019]
[0.3812934]
[0.3812886]
[0.38128418]
[0.38128248]
[0.3812817]
[0.38128117]
[0.38127977]
[0.3812591]
[0.3812591]
[0.3812591]
[0.3812591]
[0.3812591]
[0.3812591]
[0.3812564]
[0.38125592]
[0.38125402]
[0.38125402]
[0.38125402]
[0.38125402]
[0.38125402]
[0.38125402]
[0.3812502]
[0.3812417]
[0.3812417]
[0.3812417]
[0.3812417]
[0.3812417]
[0.38123778]
[0.3812353]
[0.38123438]
[0.3812333]
[0.38123265]
[0.3812267]
[0.38122612]
[0.38122612]
[0.3812203]
[0.38122025]
[0.38121802]
[0.38121423]
[0.38120797]
[0.38120463]
[0.38120157]
[0.38120052]
[0.38120013]
[0.3811962]
[0.3811939]
[0.38118792]
[0.3811873]
[0.38118514]
[0.38118067]
[0.38117743]
[0.38117743]
[0.38117743]
[0.38117513]
[0.38117513]
[0.38117382]
[0.3811685]
[0.38116232]
[0.38115296]
[0.3811459]
[0.381145]
[0.3811442]
[0.38114133]
[0.38114098]
[0.381138]
[0.3811373]
[0.38113418]
[0.38113418]
[0.38113418]
[0.38113418]
[0.38113385]
[0.38113335]
[0.3811141]
[0.38111216]
[0.38111216]
[0.38111216]
[0.38111216]
[0.38111216]
[0.38111216]
[0.38111216]
[0.38111216]
[0.38111162]
[0.38110822]
[0.3811062]
[0.38110584]
[0.38110164]
[0.3810999]
[0.38109115]
[0.38107592]
[0.3810726]
[0.38107]
[0.38106722]
[0.38106412]
[0.38106218]
[0.38105276]
[0.38104478]
[0.3810321]
[0.3810297]
[0.38102624]
[0.38102534]
[0.3810241]
[0.38102147]
[0.38101548]
[0.3810126]
[0.38101143]
[0.38100305]
[0.38100305]
[0.38100243]
[0.38100123]
[0.38099918]
[0.38099882]
[0.38099113]
[0.38098568]
[0.38098568]
[0.3809793]
[0.38097626]
[0.38097546]
[0.38097546]
[0.38096532]
[0.38096386]
[0.38096312]
[0.38095966]
[0.3809595]
[0.38095784]
[0.3809573]
[0.38095155]
[0.38094562]
[0.38093895]
[0.38093612]
[0.38093612]
[0.38093454]
[0.38093174]
[0.38093072]
[0.3809186]
[0.38091567]
[0.38091567]
[0.3809053]
[0.38090312]
[0.38089737]
[0.3808939]
[0.38088912]
[0.38088596]
[0.3808846]
[0.38088384]
[0.38088384]
[0.38088322]
[0.38088137]
[0.38087872]
[0.38087872]
[0.38087535]
[0.3808663]
[0.3808663]
[0.3808663]
[0.3808663]
[0.3808592]
[0.3808381]
[0.3808381]
[0.3808381]
[0.38083696]
[0.38083696]
[0.38083696]
[0.38083696]
[0.3808344]
[0.38083327]
[0.38083097]
[0.38083]
[0.38082737]
[0.38082287]
[0.38082287]
[0.38081947]
[0.38081947]
[0.3808188]
[0.3808171]
[0.38081357]
[0.38081357]
[0.38081357]
[0.38081357]
[0.38081357]
[0.38080978]
[0.38080516]
[0.38079306]
[0.38079286]
[0.38079286]
[0.38078743]
[0.38078672]
[0.38078555]
[0.3807834]
[0.38078317]
[0.38076958]
[0.38076958]
[0.38076958]
[0.38076958]
[0.38076958]
[0.38076597]
[0.3807634]
[0.38076338]
[0.38075393]
[0.38074544]
[0.3807433]
[0.3807362]
[0.38072753]
[0.38072753]
[0.38072753]
[0.38072753]
[0.38072753]
[0.38072753]
[0.38072753]
[0.38072753]
[0.38072753]
[0.38072753]
[0.38072753]
[0.38072753]
[0.38072753]
[0.38072753]
[0.38072753]
[0.38072753]
[0.38072753]
[0.38072753]
[0.38072753]
[0.38072753]
[0.38072753]
[0.38072753]
[0.38072753]
[0.38072753]
[0.38072753]
[0.38072753]
[0.38072753]
[0.38072753]
[0.38072753]
[0.38072753]
[0.38072753]
[0.38072753]
[0.38072753]
[0.38072753]
[0.38072753]
[0.38072753]
[0.38072753]
[0.38072753]
[0.38072753]
[0.38072753]
[0.38072753]
[0.38072753]
[0.38072753]
[0.38072753]
[0.38072753]
[0.38072753]
[0.38072753]
[0.38072753]
[0.38072753]
[0.38072753]
[0.38072753]
[0.38072753]
[0.38072753]
[0.38072753]
[0.38072753]
[0.38072753]
[0.38072753]
[0.38072753]
[0.38072753]
[0.38072753]
[0.38072753]
[0.38072753]
[0.38072753]
[0.38072753]
[0.38072753]
[0.38072753]
[0.38072753]
[0.38072753]
[0.38072753]
[0.38072753]
[0.38072753]
[0.38072753]
[0.38072753]
[0.38072753]
[0.38072753]
[0.38072753]
[0.38072753]
[0.38072753]
[0.38072753]
[0.38072753]
[0.38072753]
[0.38072753]
[0.38072753]
[0.38072753]
[0.38072753]
[0.38072753]
[0.38072753]
[0.38072753]
[0.38072753]
[0.38072753]
[0.38072753]
[0.38072753]
[0.38072753]
[0.38072753]
[0.38072753]
[0.38072753]
[0.38072753]
[0.38072753]
[0.38072753]
[0.38072753]
[0.38072753]
[0.38072753]
[0.38072753]
[0.38072753]
[0.38072753]
[0.38072753]
[0.38072753]
[0.38072753]
[0.38072753]
[0.38072753]
[0.38072753]
[0.38072753]
[0.38072753]
[0.38072753]
[0.38072753]
[0.38072753]
[0.38072753]
[0.38072753]
[0.38072753]
[0.38072753]
[0.38072753]
[0.38072753]
[0.38072753]
[0.38072753]
[0.38072753]
[0.38072753]
[0.38072753]
[0.38072753]
[0.38072753]
[0.38072753]
[0.38072753]
[0.38072753]
[0.38072753]
[0.38072753]
[0.38072753]
[0.38072753]
[0.38072753]
[0.38072753]
[0.38072753]
[0.38072753]
[0.38072753]
[0.38072753]
[0.38072753]
[0.38072753]
[0.38072753]
[0.38072753]
[0.38072753]
[0.38072753]
[0.38072753]
[0.38072753]
[0.38072753]
[0.38072753]
[0.38072598]
[0.38072264]
[0.3807153]
[0.3807142]
[0.3807142]
[0.3807142]
[0.38071144]
[0.3807106]
[0.38071048]
[0.38071033]
[0.38070884]
[0.380698]
[0.3806943]
[0.3806904]
[0.38068712]
[0.38068676]
[0.38068062]
[0.3806778]
[0.38066673]
[0.38066432]
[0.38065687]
[0.38065422]
[0.3806537]
[0.3806514]
[0.38065034]
[0.38064486]
[0.38064253]
[0.38062507]
[0.38062307]
[0.38062307]
[0.38062307]
[0.3806166]
[0.3806166]
[0.38061506]
[0.38061506]
[0.38061506]
[0.38061506]
[0.38061506]
[0.38061047]
[0.38061008]
[0.38060212]
[0.380597]
[0.38059446]
[0.38059446]
[0.38059363]
[0.38058016]
[0.38058016]
[0.38057554]
[0.3805747]
[0.3805725]
[0.38056788]
[0.38056415]
[0.38056198]
[0.3805579]
[0.38055274]
[0.38055164]
[0.3805493]
[0.38054642]
[0.38054597]
[0.38054577]
[0.38054308]
[0.38054308]
[0.38054162]
[0.38053912]
[0.3805305]
[0.38052756]
[0.38051125]
[0.38050866]
[0.38049957]
[0.38049957]
[0.38049957]
[0.38049644]
[0.38049644]
[0.38049644]
[0.38049495]
[0.38049257]
[0.38049185]
[0.38049185]
[0.38049185]
[0.3804854]
[0.3804854]
[0.3804854]
[0.3804854]
[0.3804854]
[0.3804854]
[0.3804854]
[0.3804854]
[0.3804854]
[0.3804854]
[0.3804854]
[0.3804759]
[0.38045985]
[0.38045797]
[0.38045657]
[0.38044673]
[0.3804456]
[0.38044426]
[0.3804432]
[0.38043588]
[0.38043174]
[0.38042462]
[0.3804181]
[0.3804181]
[0.38041648]
[0.38041332]
[0.38040715]
[0.38040715]
[0.3804012]
[0.38039342]
[0.38039312]
[0.38038084]
[0.38037798]
[0.3803757]
[0.3803721]
[0.3803706]
[0.3803706]
[0.38036764]
[0.3803526]
[0.38035142]
[0.38035077]
[0.38034803]
[0.38034055]
[0.3803383]
[0.38031858]
[0.38031676]
[0.38031638]
[0.38031527]
[0.38030607]
[0.3802997]
[0.38029957]
[0.38029832]
[0.38029632]
[0.3802915]
[0.38028347]
[0.3802828]
[0.3802828]
[0.3802828]
[0.3802828]
[0.3802759]
[0.38027394]
[0.38026303]
[0.38025925]
[0.38025665]
[0.38025665]
[0.38025665]
[0.38025665]
[0.38025665]
[0.38025665]
[0.38025624]
[0.38023904]
[0.38023698]
[0.38023543]
[0.38022563]
[0.38022548]
[0.38022548]
[0.38022548]
[0.38022548]
[0.38022548]
[0.3802231]
[0.38021618]
[0.38021618]
[0.3802159]
[0.3802115]
[0.38020772]
[0.38020203]
[0.38020062]
[0.38020042]
[0.3801884]
[0.38017938]
[0.38017878]
[0.38017687]
[0.38017043]
[0.38015926]
[0.38015822]
[0.3801357]
[0.3801357]
[0.38013402]
[0.38012916]
[0.3801277]
[0.3801277]
[0.3801277]
[0.3801277]
[0.3801277]
[0.3801277]
[0.3801277]
[0.3801277]
[0.38012567]
[0.38012433]
[0.3801226]
[0.38011888]
[0.3801158]
[0.3801158]
[0.3801158]
[0.3801158]
[0.3801158]
[0.38011333]
[0.38011333]
[0.3801101]
[0.38011006]
[0.38010406]
[0.38010395]
[0.38010344]
[0.38010344]
[0.38009223]
[0.38009223]
[0.3800912]
[0.38008654]
[0.380085]
[0.3800788]
[0.38007057]
[0.38006562]
[0.38005787]
[0.38005763]
[0.3800533]
[0.38005063]
[0.38004732]
[0.3800472]
[0.3800472]
[0.3800469]
[0.3800431]
[0.38004118]
[0.38003787]
[0.3800168]
[0.3800156]
[0.38001132]
[0.3800072]
[0.3799958]
[0.3799857]
[0.37997726]
[0.37997362]
[0.37996748]
[0.37996548]
[0.37996456]
[0.37996337]
[0.37996337]
[0.37996337]
[0.3799618]
[0.3799591]
[0.37995684]
[0.37995347]
[0.37995222]
[0.3799417]
[0.37994087]
[0.3799335]
[0.3799289]
[0.37992874]
[0.37992623]
[0.37992316]
[0.37992173]
[0.37992132]
[0.37990916]
[0.37990916]
[0.37990916]
[0.37990916]
[0.37990886]
[0.3799077]
[0.37990573]
[0.379904]
[0.37989792]
[0.37989706]
[0.3798952]
[0.37989014]
[0.37988856]
[0.37988746]
[0.3798851]
[0.37987864]
[0.37985882]
[0.37985346]
[0.3798503]
[0.3798503]
[0.3798503]
[0.37984532]
[0.3798392]
[0.3798332]
[0.37983242]
[0.3798279]
[0.37982106]
[0.379821]
[0.37982038]
[0.3798168]
[0.3798168]
[0.37981215]
[0.37981215]
[0.37980497]
[0.37980342]
[0.37980303]
[0.3798011]
[0.3797997]
[0.37979963]
[0.37979588]
[0.3797643]
[0.37976426]
[0.37976357]
[0.379759]
[0.379759]
[0.379759]
[0.379759]
[0.379759]
[0.379759]
[0.37975132]
[0.37974823]
[0.37974125]
[0.37974125]
[0.37974125]
[0.37974125]
[0.37974125]
[0.37974125]
[0.37973785]
[0.37973207]
[0.3797283]
[0.37972715]
[0.37972158]
[0.379721]
[0.37971622]
[0.37971568]
[0.37971178]
[0.3797092]
[0.37970525]
[0.3797047]
[0.3797047]
[0.37969518]
[0.379695]
[0.37968656]
[0.37968656]
[0.37968656]
[0.37967852]
[0.3796693]
[0.37966502]
[0.37966096]
[0.3796565]
[0.3796547]
[0.37964964]
[0.37964904]
[0.3796489]
[0.37964368]
[0.37963933]
[0.37963685]
[0.37963426]
[0.3796341]
[0.37962744]
[0.379626]
[0.379626]
[0.3796219]
[0.37961715]
[0.37961438]
[0.37961334]
[0.37961134]
[0.37960893]
[0.37959632]
[0.37959433]
[0.3795937]
[0.37959078]
[0.3795859]
[0.3795819]
[0.37957627]
[0.37956536]
[0.37956184]
[0.37954748]
[0.3795468]
[0.37954247]
[0.37954247]
[0.37954247]
[0.37954247]
[0.37954247]
[0.37954184]
[0.37954047]
[0.37953782]
[0.37953258]
[0.37953258]
[0.37952948]
[0.3795272]
[0.37952343]
[0.37952343]
[0.37952343]
[0.37952343]
[0.37952343]
[0.3795195]
[0.37951285]
[0.37950867]
[0.37950778]
[0.37950495]
[0.37948775]
[0.3794856]
[0.3794856]
[0.3794856]
[0.3794856]
[0.3794703]
[0.37947005]
[0.37947002]
[0.37946293]
[0.3794569]
[0.37943462]
[0.37943453]
[0.37943307]
[0.37943307]
[0.37941784]
[0.37941548]
[0.3794148]
[0.37941268]
[0.37941083]
[0.37940767]
[0.3794063]
[0.37940466]
[0.37940437]
[0.37940437]
[0.37940437]
[0.37940437]
[0.37940404]
[0.37940404]
[0.37940106]
[0.37939176]
[0.37939164]
[0.37938976]
[0.37938866]
[0.3793886]
[0.3793647]
[0.37935463]
[0.37934902]
[0.3793478]
[0.3793478]
[0.3793478]
[0.3793478]
[0.3793478]
[0.3793478]
[0.3793478]
[0.3793478]
[0.37934715]
[0.37934652]
[0.37933773]
[0.37933525]
[0.37933525]
[0.37933525]
[0.379322]
[0.37932077]
[0.37931928]
[0.37931928]
[0.3793177]
[0.37931517]
[0.37929156]
[0.37929046]
[0.37928334]
[0.37928334]
[0.37928334]
[0.37928334]
[0.3792806]
[0.3792806]
[0.37927997]
[0.3792764]
[0.3792764]
[0.3792764]
[0.3792764]
[0.37927312]
[0.37927312]
[0.37927312]
[0.37927312]
[0.37927312]
[0.37927312]
[0.37927312]
[0.37927312]
[0.37927312]
[0.37927312]
[0.37927312]
[0.37927312]
[0.37927312]
[0.37927172]
[0.37926933]
[0.37926933]
[0.37926933]
[0.37926906]
[0.3792676]
[0.3792609]
[0.3792577]
[0.3792522]
[0.37925035]
[0.37924907]
[0.3792488]
[0.3792488]
[0.37924826]
[0.37924826]
[0.37924826]
[0.37924826]
[0.37924826]
[0.37924826]
[0.37924704]
[0.3792467]
[0.3792465]
[0.3792465]
[0.3792465]
[0.37924385]
[0.3792436]
[0.3792434]
[0.37924147]
[0.37923738]
[0.37923494]
[0.37923458]
[0.37923425]
[0.3792342]
[0.37921935]
[0.37921917]
[0.37921605]
[0.37921187]
[0.37921187]
[0.37921187]
[0.3792105]
[0.37921044]
[0.37921014]
[0.37920755]
[0.37920564]
[0.3791996]
[0.3791959]
[0.37919185]
[0.37918496]
[0.37918496]
[0.37918496]
[0.37918496]
[0.37918496]
[0.37918496]
[0.37918496]
[0.37918475]
[0.37918338]
[0.3791793]
[0.3791793]
[0.37917826]
[0.3791725]
[0.37917054]
[0.37916327]
[0.37914935]
[0.37914905]
[0.37914187]
[0.37914187]
[0.3791301]
[0.37912813]
[0.37912813]
[0.37912795]
[0.37912795]
[0.37912795]
[0.37912795]
[0.3791207]
[0.37912035]
[0.37912026]
[0.37912017]
[0.37911722]
[0.37911707]
[0.37911585]
[0.3791158]
[0.3791158]
[0.3791158]
[0.37911567]
[0.3791133]
[0.3791133]
[0.3791133]
[0.3791133]
[0.3791133]
[0.379105]
[0.3790974]
[0.3790925]
[0.3790846]
[0.3790846]
[0.3790846]
[0.3790846]
[0.3790799]
[0.3790732]
[0.37907225]
[0.37907225]
[0.37907225]
[0.3790667]
[0.3790645]
[0.37905985]
[0.37905964]
[0.37905306]
[0.37905136]
[0.37905136]
[0.37905136]
[0.37904915]
[0.37904552]
[0.37904552]
[0.37904552]
[0.37904432]
[0.37904432]
[0.3790437]
[0.3790437]
[0.379042]
[0.3790399]
[0.37903967]
[0.37903967]
[0.37903675]
[0.37903675]
[0.37903675]
[0.37902376]
[0.37902376]
[0.37902296]
[0.37902296]
[0.37902167]
[0.3790206]
[0.37902042]
[0.37901565]
[0.37901068]
[0.37901068]
[0.37900704]
[0.37900126]
[0.37899905]
[0.37899905]
[0.37899905]
[0.3789989]
[0.3789932]
[0.3789908]
[0.3789879]
[0.3789879]
[0.3789879]
[0.3789879]
[0.3789879]
[0.37898678]
[0.378986]
[0.378986]
[0.378986]
[0.3789859]
[0.3789859]
[0.3789847]
[0.3789847]
[0.3789847]
[0.3789847]
[0.3789847]
[0.37898394]
[0.37898394]
[0.37898394]
[0.37898394]
[0.37898156]
[0.3789786]
[0.378976]
[0.37897566]
[0.37897566]
[0.37897566]
[0.37897232]
[0.37896898]
[0.3789649]
[0.378948]
[0.3789479]
[0.37893087]
[0.3789259]
[0.37890705]
[0.37888813]
[0.37888813]
[0.37888813]
[0.37888813]
[0.3788796]
[0.37887275]
[0.37887082]
[0.37887082]
[0.37887028]
[0.3788693]
[0.37886912]
[0.37886402]
[0.37884623]
[0.37883943]
[0.3788373]
[0.37883443]
[0.3788289]
[0.37882653]
[0.37881434]
[0.3788025]
[0.3788002]
[0.37879205]
[0.37879133]
[0.37878746]
[0.37878248]
[0.3787777]
[0.37877086]
[0.37876832]
[0.37876725]
[0.37876725]
[0.37876704]
[0.37876335]
[0.37875623]
[0.37875506]
[0.37875342]
[0.37875342]
[0.37875214]
[0.37873954]
[0.37873837]
[0.3787333]
[0.37873104]
[0.37872434]
[0.37872434]
[0.37872434]
[0.37872434]
[0.37872434]
[0.37872434]
[0.37872434]
[0.37872434]
[0.37872434]
[0.37872434]
[0.37872434]
[0.37872434]
[0.37871593]
[0.37871593]
[0.37870732]
[0.3786974]
[0.378689]
[0.378689]
[0.3786717]
[0.37866914]
[0.37866527]
[0.37866288]
[0.37864637]
[0.37864637]
[0.37864637]
[0.37864637]
[0.37864637]
[0.37864637]
[0.37864637]
[0.37864637]
[0.37864637]
[0.37864637]
[0.37863648]
[0.3786248]
[0.3786236]
[0.3786079]
[0.3786071]
[0.37860674]
[0.37859315]
[0.3785903]
[0.37858263]
[0.37858224]
[0.37858117]
[0.37857825]
[0.37856868]
[0.37856847]
[0.37856615]
[0.3785331]
[0.37852797]
[0.37852567]
[0.37851858]
[0.3785148]
[0.3784972]
[0.37846747]
[0.37846735]
[0.37846735]
[0.37846735]
[0.37846735]
[0.37846735]
[0.37846735]
[0.37846735]
[0.37846565]
[0.37846354]
[0.37846237]
[0.37846237]
[0.37846237]
[0.37845978]
[0.37845904]
[0.3784487]
[0.3784436]
[0.3784436]
[0.3784391]
[0.37842813]
[0.37841776]
[0.37841225]
[0.37839627]
[0.378393]
[0.378374]
[0.378374]
[0.378374]
[0.378374]
[0.378374]
[0.378374]
[0.378374]
[0.37837264]
[0.37836507]
[0.37836403]
[0.37835416]
[0.37835416]
[0.37835416]
[0.37835005]
[0.37834692]
[0.37833562]
[0.3783329]
[0.3783298]
[0.37832746]
[0.37832442]
[0.37832442]
[0.37832442]
[0.37832442]
[0.37832442]
[0.37830874]
[0.37830406]
[0.37830338]
[0.37830338]
[0.37829873]
[0.37829405]
[0.37828964]
[0.37827146]
[0.3782696]
[0.3782685]
[0.3782673]
[0.3782673]
[0.37826517]
[0.37826395]
[0.37826395]
[0.37826395]
[0.37826386]
[0.378261]
[0.37825486]
[0.37825105]
[0.37823904]
[0.37823904]
[0.37823904]
[0.37823904]
[0.3782196]
[0.3782196]
[0.3782196]
[0.3782196]
[0.3782196]
[0.3782196]
[0.3782196]
[0.3782196]
[0.3782196]
[0.3782196]
[0.3782196]
[0.37821773]
[0.37821773]
[0.37821773]
[0.37821773]
[0.37821448]
[0.378211]
[0.37820628]
[0.37820628]
[0.37820628]
[0.37820628]
[0.37820628]
[0.37820628]
[0.37820628]
[0.37820628]
[0.37820628]
[0.37820405]
[0.37820244]
[0.37820244]
[0.37819988]
[0.3781935]
[0.3781935]
[0.3781935]
[0.3781935]
[0.3781935]
[0.3781935]
[0.3781935]
[0.3781935]
[0.37819317]
[0.37818807]
[0.37818456]
[0.37818456]
[0.3781831]
[0.37817895]
[0.37817723]
[0.3781636]
[0.3781636]
[0.3781636]
[0.3781636]
[0.3781636]
[0.3781636]
[0.3781636]
[0.37815768]
[0.37815768]
[0.37815768]
[0.37815768]
[0.37815768]
[0.37815768]
[0.37815768]
[0.37815768]
[0.37815768]
[0.37815768]
[0.37815768]
[0.37815425]
[0.3781509]
[0.37815082]
[0.3781447]
[0.37813115]
[0.3781302]
[0.37812144]
[0.3781128]
[0.37810415]
[0.37810415]
[0.37810245]
[0.37810245]
[0.37810245]
[0.3780969]
[0.37807408]
[0.37807408]
[0.37807408]
[0.37807408]
[0.37807408]
[0.37807408]
[0.37807408]
[0.37807408]
[0.37807152]
[0.37807003]
[0.37807003]
[0.37807003]
[0.37807003]
[0.37807003]
[0.37807003]
[0.37807003]
[0.37807003]
[0.37807003]
[0.37807003]
[0.37807003]
[0.37807003]
[0.37806433]
[0.37806374]
[0.37806374]
[0.37806374]
[0.37806374]
[0.37806374]
[0.37806374]
[0.37806374]
[0.37806374]
[0.37806374]
[0.37806374]
[0.37806207]
[0.37805864]
[0.3780574]
[0.37805665]
[0.37805623]
[0.37805483]
[0.3780484]
[0.37804443]
[0.37804222]
[0.3780389]
[0.37803715]
[0.37803715]
[0.37803715]
[0.37803715]
[0.37803715]
[0.37803325]
[0.37803325]
[0.37803325]
[0.37803325]
[0.37803325]
[0.37802455]
[0.3780217]
[0.3780203]
[0.37801522]
[0.37801522]
[0.37801522]
[0.37801522]
[0.37801522]
[0.37801522]
[0.37801522]
[0.37801522]
[0.37801522]
[0.3780094]
[0.37800297]
[0.37799993]
[0.3779924]
[0.3779898]
[0.3779898]
[0.37797666]
[0.37797332]
[0.37797207]
[0.3779672]
[0.37794793]
[0.37794793]
[0.377947]
[0.377947]
[0.377947]
[0.377947]
[0.37793958]
[0.3779329]
[0.37792918]
[0.37792918]
[0.3779284]
[0.37790143]
[0.3778942]
[0.37786514]
[0.37786514]
[0.3778605]
[0.3778605]
[0.3778605]
[0.3778605]
[0.3778605]
[0.3778605]
[0.3778589]
[0.3778589]
[0.3778589]
[0.3778589]
[0.3778589]
[0.3778589]
[0.37785813]
[0.37785724]
[0.37785652]
[0.37785584]
[0.37785295]
[0.3778478]
[0.37784398]
[0.37784103]
[0.37784]
[0.37783957]
[0.37783957]
[0.37783316]
[0.37783316]
[0.37783316]
[0.37783125]
[0.37782994]
[0.37782758]
[0.37782738]
[0.37782648]
[0.377824]
[0.37779096]
[0.3777892]
[0.37778196]
[0.377776]
[0.37777013]
[0.37777013]
[0.37775654]
[0.37775326]
[0.37775326]
[0.37775326]
[0.37775326]
[0.37775326]
[0.37773407]
[0.3777331]
[0.3777206]
[0.37772048]
[0.37771437]
[0.37771437]
[0.37771437]
[0.37771437]
[0.37771186]
[0.37770835]
[0.37770727]
[0.37770414]
[0.37769726]
[0.37768254]
[0.37767524]
[0.3776648]
[0.3776648]
[0.3776648]
[0.3776648]
[0.3776648]
[0.3776648]
[0.37764373]
[0.37763909]
[0.3776364]
[0.3776155]
[0.37761334]
[0.37760633]
[0.37760475]
[0.37760475]
[0.37760475]
[0.37760475]
[0.37760475]
[0.37760195]
[0.37760195]
[0.37760195]
[0.37760195]
[0.37760195]
[0.3775886]
[0.37758514]
[0.37758422]
[0.3775721]
[0.37756997]
[0.37756822]
[0.37756354]
[0.37756354]
[0.37756354]
[0.37755662]
[0.3775524]
[0.37755108]
[0.37754697]
[0.3775429]
[0.37753865]
[0.37753534]
[0.37753022]
[0.37753022]
[0.3775296]
[0.3775203]
[0.37750107]
[0.37750107]
[0.37749612]
[0.37746724]
[0.377466]
[0.3774602]
[0.3774602]
[0.3774602]
[0.3774602]
[0.3774602]
[0.3774503]
[0.37744597]
[0.37744597]
[0.37744597]
[0.37744597]
[0.37744486]
[0.3774382]
[0.3774382]
[0.3774382]
[0.3774382]
[0.3774361]
[0.37742266]
[0.37742224]
[0.37742224]
[0.37742224]
[0.37742224]
[0.37742224]
[0.37742224]
[0.37742224]
[0.37742224]
[0.37742224]
[0.37742224]
[0.37742224]
[0.37742224]
[0.37742114]
[0.3773882]
[0.37738228]
[0.37737906]
[0.37737906]
[0.37737906]
[0.37737906]
[0.37735957]
[0.3773548]
[0.3773548]
[0.3773548]
[0.3773548]
[0.3773548]
[0.3773548]
[0.3773532]
[0.3773517]
[0.3773288]
[0.37732446]
[0.37732446]
[0.37732446]
[0.37732446]
[0.37732005]
[0.37732005]
[0.37732005]
[0.37732005]
[0.37732005]
[0.37732005]
[0.37732005]
[0.37732005]
[0.37732005]
[0.37731683]
[0.37731597]
[0.37730682]
[0.37730384]
[0.37730217]
[0.37730217]
[0.37730217]
[0.37730217]
[0.37730217]
[0.37730172]
[0.37729686]
[0.37728396]
[0.37728372]
[0.37728372]
[0.37728307]
[0.37727508]
[0.3772733]
[0.3772733]
[0.3772733]
[0.3772733]
[0.3772733]
[0.3772733]
[0.3772733]
[0.3772656]
[0.3772656]
[0.37726426]
[0.37726426]
[0.37726426]
[0.37726426]
[0.37726426]
[0.3772589]
[0.3772589]
[0.3772589]
[0.3772589]
[0.3772589]
[0.3772589]
[0.3772589]
[0.3772589]
[0.3772589]
[0.3772589]
[0.3772564]
[0.37725523]
[0.37725496]
[0.37725496]
[0.37725496]
[0.37725496]
[0.37725496]
[0.37725496]
[0.37725496]
[0.37725496]
[0.37725496]
[0.37725496]
[0.37723815]
[0.37723815]
[0.37723282]
[0.37723282]
[0.37723282]
[0.37723282]
[0.37723282]
[0.37723282]
[0.37723282]
[0.37723282]
[0.37723282]
[0.37721497]
[0.37721497]
[0.37721497]
[0.37721497]
[0.37721497]
[0.37721497]
[0.37721208]
[0.37721208]
[0.37721208]
[0.37720656]
[0.3772015]
[0.37719524]
[0.37718838]
[0.37718308]
[0.37718308]
[0.37716386]
[0.3771633]
[0.3771633]
[0.3771633]
[0.3771633]
[0.3771633]
[0.3771633]
[0.3771633]
[0.3771633]
[0.3771633]
[0.3771633]
[0.3771564]
[0.3771528]
[0.37714878]
[0.37713304]
[0.3771139]
[0.37709904]
[0.37709472]
[0.37709472]
[0.37709472]
[0.37709472]
[0.37709472]
[0.37708986]
[0.37708664]
[0.3770861]
[0.3770761]
[0.37707588]
[0.37706572]
[0.3770638]
[0.3770556]
[0.37704363]
[0.37704158]
[0.37704095]
[0.37703794]
[0.37702796]
[0.37702262]
[0.3770162]
[0.37699836]
[0.37699836]
[0.37699544]
[0.37697154]
[0.37696472]
[0.37695667]
[0.37695667]
[0.37694317]
[0.37693894]
[0.3769374]
[0.3769151]
[0.3769101]
[0.37688056]
[0.37685597]
[0.37685362]
[0.37684903]
[0.37684807]
[0.37684226]
[0.37684143]
[0.37684134]
[0.37683925]
[0.37682822]
[0.37682417]
[0.37681833]
[0.37680975]
[0.37680334]
[0.37679952]
[0.3767835]
[0.37678105]
[0.37678075]
[0.3767761]
[0.3767696]
[0.37676948]
[0.37676933]
[0.37676284]
[0.3767543]
[0.37673956]
[0.37671793]
[0.3766983]
[0.3766865]
[0.3766865]
[0.3766865]
[0.37667927]
[0.3766724]
[0.3766724]
[0.3766724]
[0.3766724]
[0.37666667]
[0.37666667]
[0.37666565]
[0.3766558]
[0.37663564]
[0.37663263]
[0.3766269]
[0.37659165]
[0.37658042]
[0.37657535]
[0.37653473]
[0.37652737]
[0.37652737]
[0.37652737]
[0.37652695]
[0.37652674]
[0.3765206]
[0.3765056]
[0.37649268]
[0.3764851]
[0.37644693]
[0.37644693]
[0.37644693]
[0.37644693]
[0.37644202]
[0.3763943]
[0.3763943]
[0.3763943]
[0.3763943]
[0.37639147]
[0.3763382]
[0.3763382]
[0.3763382]
[0.3763382]
[0.3763382]
[0.3763382]
[0.37633067]
[0.37631676]
[0.3763053]
[0.37629396]
[0.37627733]
[0.37625256]
[0.37623322]
[0.37623322]
[0.37620112]
[0.376195]
[0.3761825]
[0.3761825]
[0.37616733]
[0.3761618]
[0.3761618]
[0.3761493]
[0.37614667]
[0.3761389]
[0.37613818]
[0.3761334]
[0.37609643]
[0.37609553]
[0.37609017]
[0.37607813]
[0.37607417]
[0.37606102]
[0.37605312]
[0.37605312]
[0.37604815]
[0.37604666]
[0.37604058]
[0.37604058]
[0.376039]
[0.3760356]
[0.3760354]
[0.37603518]
[0.37602258]
[0.37600905]
[0.3759949]
[0.37599036]
[0.37598717]
[0.37597606]
[0.3759735]
[0.3759493]
[0.37594867]
[0.3759423]
[0.375938]
[0.3759314]
[0.37592006]
[0.37591508]
[0.3758936]
[0.37589082]
[0.3758782]
[0.37586144]
[0.37586144]
[0.37585914]
[0.37585485]
[0.3758476]
[0.37583962]
[0.37583]
[0.37582946]
[0.3758271]
[0.37582567]
[0.37582567]
[0.3758255]
[0.37582123]
[0.37580517]
[0.37579086]
[0.37579086]
[0.3757891]
[0.37578627]
[0.37578413]
[0.37578413]
[0.37578413]
[0.37578413]
[0.37578413]
[0.37578413]
[0.37578088]
[0.37576103]
[0.37576103]
[0.37576103]
[0.37575766]
[0.37575445]
[0.37574953]
[0.37571803]
[0.37571397]
[0.37570077]
[0.37569398]
[0.37569043]
[0.37565365]
[0.3756442]
[0.3756413]
[0.37563792]
[0.3756308]
[0.37562016]
[0.37561923]
[0.37561512]
[0.37560847]
[0.37560442]
[0.3755966]
[0.37559548]
[0.37559447]
[0.37558776]
[0.37556282]
[0.37556282]
[0.37553772]
[0.37553692]
[0.37550429]
[0.37550429]
[0.37550113]
[0.37550107]
[0.37550107]
[0.37550065]
[0.37548062]
[0.3754782]
[0.3754582]
[0.37545007]
[0.37543178]
[0.37542576]
[0.37540358]
[0.3753568]
[0.37532002]
[0.37526903]
[0.37526903]
[0.3752572]
[0.37525493]
[0.37519848]
[0.37518567]
[0.3750133]
[0.37497938]
[0.37497896]
[0.37494546]
[0.37492013]
[0.37489063]
[0.37487212]
[0.37484193]
[0.37482572]
[0.37482053]
[0.37480822]
[0.3747623]
[0.37472206]
[0.37471855]
[0.37445542]
[0.37443796]
[0.3744014]
[0.37439832]
[0.37421897]
[0.3741737]
[0.37415588]
[0.37415567]
[0.37411997]
[0.37411624]
[0.37401924]
[0.3740179]
[0.37401095]
[0.37397057]
[0.37393764]
[0.37392268]
[0.3739067]
[0.37387726]
[0.373874]
[0.37383354]
[0.3736241]
[0.3734769]
[0.37342963]
[0.3733884]
[0.3732488]
