[0.47399735]
[0.47387034]
[0.47387034]
[0.4733552]
[0.47247568]
[0.4715049]
[0.4715049]
[0.4715049]
[0.4715049]
[0.4714639]
[0.47121313]
[0.47121313]
[0.47121313]
[0.47121313]
[0.4711943]
[0.47103703]
[0.47103703]
[0.47097087]
[0.4708278]
[0.4708278]
[0.47052324]
[0.46989706]
[0.46985063]
[0.46844643]
[0.46844643]
[0.46844643]
[0.46844643]
[0.46844643]
[0.4683336]
[0.4683336]
[0.46830657]
[0.46830657]
[0.46819115]
[0.46819115]
[0.46819115]
[0.46819115]
[0.46819115]
[0.46819115]
[0.4680161]
[0.4679602]
[0.4679602]
[0.4679457]
[0.4679457]
[0.4678864]
[0.4672606]
[0.4672606]
[0.46697748]
[0.4654533]
[0.4654533]
[0.4654533]
[0.4654533]
[0.46534047]
[0.46521202]
[0.46521202]
[0.46510857]
[0.46510857]
[0.46510857]
[0.4650944]
[0.4650944]
[0.4647904]
[0.4647904]
[0.4647904]
[0.4647904]
[0.46412817]
[0.46258953]
[0.46258953]
[0.46258953]
[0.46258953]
[0.46258953]
[0.46258953]
[0.46258953]
[0.46258953]
[0.46258953]
[0.46258953]
[0.46258953]
[0.46258953]
[0.45960894]
[0.45960894]
[0.45960894]
[0.4544821]
[0.4544821]
[0.45438132]
[0.4543687]
[0.45434415]
[0.45434415]
[0.45430842]
[0.45430842]
[0.4542688]
[0.4542688]
[0.4542688]
[0.4542688]
[0.4542688]
[0.4542598]
[0.45425498]
[0.45420682]
[0.45420682]
[0.45420682]
[0.45419553]
[0.45419553]
[0.4541488]
[0.4541488]
[0.4541065]
[0.45410496]
[0.45410496]
[0.4541006]
[0.4541006]
[0.4541006]
[0.4541006]
[0.45407963]
[0.4540485]
[0.45402953]
[0.45402953]
[0.45402953]
[0.45398444]
[0.45398444]
[0.4539528]
[0.45392832]
[0.45390257]
[0.45385352]
[0.45385352]
[0.45383042]
[0.45383042]
[0.45383042]
[0.45376095]
[0.45367247]
[0.45367247]
[0.45364463]
[0.45364463]
[0.45364463]
[0.4535891]
[0.45356938]
[0.45356938]
[0.45356938]
[0.4535523]
[0.45353907]
[0.45350304]
[0.45350304]
[0.4534766]
[0.45346317]
[0.45346317]
[0.4534611]
[0.4534263]
[0.45337528]
[0.45332164]
[0.45332164]
[0.45331663]
[0.45331663]
[0.45331663]
[0.45330477]
[0.45330477]
[0.45330477]
[0.45327082]
[0.45327082]
[0.45326996]
[0.45326996]
[0.45326996]
[0.45326996]
[0.45326996]
[0.45326996]
[0.45326996]
[0.45326996]
[0.45326996]
[0.45326996]
[0.45326996]
[0.45325196]
[0.45325196]
[0.45322943]
[0.45322943]
[0.45322943]
[0.45307845]
[0.45302737]
[0.45302737]
[0.45302737]
[0.45302737]
[0.45302737]
[0.45302737]
[0.45302737]
[0.45302737]
[0.45302737]
[0.45299125]
[0.45288825]
[0.45282346]
[0.45282346]
[0.45278126]
[0.45205227]
[0.45205227]
[0.45205227]
[0.45205227]
[0.45205227]
[0.45205227]
[0.45205227]
[0.45205227]
[0.45205227]
[0.45205227]
[0.45204592]
[0.45204592]
[0.45204592]
[0.45201245]
[0.45201245]
[0.45201245]
[0.45201245]
[0.45197037]
[0.45197037]
[0.45197037]
[0.45197037]
[0.45195985]
[0.45195985]
[0.45195985]
[0.45195985]
[0.45195407]
[0.45195407]
[0.45192307]
[0.45192307]
[0.4519067]
[0.45190346]
[0.4518944]
[0.4518944]
[0.4518944]
[0.4518944]
[0.45187572]
[0.45187572]
[0.45187572]
[0.45187572]
[0.45187572]
[0.45187572]
[0.45187572]
[0.4518337]
[0.4518337]
[0.4518337]
[0.4518337]
[0.4518337]
[0.4518337]
[0.4518337]
[0.45176056]
[0.45174295]
[0.45173234]
[0.4516598]
[0.4516598]
[0.4516598]
[0.4516598]
[0.45160654]
[0.45151895]
[0.45140785]
[0.4513774]
[0.4513774]
[0.45128527]
[0.45128527]
[0.45128527]
[0.45128527]
[0.45128527]
[0.45128527]
[0.45118043]
[0.45118043]
[0.45118043]
[0.45118043]
[0.45110005]
[0.45110005]
[0.45110005]
[0.45109284]
[0.45109284]
[0.45102188]
[0.4509814]
[0.4509814]
[0.45097682]
[0.45097682]
[0.4508389]
[0.4508389]
[0.4508389]
[0.45083305]
[0.45083305]
[0.45083305]
[0.45081332]
[0.45081332]
[0.45077112]
[0.45077112]
[0.45076913]
[0.4507449]
[0.45073947]
[0.45071644]
[0.45069978]
[0.45067894]
[0.45067894]
[0.45067894]
[0.4506692]
[0.4506692]
[0.4506692]
[0.4506692]
[0.45065668]
[0.4506374]
[0.4505988]
[0.45058203]
[0.45058203]
[0.45056093]
[0.45056054]
[0.45053878]
[0.4504741]
[0.4504741]
[0.450468]
[0.4504469]
[0.45039377]
[0.45039377]
[0.45039377]
[0.45032683]
[0.45032683]
[0.45032683]
[0.4502443]
[0.4502143]
[0.4501992]
[0.4501992]
[0.45016932]
[0.4501156]
[0.4501156]
[0.45007768]
[0.45007768]
[0.45007768]
[0.45007768]
[0.45007768]
[0.45007768]
[0.45006523]
[0.45006523]
[0.45005396]
[0.45004547]
[0.44997296]
[0.44996342]
[0.44996342]
[0.4498869]
[0.4498752]
[0.4498752]
[0.4498752]
[0.4498748]
[0.44987005]
[0.44987005]
[0.44986397]
[0.44985643]
[0.44985643]
[0.44985643]
[0.44984597]
[0.44982937]
[0.44982937]
[0.44982937]
[0.44981495]
[0.44980416]
[0.44980416]
[0.44980416]
[0.44980416]
[0.44979942]
[0.44979933]
[0.4497755]
[0.4497755]
[0.4497755]
[0.44977164]
[0.4497608]
[0.44975638]
[0.44975638]
[0.44974828]
[0.44972456]
[0.449632]
[0.449632]
[0.449632]
[0.44962728]
[0.44962728]
[0.4496258]
[0.4496258]
[0.4496258]
[0.44960815]
[0.44960815]
[0.44956666]
[0.4495634]
[0.4495634]
[0.4495634]
[0.44955817]
[0.4495336]
[0.44951212]
[0.44951162]
[0.44951162]
[0.44950575]
[0.44950575]
[0.44950575]
[0.44950315]
[0.44949168]
[0.44949168]
[0.4494863]
[0.44948563]
[0.44948563]
[0.44946104]
[0.44945392]
[0.44945392]
[0.44945368]
[0.44945368]
[0.44945368]
[0.44945368]
[0.4494475]
[0.4494475]
[0.4494475]
[0.4494475]
[0.4494475]
[0.4494475]
[0.4494475]
[0.4494475]
[0.4494475]
[0.4494475]
[0.4494475]
[0.4494475]
[0.4494475]
[0.4494475]
[0.4494475]
[0.4494475]
[0.4494475]
[0.4494475]
[0.4494475]
[0.4494475]
[0.4494475]
[0.4494475]
[0.4494475]
[0.4494475]
[0.4494475]
[0.4494475]
[0.4494475]
[0.4494475]
[0.4494475]
[0.4494475]
[0.4494475]
[0.4494475]
[0.4494475]
[0.4494475]
[0.4494475]
[0.4494475]
[0.4494475]
[0.4494475]
[0.4494475]
[0.4494475]
[0.4494475]
[0.4494475]
[0.4494475]
[0.4494475]
[0.4494475]
[0.4494475]
[0.4494475]
[0.4494475]
[0.4494475]
[0.4494475]
[0.4494475]
[0.4494475]
[0.4494475]
[0.4494475]
[0.4494475]
[0.4494475]
[0.4494475]
[0.4494475]
[0.4494475]
[0.4494475]
[0.4494475]
[0.4494475]
[0.4494475]
[0.4494475]
[0.4494475]
[0.4494475]
[0.4494475]
[0.4494475]
[0.4494475]
[0.4494475]
[0.4494475]
[0.4494475]
[0.4494475]
[0.4494475]
[0.4494475]
[0.4494475]
[0.4494475]
[0.4494475]
[0.4494475]
[0.4494475]
[0.4494475]
[0.4494475]
[0.4494475]
[0.4494475]
[0.4494475]
[0.4494475]
[0.4494475]
[0.4494475]
[0.4494475]
[0.4494475]
[0.4494475]
[0.4494475]
[0.4494475]
[0.4494475]
[0.4494475]
[0.4494475]
[0.4494475]
[0.4494475]
[0.4494475]
[0.4494475]
[0.4494475]
[0.4494475]
[0.4494475]
[0.4494475]
[0.4494475]
[0.4494475]
[0.4494475]
[0.4494475]
[0.4494475]
[0.4494475]
[0.4494475]
[0.4494475]
[0.4494475]
[0.4494475]
[0.4494475]
[0.4494475]
[0.4494475]
[0.4494475]
[0.4494475]
[0.4494475]
[0.4494475]
[0.4494475]
[0.4494475]
[0.4494475]
[0.4494475]
[0.4494475]
[0.4494475]
[0.4494475]
[0.4494475]
[0.4494475]
[0.44943795]
[0.44943392]
[0.44943157]
[0.44943157]
[0.44942796]
[0.44942796]
[0.44940865]
[0.44940865]
[0.44940865]
[0.44940865]
[0.44938993]
[0.44934988]
[0.44933754]
[0.44933754]
[0.44933394]
[0.44933394]
[0.44932887]
[0.44932887]
[0.44932887]
[0.44932148]
[0.44932148]
[0.44932026]
[0.44932026]
[0.4493142]
[0.4493142]
[0.44930977]
[0.4493086]
[0.4493086]
[0.4493031]
[0.4493031]
[0.4493031]
[0.4493031]
[0.44928542]
[0.44928542]
[0.44928023]
[0.4492781]
[0.4492615]
[0.4492615]
[0.4492499]
[0.4492499]
[0.44924268]
[0.44921228]
[0.44920978]
[0.44920978]
[0.44920978]
[0.44920978]
[0.44920668]
[0.44920602]
[0.44919202]
[0.44918698]
[0.44918698]
[0.44917542]
[0.44917542]
[0.44917542]
[0.44917417]
[0.44917104]
[0.4491689]
[0.4491582]
[0.44915584]
[0.44915584]
[0.44914523]
[0.44914523]
[0.44914523]
[0.4490988]
[0.4490988]
[0.44909838]
[0.44908732]
[0.44905403]
[0.44905403]
[0.4490501]
[0.44901764]
[0.44897223]
[0.44897223]
[0.44897223]
[0.44897223]
[0.44888517]
[0.44888517]
[0.44885615]
[0.44885615]
[0.44885615]
[0.44885615]
[0.4488035]
[0.4488024]
[0.44879517]
[0.44875368]
[0.44875368]
[0.44874737]
[0.44874737]
[0.44874737]
[0.44874159]
[0.44874159]
[0.44874159]
[0.44873923]
[0.4486568]
[0.4486568]
[0.4486568]
[0.4486568]
[0.4486068]
[0.44858387]
[0.44858387]
[0.44851297]
[0.44845945]
[0.44845945]
[0.44845945]
[0.44845945]
[0.44845945]
[0.4483787]
[0.44825825]
[0.4482432]
[0.4482432]
[0.4482432]
[0.4482432]
[0.4482432]
[0.4482432]
[0.4482432]
[0.44811133]
[0.44799605]
[0.44796726]
[0.44796726]
[0.44796726]
[0.44793966]
[0.44793966]
[0.4479362]
[0.44791612]
[0.44791612]
[0.44791612]
[0.44786212]
[0.44785228]
[0.44785228]
[0.44783497]
[0.447753]
[0.44774717]
[0.44758448]
[0.44758448]
[0.44758448]
[0.44758448]
[0.44758448]
[0.44758448]
[0.44749448]
[0.44749448]
[0.44749448]
[0.44749448]
[0.44749448]
[0.44749448]
[0.44749448]
[0.44749448]
[0.4473052]
[0.4473052]
[0.4473052]
[0.4473052]
[0.44729203]
[0.44729203]
[0.44729203]
[0.44729203]
[0.44723442]
[0.44723442]
[0.44723442]
[0.44723442]
[0.44723442]
[0.44723442]
[0.44723442]
[0.44719532]
[0.44719532]
[0.44719532]
[0.44719532]
[0.44719532]
[0.44719118]
[0.44719118]
[0.44719118]
[0.44719118]
[0.44719118]
[0.44718036]
[0.44718036]
[0.44718036]
[0.44718036]
[0.44718036]
[0.44718036]
[0.44717935]
[0.44717935]
[0.44717935]
[0.44717935]
[0.44717935]
[0.44717935]
[0.44716844]
[0.44715446]
[0.44715446]
[0.44715446]
[0.44715446]
[0.44715446]
[0.44715446]
[0.44715446]
[0.4471448]
[0.4471448]
[0.4471448]
[0.44705454]
[0.44705454]
[0.447053]
[0.447053]
[0.4470488]
[0.4470488]
[0.4470488]
[0.4470488]
[0.44702902]
[0.44702902]
[0.4469888]
[0.4469888]
[0.4469888]
[0.4469888]
[0.4469888]
[0.44698554]
[0.44698554]
[0.44698554]
[0.44698554]
[0.44698554]
[0.44698554]
[0.44695655]
[0.44695655]
[0.44695655]
[0.44695655]
[0.44695655]
[0.44695655]
[0.44695655]
[0.44695655]
[0.44695655]
[0.44693497]
[0.44693497]
[0.44693497]
[0.44693497]
[0.44693497]
[0.44693497]
[0.4469345]
[0.4469345]
[0.4469345]
[0.44692808]
[0.44692808]
[0.44692808]
[0.44692808]
[0.44692808]
[0.44692808]
[0.44692808]
[0.44692808]
[0.44690838]
[0.44690838]
[0.44690838]
[0.44690838]
[0.44689772]
[0.44689772]
[0.44689772]
[0.44688344]
[0.44687694]
[0.4468763]
[0.4468763]
[0.4468763]
[0.4468763]
[0.4468763]
[0.4468565]
[0.4468565]
[0.4468565]
[0.44684252]
[0.44684252]
[0.44684252]
[0.44684252]
[0.4468284]
[0.4468284]
[0.4468284]
[0.4467728]
[0.4467728]
[0.4467571]
[0.44675395]
[0.44675395]
[0.44675395]
[0.44675395]
[0.44674462]
[0.4467348]
[0.4467348]
[0.4467348]
[0.4467348]
[0.44673422]
[0.44673422]
[0.44671094]
[0.44671094]
[0.44671094]
[0.44671094]
[0.44670272]
[0.44670272]
[0.44668663]
[0.44668663]
[0.44668663]
[0.44666803]
[0.44666803]
[0.44666803]
[0.44666803]
[0.44666803]
[0.44666803]
[0.44666803]
[0.44666803]
[0.44663817]
[0.44663817]
[0.44663236]
[0.44663236]
[0.4466262]
[0.44661853]
[0.44661853]
[0.44661853]
[0.44661853]
[0.4466143]
[0.4466143]
[0.4466143]
[0.4466143]
[0.44660717]
[0.44660717]
[0.44660163]
[0.44660163]
[0.4466008]
[0.4466008]
[0.4466008]
[0.4465964]
[0.4465964]
[0.44659495]
[0.44659495]
[0.44659495]
[0.44659495]
[0.4465849]
[0.4465849]
[0.44658405]
[0.44658405]
[0.44658235]
[0.44658235]
[0.44658235]
[0.44658235]
[0.44658235]
[0.44658083]
[0.44658083]
[0.44658083]
[0.44657367]
[0.4465715]
[0.4465715]
[0.4465715]
[0.4465548]
[0.4465548]
[0.4465548]
[0.44652596]
[0.44652596]
[0.44652596]
[0.4465252]
[0.4465252]
[0.44648165]
[0.44648165]
[0.44648165]
[0.44648165]
[0.446477]
[0.4464431]
[0.4464431]
[0.4464431]
[0.4464431]
[0.4464431]
[0.4464431]
[0.4464431]
[0.4464431]
[0.4464431]
[0.4464431]
[0.4464351]
[0.44643432]
[0.44643432]
[0.4464332]
[0.4464332]
[0.44642994]
[0.44641447]
[0.44641447]
[0.44641447]
[0.44641232]
[0.44641232]
[0.44641232]
[0.44641232]
[0.44641232]
[0.44637284]
[0.4463674]
[0.4463674]
[0.44636253]
[0.44636253]
[0.44636253]
[0.44636253]
[0.44636238]
[0.4463614]
[0.4463614]
[0.4463613]
[0.4463613]
[0.44634652]
[0.44634652]
[0.4463453]
[0.4463453]
[0.4463453]
[0.446345]
[0.44634378]
[0.44633237]
[0.44632658]
[0.44632155]
[0.44632155]
[0.44632155]
[0.44629812]
[0.44628844]
[0.44628844]
[0.44628844]
[0.4462709]
[0.4462709]
[0.4462709]
[0.4462709]
[0.44626993]
[0.4462392]
[0.4462392]
[0.44623882]
[0.44623882]
[0.44623455]
[0.44623008]
[0.44623008]
[0.44623008]
[0.44623008]
[0.44623008]
[0.44623008]
[0.44623008]
[0.44623008]
[0.44623008]
[0.44618422]
[0.44618422]
[0.44618422]
[0.44618422]
[0.44618422]
[0.44617844]
[0.44617844]
[0.44617844]
[0.4461734]
[0.44617265]
[0.44617265]
[0.44617265]
[0.44617265]
[0.44617048]
[0.44617048]
[0.44617048]
[0.44614473]
[0.44614473]
[0.4460935]
[0.4460935]
[0.4460399]
[0.4460399]
[0.4460399]
[0.4460399]
[0.4460399]
[0.4460399]
[0.44602594]
[0.44602594]
[0.44602594]
[0.44602594]
[0.44602594]
[0.44602594]
[0.44602594]
[0.44602594]
[0.44601664]
[0.44601664]
[0.44601664]
[0.44601664]
[0.44601664]
[0.44601664]
[0.44601664]
[0.44601664]
[0.44601664]
[0.44595093]
[0.4458933]
[0.4458933]
[0.4458933]
[0.4458853]
[0.4458245]
[0.4458245]
[0.44581422]
[0.44581422]
[0.44581413]
[0.44581413]
[0.44575918]
[0.44575918]
[0.44570068]
[0.44570068]
[0.44567224]
[0.44567224]
[0.44567224]
[0.4456525]
[0.4456525]
[0.44559285]
[0.44559285]
[0.44559285]
[0.44556597]
[0.44556597]
[0.44556597]
[0.44554988]
[0.44554988]
[0.44554988]
[0.44554988]
[0.44551337]
[0.44551337]
[0.44551337]
[0.44549057]
[0.44549057]
[0.44549057]
[0.44540763]
[0.4453906]
[0.4453805]
[0.4453805]
[0.4453805]
[0.4453805]
[0.4453805]
[0.44535723]
[0.44535723]
[0.44535723]
[0.44535723]
[0.44535723]
[0.44530946]
[0.44530946]
[0.44530946]
[0.44530946]
[0.4453038]
[0.4453038]
[0.44514075]
[0.44458997]
[0.44458997]
[0.44457814]
[0.4445445]
[0.4445445]
[0.44454288]
[0.4445087]
[0.4445087]
[0.4445087]
[0.4444719]
[0.44446906]
[0.44446906]
[0.4444612]
[0.4444612]
[0.4444612]
[0.44446066]
[0.44446066]
[0.44446066]
[0.44435522]
[0.44435522]
[0.44433588]
[0.44404045]
[0.44404045]
[0.44404045]
[0.44404045]
[0.44404045]
[0.44404045]
[0.4440084]
[0.44400606]
[0.44400606]
[0.44400606]
[0.44399035]
[0.44397494]
[0.44397494]
[0.44397494]
[0.44397494]
[0.44397494]
[0.44396356]
[0.44396356]
[0.4439602]
[0.4439602]
[0.44395775]
[0.44395775]
[0.44395068]
[0.44395068]
[0.44394162]
[0.44394162]
[0.4439228]
[0.4439228]
[0.44390425]
[0.44390276]
[0.44390276]
[0.4439004]
[0.4439004]
[0.4439004]
[0.4439004]
[0.4439004]
[0.4439004]
[0.4439004]
[0.4439004]
[0.4439004]
[0.4439004]
[0.4439004]
[0.4439004]
[0.4439004]
[0.4439004]
[0.4439004]
[0.4439004]
[0.4439004]
[0.4439004]
[0.4439004]
[0.4439004]
[0.4439004]
[0.4439004]
[0.4439004]
[0.4439004]
[0.4439004]
[0.4439004]
[0.4439004]
[0.4439004]
[0.4439004]
[0.4439004]
[0.4439004]
[0.4439004]
[0.4439004]
[0.4439004]
[0.4439004]
[0.4439004]
[0.4439004]
[0.4439004]
[0.4439004]
[0.4439004]
[0.4439004]
[0.4439004]
[0.4439004]
[0.4439004]
[0.4439004]
[0.4439004]
[0.4439004]
[0.4439004]
[0.4439004]
[0.4439004]
[0.4439004]
[0.4439004]
[0.4439004]
[0.4439004]
[0.4439004]
[0.4439004]
[0.4439004]
[0.4439004]
[0.4439004]
[0.4439004]
[0.4439004]
[0.4439004]
[0.4439004]
[0.4439004]
[0.4439004]
[0.4439004]
[0.4439004]
[0.4439004]
[0.4439004]
[0.4439004]
[0.4439004]
[0.4439004]
[0.4439004]
[0.4439004]
[0.4439004]
[0.4439004]
[0.4439004]
[0.4439004]
[0.4439004]
[0.4439004]
[0.4439004]
[0.4439004]
[0.4439004]
[0.4439004]
[0.4439004]
[0.4439004]
[0.4439004]
[0.4439004]
[0.4439004]
[0.4439004]
[0.4439004]
[0.4439004]
[0.4439004]
[0.4439004]
[0.4439004]
[0.4439004]
[0.4439004]
[0.4439004]
[0.4439004]
[0.4439004]
[0.4439004]
[0.4439004]
[0.4439004]
[0.4439004]
[0.4439004]
[0.4439004]
[0.4439004]
[0.4439004]
[0.4439004]
[0.4439004]
[0.4439004]
[0.4439004]
[0.4439004]
[0.4439004]
[0.4439004]
[0.44389176]
[0.44389176]
[0.44389176]
[0.44389176]
[0.44389176]
[0.44389176]
[0.44389176]
[0.44389176]
[0.44388786]
[0.44388738]
[0.44388738]
[0.44388738]
[0.44388738]
[0.44387847]
[0.44387308]
[0.44387308]
[0.44387308]
[0.44387043]
[0.44387043]
[0.44387043]
[0.44387043]
[0.44387043]
[0.44387043]
[0.44387043]
[0.44387043]
[0.44383478]
[0.44383156]
[0.4438306]
[0.4438306]
[0.44382915]
[0.44382915]
[0.44382915]
[0.44382915]
[0.44382602]
[0.44382602]
[0.44382602]
[0.44382602]
[0.44382602]
[0.44382513]
[0.44382513]
[0.44382104]
[0.44382104]
[0.44381928]
[0.44381928]
[0.44381362]
[0.44381362]
[0.443813]
[0.44380158]
[0.44380158]
[0.44380158]
[0.44380158]
[0.44380158]
[0.44380158]
[0.44380158]
[0.44380158]
[0.44379482]
[0.44379482]
[0.44379482]
[0.44379482]
[0.44379482]
[0.44378936]
[0.44378936]
[0.44378936]
[0.4437704]
[0.4437704]
[0.4437704]
[0.4437704]
[0.44376567]
[0.44375002]
[0.44375002]
[0.44375002]
[0.44375002]
[0.443749]
[0.443749]
[0.443749]
[0.44373453]
[0.44372016]
[0.44372016]
[0.44372016]
[0.4437144]
[0.4437144]
[0.4437144]
[0.4437144]
[0.44369972]
[0.44365856]
[0.44365856]
[0.44365856]
[0.44363296]
[0.44363296]
[0.44363296]
[0.44363296]
[0.44363296]
[0.44363296]
[0.44363296]
[0.44362846]
[0.44362846]
[0.44362846]
[0.44356364]
[0.44356364]
[0.44355926]
[0.44355926]
[0.44354504]
[0.4435344]
[0.4435344]
[0.44349027]
[0.4434886]
[0.4434886]
[0.4434886]
[0.44348443]
[0.44343308]
[0.44343308]
[0.44343308]
[0.44342765]
[0.44327936]
[0.44327936]
[0.44327936]
[0.4432255]
[0.4432255]
[0.4432255]
[0.4432255]
[0.4431949]
[0.4431949]
[0.44315448]
[0.44315448]
[0.44315448]
[0.44315448]
[0.44315448]
[0.44315448]
[0.44314075]
[0.44314075]
[0.44314075]
[0.44312042]
[0.44312042]
[0.44312042]
[0.44312042]
[0.4430618]
[0.4430618]
[0.4430618]
[0.4430618]
[0.4430618]
[0.4430618]
[0.4430618]
[0.4430618]
[0.44269097]
[0.44269097]
[0.44269097]
[0.4426795]
[0.4426795]
[0.4426795]
[0.4425448]
[0.44253564]
[0.44253564]
[0.4424272]
[0.4423573]
[0.4423573]
[0.4423573]
[0.4423514]
[0.44217387]
[0.44217387]
[0.44208708]
[0.44200012]
[0.44200012]
[0.44200012]
[0.44199997]
[0.4419889]
[0.4419889]
[0.4419889]
[0.4419889]
[0.4419889]
[0.44198132]
[0.44198132]
[0.44195595]
[0.441955]
[0.441955]
[0.44192007]
[0.44192007]
[0.44192007]
[0.44188422]
[0.44188422]
[0.44188422]
[0.44188198]
[0.44188198]
[0.44188198]
[0.44187328]
[0.44187328]
[0.44187328]
[0.44187304]
[0.44187304]
[0.44187304]
[0.44187045]
[0.44187045]
[0.44187045]
[0.4418631]
[0.4418631]
[0.4418631]
[0.44186267]
[0.44184017]
[0.44181487]
[0.44181487]
[0.44176897]
[0.44176897]
[0.44176897]
[0.44175056]
[0.44175056]
[0.44175056]
[0.44175056]
[0.44174784]
[0.44174784]
[0.44169423]
[0.4416935]
[0.4416935]
[0.44168258]
[0.44167045]
[0.44165835]
[0.44146994]
[0.44146994]
[0.44146994]
[0.44146994]
[0.4414267]
[0.4414267]
[0.44142464]
[0.44142464]
[0.44142464]
[0.44140947]
[0.44140947]
[0.44140947]
[0.44140947]
[0.4413877]
[0.4413877]
[0.4413877]
[0.44138378]
[0.44137996]
[0.44137996]
[0.44137996]
[0.44137996]
[0.44136983]
[0.44136983]
[0.44136983]
[0.44136983]
[0.4413428]
[0.4413428]
[0.4413428]
[0.441329]
[0.44132447]
[0.44132447]
[0.44132447]
[0.44132248]
[0.44132248]
[0.44132248]
[0.44132248]
[0.44132248]
[0.44132248]
[0.4413206]
[0.4413206]
[0.4413206]
[0.4413206]
[0.4413206]
[0.4413206]
[0.4413206]
[0.4413206]
[0.4413206]
[0.4413206]
[0.4413206]
[0.4413206]
[0.4413206]
[0.4413206]
[0.4413206]
[0.4413206]
[0.4413206]
[0.4413206]
[0.4413206]
[0.4413206]
[0.4413206]
[0.4413206]
[0.4413206]
[0.4413206]
[0.4413206]
[0.4413206]
[0.4413206]
[0.4413206]
[0.4413206]
[0.4413206]
[0.4413206]
[0.4413206]
[0.4413206]
[0.4413206]
[0.4413206]
[0.4413206]
[0.4413206]
[0.4413206]
[0.4413206]
[0.4413206]
[0.4413206]
[0.4413206]
[0.4413206]
[0.4413206]
[0.4413206]
[0.4413206]
[0.4413206]
[0.4413206]
[0.4413206]
[0.4413206]
[0.4413206]
[0.4413206]
[0.4413206]
[0.4413206]
[0.4413206]
[0.4413206]
[0.4413206]
[0.4413206]
[0.4413206]
[0.4413206]
[0.4413206]
[0.4413206]
[0.4413206]
[0.4413206]
[0.4413206]
[0.4413206]
[0.4413206]
[0.4413206]
[0.4413206]
[0.4413206]
[0.4413206]
[0.4413206]
[0.4413206]
[0.4413206]
[0.4413206]
[0.4413206]
[0.4413206]
[0.4413206]
[0.4413206]
[0.4413206]
[0.4413206]
[0.4413206]
[0.4413206]
[0.4413206]
[0.4413206]
[0.4413206]
[0.4413206]
[0.4413206]
[0.4413206]
[0.4413206]
[0.4413206]
[0.4413206]
[0.4413206]
[0.4413206]
[0.4413206]
[0.4413206]
[0.4413206]
[0.4413206]
[0.4413206]
[0.4413206]
[0.4413206]
[0.4413206]
[0.4413206]
[0.4413206]
[0.4413206]
[0.4413206]
[0.4413206]
[0.4413206]
[0.4413206]
[0.4413206]
[0.4413206]
[0.4413206]
[0.4413206]
[0.4413206]
[0.4413206]
[0.4413206]
[0.4413206]
[0.4413206]
[0.4413206]
[0.4413206]
[0.4413206]
[0.4413206]
[0.4413206]
[0.4413206]
[0.4413206]
[0.4413206]
[0.4413206]
[0.4413206]
[0.4413206]
[0.4413206]
[0.4413206]
[0.4413206]
[0.4413206]
[0.4413206]
[0.4413206]
[0.4413206]
[0.4413206]
[0.4413206]
[0.4413206]
[0.4413206]
[0.4413206]
[0.4413206]
[0.4413206]
[0.4413206]
[0.4413206]
[0.4413206]
[0.4413206]
[0.4413206]
[0.4413206]
[0.4413206]
[0.4413206]
[0.4413206]
[0.4413206]
[0.4413206]
[0.4413206]
[0.4413206]
[0.4413206]
[0.4413206]
[0.4413206]
[0.4413206]
[0.4413206]
[0.4413206]
[0.4413206]
[0.4413206]
[0.4413206]
[0.4413206]
[0.4413206]
[0.4413206]
[0.4413206]
[0.4413206]
[0.4413206]
[0.4413206]
[0.4413206]
[0.4413206]
[0.4413206]
[0.4413206]
[0.4413206]
[0.4413206]
[0.4413206]
[0.4413206]
[0.4413206]
[0.4413206]
[0.4413206]
[0.44130877]
[0.44130877]
[0.44130877]
[0.44129935]
[0.44129935]
[0.44129395]
[0.44129395]
[0.4412852]
[0.44128245]
[0.44128245]
[0.44128245]
[0.44128245]
[0.44128245]
[0.4412729]
[0.4412729]
[0.4412729]
[0.4412729]
[0.4412561]
[0.4412561]
[0.4412561]
[0.4412561]
[0.4412561]
[0.4412561]
[0.4412561]
[0.4412561]
[0.4412561]
[0.4412561]
[0.44125485]
[0.44125485]
[0.44125485]
[0.44125485]
[0.44125485]
[0.44125286]
[0.44125286]
[0.44124618]
[0.44123483]
[0.44123483]
[0.44123483]
[0.44123483]
[0.4412118]
[0.4412118]
[0.4412118]
[0.44118297]
[0.44118297]
[0.44112256]
[0.44112256]
[0.44112256]
[0.44112256]
[0.4409843]
[0.4409843]
[0.4409843]
[0.44097105]
[0.44097105]
[0.4409162]
[0.4409162]
[0.4409162]
[0.4409162]
[0.4408547]
[0.4408547]
[0.4408547]
[0.4408547]
[0.44057226]
[0.44057226]
[0.44011742]
[0.44011742]
[0.44011742]
[0.44011742]
[0.4400481]
[0.44003212]
[0.44003212]
[0.44003212]
[0.44003212]
[0.44003212]
[0.4399751]
[0.4399751]
[0.4398942]
[0.4398942]
[0.43987766]
[0.43987766]
[0.43987766]
[0.43986797]
[0.43986797]
[0.43986797]
[0.43979898]
[0.43979898]
[0.43979898]
[0.43979335]
[0.43979335]
[0.43979335]
[0.43979335]
[0.43979335]
[0.43979335]
[0.43979335]
[0.43953305]
[0.43953305]
[0.43953305]
[0.43953305]
[0.43944758]
[0.43944758]
[0.43944758]
[0.43926466]
[0.43925163]
[0.43925163]
[0.43925163]
[0.43925163]
[0.4391995]
[0.4391995]
[0.4391612]
[0.4391612]
[0.43915522]
[0.43915522]
[0.43915522]
[0.43914548]
[0.43914548]
[0.43914548]
[0.43914548]
[0.43914548]
[0.43914548]
[0.4391341]
[0.43912163]
[0.43912163]
[0.43911055]
[0.43911055]
[0.43911055]
[0.4377518]
[0.4377518]
[0.4377518]
[0.4377518]
[0.4377518]
[0.4377518]
[0.4377518]
[0.4377518]
[0.4377518]
[0.4377518]
[0.4377518]
[0.4377518]
[0.43773866]
[0.43773866]
[0.43773866]
[0.43773866]
[0.43773866]
[0.43773866]
[0.43773866]
[0.43771663]
[0.43771663]
[0.43771157]
[0.43771157]
[0.43771157]
[0.43771157]
[0.43771157]
[0.43771157]
[0.43769807]
[0.43769807]
[0.43769807]
[0.43769807]
[0.43767616]
[0.43767616]
[0.43767616]
[0.43765602]
[0.43765602]
[0.43765602]
[0.43765602]
[0.43765602]
[0.43765602]
[0.43765602]
[0.43765602]
[0.43765602]
[0.43765602]
[0.43765602]
[0.43765602]
[0.43765602]
[0.43765602]
[0.437643]
[0.437643]
[0.437643]
[0.437643]
[0.437643]
[0.437643]
[0.43762058]
[0.43762058]
[0.43762058]
[0.43762058]
[0.43762058]
[0.43762058]
[0.43760854]
[0.43760854]
[0.43760854]
[0.43760854]
[0.43760854]
[0.43760854]
[0.43760854]
[0.43760854]
[0.43760854]
[0.43760854]
[0.43760854]
[0.43760854]
[0.43760854]
[0.43760747]
[0.43760747]
[0.43760747]
[0.43760747]
[0.43760747]
[0.43760747]
[0.43760747]
[0.43760747]
[0.43760747]
[0.43760747]
[0.43760747]
[0.43760747]
[0.43760747]
[0.43760747]
[0.43760747]
[0.43760747]
[0.43759516]
[0.43759516]
[0.43759516]
[0.43759516]
[0.43759516]
[0.43759516]
[0.43759516]
[0.43759516]
[0.43759516]
[0.43759516]
[0.43759516]
[0.43759516]
[0.43759397]
[0.43759397]
[0.43759397]
[0.43759397]
[0.43759397]
[0.43759397]
[0.43759397]
[0.43759397]
[0.43759397]
[0.43759397]
[0.43759397]
[0.43759397]
[0.4375737]
[0.4375737]
[0.4375737]
[0.4375737]
[0.4375737]
[0.43757176]
[0.43757176]
[0.43757176]
[0.43757176]
[0.43757176]
[0.43757176]
[0.43757176]
[0.43757176]
[0.43757176]
[0.43757176]
[0.43755844]
[0.43755844]
[0.43755844]
[0.43752915]
[0.43752915]
[0.43752915]
[0.43752915]
[0.43748948]
[0.43748948]
[0.43743342]
[0.43743342]
[0.43743342]
[0.43743342]
[0.43743342]
[0.43743342]
[0.43743342]
[0.43743342]
[0.43738592]
[0.43738592]
[0.43738592]
[0.43738592]
[0.43738592]
[0.43738592]
[0.43738592]
[0.43738592]
[0.43738592]
[0.43738592]
[0.43738592]
[0.43738592]
[0.43738592]
[0.43738496]
[0.43738496]
[0.43738496]
[0.43738496]
[0.43738496]
[0.4373496]
[0.4373496]
[0.4373496]
[0.4373496]
[0.43715647]
[0.43715647]
[0.43715647]
[0.43715647]
[0.43715647]
[0.43714345]
[0.43714345]
[0.43714345]
[0.43714345]
[0.43714345]
[0.43714345]
[0.43714345]
[0.4371212]
[0.4371212]
[0.4371212]
[0.4371212]
[0.4371212]
[0.4371212]
[0.43693516]
[0.43693516]
[0.43693516]
[0.43693516]
[0.43693516]
[0.43662322]
[0.43662322]
[0.43658313]
[0.43658313]
[0.43658313]
[0.43658313]
[0.43658313]
[0.43652812]
[0.43652812]
[0.43652812]
[0.43652812]
[0.43652812]
[0.43648022]
[0.43648022]
[0.43648022]
[0.43648022]
[0.43648022]
[0.43648022]
[0.43648022]
[0.43648022]
[0.43648022]
[0.43648022]
[0.43647993]
[0.43647993]
[0.43647993]
[0.43647993]
[0.43647993]
[0.43647993]
[0.43647993]
[0.43647993]
[0.43647993]
[0.43644473]
[0.43644473]
[0.43644473]
[0.43636325]
[0.43636325]
[0.43636325]
[0.43636325]
[0.43636325]
[0.43636325]
[0.43636325]
[0.43636325]
[0.43636325]
[0.43636325]
[0.4363505]
[0.4363505]
[0.4363505]
[0.4363505]
[0.4363505]
[0.4363477]
[0.4363477]
[0.4363477]
[0.4363477]
[0.43633512]
[0.43633512]
[0.43633512]
[0.43632844]
[0.43632844]
[0.4363128]
[0.4363128]
[0.4363128]
[0.4363128]
[0.43629196]
[0.43629196]
[0.43629196]
[0.43629196]
[0.43629196]
[0.43629196]
[0.43627906]
[0.43627906]
[0.43627906]
[0.43625715]
[0.43625715]
[0.43625715]
[0.43621272]
[0.43621272]
[0.43621272]
[0.43621272]
[0.43619984]
[0.43619984]
[0.43619648]
[0.43619648]
[0.43619648]
[0.43619648]
[0.43619648]
[0.43619648]
[0.43618688]
[0.43618688]
[0.43618688]
[0.43618688]
[0.43618688]
[0.43618688]
[0.43618688]
[0.43618688]
[0.43618688]
[0.43618688]
[0.43618384]
[0.43618384]
[0.43617794]
[0.43617794]
[0.43617794]
[0.43617794]
[0.43617436]
[0.43617436]
[0.43617436]
[0.43617436]
[0.43616173]
[0.43616173]
[0.43616173]
[0.43616173]
[0.43615213]
[0.43615213]
[0.43615213]
[0.43615213]
[0.436143]
[0.436143]
[0.436143]
[0.436143]
[0.436143]
[0.436143]
[0.436143]
[0.4361274]
[0.4361274]
[0.4361199]
[0.4361199]
[0.4361199]
[0.4361199]
[0.4361199]
[0.4361199]
[0.4361199]
[0.4361199]
[0.4361199]
[0.4361199]
[0.4361199]
[0.4361199]
[0.43611476]
[0.43611476]
[0.43611476]
[0.43611476]
[0.43611476]
[0.43611476]
[0.43611476]
[0.43611476]
[0.4361072]
[0.4361072]
[0.4361072]
[0.4361072]
[0.4361072]
[0.4361072]
[0.43610206]
[0.43610206]
[0.43610206]
[0.43610206]
[0.43610206]
[0.43610206]
[0.43608522]
[0.43608522]
[0.43608522]
[0.43608522]
[0.43608522]
[0.4360799]
[0.43607157]
[0.43607157]
[0.43607157]
[0.43607157]
[0.43603283]
[0.43603283]
[0.43603283]
[0.43603283]
[0.43603283]
[0.43603283]
[0.43603283]
[0.43599248]
[0.43599248]
[0.43599248]
[0.43599248]
[0.43599248]
[0.43597642]
[0.43597642]
[0.43597642]
[0.43597642]
[0.43596688]
[0.43596688]
[0.43596688]
[0.43596688]
[0.43596688]
[0.43596688]
[0.43596688]
[0.43596688]
[0.43596688]
[0.43596688]
[0.43596688]
[0.43596172]
[0.43591887]
[0.43591887]
[0.43591887]
[0.4359068]
[0.4359068]
[0.4359068]
[0.4359068]
[0.4359068]
[0.4358999]
[0.4358999]
[0.4358999]
[0.4358947]
[0.4358947]
[0.4358947]
[0.4358947]
[0.4358947]
[0.4358947]
[0.43587944]
[0.43587944]
[0.43587944]
[0.43587944]
[0.4358596]
[0.4358596]
[0.4358596]
[0.4358596]
[0.4358596]
[0.43585846]
[0.43585846]
[0.43585846]
[0.43585846]
[0.43585846]
[0.43585846]
[0.43585846]
[0.43584555]
[0.43584555]
[0.43584555]
[0.43582436]
[0.43582436]
[0.4357779]
[0.4357779]
[0.4357779]
[0.4357779]
[0.4357779]
[0.4357779]
[0.4357779]
[0.4357779]
[0.4357779]
[0.4357779]
[0.4357761]
[0.4357761]
[0.4357761]
[0.4357761]
[0.4357761]
[0.4357761]
[0.4357761]
[0.4357761]
[0.4357761]
[0.4357637]
[0.4357637]
[0.4357637]
[0.4357637]
[0.43567497]
[0.4356559]
[0.4356559]
[0.43565425]
[0.43565425]
[0.43565425]
[0.43565425]
[0.43564498]
[0.43564498]
[0.4356373]
[0.43563557]
[0.43563217]
[0.43563166]
[0.43563166]
[0.43563166]
[0.43563166]
[0.43562114]
[0.43562114]
[0.43561217]
[0.4356042]
[0.4356042]
[0.4356042]
[0.4356042]
[0.43559843]
[0.43559843]
[0.43559843]
[0.43559784]
[0.43559778]
[0.43559697]
[0.43559697]
[0.43559697]
[0.43559697]
[0.43559697]
[0.43559697]
[0.43559697]
[0.43559697]
[0.43559653]
[0.43559653]
[0.4355851]
[0.4355851]
[0.4355851]
[0.4355851]
[0.4355851]
[0.43558422]
[0.43558422]
[0.43558422]
[0.43558422]
[0.43558317]
[0.43558317]
[0.43558317]
[0.43558317]
[0.43558317]
[0.43558317]
[0.43558186]
[0.4355803]
[0.43557087]
[0.43557087]
[0.43555707]
[0.43555707]
[0.43555707]
[0.43555707]
[0.43555707]
[0.43555707]
[0.43555707]
[0.43555707]
[0.43555707]
[0.43555707]
[0.43554738]
[0.43554738]
[0.43554562]
[0.43554288]
[0.43554288]
[0.43554288]
[0.43553835]
[0.43553406]
[0.43553406]
[0.4355327]
[0.4355327]
[0.4355327]
[0.4355327]
[0.43552786]
[0.43552786]
[0.43552786]
[0.43552655]
[0.43552655]
[0.43552655]
[0.43552655]
[0.43552655]
[0.43552655]
[0.43552655]
[0.43552]
[0.43552]
[0.43552]
[0.43552]
[0.43552]
[0.43552]
[0.43552]
[0.43551782]
[0.43551782]
[0.43551782]
[0.43551782]
[0.43551308]
[0.43551308]
[0.43551308]
[0.43551308]
[0.43551308]
[0.43551308]
[0.43551308]
[0.43551308]
[0.43551308]
[0.43551308]
[0.43551308]
[0.43551308]
[0.43551308]
[0.43551308]
[0.43551308]
[0.43551308]
[0.43551308]
[0.43551308]
[0.43551308]
[0.43551308]
[0.43551308]
[0.43551308]
[0.43551308]
[0.43551308]
[0.43551308]
[0.43551308]
[0.43551308]
[0.43551308]
[0.43551308]
[0.43551308]
[0.43551308]
[0.43551308]
[0.43551308]
[0.43551308]
[0.43551308]
[0.43551308]
[0.43551308]
[0.43551308]
[0.43551308]
[0.43551308]
[0.43551308]
[0.43551308]
[0.43551308]
[0.43551308]
[0.43551308]
[0.43551308]
[0.43551308]
[0.43551308]
[0.43551308]
[0.43551308]
[0.43551308]
[0.43551308]
[0.43551308]
[0.43551308]
[0.43551308]
[0.43551308]
[0.43551308]
[0.43551308]
[0.43551308]
[0.43551308]
[0.43551308]
[0.43551308]
[0.43551308]
[0.43551308]
[0.43551308]
[0.43551308]
[0.43551308]
[0.43551308]
[0.43551308]
[0.43551308]
[0.43551308]
[0.43551308]
[0.43551308]
[0.43551308]
[0.43551308]
[0.43551308]
[0.43551308]
[0.43551308]
[0.43551308]
[0.43551308]
[0.43551308]
[0.43551308]
[0.43551308]
[0.43551308]
[0.43551308]
[0.43551308]
[0.43551308]
[0.43551308]
[0.43551308]
[0.43551308]
[0.43551308]
[0.43551308]
[0.43551308]
[0.43551308]
[0.43551308]
[0.43551308]
[0.43551308]
[0.43551308]
[0.43551308]
[0.43551308]
[0.43551308]
[0.43551308]
[0.43551308]
[0.43551308]
[0.43551308]
[0.43551308]
[0.43551308]
[0.43551308]
[0.43551308]
[0.43551308]
[0.43551308]
[0.43551308]
[0.43551308]
[0.43551308]
[0.43551308]
[0.43551308]
[0.43551308]
[0.43551308]
[0.43551308]
[0.43551308]
[0.43551308]
[0.43551308]
[0.43551308]
[0.43551308]
[0.43551308]
[0.43551308]
[0.43551308]
[0.43551308]
[0.43551308]
[0.43551308]
[0.43551308]
[0.43551308]
[0.43551308]
[0.43551308]
[0.43551308]
[0.43551308]
[0.43551308]
[0.43551308]
[0.43551308]
[0.43551308]
[0.43551308]
[0.43551308]
[0.43551308]
[0.43551308]
[0.43551308]
[0.43551308]
[0.43551308]
[0.43551308]
[0.43551308]
[0.43551308]
[0.43551308]
[0.43551308]
[0.43551308]
[0.43551308]
[0.43551308]
[0.43551308]
[0.43551308]
[0.43551308]
[0.43551308]
[0.43551308]
[0.43551308]
[0.43551308]
[0.43551308]
[0.43551308]
[0.43551308]
[0.43551308]
[0.43551308]
[0.43551308]
[0.43551308]
[0.43551308]
[0.43551308]
[0.43551308]
[0.43551308]
[0.43551308]
[0.43551308]
[0.43551308]
[0.43551308]
[0.43551308]
[0.43551308]
[0.43551308]
[0.43551308]
[0.43551308]
[0.43551308]
[0.43551308]
[0.43550345]
[0.43550345]
[0.43550324]
[0.43550086]
[0.43550086]
[0.43550086]
[0.43550086]
[0.43550086]
[0.43550086]
[0.43550086]
[0.43550086]
[0.43550086]
[0.43550086]
[0.43550086]
[0.43550086]
[0.43550086]
[0.43550086]
[0.43550086]
[0.43550086]
[0.43550086]
[0.43550086]
[0.43550086]
[0.43550086]
[0.43550086]
[0.43550086]
[0.43550086]
[0.43550086]
[0.43550086]
[0.43550086]
[0.43550086]
[0.43550086]
[0.43550086]
[0.43550086]
[0.43550086]
[0.43550086]
[0.43550086]
[0.43550086]
[0.43550086]
[0.43550086]
[0.43550086]
[0.43550086]
[0.43550086]
[0.43550086]
[0.43550086]
[0.43550086]
[0.43550086]
[0.43550086]
[0.43550086]
[0.43550086]
[0.43550086]
[0.43550086]
[0.43550086]
[0.43550086]
[0.43550086]
[0.43550086]
[0.43550086]
[0.43550086]
[0.43550086]
[0.43550086]
[0.43550086]
[0.43550086]
[0.43550086]
[0.43550086]
[0.43550086]
[0.43550086]
[0.43550086]
[0.43550086]
[0.43550086]
[0.43550086]
[0.43550086]
[0.43550086]
[0.43550086]
[0.43550086]
[0.43550086]
[0.43550086]
[0.43550086]
[0.43550086]
[0.43550086]
[0.43550086]
[0.43550086]
[0.43550086]
[0.43550086]
[0.43550086]
[0.43550086]
[0.43550086]
[0.43550086]
[0.43550086]
[0.43550086]
[0.43550086]
[0.43550086]
[0.43550086]
[0.43550086]
[0.43550086]
[0.43550086]
[0.43550086]
[0.43550086]
[0.43550086]
[0.43550086]
[0.43550086]
[0.43550086]
[0.43550086]
[0.43550086]
[0.43550086]
[0.43550086]
[0.43550086]
[0.43549603]
[0.43549603]
[0.43549603]
[0.43549603]
[0.43549457]
[0.43549457]
[0.43549457]
[0.43549457]
[0.43549457]
[0.43549457]
[0.43549454]
[0.43549454]
[0.43549454]
[0.43549454]
[0.43549454]
[0.43549106]
[0.43549106]
[0.43549106]
[0.43549022]
[0.4354825]
[0.4354825]
[0.435481]
[0.435481]
[0.435481]
[0.435481]
[0.4354804]
[0.4354804]
[0.4354804]
[0.4354804]
[0.4354804]
[0.4354804]
[0.4354797]
[0.4354797]
[0.4354797]
[0.43547955]
[0.43547955]
[0.43547955]
[0.43547955]
[0.43547955]
[0.43547857]
[0.43547857]
[0.43547857]
[0.43547857]
[0.43547857]
[0.43547857]
[0.43547857]
[0.43547857]
[0.43547857]
[0.43547857]
[0.43547857]
[0.43547857]
[0.43547857]
[0.43547857]
[0.43547857]
[0.43547857]
[0.43547857]
[0.43547857]
[0.43547857]
[0.43547857]
[0.43547857]
[0.43547857]
[0.43547857]
[0.43547857]
[0.43547857]
[0.43547857]
[0.43547857]
[0.43547857]
[0.43547857]
[0.43547857]
[0.43547857]
[0.43547857]
[0.43547857]
[0.43547857]
[0.43547857]
[0.43547857]
[0.43547857]
[0.43547857]
[0.43547857]
[0.43547857]
[0.43547857]
[0.43547857]
[0.43547857]
[0.43547857]
[0.43547857]
[0.43547857]
[0.43547857]
[0.43547857]
[0.43547857]
[0.43547857]
[0.43547857]
[0.43547857]
[0.43547857]
[0.43547857]
[0.43547857]
[0.43547857]
[0.43547857]
[0.43547857]
[0.43547857]
[0.43547857]
[0.43547857]
[0.43547857]
[0.43547857]
[0.43547857]
[0.43547857]
[0.43547857]
[0.43547857]
[0.43547857]
[0.43547857]
[0.43547857]
[0.43547857]
[0.43547857]
[0.43547857]
[0.43547857]
[0.43547857]
[0.43547857]
[0.43547857]
[0.43547857]
[0.43547857]
[0.43547857]
[0.43547857]
[0.43547758]
[0.43547758]
[0.43547758]
[0.4354716]
[0.4354716]
[0.4354716]
[0.4354716]
[0.4354716]
[0.4354716]
[0.4354716]
[0.4354716]
[0.4354716]
[0.43546966]
[0.43546966]
[0.43546966]
[0.43546966]
[0.43546966]
[0.43546966]
[0.43546966]
[0.43546966]
[0.43546966]
[0.43546966]
[0.4354686]
[0.43546727]
[0.43546727]
[0.43546727]
[0.43546665]
[0.43546653]
[0.43546653]
[0.43546653]
[0.43546653]
[0.43546653]
[0.43546653]
[0.43546653]
[0.43546653]
[0.43546653]
[0.43546653]
[0.43546653]
[0.43546653]
[0.43546653]
[0.43546337]
[0.43546337]
[0.43546337]
[0.43546337]
[0.43545714]
[0.43545714]
[0.43545714]
[0.43545654]
[0.43545654]
[0.43545654]
[0.43545654]
[0.43545654]
[0.43545493]
[0.43545493]
[0.43545493]
[0.43545493]
[0.43544936]
[0.43544936]
[0.43544936]
[0.43544936]
[0.43544936]
[0.43544802]
[0.43544802]
[0.43544802]
[0.4354467]
[0.4354467]
[0.4354467]
[0.4354467]
[0.4354467]
[0.4354467]
[0.43544313]
[0.4354424]
[0.4354339]
[0.43541333]
[0.43541333]
[0.43541333]
[0.43541333]
[0.43541333]
[0.43541333]
[0.43541333]
[0.43541333]
[0.43541333]
[0.43541288]
[0.43541288]
[0.43540895]
[0.43540895]
[0.43540895]
[0.43540895]
[0.43540895]
[0.435406]
[0.435406]
[0.435406]
[0.4353968]
[0.43536946]
[0.43536696]
[0.43536696]
[0.43536696]
[0.43536696]
[0.43536696]
[0.43536696]
[0.43536696]
[0.43536696]
[0.43536574]
[0.43536574]
[0.43536574]
[0.43536574]
[0.43536574]
[0.43536186]
[0.43536186]
[0.43536186]
[0.43536186]
[0.43536186]
[0.43536186]
[0.43536186]
[0.43536186]
[0.435361]
[0.435361]
[0.435361]
[0.435361]
[0.435361]
[0.435361]
[0.435361]
[0.435361]
[0.435361]
[0.435361]
[0.43536097]
[0.4353504]
[0.4353504]
[0.4353504]
[0.4353478]
[0.4353478]
[0.4353478]
[0.43533114]
[0.43533114]
[0.43533114]
[0.43533114]
[0.43533114]
[0.435331]
[0.435331]
[0.435331]
[0.435331]
[0.43532634]
[0.43532634]
[0.43532634]
[0.43532634]
[0.43532634]
[0.43532163]
[0.43532163]
[0.43532163]
[0.43530375]
[0.43530375]
[0.43530375]
[0.43530375]
[0.43530375]
[0.43530375]
[0.43530375]
[0.43530375]
[0.43530375]
[0.43530375]
[0.4353027]
[0.4353027]
[0.4353027]
[0.4353027]
[0.4353027]
[0.4353027]
[0.4353027]
[0.4353027]
[0.4353027]
[0.4353027]
[0.4353027]
[0.43530223]
[0.43530223]
[0.43530223]
[0.4353012]
[0.4353012]
[0.4353012]
[0.43530005]
[0.43530005]
[0.43530005]
[0.43530005]
[0.43530005]
[0.43530005]
[0.43530005]
[0.43530005]
[0.43530005]
[0.4352942]
[0.4352942]
[0.4352942]
[0.4352942]
[0.4352942]
[0.4352942]
[0.4352942]
[0.4352942]
[0.4352942]
[0.4352942]
[0.4352942]
[0.4352942]
[0.4352942]
[0.4352942]
[0.4352942]
[0.4352942]
[0.4352942]
[0.4352942]
[0.4352942]
[0.4352942]
[0.4352942]
[0.4352942]
[0.4352942]
[0.4352942]
[0.4352942]
[0.4352942]
[0.4352942]
[0.4352942]
[0.4352942]
[0.4352942]
[0.4352942]
[0.4352942]
[0.4352942]
[0.4352942]
[0.4352942]
[0.4352942]
[0.4352942]
[0.4352942]
[0.4352942]
[0.4352942]
[0.4352942]
[0.4352942]
[0.4352942]
[0.4352942]
[0.4352942]
[0.4352942]
[0.4352942]
[0.4352942]
[0.4352942]
[0.4352942]
[0.4352942]
[0.4352942]
[0.4352942]
[0.4352942]
[0.4352942]
[0.4352942]
[0.4352942]
[0.4352942]
[0.4352942]
[0.4352942]
[0.4352942]
[0.4352942]
[0.4352942]
[0.4352942]
[0.4352942]
[0.4352942]
[0.4352942]
[0.4352942]
[0.4352942]
[0.4352942]
[0.4352942]
[0.4352942]
[0.4352942]
[0.4352942]
[0.4352942]
[0.4352942]
[0.4352942]
[0.4352942]
[0.4352942]
[0.4352942]
[0.4352942]
[0.4352942]
[0.4352942]
[0.4352942]
[0.4352942]
[0.4352942]
[0.4352942]
[0.4352942]
[0.4352942]
[0.4352942]
[0.4352942]
[0.4352942]
[0.4352942]
[0.4352942]
[0.4352942]
[0.4352942]
[0.4352942]
[0.4352942]
[0.4352942]
[0.4352942]
[0.4352942]
[0.4352942]
[0.4352942]
[0.4352942]
[0.4352942]
[0.4352942]
[0.4352942]
[0.4352942]
[0.4352942]
[0.4352942]
[0.4352942]
[0.4352942]
[0.4352942]
[0.4352942]
[0.4352942]
[0.4352942]
[0.4352942]
[0.4352942]
[0.4352942]
[0.4352942]
[0.4352942]
[0.4352942]
[0.4352942]
[0.4352942]
[0.4352942]
[0.43527502]
[0.43527502]
[0.43527502]
[0.43527502]
[0.43527466]
[0.43527466]
[0.43527398]
[0.43527398]
[0.43527398]
[0.43526575]
[0.4352653]
[0.4352653]
[0.43525994]
[0.43525994]
[0.43525994]
[0.43525994]
[0.43525994]
[0.43525994]
[0.43525994]
[0.43525994]
[0.43525994]
[0.43525532]
[0.43525532]
[0.43525532]
[0.43525532]
[0.4352542]
[0.4352542]
[0.4352542]
[0.4352542]
[0.4352542]
[0.4352542]
[0.4352542]
[0.43525258]
[0.43525258]
[0.43525258]
[0.43525258]
[0.43525258]
[0.43525258]
[0.43525258]
[0.43525258]
[0.43524557]
[0.43524557]
[0.43524557]
[0.43524557]
[0.43524557]
[0.43524557]
[0.43523934]
[0.43523934]
[0.43522996]
[0.43522996]
[0.43522814]
[0.43522814]
[0.43522814]
[0.43522814]
[0.43522725]
[0.43522725]
[0.43522725]
[0.43522725]
[0.43522725]
[0.43522725]
[0.43522]
[0.43522]
[0.43522]
[0.43522]
[0.43521857]
[0.43521857]
[0.43521857]
[0.43521821]
[0.43521821]
[0.43521821]
[0.43521821]
[0.43521756]
[0.43521756]
[0.43521756]
[0.43521756]
[0.43521756]
[0.43521756]
[0.43521756]
[0.43521756]
[0.43521413]
[0.43521413]
[0.43518317]
[0.43518317]
[0.43518317]
[0.43518317]
[0.43518317]
[0.43518317]
[0.43518317]
[0.43518317]
[0.43518317]
[0.43517458]
[0.43517458]
[0.43516734]
[0.43516734]
[0.43516734]
[0.43516734]
[0.43516627]
[0.43516627]
[0.43516627]
[0.43516627]
[0.43516627]
[0.43516627]
[0.4351524]
[0.43513888]
[0.43513888]
[0.43513888]
[0.43513888]
[0.43513888]
[0.43513888]
[0.43513888]
[0.43513224]
[0.4350959]
[0.4350959]
[0.4350959]
[0.4350959]
[0.4350959]
[0.4350882]
[0.4350882]
[0.43507996]
[0.43507996]
[0.43507048]
[0.43507048]
[0.43507048]
[0.43507048]
[0.43507048]
[0.43507048]
[0.43507048]
[0.43507048]
[0.43505028]
[0.43505028]
[0.43503538]
[0.43503538]
[0.43503538]
[0.43503457]
[0.43503457]
[0.43503457]
[0.43502572]
[0.43502572]
[0.43501082]
[0.43501082]
[0.43501082]
[0.43500388]
[0.43500388]
[0.43500388]
[0.43500388]
[0.43499875]
[0.43499875]
[0.43499875]
[0.43492207]
[0.43492207]
[0.43492207]
[0.43492207]
[0.43491736]
[0.43491736]
[0.43491736]
[0.43491736]
[0.43491736]
[0.43491736]
[0.43491736]
[0.43485913]
[0.43485913]
[0.43485913]
[0.43485913]
[0.43485913]
[0.43485913]
[0.43485913]
[0.4348566]
[0.4348566]
[0.4348566]
[0.4348566]
[0.4348566]
[0.43483055]
[0.43483055]
[0.43483055]
[0.43481132]
[0.43481132]
[0.43481132]
[0.43481132]
[0.43480945]
[0.43480945]
[0.43480945]
[0.43480945]
[0.4347842]
[0.4347842]
[0.4347842]
[0.4347842]
[0.4347842]
[0.43477455]
[0.43477455]
[0.43477455]
[0.43477455]
[0.43472323]
[0.43472323]
[0.43472323]
[0.43472323]
[0.43466336]
[0.43466336]
[0.43466336]
[0.43466336]
[0.43466336]
[0.43466336]
[0.4345479]
[0.4345479]
[0.4345479]
[0.4345479]
[0.43453234]
[0.43453234]
[0.43447748]
[0.43447748]
[0.43447748]
[0.4344548]
[0.4344548]
[0.4344548]
[0.4344548]
[0.43440247]
[0.43440247]
[0.43440247]
[0.43440247]
[0.43440247]
[0.43440247]
[0.43440247]
[0.43440247]
[0.43440247]
[0.43440247]
[0.43440247]
[0.43440247]
[0.43440247]
[0.43440247]
[0.43440247]
[0.43440247]
[0.43440247]
[0.43440247]
[0.43440247]
[0.43440247]
[0.43440247]
[0.43440247]
[0.43440247]
[0.43440247]
[0.43440247]
[0.43440247]
[0.43440247]
[0.43440247]
[0.43440247]
[0.43440247]
[0.43440247]
[0.43440247]
[0.43440247]
[0.43440247]
[0.43440247]
[0.43440247]
[0.43440247]
[0.43440247]
[0.43440247]
[0.43440247]
[0.43440247]
[0.43440247]
[0.43440247]
[0.43440247]
[0.43440247]
[0.43440247]
[0.43440247]
[0.43440247]
[0.43440247]
[0.43440247]
[0.43440247]
[0.43440247]
[0.43440247]
[0.43440247]
[0.43440247]
[0.43440247]
[0.43440247]
[0.43440247]
[0.43440247]
[0.43440247]
[0.43440247]
[0.43440247]
[0.43440247]
[0.43440247]
[0.43440247]
[0.43440247]
[0.43440247]
[0.43440247]
[0.43440247]
[0.43440247]
[0.43440247]
[0.43440247]
[0.43440247]
[0.43440247]
[0.43440247]
[0.43440247]
[0.43440247]
[0.43440247]
[0.43440247]
[0.43440247]
[0.43440247]
[0.43440247]
[0.43440247]
[0.43440247]
[0.43440247]
[0.43440247]
[0.43440247]
[0.43440247]
[0.43440247]
[0.43440247]
[0.43440247]
[0.43440247]
[0.43440247]
[0.43440247]
[0.43440247]
[0.43440247]
[0.43440247]
[0.43440247]
[0.43440247]
[0.43440247]
[0.43440247]
[0.43440247]
[0.43440247]
[0.43440247]
[0.43440247]
[0.43440247]
[0.43440247]
[0.43440247]
[0.43440247]
[0.43440247]
[0.43440247]
[0.43440247]
[0.43440247]
[0.43440247]
[0.43440247]
[0.43440247]
[0.43440247]
[0.43440247]
[0.43440247]
[0.43440247]
[0.43440247]
[0.43440247]
[0.43440247]
[0.43440247]
[0.43440247]
[0.43440247]
[0.43440247]
[0.43440247]
[0.43440247]
[0.43440247]
[0.43440247]
[0.43440247]
[0.43440247]
[0.43440247]
[0.43440247]
[0.43440247]
[0.43439916]
[0.43439916]
[0.43439916]
[0.43439916]
[0.43438867]
[0.43438867]
[0.43438345]
[0.43438312]
[0.43438312]
[0.43438312]
[0.43437365]
[0.43437365]
[0.43437365]
[0.43437365]
[0.43437365]
[0.43437365]
[0.43437365]
[0.43437365]
[0.43437365]
[0.43436852]
[0.43436852]
[0.43436852]
[0.43436852]
[0.43436852]
[0.43436852]
[0.43436852]
[0.43436852]
[0.43436852]
[0.43434057]
[0.43434057]
[0.4343076]
[0.4343076]
[0.4343076]
[0.4343076]
[0.4343076]
[0.4343076]
[0.4343076]
[0.43430236]
[0.43430236]
[0.43430236]
[0.43430236]
[0.43430236]
[0.43430236]
[0.43430236]
[0.43430236]
[0.43428293]
[0.43428293]
[0.4342361]
[0.4342294]
[0.4342294]
[0.4342294]
[0.43419817]
[0.43419594]
[0.43419594]
[0.43419594]
[0.43419594]
[0.43419594]
[0.43418276]
[0.43417192]
[0.43413606]
[0.43413225]
[0.43412995]
[0.43412995]
[0.43412995]
[0.4341257]
[0.4341257]
[0.4341248]
[0.4341248]
[0.43412068]
[0.43411675]
[0.43411154]
[0.43409464]
[0.43409464]
[0.43409464]
[0.43409014]
[0.43407992]
[0.43407908]
[0.43407062]
[0.43407062]
[0.43407062]
[0.43407023]
[0.43407023]
[0.43407023]
[0.43406633]
[0.43406633]
[0.4340658]
[0.4340658]
[0.4340658]
[0.4340658]
[0.4340658]
[0.4340611]
[0.43405533]
[0.43405533]
[0.43405533]
[0.43405533]
[0.43405533]
[0.43405533]
[0.43403444]
[0.43403444]
[0.43402857]
[0.43402857]
[0.43402857]
[0.4340242]
[0.4340242]
[0.4340242]
[0.4340242]
[0.43402338]
[0.4340191]
[0.43401396]
[0.43401396]
[0.43401316]
[0.43401316]
[0.43401316]
[0.43400818]
[0.43400818]
[0.43400818]
[0.43400812]
[0.43400544]
[0.43400428]
[0.43400428]
[0.43400428]
[0.43399918]
[0.43399918]
[0.43399268]
[0.43399268]
[0.43398935]
[0.43398935]
[0.43398935]
[0.43398935]
[0.43398774]
[0.43398774]
[0.43398774]
[0.43398774]
[0.43398082]
[0.43398082]
[0.43398082]
[0.43398082]
[0.43397665]
[0.43397665]
[0.4339757]
[0.4339757]
[0.43397176]
[0.43397176]
[0.43397176]
[0.43397176]
[0.43397176]
[0.43397176]
[0.43396726]
[0.43396726]
[0.43396726]
[0.43396726]
[0.43396232]
[0.43396232]
[0.43396232]
[0.43396232]
[0.43396232]
[0.43396232]
[0.43396232]
[0.43396232]
[0.43396232]
[0.43396232]
[0.43396035]
[0.43393305]
[0.4339302]
[0.43392402]
[0.43392402]
[0.43391418]
[0.43391168]
[0.433905]
[0.433905]
[0.433905]
[0.4339023]
[0.4339023]
[0.43390137]
[0.43390137]
[0.43390137]
[0.43390137]
[0.43390137]
[0.43390137]
[0.43390137]
[0.43390137]
[0.43389636]
[0.43389636]
[0.43389633]
[0.43389633]
[0.43389633]
[0.4338913]
[0.4338913]
[0.4338913]
[0.4338913]
[0.4338913]
[0.43388233]
[0.4338764]
[0.43385696]
[0.43385696]
[0.43385696]
[0.43385696]
[0.43385485]
[0.43385485]
[0.43385485]
[0.43383887]
[0.43383887]
[0.43383887]
[0.43383628]
[0.43383628]
[0.43383628]
[0.4338338]
[0.4338338]
[0.4338338]
[0.4338338]
[0.43382972]
[0.43382972]
[0.43382052]
[0.43381038]
[0.43381038]
[0.43381038]
[0.43381038]
[0.43381038]
[0.43380538]
[0.43380538]
[0.4337911]
[0.4337911]
[0.4337911]
[0.4337911]
[0.4337897]
[0.4337897]
[0.4337897]
[0.4337897]
[0.4337897]
[0.4337897]
[0.4337897]
[0.4337897]
[0.4337897]
[0.4337897]
[0.4337889]
[0.4337889]
[0.43378374]
[0.43378374]
[0.43377814]
[0.43377814]
[0.43377814]
[0.43377814]
[0.43376952]
[0.43376952]
[0.43376952]
[0.43375877]
[0.43375877]
[0.43375877]
[0.43375453]
[0.43375453]
[0.43375453]
[0.43375453]
[0.43374962]
[0.43370906]
[0.43370906]
[0.43370906]
[0.43370906]
[0.43370906]
[0.43370906]
[0.43370906]
[0.43370906]
[0.43370906]
[0.43370906]
[0.43370906]
[0.43370906]
[0.43370906]
[0.43370906]
[0.43370906]
[0.43370906]
[0.43370906]
[0.43370906]
[0.43370906]
[0.43370906]
[0.43370906]
[0.43370906]
[0.43370906]
[0.43370906]
[0.43370906]
[0.43370906]
[0.43370906]
[0.43370906]
[0.43370906]
[0.43370906]
[0.43370906]
[0.43370906]
[0.43370906]
[0.43370906]
[0.43370906]
[0.43370906]
[0.43370906]
[0.43370906]
[0.43370906]
[0.43370906]
[0.43370906]
[0.43370906]
[0.43370906]
[0.43370906]
[0.43370906]
[0.43370906]
[0.43370906]
[0.43370906]
[0.43370906]
[0.43370906]
[0.43370906]
[0.43370906]
[0.43370906]
[0.43370906]
[0.43370906]
[0.43370906]
[0.43370906]
[0.43370906]
[0.43370906]
[0.43370906]
[0.43370906]
[0.43370906]
[0.43370906]
[0.43370906]
[0.43370906]
[0.43370906]
[0.43370906]
[0.43370906]
[0.43370906]
[0.43370906]
[0.43370906]
[0.43370906]
[0.43370906]
[0.43370906]
[0.43370906]
[0.43370906]
[0.43370906]
[0.43370906]
[0.43370906]
[0.43370906]
[0.43370906]
[0.43370906]
[0.43370906]
[0.43370906]
[0.43370906]
[0.43370906]
[0.43370906]
[0.43370906]
[0.43370906]
[0.43370906]
[0.43370906]
[0.43370906]
[0.43370906]
[0.43370906]
[0.43370906]
[0.43370906]
[0.43370906]
[0.43370906]
[0.43370906]
[0.43370906]
[0.43370906]
[0.43370906]
[0.43370906]
[0.43370906]
[0.43370906]
[0.43370906]
[0.43370906]
[0.43370906]
[0.43370906]
[0.43370906]
[0.43370906]
[0.43370906]
[0.43370357]
[0.43370357]
[0.43370357]
[0.43370357]
[0.43369848]
[0.43369848]
[0.43369848]
[0.43369788]
[0.43369788]
[0.43369788]
[0.43369788]
[0.43369788]
[0.43369788]
[0.43369788]
[0.43369788]
[0.4335741]
[0.4335741]
[0.4335741]
[0.4335741]
[0.4335741]
[0.4335741]
[0.4335741]
[0.4335741]
[0.4335741]
[0.4335741]
[0.4335741]
[0.4335741]
[0.43356335]
[0.43356335]
[0.43355873]
[0.43355873]
[0.43355873]
[0.43355873]
[0.43355873]
[0.43353215]
[0.43353215]
[0.43353215]
[0.43353215]
[0.43353215]
[0.43353215]
[0.43353215]
[0.43353215]
[0.43353215]
[0.43353215]
[0.43353215]
[0.43353215]
[0.43353215]
[0.43353215]
[0.43353215]
[0.43352064]
[0.43352064]
[0.43351898]
[0.43351898]
[0.43351898]
[0.43351898]
[0.43351898]
[0.43351898]
[0.43351898]
[0.43351898]
[0.43351898]
[0.43351898]
[0.43351898]
[0.43351898]
[0.43351898]
[0.43351898]
[0.43351898]
[0.43351898]
[0.43351898]
[0.43351898]
[0.43351898]
[0.43350798]
[0.43350798]
[0.43350798]
[0.43350798]
[0.43350133]
[0.43349832]
[0.43349832]
[0.43349832]
[0.43349832]
[0.43349832]
[0.43349832]
[0.43349832]
[0.43349832]
[0.43349832]
[0.43349776]
[0.43349776]
[0.4334937]
[0.4334937]
[0.4334937]
[0.4334937]
[0.4334937]
[0.4334937]
[0.4334937]
[0.4334937]
[0.4334937]
[0.43347266]
[0.43347266]
[0.43347266]
[0.43346912]
[0.43346912]
[0.43346912]
[0.43346912]
[0.43346912]
[0.43346912]
[0.43346912]
[0.43346912]
[0.43346912]
[0.43346912]
[0.43346912]
[0.43346912]
[0.43346912]
[0.43346912]
[0.43346912]
[0.43346912]
[0.43346912]
[0.43346912]
[0.43346912]
[0.43346912]
[0.43346912]
[0.43346912]
[0.43346912]
[0.43346912]
[0.43346912]
[0.43346912]
[0.43346912]
[0.43345773]
[0.43345773]
[0.4334539]
[0.4334539]
[0.4334539]
[0.4334539]
[0.43345165]
[0.43345165]
[0.43345165]
[0.4334309]
[0.4334309]
[0.4334309]
[0.4334309]
[0.4334309]
[0.4334309]
[0.4334309]
[0.4334309]
[0.4334309]
[0.4334309]
[0.4334309]
[0.4334309]
[0.4334309]
[0.43342698]
[0.43342698]
[0.43342698]
[0.43342698]
[0.43342698]
[0.43342698]
[0.43342698]
[0.43342698]
[0.43342698]
[0.43342698]
[0.43342698]
[0.43342698]
[0.43342698]
[0.43342698]
[0.43342698]
[0.43342608]
[0.43342608]
[0.43342608]
[0.43342608]
[0.43342012]
[0.43342012]
[0.43342012]
[0.43342012]
[0.4334172]
[0.4334172]
[0.4334172]
[0.4334172]
[0.4334164]
[0.4334164]
[0.4334164]
[0.4334164]
[0.4334164]
[0.4334164]
[0.4334164]
[0.4334164]
[0.4334164]
[0.4334164]
[0.4334164]
[0.4334164]
[0.4334164]
[0.4334164]
[0.4334164]
[0.4334164]
[0.4334164]
[0.4334164]
[0.43341604]
[0.43341604]
[0.43341604]
[0.43341604]
[0.43341604]
[0.43341604]
[0.43341604]
[0.43341604]
[0.43341604]
[0.43341604]
[0.43341604]
[0.43341604]
[0.43341604]
[0.43341604]
[0.43341604]
[0.43341604]
[0.43341604]
[0.43341604]
[0.43341604]
[0.43341604]
[0.4334156]
[0.4334156]
[0.4334156]
[0.43340665]
[0.43340665]
[0.43340665]
[0.43340665]
[0.43340665]
[0.43340665]
[0.43340665]
[0.43340665]
[0.43340665]
[0.43340665]
[0.43340665]
[0.43340665]
[0.43340665]
[0.43340665]
[0.43340665]
[0.43340665]
[0.43340665]
[0.43340665]
[0.43340665]
[0.43340665]
[0.43340665]
[0.43340665]
[0.43340665]
[0.43340507]
[0.43340507]
[0.43340507]
[0.43340507]
[0.43340456]
[0.43340456]
[0.43339545]
[0.43339545]
[0.43339545]
[0.43339545]
[0.43339545]
[0.43339545]
[0.43339545]
[0.43339545]
[0.43339196]
[0.43339196]
[0.43339196]
[0.43339196]
[0.43339196]
[0.43339196]
[0.43339196]
[0.43339196]
[0.43339196]
[0.43339196]
[0.43339196]
[0.43339196]
[0.43339196]
[0.43339196]
[0.43339196]
[0.43339196]
[0.43339196]
[0.43339196]
[0.43339196]
[0.43339196]
[0.43339196]
[0.43339196]
[0.43339196]
[0.43339196]
[0.43339196]
[0.43339196]
[0.43338335]
[0.43338335]
[0.43338335]
[0.43338335]
[0.43338335]
[0.43338335]
[0.43338335]
[0.43338335]
[0.43338335]
[0.43338335]
[0.43338335]
[0.43338335]
[0.43338335]
[0.43338335]
[0.43338335]
[0.43338335]
[0.43338335]
[0.43338335]
[0.43338144]
[0.43338144]
[0.43337184]
[0.43337184]
[0.43337184]
[0.43337184]
[0.43337184]
[0.43336642]
[0.43336642]
[0.43336642]
[0.43336642]
[0.43331727]
[0.43331727]
[0.43331727]
[0.43331727]
[0.43331727]
[0.43331727]
[0.4333048]
[0.4333048]
[0.4333048]
[0.4333048]
[0.4333048]
[0.4333048]
[0.4333048]
[0.4333048]
[0.4333048]
[0.4333048]
[0.4333048]
[0.4333048]
[0.4333048]
[0.4333048]
[0.4333048]
[0.4333048]
[0.4333048]
[0.4333048]
[0.4333048]
[0.4333048]
[0.4333048]
[0.4333048]
[0.4333048]
[0.4333048]
[0.4333048]
[0.4333048]
[0.4333048]
[0.4333048]
[0.4333048]
[0.4333048]
[0.4333048]
[0.4333048]
[0.4333048]
[0.4333048]
[0.4333048]
[0.4333048]
[0.4333048]
[0.4333048]
[0.4333048]
[0.4333048]
[0.4333048]
[0.4333048]
[0.4333048]
[0.4333048]
[0.4333048]
[0.4333048]
[0.4333048]
[0.4333048]
[0.4333048]
[0.4333048]
[0.4333048]
[0.4333048]
[0.4333048]
[0.4333048]
[0.4333048]
[0.4333048]
[0.4333048]
[0.4333048]
[0.4333048]
[0.4333048]
[0.4333048]
[0.4333048]
[0.4333048]
[0.4333048]
[0.4333048]
[0.4333048]
[0.4333048]
[0.4333048]
[0.4333048]
[0.4333048]
[0.4333048]
[0.4333048]
[0.4333048]
[0.4333048]
[0.4333048]
[0.4333048]
[0.4333048]
[0.4333048]
[0.4333048]
[0.4333048]
[0.4333048]
[0.4333048]
[0.4333048]
[0.4333048]
[0.4333048]
[0.4333048]
[0.4333048]
[0.4333048]
[0.4333048]
[0.4333048]
[0.4333048]
[0.4333039]
[0.43330002]
[0.43330002]
[0.43330002]
[0.43330002]
[0.43330002]
[0.43330002]
[0.43330002]
[0.43330002]
[0.43330002]
[0.43330002]
[0.43330002]
[0.43330002]
[0.43330002]
[0.43330002]
[0.43330002]
[0.43330002]
[0.43330002]
[0.43330002]
[0.43330002]
[0.43330002]
[0.43330002]
[0.43330002]
[0.43330002]
[0.43330002]
[0.43330002]
[0.43330002]
[0.43330002]
[0.43330002]
[0.43330002]
[0.43330002]
[0.43330002]
[0.43330002]
[0.43330002]
[0.43330002]
[0.43330002]
[0.43330002]
[0.43330002]
[0.43330002]
[0.43330002]
[0.43330002]
[0.43330002]
[0.43330002]
[0.43330002]
[0.43330002]
[0.43330002]
[0.43330002]
[0.43330002]
[0.43330002]
[0.43330002]
[0.43330002]
[0.43330002]
[0.43330002]
[0.43330002]
[0.43330002]
[0.43330002]
[0.43330002]
[0.43330002]
[0.43330002]
[0.43330002]
[0.43330002]
[0.43330002]
[0.43330002]
[0.43330002]
[0.43330002]
[0.43330002]
[0.43330002]
[0.43330002]
[0.43330002]
[0.43330002]
[0.43330002]
[0.43330002]
[0.43330002]
[0.43330002]
[0.43330002]
[0.43330002]
[0.43330002]
[0.43330002]
[0.43330002]
[0.43330002]
[0.43330002]
[0.43330002]
[0.43330002]
[0.43330002]
[0.43330002]
[0.43330002]
[0.43330002]
[0.43330002]
[0.43330002]
[0.43330002]
[0.43330002]
[0.43330002]
[0.43330002]
[0.43330002]
[0.43330002]
[0.43330002]
[0.43330002]
[0.43330002]
[0.43330002]
[0.43330002]
[0.43330002]
[0.43330002]
[0.43330002]
[0.43330002]
[0.43330002]
[0.43330002]
[0.43330002]
[0.43330002]
[0.43330002]
[0.43330002]
[0.43330002]
[0.43330002]
[0.43330002]
[0.43330002]
[0.43330002]
[0.43330002]
[0.43330002]
[0.43327138]
[0.43327138]
[0.43327138]
[0.43327138]
[0.43327138]
[0.43327138]
[0.43327138]
[0.43327138]
[0.43327138]
[0.43326655]
[0.43326655]
[0.43326655]
[0.43326655]
[0.43326655]
[0.43326655]
[0.43326655]
[0.43326655]
[0.43326655]
[0.43326655]
[0.43326655]
[0.43326655]
[0.43326655]
[0.43326655]
[0.43325415]
[0.43325415]
[0.43325415]
[0.43325415]
[0.43325415]
[0.43325415]
[0.43325415]
[0.43325415]
[0.43325415]
[0.4332429]
[0.4332429]
[0.4332429]
[0.4332429]
[0.4332429]
[0.4332429]
[0.4332429]
[0.4332429]
[0.4332429]
[0.4332429]
[0.4332429]
[0.4332429]
[0.4332429]
[0.4332429]
[0.4332429]
[0.4332429]
[0.4332429]
[0.4332429]
[0.4332429]
[0.4332429]
[0.4332429]
[0.4332429]
[0.4332429]
[0.4332429]
[0.4332429]
[0.4332429]
[0.4332429]
[0.4332429]
[0.4332429]
[0.4332429]
[0.4332429]
[0.4332429]
[0.4332429]
[0.4332429]
[0.4332429]
[0.4332429]
[0.4332429]
[0.4332429]
[0.4332429]
[0.4332429]
[0.4332429]
[0.4332429]
[0.4332429]
[0.4332429]
[0.4332429]
[0.4332429]
[0.4332429]
[0.4332429]
[0.4332429]
[0.4332429]
[0.4332429]
[0.4332429]
[0.4332429]
[0.4332429]
[0.4332429]
[0.4332429]
[0.4332429]
[0.4332405]
[0.4332405]
[0.4332405]
[0.43323985]
[0.43323985]
[0.43323985]
[0.43323985]
[0.43323985]
[0.43323985]
[0.43323985]
[0.43323985]
[0.43323985]
[0.43323985]
[0.43323985]
[0.43323985]
[0.43323985]
[0.43323985]
[0.43323985]
[0.43323985]
[0.43323985]
[0.43323985]
[0.43323985]
[0.43323985]
[0.43323985]
[0.43323985]
[0.43323985]
[0.43323985]
[0.43323985]
[0.43323985]
[0.43323985]
[0.43323985]
[0.43323985]
[0.43323985]
[0.43323985]
[0.43323985]
[0.43323985]
[0.43323985]
[0.43323985]
[0.43323985]
[0.43323985]
[0.43323985]
[0.43323985]
[0.43323985]
[0.43323985]
[0.43323985]
[0.43323985]
[0.43323985]
[0.43323985]
[0.43323985]
[0.43322667]
[0.43322667]
[0.43322667]
[0.43321642]
[0.43321642]
[0.43321642]
[0.43321642]
[0.43321642]
[0.43321642]
[0.43321642]
[0.43321642]
[0.43321642]
[0.43321425]
[0.43321425]
[0.43321425]
[0.43321425]
[0.43321425]
[0.43321425]
[0.43321425]
[0.43321425]
[0.43321425]
[0.43321425]
[0.43321425]
[0.43321425]
[0.43321425]
[0.43321425]
[0.43321425]
[0.43321425]
[0.43321425]
[0.43321425]
[0.43321425]
[0.43321425]
[0.43321425]
[0.43321425]
[0.43321425]
[0.43321425]
[0.43321425]
[0.43321425]
[0.43321425]
[0.43321425]
[0.43321425]
[0.43321425]
[0.43321425]
[0.43321425]
[0.43321425]
[0.43321425]
[0.43321425]
[0.43321425]
[0.43321425]
[0.43321425]
[0.43321425]
[0.43321425]
[0.43321425]
[0.43321425]
[0.43321425]
[0.43321425]
[0.43321425]
[0.43321425]
[0.43321228]
[0.43321228]
[0.43321228]
[0.43321228]
[0.43321228]
[0.43321228]
[0.4332099]
[0.4332099]
[0.4332099]
[0.4332099]
[0.4332099]
[0.4332099]
[0.4332099]
[0.43320626]
[0.43320626]
[0.43320134]
[0.43320134]
[0.43320134]
[0.43320104]
[0.43320104]
[0.43320104]
[0.43320104]
[0.43320104]
[0.43319482]
[0.43319482]
[0.43319482]
[0.43319482]
[0.43319482]
[0.43319482]
[0.43319482]
[0.43319482]
[0.43319482]
[0.43319482]
[0.43319482]
[0.43319482]
[0.43319482]
[0.43319482]
[0.43319482]
[0.43319482]
[0.43319482]
[0.43319482]
[0.43319482]
[0.43319482]
[0.43319482]
[0.43319482]
[0.43319482]
[0.43319482]
[0.43319482]
[0.43319482]
[0.43319482]
[0.43319482]
[0.43319482]
[0.43319482]
[0.43319482]
[0.43319482]
[0.43319482]
[0.43319482]
[0.43319482]
[0.43319482]
[0.43319482]
[0.43319482]
[0.43319267]
[0.43319267]
[0.43319267]
[0.43319267]
[0.43319267]
[0.43319267]
[0.43319267]
[0.43319267]
[0.43319267]
[0.43319267]
[0.43319267]
[0.43319267]
[0.43319267]
[0.43319267]
[0.43319267]
[0.43319267]
[0.43319267]
[0.43319267]
[0.43319267]
[0.43319267]
[0.43319267]
[0.43319267]
[0.43319267]
[0.43319267]
[0.43319267]
[0.43319267]
[0.43319267]
[0.43319267]
[0.43319267]
[0.43319267]
[0.43319267]
[0.43319267]
[0.43319267]
[0.43319267]
[0.43319267]
[0.43319267]
[0.43319267]
[0.43319267]
[0.43319178]
[0.43319178]
[0.43319178]
[0.43319178]
[0.43319178]
[0.43319178]
[0.43319178]
[0.43318078]
[0.43318078]
[0.43317774]
[0.43317774]
[0.43317747]
[0.43317747]
[0.43317747]
[0.43317747]
[0.43317747]
[0.4331682]
[0.4331682]
[0.4331682]
[0.4331682]
[0.43316743]
[0.43316743]
[0.43316743]
[0.43316743]
[0.43316743]
[0.43316743]
[0.43316743]
[0.43316743]
[0.43316743]
[0.43316743]
[0.43316743]
[0.43316743]
[0.43316743]
[0.43316743]
[0.43316743]
[0.43316743]
[0.43316743]
[0.43316743]
[0.43316743]
[0.43316743]
[0.43316743]
[0.43316743]
[0.43316743]
[0.43316743]
[0.43316743]
[0.43316743]
[0.43316743]
[0.43316743]
[0.43316743]
[0.43316743]
[0.43316743]
[0.43316743]
[0.43316743]
[0.43316743]
[0.43316743]
[0.43316743]
[0.43316743]
[0.43316743]
[0.43316743]
[0.43316743]
[0.43316743]
[0.43316743]
[0.4331618]
[0.4331618]
[0.4331618]
[0.43315947]
[0.43315947]
[0.43315947]
[0.43315947]
[0.43315876]
[0.43315876]
[0.43315876]
[0.43315876]
[0.43315876]
[0.43315876]
[0.43315876]
[0.43315876]
[0.43315876]
[0.43315876]
[0.43315876]
[0.43315876]
[0.43315876]
[0.43315876]
[0.43315876]
[0.43315876]
[0.43315876]
[0.43315876]
[0.43315876]
[0.43315876]
[0.43315876]
[0.43315876]
[0.43315876]
[0.43315876]
[0.43315876]
[0.43315876]
[0.43315876]
[0.43315876]
[0.43315876]
[0.43315876]
[0.43315876]
[0.43315876]
[0.43315876]
[0.43315876]
[0.43315876]
[0.43315876]
[0.43315876]
[0.43315876]
[0.43315876]
[0.43315876]
[0.43315876]
[0.43314007]
[0.43314007]
[0.43313587]
[0.43313587]
[0.43313587]
[0.43313587]
[0.4331339]
[0.4331339]
[0.43312553]
[0.43312553]
[0.43312553]
[0.43312553]
[0.43312553]
[0.43312553]
[0.43312532]
[0.43312517]
[0.43312517]
[0.43312517]
[0.43312517]
[0.43311536]
[0.43311536]
[0.43311536]
[0.43311536]
[0.43311536]
[0.4331075]
[0.4331075]
[0.4331075]
[0.4331075]
[0.4331075]
[0.4331075]
[0.4331075]
[0.4331075]
[0.4331075]
[0.4331075]
[0.4331075]
[0.4331075]
[0.4331075]
[0.4331075]
[0.4331075]
[0.4331075]
[0.4331075]
[0.4331075]
[0.4331075]
[0.4331075]
[0.4331075]
[0.4331075]
[0.4331075]
[0.4331075]
[0.4331075]
[0.4331075]
[0.4331075]
[0.4331075]
[0.4331075]
[0.4331075]
[0.4331075]
[0.4331075]
[0.4331075]
[0.4331075]
[0.4331075]
[0.4331075]
[0.4331075]
[0.4331075]
[0.4331075]
[0.4331075]
[0.43310094]
[0.43310094]
[0.43309283]
[0.43309283]
[0.43309283]
[0.43309283]
[0.43309283]
[0.43307462]
[0.43307462]
[0.43307462]
[0.43307462]
[0.43307462]
[0.43307462]
[0.43307462]
[0.43307462]
[0.43307462]
[0.43307462]
[0.43307462]
[0.43307462]
[0.43269318]
[0.43269318]
[0.43269318]
[0.43269318]
[0.43269318]
[0.43269318]
[0.43269318]
[0.43261373]
[0.43261373]
[0.43261373]
[0.43261373]
[0.43261373]
[0.43261373]
[0.43261373]
[0.43261373]
[0.43261373]
[0.43261373]
[0.43261373]
[0.43261373]
[0.43261373]
[0.43261373]
[0.43261373]
[0.43261373]
[0.43261373]
[0.43243805]
[0.43243805]
[0.43243805]
[0.43243805]
[0.43243805]
[0.43243805]
[0.43243805]
[0.4324252]
[0.4324252]
[0.4324252]
[0.4324252]
[0.4324252]
[0.4324252]
[0.4324252]
[0.4324252]
[0.4324252]
[0.43237546]
[0.43237546]
[0.43237546]
[0.43233806]
[0.43233806]
[0.43233806]
[0.43233806]
[0.43233415]
[0.43233415]
[0.43233415]
[0.43233415]
[0.43233415]
[0.4323233]
[0.4323233]
[0.4323233]
[0.43232295]
[0.43232295]
[0.43232295]
[0.43232295]
[0.43232295]
[0.43232295]
[0.43232295]
[0.43232295]
[0.43231323]
[0.43231323]
[0.43231323]
[0.43231323]
[0.43229935]
[0.43229935]
[0.43229935]
[0.43229935]
[0.43229935]
[0.43229935]
[0.43229017]
[0.4316096]
[0.4316096]
[0.4316096]
[0.4316096]
[0.4316096]
[0.4316096]
[0.4316047]
[0.4316047]
[0.43154868]
[0.43154868]
[0.43154868]
[0.43153068]
[0.43153068]
[0.43153068]
[0.43153068]
[0.43153068]
[0.43153068]
[0.43152606]
[0.43152606]
[0.43152606]
[0.43152606]
[0.43152606]
[0.4314699]
[0.4314699]
[0.4314699]
[0.4314699]
[0.4314699]
[0.4314699]
[0.4314699]
[0.4314664]
[0.4314664]
[0.4314664]
[0.4314664]
[0.4314664]
[0.4314664]
[0.4314664]
[0.4314413]
[0.4314413]
[0.4314413]
[0.4314413]
[0.4314413]
[0.4314413]
[0.4314413]
[0.4314413]
[0.4314413]
[0.4314413]
[0.4314413]
[0.43142283]
[0.43142283]
[0.43142283]
[0.43142283]
[0.43142283]
[0.43142283]
[0.43142283]
[0.43142283]
[0.43142283]
[0.43142012]
[0.43142012]
[0.43142012]
[0.43142012]
[0.43142012]
[0.43142012]
[0.43142012]
[0.43142012]
[0.4313946]
[0.4313946]
[0.4313946]
[0.4313946]
[0.4313946]
[0.4313946]
[0.4313946]
[0.4313946]
[0.4313946]
[0.4313946]
[0.43138677]
[0.43138677]
[0.43138677]
[0.43138677]
[0.43138677]
[0.43138677]
[0.43135613]
[0.43135613]
[0.43135613]
[0.43135613]
[0.43135157]
[0.43135157]
[0.43135157]
[0.43135157]
[0.43135157]
[0.43135157]
[0.43135157]
[0.43135157]
[0.4313435]
[0.43133867]
[0.43133867]
[0.43133867]
[0.43133867]
[0.43133602]
[0.43133602]
[0.43133602]
[0.43129578]
[0.43129578]
[0.4312949]
[0.4312949]
[0.43129]
[0.43129]
[0.43129]
[0.43129]
[0.43125674]
[0.43125674]
[0.43125674]
[0.43125674]
[0.43125442]
[0.4312531]
[0.4312531]
[0.43125236]
[0.43125236]
[0.43125236]
[0.43125236]
[0.43124264]
[0.43124264]
[0.43124264]
[0.43124264]
[0.43124264]
[0.43124261]
[0.43124261]
[0.43124261]
[0.4312377]
[0.4312377]
[0.4312377]
[0.4312377]
[0.4312377]
[0.4312377]
[0.43123397]
[0.43123317]
[0.43123317]
[0.43123317]
[0.43122825]
[0.43122825]
[0.43122825]
[0.43122825]
[0.43122825]
[0.43122825]
[0.43122825]
[0.43121845]
[0.43121845]
[0.43121845]
[0.43121845]
[0.43121845]
[0.43121845]
[0.43121845]
[0.43121845]
[0.431214]
[0.431214]
[0.431214]
[0.4312096]
[0.4312096]
[0.4312096]
[0.43119636]
[0.43119636]
[0.43118218]
[0.43118218]
[0.43117854]
[0.43117207]
[0.43117207]
[0.43117207]
[0.43116772]
[0.43116426]
[0.43113473]
[0.43113458]
[0.4311204]
