0.42089182
0.41113928
0.38411763
0.36699444
0.3551955
0.35314766
0.34064156
0.33944985
0.33229265
0.32046032
0.31964284
0.31946465
0.31486848
0.31406876
0.3138292
0.31073564
0.3103972
0.30929235
0.3089925
0.30778754
0.30674306
0.30197608
0.3015613
0.29978016
0.29637164
0.29607064
0.29543054
0.29449272
0.2928821
0.29221183
0.29214817
0.29097047
0.28938282
0.2851329
0.28396156
0.28286687
0.2795989
0.27615336
0.27601388
0.27522832
0.27375266
0.2734908
0.27276337
0.27252254
0.27221823
0.2717244
0.269284
0.2690348
0.2668326
0.26676035
0.26640624
0.2647487
0.26458934
0.26399338
0.2631328
0.2625424
0.26158646
0.26069307
0.26022226
0.25972936
0.25953123
0.2569775
0.2567142
0.25659057
0.25639352
0.25485355
0.25353476
0.2532738
0.25201136
0.25140077
0.25102746
0.25096273
0.25080273
0.24938437
0.2492878
0.24909243
0.24878342
0.24789795
0.24694142
0.24644977
0.24638747
0.24593565
0.24518403
0.24504632
0.24499948
0.24468762
0.24460202
0.24394673
0.24350783
0.24279022
0.2423693
0.24225219
0.24202631
0.24179573
0.24152142
0.24126765
0.24084713
0.24079414
0.2404931
0.2399178
0.2393973
0.23932315
0.23911577
0.23879656
0.23878536
0.23815401
0.23708366
0.2369266
0.23660095
0.23657602
0.23634595
0.23626831
0.23579532
0.23555084
0.23503885
0.23486173
0.23365779
0.2335517
0.23335925
0.23303574
0.23294395
0.23291987
0.23280555
0.23250012
0.232352
0.23180242
0.23044378
0.22986849
0.22982389
0.22978055
0.22937846
0.22851212
0.22814801
0.22788446
0.22766402
0.2276113
0.22741649
0.22719353
0.22706369
0.22684284
0.2258937
0.22550488
0.22538035
0.22532785
0.22520924
0.22487198
0.22484082
0.22408324
0.22402985
0.22382003
0.22362639
0.22308798
0.22303857
0.22297518
0.2227129
0.22245705
0.22212069
0.22179179
0.2217435
0.22160657
0.22147574
0.22146003
0.2212572
0.22123355
0.22106093
0.22037487
0.22031586
0.21995582
0.21993297
0.21980299
0.21913338
0.21842298
0.21833652
0.21793339
0.21792024
0.21790756
0.21782075
0.21759042
0.21748152
0.21728502
0.21706071
0.21699847
0.21678454
0.21659897
0.21637586
0.21634243
0.21620305
0.21595618
0.21594602
0.21582827
0.21581033
0.21558626
0.21519792
0.21498813
0.21488644
0.21478674
0.21458006
0.21448976
0.21431631
0.21412745
0.21407911
0.21372911
0.21371122
0.21370427
0.2135862
0.21353379
0.21324895
0.21302986
0.21290413
0.21290374
0.2126784
0.21266875
0.21229126
0.21218887
0.21214579
0.21201703
0.21198218
0.21195163
0.2116593
0.21149743
0.21128118
0.21095367
0.21092194
0.21087472
0.2108332
0.2103516
0.21025623
0.21009785
0.20996283
0.20964043
0.20957588
0.2094315
0.20938621
0.20938621
0.20908268
0.20899744
0.20883875
0.20878822
0.20877197
0.20867303
0.20850906
0.20817839
0.20808432
0.20783426
0.20775071
0.20767719
0.20760897
0.20751156
0.20751119
0.2074932
0.2073542
0.20731135
0.20722097
0.20715591
0.20705467
0.20685568
0.20671901
0.20670792
0.20658755
0.20654246
0.20576511
0.20554627
0.20553741
0.20537077
0.20534895
0.20527731
0.20497616
0.20489983
0.2048438
0.204527
0.20440218
0.20434847
0.2042609
0.20425084
0.2040656
0.20396887
0.20380545
0.20368391
0.20361173
0.20349391
0.20343716
0.20263466
0.20244387
0.2023692
0.2023051
0.20219071
0.20207353
0.202051
0.20188265
0.20185858
0.20181127
0.2016623
0.20163062
0.20143111
0.2014174
0.20140518
0.20137644
0.20135795
0.20119926
0.2010936
0.20109108
0.20108727
0.20105003
0.20087336
0.20082802
0.20076646
0.20060486
0.20054404
0.20037551
0.2003418
0.20022343
0.19993085
0.19960018
0.19917208
0.19906914
0.19901565
0.19899617
0.19897404
0.19891326
0.19888514
0.19885686
0.19882011
0.19851099
0.19849102
0.19833745
0.19823503
0.19819245
0.19816254
0.1973357
0.1973303
0.19694234
0.196919
0.19684891
0.1967953
0.19663444
0.1966033
0.19659701
0.19657286
0.19623101
0.1961549
0.19553235
0.19546054
0.19544666
0.19533522
0.19530219
0.1952796
0.19516495
0.19511515
0.19491842
0.19444333
0.1944092
0.19440784
0.19436854
0.19412017
0.19402711
0.19388936
0.19386978
0.19370285
0.19362831
0.19362181
0.19358975
0.19354106
0.19344522
0.19342354
0.19317564
0.1931279
0.1930707
0.1929526
0.1928879
0.19287044
0.19284332
0.19268395
0.19265166
0.19263534
0.19251888
0.19239998
0.19239333
0.19235647
0.19228663
0.19212802
0.19175424
0.19163318
0.19153103
0.19150755
0.1914816
0.19136086
0.19135478
0.19135228
0.19129887
0.19124007
0.19120854
0.19120534
0.19116603
0.19106095
0.19102105
0.19094156
0.19073993
0.19069432
0.19063595
0.19052717
0.190442
0.19040494
0.18991952
0.18989861
0.18977833
0.18977833
0.18964654
0.18958691
0.18953402
0.18933737
0.18933086
0.18915336
0.18911153
0.18908149
0.18904267
0.18903331
0.18903331
0.18896523
0.18891707
0.18884861
0.188627
0.18848251
0.18844849
0.18832603
0.1882997
0.18827918
0.18826929
0.18806939
0.18795067
0.18783799
0.18781003
0.18780106
0.18775031
0.18756019
0.1875518
0.1874856
0.18742375
0.18718801
0.18715896
0.1871258
0.18709274
0.18691345
0.18683507
0.18681727
0.18676868
0.18663758
0.1865404
0.18639615
0.1863653
0.18615286
0.18606526
0.18606143
0.18605672
0.18604808
0.18602799
0.18585496
0.1857903
0.18567172
0.18566898
0.1856679
0.18564439
0.1855855
0.18556315
0.18545507
0.18544221
0.18538669
0.18535696
0.18533036
0.18516982
0.18505313
0.18498941
0.18488981
0.18487664
0.184771
0.18471795
0.18471271
0.18468533
0.18464288
0.18464145
0.18464145
0.18443353
0.184312
0.18421382
0.18419795
0.18415622
0.18410303
0.18398345
0.18397085
0.18396057
0.18380292
0.18369114
0.18363881
0.1836243
0.18361102
0.18339974
0.18315677
0.18301086
0.18283373
0.18283297
0.18282141
0.18275198
0.18269488
0.182609
0.1825672
0.18252566
0.18249063
0.18245843
0.18239927
0.1823838
0.18234658
0.18233983
0.18233666
0.18199855
0.18183781
0.18181305
0.1817873
0.18175954
0.18175142
0.18167111
0.18161207
0.18152246
0.18141273
0.18136111
0.18129854
0.18119104
0.18113899
0.18111135
0.18110476
0.18105413
0.18103501
0.18096991
0.18096542
0.18093573
0.18093146
0.18083066
0.18081628
0.18077745
0.18039878
0.1803381
0.18019696
0.18015918
0.18000916
0.17990199
0.17988658
0.17982446
0.17982407
0.17973828
0.17968385
0.17956874
0.17946558
0.17946476
0.17942531
0.1793801
0.1793474
0.17933978
0.1792304
0.1792096
0.17914394
0.17896998
0.1788014
0.17874627
0.17873515
0.17867664
0.17865711
0.17862977
0.17862141
0.17855236
0.17853722
0.17852436
0.17848228
0.17845044
0.17842883
0.17842883
0.17840783
0.17830089
0.17821543
0.17801866
0.17799318
0.17789194
0.17785935
0.17774972
0.17772159
0.17767505
0.1776724
0.17763463
0.17761014
0.1775904
0.17755091
0.17742641
0.17734349
0.17731436
0.17720185
0.17708306
0.17698929
0.17690861
0.17684744
0.17684363
0.17682755
0.17673054
0.1767281
0.17669319
0.17662743
0.17662536
0.17657886
0.17652974
0.1765195
0.1765195
0.17650951
0.17630982
0.17629191
0.17625162
0.17613344
0.17608929
0.1760854
0.17600642
0.1758889
0.1758865
0.17587735
0.17585059
0.17581777
0.17581621
0.1757867
0.17574972
0.17573746
0.1756427
0.17547375
0.17542149
0.1754198
0.1753397
0.17520435
0.17519641
0.17517704
0.17509788
0.17509419
0.17506081
0.17498532
0.17494798
0.17489436
0.1748706
0.17486396
0.17482774
0.17480811
0.17458566
0.17455752
0.17445935
0.1744431
0.1743946
0.17431015
0.17424959
0.17419076
0.17418702
0.17418145
0.17406206
0.17402805
0.17396584
0.17394565
0.17389736
0.1738803
0.17379014
0.17374824
0.1737463
0.17371552
0.17370382
0.17354916
0.17354754
0.17352238
0.17349713
0.17349547
0.17338681
0.17332381
0.17319945
0.17309818
0.17307062
0.1730505
0.17293553
0.17287965
0.17281593
0.17274997
0.17261198
0.17256783
0.17253135
0.17246903
0.17239448
0.17230062
0.17225029
0.17224522
0.1722398
0.17212565
0.17211854
0.17206886
0.17203514
0.17202787
0.17201881
0.17198399
0.17191097
0.1718933
0.17187405
0.17185132
0.17184928
0.17183533
0.1718107
0.17180456
0.17174096
0.17172536
0.17171793
0.17168672
0.1716548
0.17158362
0.17152947
0.17152117
0.1714926
0.1714791
0.17147711
0.17146668
0.17130466
0.1712095
0.17113622
0.17102464
0.17102177
0.17100428
0.1708413
0.1707726
0.17076865
0.17076792
0.17076747
0.17076124
0.17074732
0.17072208
0.17070898
0.17058763
0.17058508
0.17051283
0.1704896
0.1704631
0.17040852
0.17030163
0.17021097
0.17015712
0.17007782
0.17001346
0.16991872
0.16979265
0.1697485
0.16974723
0.16974099
0.16971308
0.1697033
0.16967244
0.16965413
0.16959248
0.16950017
0.16945834
0.16943982
0.16943003
0.16941793
0.16941072
0.16933636
0.16910104
0.16909863
0.16903046
0.16896881
0.16892846
0.16888314
0.16884129
0.16882202
0.16874927
0.16870272
0.16864951
0.16860381
0.16859062
0.1685789
0.16855341
0.16848506
0.1684585
0.16845542
0.16842139
0.1683659
0.16827011
0.1682647
0.16822344
0.16815072
0.1680751
0.16803494
0.16800192
0.16798668
0.16792862
0.167848
0.16784167
0.16781493
0.1677741
0.16766554
0.16754952
0.16753553
0.16749899
0.16742288
0.16742077
0.1673988
0.16736299
0.16731869
0.16731499
0.1673124
0.16730185
0.1672353
0.16721025
0.16719022
0.16717899
0.16707999
0.16704316
0.16702454
0.16698322
0.16696927
0.16690527
0.16687237
0.16678181
0.16677105
0.16676754
0.16673411
0.16669631
0.16668609
0.16664667
0.16663936
0.16661415
0.16660544
0.16657169
0.1665491
0.16654131
0.16653334
0.16641042
0.16635622
0.16633898
0.16633022
0.16630913
0.16630045
0.16627681
0.16620827
0.16616951
0.16613606
0.16610202
0.16598625
0.16595998
0.16590033
0.16589811
0.1657875
0.16578607
0.16576296
0.16575465
0.16567709
0.16567709
0.16567418
0.16565853
0.1656207
0.16558518
0.16558234
0.16557308
0.1655723
0.16554315
0.16554315
0.16553111
0.16549323
0.1654231
0.16527764
0.16525991
0.16523583
0.1652129
0.16519266
0.16518137
0.16517666
0.16514176
0.16513342
0.16511667
0.16511637
0.16511637
0.16509277
0.16501501
0.16500425
0.16498242
0.16496119
0.16494916
0.16494238
0.16491589
0.164881
0.16484945
0.16479258
0.16473354
0.16468804
0.16468804
0.16463694
0.16462468
0.16457416
0.1645541
0.1645198
0.1645154
0.1644449
0.16444436
0.16442177
0.16440326
0.16439654
0.16437083
0.16422758
0.16420522
0.16414693
0.16407335
0.164009
0.16399154
0.16393952
0.16393824
0.16392572
0.16392337
0.16389975
0.16382758
0.16381344
0.16380532
0.16377214
0.16376792
0.1637308
0.16370371
0.16365783
0.16359349
0.163591
0.16355072
0.1635452
0.16348507
0.16346319
0.16342182
0.16341805
0.16341713
0.16341501
0.16336991
0.16330846
0.16330035
0.1632965
0.1632922
0.16319609
0.16317916
0.1631541
0.16315192
0.16311494
0.16311449
0.16306672
0.1630648
0.16303658
0.16303562
0.1630329
0.16303094
0.16302562
0.16297072
0.16293696
0.16291459
0.16287124
0.1628655
0.16286287
0.16283973
0.16279261
0.16273637
0.16270801
0.16268624
0.16268624
0.16268219
0.16265364
0.16260839
0.16255762
0.16253214
0.16248398
0.16246909
0.16245708
0.16241764
0.16239257
0.16237523
0.16233508
0.16231093
0.16230853
0.16230373
0.16228925
0.16227847
0.16225488
0.16224763
0.16218224
0.16213818
0.16209047
0.16193262
0.16188158
0.16179724
0.16167976
0.16159551
0.16151999
0.16151273
0.16147925
0.16147925
0.16146918
0.16146137
0.16144614
0.16132994
0.16117215
0.16111562
0.16107875
0.16098757
0.16097967
0.16090795
0.16088217
0.16087036
0.16086845
0.16085626
0.16085169
0.1608412
0.1608385
0.16077308
0.16076945
0.16076456
0.16076446
0.16074562
0.16073662
0.16068345
0.16063263
0.16062427
0.16056761
0.16056496
0.16050212
0.16050173
0.16049512
0.16049111
0.16048291
0.16042812
0.16042735
0.16042703
0.16041394
0.16041376
0.16037911
0.16037385
0.16036467
0.16034381
0.16033341
0.16033252
0.1603251
0.16032048
0.16031238
0.16026047
0.16021876
0.16021097
0.16019562
0.16018479
0.16010298
0.1601027
0.16009344
0.16005737
0.16004561
0.15997273
0.15996252
0.15996149
0.15990865
0.15990794
0.1599059
0.15990211
0.15987293
0.15986307
0.15983608
0.15983428
0.15972471
0.15969439
0.15959641
0.15955575
0.15948184
0.15947372
0.15944701
0.15942572
0.1593909
0.15937135
0.1592865
0.15926859
0.1592588
0.15924685
0.15921873
0.15920249
0.159188
0.15913461
0.15911666
0.15905729
0.15904033
0.15902439
0.15902273
0.15900093
0.15899187
0.1589236
0.15891805
0.1589141
0.15889561
0.15884614
0.15882923
0.15881407
0.15878324
0.1587165
0.15870507
0.1586995
0.15868677
0.15864426
0.1586285
0.1586059
0.15852068
0.15850358
0.15847707
0.15845133
0.15844205
0.15838264
0.15834568
0.1582845
0.15828408
0.1582271
0.1581624
0.15815523
0.1581456
0.15813929
0.15812024
0.15802068
0.15800254
0.15798177
0.15790893
0.15785022
0.15781675
0.15772678
0.15771373
0.15763748
0.15752822
0.15745082
0.157385
0.15734887
0.15734887
0.15733945
0.15733455
0.15731211
0.15728399
0.15728165
0.15725781
0.15724277
0.15720746
0.15720081
0.1571712
0.15713656
0.15706508
0.15696104
0.15694563
0.1569171
0.15687713
0.15676327
0.1567037
0.15669826
0.15664618
0.15664618
0.15663101
0.15663084
0.15659228
0.15658799
0.15658484
0.15656012
0.15655291
0.15650637
0.15645862
0.15645848
0.15641932
0.15641414
0.15639459
0.15637334
0.15636148
0.15630752
0.15629135
0.15628783
0.15626024
0.15624781
0.15624696
0.15624614
0.1562431
0.1561355
0.15612945
0.1560596
0.15598859
0.15596071
0.1559255
0.15591264
0.15584889
0.15581721
0.1557465
0.15570816
0.1557016
0.15568347
0.15565896
0.15563847
0.15556984
0.15554011
0.15551043
0.15550385
0.15549678
0.15547226
0.15546991
0.1554567
0.15543836
0.15543668
0.1554241
0.1554042
0.15538533
0.15537491
0.15535969
0.15535638
0.1553545
0.15533711
0.15533498
0.15533493
0.15532078
0.15529992
0.1552719
0.15523216
0.15521611
0.1551939
0.15516923
0.15510245
0.15507077
0.15505734
0.15498263
0.15497059
0.15493712
0.15487903
0.15487564
0.15482892
0.1548078
0.15479589
0.1547127
0.1547095
0.15469435
0.15465364
0.15457952
0.1545267
0.15448521
0.15444149
0.15438403
0.15435208
0.15430361
0.15425447
0.15421982
0.15420169
0.15417744
0.15417422
0.1541685
0.15409689
0.1540962
0.15400477
0.15400243
0.15399872
0.15397736
0.15391159
0.15389918
0.15388611
0.15382783
0.15382291
0.15379779
0.15371495
0.15369081
0.15368685
0.15367629
0.15367357
0.15366322
0.15365088
0.15364897
0.15363495
0.15362255
0.1536113
0.15359661
0.15355833
0.15351535
0.15348285
0.15347536
0.1534508
0.15341967
0.15340704
0.15339428
0.15339322
0.15334493
0.15329486
0.1532031
0.15316857
0.15316777
0.15314446
0.153126
0.15309568
0.15306754
0.15305804
0.15304591
0.1530354
0.15299925
0.15295452
0.1529476
0.152927
0.15292197
0.15292074
0.15289967
0.15289868
0.15288492
0.15288444
0.15287127
0.152866
0.15281205
0.1527507
0.15273958
0.15272447
0.152665
0.15265284
0.15264611
0.15263964
0.15261708
0.1525894
0.15257788
0.1525667
0.15255934
0.15255862
0.15255323
0.15249059
0.15243994
0.15241699
0.15241498
0.15240158
0.15238702
0.15237162
0.15234372
0.15227923
0.15224235
0.15218955
0.15218486
0.1521302
0.1521051
0.15207
0.15205184
0.15204348
0.15200758
0.1520045
0.15198348
0.15197064
0.15196219
0.1519495
0.15194544
0.15190196
0.15189359
0.15189095
0.15186444
0.15183042
0.15180704
0.1516953
0.15168719
0.151581
0.15155569
0.15154245
0.15153629
0.15153629
0.15145427
0.15144792
0.15142758
0.15141067
0.15137324
0.15133666
0.15133594
0.15131727
0.15131421
0.15130989
0.15128781
0.15128621
0.15127787
0.15126562
0.15126221
0.15125072
0.15121277
0.15119888
0.15115525
0.15115525
0.15115054
0.15114258
0.15113358
0.15105395
0.15103815
0.15103084
0.15103084
0.15100926
0.15098667
0.15097705
0.150913
0.15089633
0.15088062
0.15086852
0.15083286
0.15083148
0.15076044
0.15074548
0.1507152
0.15067792
0.15066314
0.15066306
0.1506238
0.15058476
0.15057963
0.15056999
0.15056865
0.15053664
0.15053469
0.15052353
0.1505092
0.1504974
0.15048878
0.15048577
0.15043454
0.15038842
0.15034531
0.15031824
0.15029716
0.15023217
0.15020235
0.1501969
0.15018004
0.15013139
0.15008856
0.15008205
0.15008172
0.15004322
0.14999251
0.14999215
0.14999215
0.14996792
0.14996257
0.14996023
0.14991921
0.14990129
0.14988764
0.14986873
0.14983615
0.1497886
0.1497798
0.1497794
0.1497467
0.14973621
0.14969954
0.14966664
0.1496448
0.1496441
0.149642
0.14958395
0.14953825
0.14952978
0.14949541
0.14940412
0.14938013
0.14936808
0.14931607
0.1492966
0.14925703
0.1492203
0.14914344
0.1491159
0.14909649
0.14908893
0.1490804
0.14904805
0.14903945
0.14902452
0.14902428
0.14902428
0.1490241
0.14900686
0.1490058
0.14900456
0.14898758
0.14894816
0.14890936
0.1488931
0.1488062
0.14880496
0.14880086
0.14878705
0.14876993
0.14864887
0.14861289
0.14860485
0.14859273
0.14858136
0.14857058
0.14857002
0.14856444
0.14852221
0.14848755
0.14845455
0.14840665
0.14840323
0.14837797
0.14836296
0.14835957
0.14833069
0.14832984
0.14830285
0.14825648
0.148235
0.14823397
0.14822957
0.14822415
0.14820586
0.14818881
0.14815052
0.14812697
0.14812683
0.14812268
0.14808911
0.14808676
0.14800178
0.14800118
0.14800118
0.14792512
0.1478993
0.14789905
0.1478846
0.14787574
0.14784215
0.1478008
0.14777188
0.14777134
0.14776266
0.14774874
0.14774829
0.14774741
0.14774439
0.14774057
0.14772853
0.14771733
0.14770365
0.14767744
0.14765425
0.14762175
0.14759998
0.14757064
0.14756459
0.14756285
0.1475498
0.1474889
0.14746276
0.14743678
0.14740169
0.14736041
0.14734009
0.14730719
0.14730343
0.14729263
0.14728482
0.1472831
0.14728196
0.14726128
0.14725366
0.14724344
0.14724062
0.14722194
0.14722066
0.14714755
0.14712879
0.14710721
0.1471018
0.14710051
0.14701325
0.14700943
0.14700827
0.14700216
0.14695789
0.14695711
0.14692496
0.14689454
0.14689298
0.14688878
0.14687172
0.14685045
0.14684507
0.14683062
0.14680433
0.14679196
0.14674032
0.14673951
0.14669886
0.14667603
0.14662738
0.14658491
0.14658011
0.14657442
0.14655945
0.14652373
0.14649439
0.14648351
0.14647686
0.1464718
0.14645949
0.14643532
0.14642423
0.14641213
0.14639655
0.14639568
0.14638042
0.14635648
0.14631478
0.1463136
0.1463136
0.14630659
0.14625677
0.1462567
0.14616387
0.14614184
0.14612685
0.14610825
0.14608747
0.14607872
0.14606053
0.1460264
0.1459558
0.14592451
0.14592093
0.14592087
0.14591523
0.14591362
0.14584678
0.14580229
0.14577374
0.14577055
0.14576578
0.14574915
0.1457152
0.14571509
0.14570339
0.14569609
0.14567283
0.1456711
0.14566873
0.14565541
0.1456519
0.14564712
0.14564401
0.145625
0.14560951
0.14559095
0.14558199
0.14555407
0.14555168
0.1455334
0.14552304
0.14552099
0.14546335
0.14543691
0.14540154
0.14539738
0.14538744
0.14538358
0.14538355
0.14538135
0.14536718
0.14529398
0.14527763
0.14527059
0.14526519
0.14524749
0.14524563
0.14521645
0.14516203
0.145085
0.14508317
0.14499785
0.14499341
0.14498472
0.14496437
0.14496128
0.14493836
0.14493212
0.14488849
0.1448564
0.14484912
0.14484175
0.1448079
0.14479832
0.14476672
0.14476672
0.14474094
0.14473633
0.14472736
0.14470571
0.14467311
0.14465402
0.14462812
0.14460404
0.14459807
0.144585
0.14456923
0.14449172
0.14448026
0.14446536
0.14443645
0.14442052
0.1443935
0.14437921
0.14437717
0.1443547
0.144348
0.1443398
0.1443333
0.14432397
0.14431025
0.14429255
0.14427929
0.1442208
0.14421959
0.14421791
0.14420792
0.14420235
0.14419037
0.14417264
0.14416128
0.14415322
0.14414763
0.14411977
0.14411116
0.14408356
0.14406936
0.1440561
0.1440345
0.14399764
0.14397603
0.1439735
0.14392805
0.14391121
0.14388108
0.14388055
0.14387926
0.14386646
0.1438439
0.1438222
0.14381044
0.14378504
0.14375684
0.14374211
0.1437023
0.1437003
0.14367667
0.14362419
0.14360659
0.14360254
0.14359322
0.14358877
0.14355394
0.14353746
0.14353682
0.14351757
0.14351068
0.14349562
0.14349389
0.14348774
0.14348637
0.14347687
0.14343393
0.14340472
0.14339903
0.14338642
0.14338279
0.14335433
0.14334004
0.14332095
0.14329174
0.1432776
0.14327148
0.14326176
0.1432155
0.14318061
0.14315744
0.14315093
0.14313422
0.14313282
0.14313033
0.1431065
0.14307815
0.14305492
0.14305492
0.14302279
0.14300399
0.14299661
0.14299557
0.14295195
0.14294514
0.14291587
0.1429041
0.14290367
0.14289138
0.14288028
0.14288028
0.14287516
0.1428399
0.1428289
0.1428239
0.14282134
0.14281273
0.14280897
0.14278904
0.14277077
0.14276831
0.14276575
0.14273727
0.14266516
0.14264788
0.14264289
0.14263703
0.1426323
0.14259854
0.14258033
0.14255737
0.14255737
0.1425244
0.14252365
0.14251456
0.14250867
0.14248857
0.14248414
0.1424674
0.14246505
0.1424591
0.1424577
0.14245413
0.14244074
0.14243759
0.14241914
0.14241695
0.14239311
0.1423761
0.14236864
0.14236864
0.14234449
0.14234065
0.1423347
0.14231268
0.14227481
0.14226341
0.14225388
0.14224707
0.14224325
0.1422365
0.1422288
0.14222658
0.14219348
0.14218466
0.14218363
0.14217226
0.14216413
0.1421586
0.1421451
0.14214395
0.14212616
0.14212412
0.14209504
0.1420793
0.14207216
0.14204451
0.14202218
0.14201826
0.14201485
0.14201163
0.14201093
0.14198565
0.14196558
0.14195302
0.14195183
0.1419294
0.14191893
0.14191379
0.14188813
0.14184232
0.14180051
0.1417871
0.14177208
0.14176065
0.14174516
0.14173557
0.1416808
0.14166965
0.14162092
0.14159136
0.1415855
0.14156865
0.14154029
0.1415384
0.14153399
0.14151403
0.14150718
0.1414877
0.14147791
0.14147505
0.14145197
0.14144024
0.14141238
0.14133938
0.14133474
0.14131522
0.14131097
0.14128673
0.14127512
0.14127512
0.14127278
0.14124988
0.14124927
0.1412437
0.14123265
0.14121553
0.14121264
0.14117159
0.14116785
0.14116667
0.14114785
0.14110546
0.14109915
0.14109577
0.14106512
0.14105384
0.14104114
0.14100297
0.14093255
0.14090909
0.14088948
0.14087942
0.14085008
0.1408324
0.14080608
0.14079778
0.14077935
0.1407791
0.14077765
0.14077765
0.14077435
0.14077322
0.14077285
0.14077
0.14076881
0.14076218
0.14075728
0.14073288
0.14073288
0.14072281
0.14070936
0.14070667
0.1407058
0.14066002
0.14064287
0.14063391
0.14062059
0.14059617
0.14059344
0.14057411
0.14057319
0.14057139
0.14051725
0.14049596
0.14048104
0.14048104
0.1404241
0.1404212
0.14039248
0.140386
0.14038122
0.14035487
0.14034005
0.14029664
0.14026429
0.14026079
0.14024284
0.14023356
0.14022955
0.14022252
0.14021191
0.14020745
0.14019854
0.14019151
0.14018644
0.14018214
0.14017978
0.14016168
0.1401288
0.14012203
0.14009982
0.14007306
0.14007096
0.14006872
0.1400013
0.13999884
0.13997906
0.13996103
0.13995102
0.13993725
0.1399101
0.1399061
0.13989611
0.13989143
0.13983725
0.13981262
0.13980639
0.13978799
0.1397442
0.13973619
0.13973404
0.13972019
0.13967541
0.13966721
0.13966534
0.13966411
0.13963416
0.13961963
0.13960357
0.13960025
0.1395761
0.13955781
0.13955358
0.139533
0.13951333
0.13950785
0.1395044
0.13949145
0.13949001
0.13948688
0.13946828
0.13944831
0.13942933
0.13938674
0.13938592
0.13937114
0.13936417
0.13934441
0.13932328
0.1392783
0.13927445
0.13927005
0.13923693
0.13923542
0.13922817
0.13922095
0.13919325
0.13918713
0.13915096
0.13915014
0.13909134
0.13908587
0.13905276
0.13905007
0.13904665
0.13903397
0.13903144
0.13902667
0.13902667
0.13902381
0.1390237
0.13899328
0.13899186
0.13897468
0.13896903
0.138936
0.138931
0.13892926
0.13891569
0.13890903
0.13890731
0.13890469
0.13888338
0.13884111
0.13883843
0.13877401
0.13875195
0.13874814
0.13874255
0.1387408
0.138729
0.13870148
0.13869463
0.13868596
0.13867693
0.13867693
0.13867486
0.13866866
0.1386591
0.13865882
0.13865882
0.13864823
0.1386386
0.13862619
0.13862005
0.13860886
0.1385876
0.13858445
0.13858445
0.13857996
0.1385737
0.1385612
0.13853629
0.13853085
0.13851349
0.13850911
0.13848795
0.13848795
0.13848455
0.13847513
0.13847268
0.13846274
0.13845015
0.13844705
0.1384467
0.13844517
0.13843891
0.13841058
0.13840155
0.13840155
0.13839726
0.13838254
0.13837549
0.13837112
0.13834368
0.13834305
0.13834283
0.13833012
0.138309
0.13830608
0.13828042
0.1382634
0.13824826
0.13824575
0.13823344
0.13820487
0.1381578
0.13813832
0.13810427
0.13807155
0.13804774
0.13804476
0.13803895
0.13803631
0.13802731
0.13798843
0.13798843
0.1379423
0.13791832
0.13790618
0.13789394
0.13788997
0.13787806
0.13787466
0.13786599
0.13786481
0.13785699
0.13785699
0.13783805
0.13782743
0.13779722
0.13775826
0.13773938
0.13773762
0.13772315
0.1377106
0.1376791
0.13766795
0.13765812
0.13763747
0.13758521
0.13757756
0.13757722
0.13753211
0.13752934
0.13749859
0.13746104
0.13743535
0.13743378
0.13743141
0.13741672
0.13740459
0.1373676
0.13736546
0.13735579
0.13734572
0.13732754
0.13732746
0.13732746
0.13731065
0.13730535
0.13730393
0.13729611
0.1372909
0.13728099
0.1372679
0.13724978
0.13720863
0.1371992
0.13719836
0.13719282
0.13718966
0.13718966
0.13715151
0.13714665
0.137128
0.13712244
0.13711263
0.1371103
0.13707903
0.13707106
0.13706401
0.13706045
0.1370533
0.13704133
0.13703926
0.13703349
0.13699059
0.13698862
0.13697165
0.13695097
0.13691337
0.13689248
0.13688366
0.1368692
0.13685873
0.13685504
0.13684693
0.13684222
0.13684037
0.13682124
0.13681227
0.13679418
0.13679053
0.13678302
0.13677932
0.13677862
0.1367777
0.13675545
0.1367523
0.13674766
0.13673401
0.13673063
0.13671678
0.13671678
0.13671412
0.13667081
0.13666722
0.13665374
0.13665242
0.13662642
0.13662603
0.13662603
0.13661484
0.13659903
0.13658717
0.13657525
0.13656323
0.1365558
0.13655575
0.13653637
0.13653028
0.1365188
0.13651575
0.13647795
0.13645995
0.13644226
0.13644226
0.1364378
0.13642162
0.1363848
0.13636683
0.13636349
0.1363614
0.1363614
0.13634764
0.13633287
0.13630553
0.13630244
0.13630167
0.13629524
0.13629255
0.13629125
0.13628037
0.13625515
0.13624473
0.13623203
0.13622162
0.13619699
0.13619241
0.13618611
0.13616192
0.13609882
0.13609874
0.13608533
0.13607115
0.13601527
0.13601312
0.13600294
0.13599367
0.13598093
0.1359667
0.13596384
0.13596043
0.13595499
0.13595374
0.13595136
0.13594979
0.13594253
0.13593936
0.13593903
0.13588771
0.13585997
0.13583097
0.13581203
0.13581087
0.13580248
0.13577548
0.13576949
0.1357608
0.13572414
0.13572393
0.13572393
0.13571817
0.13570452
0.13569552
0.13569245
0.13568746
0.13567549
0.13567545
0.13566463
0.13565254
0.13565165
0.13564804
0.1356436
0.13563496
0.13563381
0.13563244
0.1356206
0.13560718
0.13560522
0.13560262
0.1355918
0.13559042
0.13558924
0.13558397
0.13558248
0.13557357
0.13556606
0.13556224
0.13555712
0.13555712
0.13554922
0.13552922
0.13552308
0.13552015
0.13551253
0.13550107
0.1354656
0.13544008
0.13542157
0.13541938
0.13540469
0.13532276
0.13530882
0.13529637
0.13529637
0.13529299
0.13528912
0.13528849
0.13528518
0.13528515
0.13526787
0.13526614
0.13523932
0.13523896
0.13523464
0.13522264
0.13515544
0.13514186
0.13511027
0.13510665
0.13510364
0.13510147
0.13508102
0.1350618
0.13505132
0.13502453
0.13502452
0.13502036
0.13501473
0.13498662
0.134983
0.13498114
0.13496844
0.1349315
0.13490674
0.13489072
0.134889
0.13483457
0.13481416
0.13480933
0.1347971
0.13479206
0.13478507
0.13477983
0.13477373
0.13476685
0.13475533
0.134741
0.134711
0.13469741
0.13461372
0.1345994
0.13456535
0.13453951
0.13453287
0.13449867
0.13449866
0.13449866
0.13449785
0.1344921
0.1344891
0.13447504
0.13447483
0.1344379
0.13442682
0.13442531
0.13442035
0.13439131
0.13436751
0.13436712
0.13434972
0.13433836
0.1343364
0.1343364
0.13433152
0.13427882
0.13427359
0.13426805
0.1342594
0.13424784
0.13424687
0.13423727
0.13423601
0.1342334
0.1342114
0.13420448
0.13419916
0.13418244
0.1341616
0.13413352
0.13411862
0.13410541
0.13409011
0.13403894
0.13400266
0.1339845
0.13390987
0.13387588
0.13384315
0.13383634
0.13381357
0.13380452
0.1337824
0.13376975
0.13376163
0.13376075
0.13371642
0.13370629
0.133687
0.133687
0.13365467
0.13365294
0.13364741
0.1336361
0.13363563
0.13362409
0.13362406
0.13362402
0.13360181
0.13359597
0.13359094
0.13354877
0.1335482
0.13354746
0.13352881
0.13352625
0.1335254
0.13348874
0.1334882
0.13346577
0.13344517
0.13340104
0.13339905
0.13339365
0.1333866
0.13336493
0.13336197
0.13334565
0.13333848
0.13332777
0.13332476
0.13331364
0.13331077
0.13331077
0.1332981
0.13329755
0.13329336
0.13329166
0.13327998
0.1332781
0.13327289
0.13327289
0.13327226
0.1332559
0.13325147
0.1332175
0.13317491
0.13317274
0.1331662
0.13315967
0.13314007
0.13312633
0.13310821
0.13310799
0.1331061
0.13309814
0.13309537
0.13309479
0.13309206
0.13309126
0.13309126
0.13308708
0.13307913
0.13305119
0.13303964
0.13300689
0.13299859
0.13299859
0.13299178
0.1329909
0.13298176
0.13297616
0.13296999
0.13296767
0.13296491
0.13295513
0.13294587
0.13293473
0.13293473
0.13291089
0.13285932
0.13284576
0.13283625
0.13283086
0.13283086
0.13279732
0.13278759
0.13278487
0.132771
0.1327616
0.13274164
0.1327392
0.13271
0.13268939
0.13268864
0.13265686
0.1326394
0.1326263
0.13261263
0.13260962
0.13258943
0.13255042
0.13254559
0.13254398
0.1325414
0.1325174
0.13251029
0.13250996
0.13250996
0.13250878
0.13250133
0.13249215
0.13248314
0.13248064
0.132477
0.13246617
0.13246311
0.1324525
0.13244292
0.13244286
0.13243993
0.13243993
0.13243943
0.1324381
0.13243333
0.13243037
0.13241525
0.13240144
0.1323844
0.13238005
0.13234654
0.13233978
0.13233823
0.13232413
0.1323169
0.13229623
0.13228688
0.1322621
0.13224246
0.13223813
0.13222681
0.13221902
0.1322057
0.13218212
0.13217597
0.13217282
0.13216943
0.13215461
0.13215281
0.13215141
0.13215141
0.13215134
0.13214964
0.13214964
0.13213727
0.13212645
0.13211964
0.1321056
0.13209884
0.13209862
0.13208494
0.13208473
0.13207413
0.13207413
0.13207167
0.1320704
0.1320686
0.13206625
0.13206588
0.13205095
0.13203599
0.13203311
0.13201989
0.13199927
0.13199206
0.13198924
0.13198295
0.13197128
0.1319673
0.13196082
0.131898
0.13188419
0.13188031
0.13187325
0.13186906
0.13186416
0.13182446
0.13182223
0.13182
0.13181965
0.13181143
0.1318074
0.13180244
0.13178301
0.13177657
0.13175106
0.13174184
0.13173825
0.13171862
0.1316959
0.13169083
0.13167638
0.13166106
0.13158444
0.1315677
0.13153987
0.13153203
0.13150847
0.13150847
0.13150427
0.13149054
0.1314645
0.13145854
0.13145846
0.13145211
0.13143842
0.13143428
0.13141355
0.13139907
0.13138317
0.13138078
0.13136788
0.13134612
0.13134612
0.13131878
0.1313132
0.13129556
0.13129091
0.13128716
0.13127615
0.13126399
0.13123953
0.13123752
0.13123061
0.13122702
0.13120438
0.13120422
0.13118604
0.13115044
0.13113832
0.13112268
0.13112268
0.13112181
0.13111885
0.13111413
0.13110958
0.13108933
0.131089
0.13108444
0.13108265
0.13107358
0.13102072
0.13099517
0.13099305
0.13099219
0.13097906
0.1309435
0.13093607
0.13091427
0.13090138
0.13088426
0.1308709
0.13084988
0.13084535
0.13083553
0.1308245
0.13081014
0.1307884
0.13076924
0.1307659
0.13076507
0.13076302
0.13075778
0.13074051
0.1307278
0.13071968
0.13071674
0.13071351
0.13071057
0.13069995
0.13068676
0.130685
0.13065499
0.13065277
0.1306526
0.13063301
0.1306324
0.13062195
0.13061747
0.13061735
0.13061275
0.1305912
0.13057621
0.13057102
0.13056625
0.13056506
0.13053513
0.13052548
0.13051333
0.13049479
0.13049205
0.13048351
0.13046403
0.13045932
0.1304563
0.13045025
0.13042772
0.13040681
0.13040476
0.13038646
0.130386
0.13037063
0.13034847
0.1303394
0.13033715
0.13030523
0.130304
0.13028668
0.13028313
0.13026856
0.13025714
0.13024406
0.13021292
0.13021019
0.1301811
0.13017917
0.13017222
0.13011752
0.13010441
0.13009414
0.13008557
0.13002466
0.13001512
0.12998575
0.12998316
0.12997368
0.12996823
0.12995131
0.12993798
0.12992933
0.12992775
0.12992674
0.12990455
0.12989289
0.12989011
0.12988564
0.12988564
0.12987332
0.12986778
0.12985544
0.12982021
0.12978552
0.12978265
0.12977259
0.12977082
0.1297594
0.12975138
0.12975089
0.12974572
0.12974514
0.12974338
0.1297334
0.12972823
0.12972508
0.12970899
0.1297087
0.12970595
0.12969959
0.12969433
0.12966959
0.12966472
0.12964885
0.12962882
0.12961866
0.12961575
0.12959395
0.12959386
0.12957558
0.1295716
0.12954848
0.12954085
0.12953149
0.12947983
0.12947983
0.12946568
0.12946102
0.1294453
0.12942372
0.1294112
0.12940428
0.12938221
0.12938035
0.12933204
0.12932985
0.12930992
0.12926276
0.12926027
0.12926027
0.12925224
0.1292511
0.1292511
0.12924396
0.12922667
0.12921417
0.12921332
0.12918852
0.12917303
0.12916332
0.12915257
0.1291516
0.12912315
0.12911999
0.1291154
0.12910578
0.12909403
0.12909108
0.12908587
0.12904792
0.12903848
0.12903069
0.12902765
0.1290126
0.12900911
0.12897694
0.12897153
0.12895617
0.12892903
0.12891845
0.12886846
0.12886758
0.12886077
0.12885416
0.12885273
0.12884249
0.1288106
0.12878478
0.12878107
0.12875172
0.12874539
0.12872046
0.12871303
0.1287117
0.12869354
0.12865913
0.12865552
0.1286516
0.12863335
0.12862119
0.12861896
0.12861143
0.12860768
0.12859035
0.12857464
0.12857278
0.12857242
0.12856786
0.1285533
0.1285533
0.12854168
0.12852961
0.12851925
0.12851925
0.12851554
0.12851177
0.12849106
0.12845883
0.1284366
0.12843646
0.12843484
0.1284335
0.12843288
0.12842403
0.12842064
0.12841658
0.12840703
0.12836966
0.12836944
0.12836882
0.12836882
0.12836383
0.12836109
0.12836087
0.128356
0.12835363
0.12835148
0.1283174
0.12830476
0.12828092
0.12827277
0.12826899
0.12826882
0.12825702
0.12825383
0.12824547
0.1282374
0.12821776
0.12821755
0.1282109
0.12820528
0.12820353
0.128178
0.12816134
0.12815754
0.12812659
0.1281154
0.12811504
0.12811418
0.12811418
0.12810668
0.12810028
0.12809639
0.12809639
0.12809639
0.12809527
0.12805443
0.12805443
0.12804654
0.12803608
0.12802427
0.12801988
0.12800118
0.12798105
0.12797713
0.12797187
0.12796246
0.12795705
0.12795484
0.12795159
0.12793212
0.12793122
0.12791167
0.12789378
0.12788564
0.12788057
0.12787887
0.12787822
0.12787062
0.12787062
0.12787062
0.12784001
0.1278366
0.12782685
0.12782024
0.1278139
0.12781247
0.12781247
0.12779461
0.12779461
0.12777267
0.12777251
0.12775831
0.12775831
0.12775831
0.1277267
0.12771778
0.12771496
0.12771492
0.12769143
0.12767377
0.12764932
0.1276463
0.12764297
0.12762819
0.1276267
0.12762184
0.12759426
0.12758964
0.12757808
0.12757379
0.12756762
0.12754576
0.127541
0.12751152
0.12750407
0.1275037
0.1275037
0.12749483
0.12749346
0.12748645
0.12747325
0.12746248
0.1274611
0.12744993
0.12743719
0.12743689
0.1274341
0.12741995
0.12740326
0.1273975
0.12739588
0.12737034
0.1273524
0.12733118
0.12731592
0.12731504
0.1273072
0.12730686
0.12730113
0.12729754
0.12726657
0.12726203
0.12725072
0.12723845
0.12723261
0.12723261
0.12719758
0.12719393
0.12717988
0.1271723
0.1271648
0.1271648
0.12716289
0.127156
0.12714246
0.12713553
0.12712407
0.1271052
0.12708668
0.12708114
0.12707114
0.12705585
0.12704599
0.12703826
0.12703472
0.12703459
0.12703209
0.12702769
0.12699383
0.12698707
0.12696415
0.1269609
0.12696049
0.12694685
0.1269281
0.1269228
0.12687725
0.12687567
0.1268706
0.1268583
0.12685518
0.12685338
0.12684304
0.12684293
0.12683614
0.12683387
0.12683184
0.12682961
0.12681815
0.12680045
0.12678854
0.12678769
0.126787
0.12674357
0.12674151
0.12673105
0.12671913
0.12671317
0.12668715
0.1266868
0.12668222
0.12667376
0.12666632
0.12666023
0.1266592
0.12665904
0.12665851
0.12665576
0.12665576
0.12662582
0.12662421
0.1266021
0.12658544
0.12657017
0.12655438
0.1265536
0.12654798
0.12654757
0.12653683
0.1265276
0.1265168
0.12649684
0.12648161
0.12643175
0.12642603
0.12641688
0.12641437
0.1264036
0.1264024
0.12639058
0.12638392
0.1263765
0.1263739
0.12637149
0.12636149
0.12636039
0.12635143
0.12633222
0.12632822
0.12632759
0.12631886
0.12630439
0.12630315
0.12629591
0.12627937
0.12627855
0.12627126
0.12627016
0.12627016
0.12626693
0.1262616
0.12625085
0.12623572
0.12623248
0.12622601
0.12622058
0.1262138
0.12620796
0.12620328
0.12620328
0.12620322
0.1261912
0.12618144
0.12614745
0.12614745
0.12612495
0.12612326
0.1261055
0.12609755
0.12609218
0.126091
0.12609032
0.1260786
0.1260786
0.12606345
0.1260566
0.1260502
0.12604745
0.12601967
0.12601963
0.12599598
0.12598722
0.12598564
0.12597908
0.12597866
0.12597474
0.12597154
0.12594463
0.12593056
0.1259269
0.12591763
0.12589423
0.12589054
0.12588765
0.12588765
0.12588151
0.12588088
0.12587653
0.12584086
0.12583493
0.12583356
0.12581757
0.1258097
0.12580949
0.12580806
0.12580512
0.12580453
0.1257958
0.12579454
0.1257939
0.12578154
0.12576003
0.12575553
0.12573901
0.125706
0.12569675
0.1256906
0.12568757
0.12567194
0.12566844
0.12566844
0.12563391
0.125615
0.1255996
0.12559667
0.12559336
0.12559336
0.1255622
0.12554964
0.12553264
0.12552944
0.1255203
0.12551719
0.1255121
0.12549874
0.12549102
0.12546045
0.1254387
0.1254271
0.1254191
0.12536941
0.12534855
0.12534635
0.12534156
0.12530658
0.12528244
0.12527059
0.12524837
0.1252292
0.12520976
0.12520501
0.12520318
0.12519728
0.12518162
0.12515277
0.12514047
0.12513655
0.12511513
0.12509067
0.12508567
0.1250816
0.12506384
0.12504898
0.12502712
0.12501469
0.12501469
0.12495737
0.12495276
0.12494447
0.124932624
0.12492381
0.12491649
0.12490911
0.12490246
0.12490066
0.124896154
0.12488911
0.12487829
0.1248776
0.12486379
0.12485613
0.1248552
0.12478229
0.124762036
0.12475764
0.12475209
0.124742046
0.124730244
0.12472473
0.12471141
0.12469171
0.124676235
0.124676235
0.124660194
0.12465974
0.12462722
0.12461632
0.12461386
0.12461073
0.124605626
0.124601625
0.12459902
0.12459564
0.12459461
0.124592684
0.12457818
0.12457527
0.124572285
0.12457035
0.124562785
0.124542296
0.124541566
0.12452805
0.12450836
0.12448796
0.12448284
0.124482594
0.124476075
0.12447522
0.124473624
0.12445362
0.12443931
0.12441542
0.12441056
0.12438402
0.12436231
0.124361575
0.12435051
0.12434845
0.1243417
0.12432415
0.12431351
0.12430645
0.12429918
0.12429541
0.12427317
0.1242638
0.124241486
0.12419377
0.124190204
0.124176845
0.124168865
0.12416629
0.12416601
0.12415766
0.12415134
0.124139376
0.12413122
0.12412641
0.124117374
0.12411489
0.12410805
0.12409371
0.12409069
0.12408652
0.12408628
0.12406969
0.12404988
0.12403388
0.12403046
0.12401915
0.124016896
0.1239856
0.12398059
0.12398059
0.12397727
0.12395275
0.12394258
0.12390013
0.12388902
0.12386448
0.123855
0.123844
0.12383607
0.12383435
0.123832986
0.123820044
0.123813175
0.12379999
0.12379569
0.12378588
0.12378438
0.12378348
0.12377597
0.12376717
0.123764426
0.12374286
0.12373685
0.12373422
0.12372964
0.12372861
0.12371928
0.12371861
0.12371139
0.123710714
0.12367815
0.123659074
0.12365652
0.123641126
0.12363805
0.12363674
0.12362271
0.12361872
0.12361569
0.12360865
0.12359093
0.123583026
0.12355819
0.12355769
0.123555124
0.12355473
0.123487286
0.123468965
0.12346734
0.12344926
0.12344836
0.123441406
0.12343638
0.123436175
0.12342842
0.12342287
0.12341652
0.12340782
0.12338361
0.12338255
0.123369776
0.123365104
0.12334785
0.12334785
0.12334785
0.12334
0.12330895
0.12329555
0.12329207
0.12329052
0.12327066
0.12326901
0.12325916
0.12324703
0.123244554
0.123234846
0.1232301
0.1232113
0.12318014
0.123169705
0.12316262
0.12313122
0.12312964
0.12312823
0.123119876
0.12311794
0.12311454
0.123104684
0.12307666
0.12307423
0.12307181
0.12303978
0.123039246
0.12301944
0.12301244
0.12294605
0.12292234
0.12289151
0.12287968
0.122863114
0.12286159
0.12285268
0.122816004
0.12281366
0.12279443
0.122761935
0.122754395
0.1227509
0.12274494
0.12274494
0.12274494
0.12267143
0.1226582
0.12263872
0.12263872
0.122638315
0.122633815
0.12263186
0.122629136
0.12261572
0.12260964
0.122598596
0.12255647
0.12255489
0.12255452
0.12254647
0.122544035
0.12249994
0.122483216
0.12246352
0.12243761
0.12241832
0.12240921
0.12238442
0.122372225
0.122358985
0.122320145
0.122317776
0.12230031
0.122298405
0.12229113
0.122288875
0.12225323
0.12223559
0.122235134
0.12222798
0.12222311
0.12221154
0.122210674
0.12218289
0.122176595
0.122176595
0.12216945
0.12213481
0.122130536
0.12208136
0.12207973
0.1220375
0.12201569
0.12201464
0.122013435
0.122009985
0.122001976
0.122001976
0.12199848
0.121996954
0.12199167
0.12198963
0.121980146
0.12196969
0.12196938
0.121945694
0.121925205
0.121925205
0.12192231
0.121922255
0.12188089
0.12187362
0.12186168
0.12186168
0.12185758
0.12185685
0.121837184
0.121831805
0.12182553
0.12181792
0.12181792
0.12181316
0.12180244
0.121795885
0.1217899
0.12178546
0.1217476
0.12174197
0.1217355
0.121733606
0.12172652
0.12172364
0.12171607
0.121709056
0.121704936
0.12170281
0.12168926
0.12168669
0.12167718
0.12165955
0.121656545
0.121627815
0.12161283
0.12160753
0.1216073
0.12160247
0.12159615
0.12157305
0.1215688
0.1215623
0.12154856
0.12154669
0.12153273
0.12153273
0.121530436
0.121524744
0.1215087
0.121472724
0.121457614
0.12144356
0.12143788
0.1214371
0.12139893
0.12139646
0.12138612
0.12137291
0.12131583
0.12129504
0.12125832
0.12125016
0.12125016
0.121241175
0.12123955
0.12123337
0.121223755
0.12118506
0.12117545
0.121164136
0.12116369
0.12113057
0.12112475
0.12112089
0.121104576
0.12108753
0.12107604
0.121054746
0.12103555
0.12103415
0.12103415
0.121029206
0.12102829
0.1210137
0.12101314
0.12099287
0.12099256
0.12098865
0.12097897
0.12096589
0.120962195
0.12095764
0.12095205
0.120948404
0.12094506
0.12093644
0.12093638
0.120920874
0.12090855
0.12090283
0.1209007
0.12090039
0.120892294
0.12089071
0.12088288
0.1208669
0.120849326
0.12083531
0.12083361
0.12083361
0.120826766
0.120813124
0.12077552
0.120771475
0.12076448
0.120732695
0.12073186
0.12068681
0.120649315
0.12058841
0.12058208
0.120575786
0.12056873
0.12056219
0.12053786
0.12052354
0.12050905
0.120505504
0.12050276
0.120487005
0.12046974
0.120460734
0.12043663
0.120430574
0.12042878
0.12039989
0.120388485
0.12036886
0.12036886
0.1203577
0.12034549
0.12033546
0.12032552
0.1203161
0.12030395
0.12029587
0.12029534
0.12024066
0.12021723
0.12020883
0.12020795
0.12020425
0.1201958
0.12018727
0.120186195
0.12018441
0.12018355
0.120182134
0.12018157
0.12015399
0.12013328
0.1201307
0.120118015
0.12010888
0.12010033
0.12009069
0.12009069
0.120089896
0.12007513
0.12006299
0.1200237
0.12001315
0.12000653
0.12000315
0.11999318
0.11998738
0.11998044
0.119977325
0.119953506
0.11995266
0.11989261
0.11987852
0.11986811
0.119867206
0.11986512
0.11985504
0.11985496
0.11984624
0.11984485
0.119839996
0.11983717
0.1198366
0.1198314
0.11981565
0.11981565
0.11980771
0.11980563
0.119782366
0.11974691
0.11973085
0.11972759
0.11972016
0.11970368
0.11969188
0.11968983
0.11963689
0.11963561
0.11963373
0.11962756
0.11962493
0.11960254
0.119594514
0.119584024
0.11957507
0.11956957
0.11956957
0.11956318
0.11953853
0.11952751
0.119507335
0.11950167
0.119501166
0.11947287
0.11946926
0.119467154
0.11945948
0.119440824
0.1194372
0.119434305
0.11943295
0.119412124
0.11940888
0.119404316
0.11940103
0.11939094
0.119386464
0.11937411
0.11934968
0.11934948
0.11933715
0.119323336
0.11932202
0.11929727
0.11929567
0.11928864
0.11928259
0.11926545
0.119260415
0.11925509
0.119204916
0.119189955
0.119184755
0.11918467
0.11918467
0.11917711
0.119166926
0.119145885
0.119126365
0.119122736
0.1191075
0.11910393
0.11909803
0.11909713
0.119050406
0.11897981
0.11897691
0.11897547
0.118962914
0.11895917
0.11895749
0.11893838
0.118916504
0.11891472
0.11890302
0.11889464
0.11889464
0.11888326
0.11886115
0.11885888
0.118853815
0.11884048
0.11883951
0.118827134
0.11881945
0.11881142
0.11879619
0.11876689
0.11876471
0.11876111
0.118751876
0.118723646
0.1187188
0.11870203
0.11869897
0.118684724
0.11867311
0.11866772
0.11866243
0.118631564
0.11860957
0.11859613
0.11859358
0.11859353
0.118587196
0.11858095
0.11857727
0.11856867
0.11854649
0.11854379
0.11853258
0.11853204
0.11852894
0.118526906
0.118504375
0.1184905
0.118479244
0.118470445
0.1184667
0.11844518
0.11843512
0.1184235
0.11841316
0.11839619
0.118392006
0.11838291
0.11837883
0.11837236
0.118348524
0.11833639
0.118277
0.1182331
0.118208386
0.11820029
0.11815656
0.11815093
0.118147574
0.118131116
0.11812029
0.11810371
0.118098445
0.118088365
0.11808573
0.118053555
0.11805018
0.11803826
0.11800733
0.11797328
0.11794016
0.11791734
0.11791511
0.11786791
0.11786066
0.11785508
0.117845386
0.117830664
0.11781615
0.1177961
0.117775075
0.117766455
0.11774478
0.11773772
0.11772107
0.117717005
0.117715634
0.117705524
0.11768162
0.11767621
0.11766715
0.11765754
0.11765477
0.11764468
0.11762631
0.11762304
0.11761932
0.11761684
0.11759362
0.117556155
0.117556155
0.117552415
0.11754686
0.117541045
0.11752821
0.117522664
0.117496565
0.11749451
0.117471226
0.11746942
0.117452465
0.11744532
0.11744357
0.11744269
0.11744051
0.117433086
0.1174323
0.11739911
0.11739827
0.1173701
0.11735483
0.1173455
0.11733473
0.11730639
0.11726571
0.11726376
0.11724152
0.11723762
0.11723546
0.11723173
0.11723173
0.11722717
0.11721196
0.117211506
0.11713522
0.11713172
0.11711149
0.11711126
0.11710844
0.11709341
0.11708152
0.11706369
0.11704742
0.117030464
0.117024206
0.11701204
0.116984986
0.1169685
0.11695594
0.11695506
0.11694718
0.11692478
0.11690699
0.11689503
0.11686471
0.11686427
0.11685444
0.116853684
0.116838984
0.1168328
0.116824664
0.11681137
0.11678804
0.11677302
0.1167677
0.116758905
0.11674848
0.11674592
0.11673161
0.1167315
0.116729766
0.116689235
0.11668334
0.11668125
0.11667371
0.11666122
0.11666005
0.116659164
0.116656154
0.11663827
0.116634354
0.11662609
0.11662469
0.11660676
0.11660551
0.11657443
0.1165704
0.11656647
0.11655939
0.116550766
0.11653303
0.116525985
0.1165245
0.116517484
0.11650966
0.11643654
0.11642219
0.11641892
0.116408594
0.11638854
0.116380945
0.11637039
0.11633795
0.116336934
0.116329245
0.11631972
0.11631304
0.116282016
0.11627388
0.11624713
0.11624238
0.11623743
0.11621296
0.11620845
0.11619972
0.11619433
0.11618303
0.116160065
0.11615443
0.11614751
0.116142824
0.116138674
0.116119586
0.11610848
0.116085134
0.11607696
0.11605123
0.11604541
0.11603376
0.11602329
0.11600365
0.11600325
0.11600111
0.11599885
0.11599817
0.11599736
0.11598375
0.11598086
0.11596245
0.11592807
0.11591844
0.11585891
0.11584697
0.11584025
0.11582318
0.115822375
0.11580676
0.115793064
0.115785144
0.11576694
0.11574664
0.115736
0.115731515
0.115722485
0.11572182
0.115721166
0.11571887
0.11571401
0.11570335
0.115699425
0.1156818
0.11566818
0.11566517
0.11566082
0.1156272
0.11557032
0.11556591
0.11554657
0.11554477
0.11553884
0.11553342
0.11548862
0.11548189
0.11547538
0.115467034
0.11543368
0.11542181
0.11540083
0.11538262
0.1153314
0.11533033
0.11532366
0.115256324
0.1152188
0.115207866
0.115192816
0.1151822
0.115175836
0.11513961
0.11512783
0.11512698
0.115071885
0.11504984
0.11502652
0.11502261
0.1150085
0.115003824
0.11496452
0.114931434
0.114922464
0.114917025
0.114916116
0.11491475
0.114912376
0.114877
0.11481813
0.11481604
0.11481604
0.114814825
0.11480351
0.11478775
0.11478242
0.11477592
0.1147517
0.11475162
0.11472265
0.114674166
0.114672
0.11467171
0.114670634
0.1146606
0.11465814
0.11465735
0.1146233
0.11460854
0.11457345
0.11457308
0.11457221
0.11455988
0.1145594
0.11451113
0.114486784
0.11448049
0.11443887
0.11443688
0.114346094
0.114345886
0.11430151
0.11428429
0.11426559
0.114222966
0.11421914
0.11418981
0.114167206
0.11415177
0.1141505
0.1141299
0.11408233
0.11407559
0.11406058
0.11401589
0.11400519
0.11398384
0.11395486
0.113902606
0.113900214
0.113872595
0.113867626
0.113860875
0.11386067
0.11385761
0.11385545
0.11385237
0.113847844
0.113834396
0.11382397
0.11382278
0.113819174
0.11377953
0.113775454
0.1137471
0.11373451
0.11372908
0.113701396
0.11365549
0.11363981
0.1136134
0.11360766
0.11354196
0.11347934
0.11347407
0.113442175
0.113410816
0.11341028
0.11340223
0.11337808
0.1133667
0.11336579
0.11335137
0.11328454
0.113262355
0.11324691
0.1132296
0.11322903
0.11322048
0.11322048
0.11322048
0.113195404
0.11319058
0.11317264
0.11316656
0.1131607
0.11315336
0.113151684
0.11313479
0.113112785
0.113097474
0.11308179
0.11306728
0.11305332
0.113048226
0.11303035
0.11300697
0.11299651
0.11297258
0.112947546
0.11293735
0.11288642
0.11288353
0.112875365
0.11286978
0.112860374
0.11283579
0.11281908
0.11277341
0.11274044
0.112739116
0.11272499
0.11271876
0.112698294
0.112693466
0.11268901
0.11267504
0.112666756
0.11265924
0.11265824
0.11262593
0.112612575
0.112603866
0.11255396
0.112553805
0.112536654
0.112536654
0.11250171
0.1124867
0.112483606
0.11243425
0.11241556
0.11241546
0.11239353
0.11238007
0.11237755
0.11235744
0.11235558
0.11235072
0.112348676
0.112332724
0.11232276
0.11231589
0.11230846
0.112286545
0.112234436
0.11221325
0.11219447
0.11218467
0.11216687
0.112150766
0.11213356
0.11212114
0.11211213
0.11210657
0.11210314
0.11210206
0.11207633
0.112072945
0.11206295
0.11200478
0.11199476
0.111989915
0.11195362
0.11194815
0.11194674
0.11194227
0.11193281
0.11187639
0.11186277
0.11182256
0.111779384
0.11176325
0.11173543
0.11171226
0.11162231
0.11162222
0.111582555
0.11154819
0.11153645
0.11150648
0.11148406
0.11147744
0.111475535
0.111467846
0.11146623
0.111465804
0.11141727
0.111413114
0.11141305
0.11140559
0.11139069
0.1113829
0.1113657
0.11135534
0.11134676
0.1113327
0.111330085
0.11128656
0.111234635
0.11122135
0.11120741
0.111189134
0.111188516
0.11117324
0.11114767
0.11113071
0.11112858
0.11112345
0.11111596
0.11106506
0.11105998
0.11104764
0.111025944
0.111020856
0.11100948
0.110938884
0.110894285
0.11088319
0.11087473
0.11087073
0.11083017
0.11077952
0.110750616
0.11069205
0.11066804
0.110658966
0.1106403
0.11061889
0.11056401
0.110559136
0.110536836
0.110535465
0.11052023
0.11051041
0.11049927
0.11048559
0.11048493
0.110480025
0.11047176
0.11045667
0.1104273
0.11041587
0.110361315
0.11033204
0.110321224
0.1103001
0.11029898
0.11027231
0.11025296
0.11023304
0.110232145
0.11021317
0.11020964
0.1102069
0.11020472
0.11019717
0.11012923
0.1101182
0.11010409
0.11009862
0.11008942
0.110038005
0.11001442
0.11000172
0.10998963
0.10997736
0.109950334
0.10993088
0.10990858
0.10990676
0.10989272
0.10987957
0.10981098
0.109809466
0.10979418
0.10978907
0.10978222
0.10978156
0.10977943
0.10976878
0.10976458
0.1097532
0.109738514
0.109737635
0.109713174
0.109701306
0.10970005
0.10969264
0.10968775
0.10968491
0.109680675
0.10962899
0.109531805
0.10952599
0.1095162
0.10950242
0.10948658
0.10947919
0.10947808
0.10945928
0.10945928
0.10944616
0.1094339
0.10943255
0.10940147
0.109352455
0.10934712
0.109318286
0.1092701
0.109249294
0.10921233
0.10919865
0.10916248
0.10916201
0.10915987
0.10911889
0.10911261
0.10910842
0.10909549
0.109083526
0.109082125
0.10907276
0.10901922
0.10898567
0.10897851
0.10892653
0.10892408
0.10890169
0.108892426
0.10888933
0.10882036
0.108791895
0.108785406
0.10873891
0.1087003
0.10868446
0.108683355
0.10866097
0.10864582
0.10864384
0.10861034
0.10856831
0.10855562
0.1085341
0.10849565
0.108487435
0.10848074
0.10847121
0.10846852
0.10843833
0.10842986
0.1084146
0.10841165
0.10841029
0.108355194
0.1082787
0.10827147
0.1082642
0.10826083
0.1082349
0.1082121
0.10819696
0.10819468
0.10815724
0.10811962
0.10811187
0.10809123
0.10805719
0.10804044
0.108031
0.10796515
0.10795563
0.10794417
0.107906796
0.10789381
0.10788719
0.10787868
0.10785686
0.10784329
0.107806675
0.10780514
0.107779965
0.10777038
0.10775629
0.10774063
0.10773316
0.10770943
0.107708335
0.10770408
0.107694685
0.10768272
0.107646994
0.10762464
0.10761869
0.107615486
0.10760935
0.10757725
0.10755196
0.10752492
0.10749236
0.107462876
0.10736589
0.107341945
0.107340395
0.107340164
0.1073361
0.10732371
0.10727992
0.10727679
0.10726143
0.10725585
0.107213676
0.10720733
0.10719774
0.10719476
0.10717655
0.107171595
0.10706654
0.10706251
0.10705645
0.107053615
0.107053615
0.10705289
0.107044
0.10700574
0.106977604
0.10693575
0.10691043
0.10689409
0.106879
0.106861316
0.10684423
0.1068363
0.10683306
0.10682851
0.10680336
0.1067688
0.10675674
0.10674189
0.10673323
0.106724046
0.1067162
0.10670734
0.10666974
0.106669426
0.10661604
0.10659474
0.10656337
0.10654621
0.10654289
0.1065045
0.10644235
0.10643378
0.10643169
0.10634742
0.10634397
0.106336884
0.106307946
0.106303215
0.10627169
0.10626947
0.10626678
0.10624626
0.10620728
0.106204756
0.10618769
0.10617543
0.10614286
0.10611363
0.106066346
0.106048964
0.1060406
0.106034435
0.10598791
0.10590335
0.10586193
0.10586015
0.10584377
0.10583924
0.105824955
0.10579608
0.105767615
0.10574678
0.10574543
0.10569263
0.10569045
0.10564582
0.10564425
0.10562206
0.10557314
0.10554858
0.10554053
0.10550961
0.10548081
0.10544197
0.105440974
0.10542468
0.105395675
0.10537022
0.10532335
0.105286196
0.10526841
0.10525404
0.10522266
0.10518118
0.10517831
0.10517028
0.10514466
0.10513135
0.10496265
0.104907066
0.104889445
0.104843855
0.10481527
0.10477357
0.10476619
0.10473458
0.10472188
0.10469665
0.10469262
0.10462435
0.104612984
0.10446403
0.104423754
0.104413494
0.10419533
0.10418104
0.10415432
0.10406825
0.104001164
0.103953496
0.10395085
0.103932776
0.103916615
0.10386982
0.10386134
0.1038589
0.10383758
0.103792615
0.10377688
0.10375638
0.10372712
0.103682846
0.10358632
0.10355498
0.1035433
0.10353201
0.103505194
0.10348069
0.10343725
0.1033922
0.103338785
0.10333658
0.10332681
0.10332377
0.1032753
0.10326192
0.103246026
0.103204615
0.103161104
0.10314871
0.10313548
0.103111975
0.10297854
0.1029321
0.10285352
0.102813855
0.102778636
0.10274772
0.10267224
0.10255163
0.102538615
0.102513984
0.10248972
0.10248142
0.10247701
0.10247316
0.10245582
0.10243278
0.10242581
0.10240942
0.102319814
0.10221921
0.102054775
0.102000095
0.10198287
0.10193604
0.10190741
0.101899125
0.101850495
0.10183411
0.10183036
0.10181615
0.10181007
0.10180435
0.101777606
0.10176873
0.10172806
0.10168623
0.10166733
0.10166281
0.10165768
0.1015743
0.10153882
0.101506
0.10148518
0.10139086
0.10138769
0.10131319
0.101247236
0.101208754
0.10111829
0.101093434
0.10107762
0.101051494
0.101048484
0.10102521
0.10102026
0.10100719
0.10094217
0.10092517
0.10089185
0.1008804
0.10085864
0.10081986
0.10078213
0.100698024
0.10066249
0.10066081
0.10064958
0.10062882
0.100624084
0.10062335
0.100606345
0.10060401
0.100592345
0.100582056
0.100548506
0.10054652
0.100476116
0.100453384
0.10043404
0.10027458
0.10023972
0.10019378
0.10018324
0.10016164
0.10007023
0.100028
0.09999193
0.09997764
0.099946536
0.09993867
0.09990967
0.09990895
0.09989504
0.09988468
0.099884056
0.099869184
0.09986237
0.09984413
0.09982818
0.09977603
0.099629216
0.09952456
0.099425845
0.09941106
0.09930935
0.09929365
0.09919199
0.0991361
0.099135846
0.09907492
0.099048026
0.09903709
0.099006735
0.09894593
0.098927945
0.09885348
0.098840885
0.09884077
0.098833814
0.0988164
0.098814875
0.09859069
0.09852716
0.098467104
0.09845834
0.09844611
0.098348394
0.09808034
0.098029345
0.098028146
0.09794325
0.09793533
0.097930506
0.09791871
0.09782602
0.09769575
0.09759574
0.09753611
0.0974598
0.09734731
0.09731211
0.09725493
0.09721621
0.097200006
0.09706126
0.09701953
0.09697143
0.09684219
0.09669834
0.09669509
0.096673585
0.09660067
0.09643703
0.09638857
0.096205235
0.096187286
0.0961555
0.09615361
0.096042626
0.095980674
0.0957652
0.09551746
0.095491916
0.09532259
0.095316336
0.09508343
0.09506022
0.09491912
0.094892256
0.094886065
0.094730645
0.09453675
0.094312854
0.09429563
0.0942689
0.09418822
0.0941338
0.0941046
0.09380168
0.0932741
0.09316435
0.09306499
0.09248611
0.09246622
0.09229574
0.092159145
0.09206171
0.09206012
0.092050076
0.091806196
0.09166392
0.09162466
0.09150587
0.09127967
0.091082
0.0905995
0.09023951
0.09010329
0.09005481
0.089757465
0.089732505
0.08957374
0.089549616
0.08912658
0.08908913
0.08897165
0.08889614
0.088883944
0.08879842
0.08878657
0.088651635
0.08820872
0.08819764
0.08795398
0.08783127
0.08782638
0.08770355
0.08760648
0.08751539
0.08746685
0.08738715
0.08727285
0.08675902
0.08666228
0.08656378
0.08656017
0.08648965
0.0864167
0.086377256
0.08636672
0.08631056
0.08621579
0.08603129
0.0860151
0.08595318
0.08575215
0.08568679
0.085678235
0.08567184
0.085644886
0.08536594
0.0849722
0.0847817
0.08475146
0.084701054
0.08434159
0.08428485
0.08421496
0.08420217
0.08416289
0.08416226
0.08410439
0.08405199
0.08404144
0.08399338
0.0839797
0.083952546
0.08391641
0.08387195
0.08377693
0.083762236
0.083663695
0.08363747
0.08358897
0.083580054
0.08353812
0.083529286
0.08349465
0.083488174
0.083448924
0.0832857
0.08314928
0.08295901
0.08294675
0.08284744
0.08260374
0.0825991
0.082445964
0.082407475
0.08240473
0.08236167
0.082250774
0.08215511
0.082117625
0.08199031
0.08195062
0.081715375
0.08130987
0.0811777
