[0.4361338]
[0.42705062]
[0.4260071]
[0.41515616]
[0.3792192]
[0.3691381]
[0.36908713]
[0.35675788]
[0.35596034]
[0.3535716]
[0.35105863]
[0.350922]
[0.35029712]
[0.34880054]
[0.34822628]
[0.34135067]
[0.33964255]
[0.33932066]
[0.3374232]
[0.33338553]
[0.3310677]
[0.3292254]
[0.32890654]
[0.3286418]
[0.32597297]
[0.3245898]
[0.32086036]
[0.32015383]
[0.31990623]
[0.31980193]
[0.31817058]
[0.31619662]
[0.3155299]
[0.3155211]
[0.31475267]
[0.31385854]
[0.31154722]
[0.30917135]
[0.30814734]
[0.3051851]
[0.30299774]
[0.3011649]
[0.30073118]
[0.29992518]
[0.29958272]
[0.29907387]
[0.29778466]
[0.29665628]
[0.29613224]
[0.2959031]
[0.2944749]
[0.2938524]
[0.29070312]
[0.28928503]
[0.28900665]
[0.2878887]
[0.2878308]
[0.2852452]
[0.28397304]
[0.28380296]
[0.28301048]
[0.28262663]
[0.28068364]
[0.28048724]
[0.28040907]
[0.2799887]
[0.27995366]
[0.27953872]
[0.27913687]
[0.27658847]
[0.27598184]
[0.2736918]
[0.27358893]
[0.27300972]
[0.27256125]
[0.27079576]
[0.270685]
[0.27014977]
[0.2697261]
[0.26809976]
[0.26490346]
[0.26470342]
[0.26419565]
[0.26382202]
[0.2627925]
[0.26255932]
[0.26255164]
[0.26224908]
[0.26202253]
[0.26144674]
[0.26104724]
[0.26043943]
[0.26029205]
[0.26016393]
[0.25989506]
[0.25979772]
[0.25972527]
[0.25900406]
[0.25793535]
[0.25719315]
[0.25664845]
[0.2564852]
[0.2563602]
[0.2557103]
[0.25416392]
[0.25409847]
[0.25401452]
[0.2536385]
[0.25363714]
[0.25302824]
[0.25120473]
[0.2505641]
[0.25008732]
[0.24972963]
[0.24932086]
[0.24928391]
[0.2492832]
[0.24833658]
[0.24783954]
[0.24757443]
[0.24728326]
[0.24690993]
[0.24687724]
[0.24595816]
[0.24523252]
[0.24517736]
[0.24504295]
[0.24418157]
[0.24386415]
[0.24347876]
[0.24333285]
[0.24310406]
[0.24209777]
[0.24198139]
[0.24178097]
[0.24125516]
[0.24101816]
[0.24101816]
[0.24078909]
[0.2406968]
[0.24061495]
[0.24038984]
[0.24035636]
[0.24028924]
[0.24018942]
[0.24005423]
[0.24004768]
[0.23940444]
[0.23939398]
[0.23905426]
[0.23885444]
[0.23825912]
[0.23819049]
[0.2381359]
[0.23780258]
[0.23778291]
[0.23756483]
[0.2374994]
[0.23710859]
[0.23667012]
[0.23648769]
[0.23605172]
[0.23600712]
[0.23595999]
[0.2354378]
[0.23538877]
[0.23469464]
[0.2343912]
[0.23437156]
[0.23390807]
[0.23348513]
[0.23344882]
[0.23332259]
[0.23304762]
[0.23286524]
[0.23280442]
[0.23262732]
[0.23239541]
[0.23233475]
[0.23230533]
[0.23111929]
[0.23095466]
[0.23094022]
[0.23071489]
[0.2300181]
[0.22997004]
[0.22939515]
[0.22910309]
[0.22876179]
[0.22861102]
[0.22842155]
[0.22811066]
[0.22785199]
[0.22778648]
[0.22751102]
[0.22732499]
[0.22695978]
[0.22646888]
[0.22586536]
[0.22584033]
[0.22568282]
[0.22534843]
[0.22528401]
[0.22491182]
[0.22455852]
[0.22448069]
[0.22447653]
[0.2244012]
[0.22432499]
[0.22419015]
[0.22377488]
[0.22374614]
[0.22348648]
[0.22347027]
[0.22323683]
[0.22312093]
[0.22309862]
[0.22291991]
[0.22285384]
[0.22276415]
[0.22269134]
[0.22267315]
[0.22260666]
[0.22234026]
[0.22231914]
[0.22224207]
[0.22188124]
[0.22115222]
[0.22088176]
[0.22082867]
[0.22044092]
[0.22021705]
[0.2201329]
[0.22012223]
[0.21984297]
[0.21983086]
[0.21978857]
[0.21937636]
[0.21931067]
[0.21923105]
[0.21896574]
[0.21864139]
[0.21864107]
[0.21840215]
[0.2182108]
[0.21790847]
[0.21731132]
[0.21720792]
[0.21696046]
[0.2168662]
[0.21679279]
[0.21658708]
[0.21624804]
[0.21589635]
[0.21503526]
[0.21499187]
[0.21487843]
[0.21484792]
[0.21469167]
[0.21422008]
[0.21416648]
[0.21396069]
[0.2137277]
[0.21361417]
[0.21360473]
[0.21346627]
[0.21344241]
[0.21324123]
[0.21308112]
[0.21303387]
[0.21298875]
[0.21292034]
[0.212858]
[0.21266568]
[0.21258721]
[0.21217571]
[0.21140215]
[0.21121474]
[0.21088943]
[0.21086352]
[0.21064876]
[0.21047328]
[0.21046636]
[0.20999126]
[0.20995745]
[0.20968257]
[0.2095047]
[0.20929201]
[0.20891747]
[0.20890069]
[0.20868982]
[0.20859829]
[0.20846066]
[0.20837472]
[0.20831987]
[0.20812203]
[0.20806046]
[0.20803317]
[0.20792727]
[0.20788993]
[0.20784612]
[0.20757344]
[0.207567]
[0.20754677]
[0.20743252]
[0.20740834]
[0.20735143]
[0.20724213]
[0.20712289]
[0.20706002]
[0.20695871]
[0.20665395]
[0.2065181]
[0.20644584]
[0.2063857]
[0.20634225]
[0.20611721]
[0.20606203]
[0.20582713]
[0.20567133]
[0.20564963]
[0.20561841]
[0.20552126]
[0.20526809]
[0.2051325]
[0.20474185]
[0.20448968]
[0.20441261]
[0.20435621]
[0.20430596]
[0.20425907]
[0.20417279]
[0.20414498]
[0.20406727]
[0.20402217]
[0.20401694]
[0.2039711]
[0.2039711]
[0.20394853]
[0.20364915]
[0.20359743]
[0.20359176]
[0.20331697]
[0.20328853]
[0.20309976]
[0.20303604]
[0.20275213]
[0.20250289]
[0.20240372]
[0.20239112]
[0.20232116]
[0.20224261]
[0.2022049]
[0.20206787]
[0.20204878]
[0.2019939]
[0.2019872]
[0.20191908]
[0.20181341]
[0.2018054]
[0.2017795]
[0.2017714]
[0.20156497]
[0.20145272]
[0.20144542]
[0.20137355]
[0.20136589]
[0.20112291]
[0.20099075]
[0.20075294]
[0.20070986]
[0.20070107]
[0.20042655]
[0.20023279]
[0.20023029]
[0.20001495]
[0.20001037]
[0.19988833]
[0.19988437]
[0.1997969]
[0.19979462]
[0.19940278]
[0.19937378]
[0.19930214]
[0.19927932]
[0.19925709]
[0.19920966]
[0.19899482]
[0.19893858]
[0.19893858]
[0.19887142]
[0.19878395]
[0.19853877]
[0.19837792]
[0.1982984]
[0.19819877]
[0.19792187]
[0.19790885]
[0.19772999]
[0.19768575]
[0.1976836]
[0.19752716]
[0.197296]
[0.1972944]
[0.19725661]
[0.19721879]
[0.19718806]
[0.1970947]
[0.19702631]
[0.19702174]
[0.19686536]
[0.19670247]
[0.1966831]
[0.19666167]
[0.19655162]
[0.19650634]
[0.1964571]
[0.19637972]
[0.19637695]
[0.19637695]
[0.19633827]
[0.1963227]
[0.19625169]
[0.19621953]
[0.19618927]
[0.19618419]
[0.19617625]
[0.19612573]
[0.19609901]
[0.19606401]
[0.19603857]
[0.19600138]
[0.19594392]
[0.19570717]
[0.19554213]
[0.19522665]
[0.19517288]
[0.19505335]
[0.19498861]
[0.19493589]
[0.19487363]
[0.19477431]
[0.19441351]
[0.19436201]
[0.19433653]
[0.19422184]
[0.19406123]
[0.19403225]
[0.19401406]
[0.19395441]
[0.19394006]
[0.1937871]
[0.19361694]
[0.1936159]
[0.19359486]
[0.19348083]
[0.19346105]
[0.19345978]
[0.19340117]
[0.19339213]
[0.19336346]
[0.19332467]
[0.19327192]
[0.19321501]
[0.19318748]
[0.19300486]
[0.19295228]
[0.19292048]
[0.19284983]
[0.19259603]
[0.19248424]
[0.19233628]
[0.19230838]
[0.192219]
[0.19221304]
[0.19219369]
[0.19214465]
[0.1921384]
[0.19200741]
[0.1919792]
[0.19195017]
[0.19192185]
[0.19169657]
[0.19146307]
[0.19144474]
[0.19140422]
[0.19135988]
[0.19131081]
[0.19118315]
[0.19111823]
[0.19093335]
[0.19092959]
[0.19085225]
[0.19085225]
[0.19072999]
[0.19057246]
[0.19055575]
[0.19054076]
[0.19051869]
[0.19023566]
[0.19002143]
[0.19002137]
[0.18997595]
[0.18996248]
[0.18986547]
[0.18966855]
[0.18942417]
[0.1892295]
[0.18916382]
[0.18884389]
[0.18881603]
[0.18878233]
[0.18875736]
[0.18824148]
[0.1881959]
[0.18807657]
[0.188075]
[0.1880747]
[0.18792717]
[0.18787095]
[0.18785812]
[0.18751131]
[0.18743348]
[0.18720886]
[0.18720366]
[0.18720196]
[0.1871226]
[0.18705556]
[0.18684986]
[0.18680081]
[0.18664056]
[0.1864426]
[0.18638402]
[0.18638402]
[0.18636489]
[0.18625964]
[0.18617976]
[0.1860654]
[0.18590519]
[0.18571287]
[0.18563327]
[0.18562105]
[0.18556271]
[0.18553665]
[0.1855106]
[0.18549484]
[0.18548249]
[0.18547626]
[0.18539907]
[0.18506359]
[0.18497087]
[0.18490976]
[0.18484855]
[0.18483435]
[0.18482462]
[0.18478924]
[0.18475407]
[0.1847539]
[0.18472399]
[0.18464056]
[0.18459757]
[0.18457372]
[0.18444069]
[0.18443039]
[0.18427064]
[0.18427028]
[0.18424949]
[0.18424378]
[0.18411212]
[0.18408199]
[0.1840718]
[0.18406151]
[0.18394256]
[0.18392645]
[0.18383446]
[0.18376382]
[0.183761]
[0.18362617]
[0.18352981]
[0.18346854]
[0.18339102]
[0.18332122]
[0.1832496]
[0.1831346]
[0.18312353]
[0.18310249]
[0.18307276]
[0.18304096]
[0.18300867]
[0.18294309]
[0.18286029]
[0.18270704]
[0.18253475]
[0.18248548]
[0.18244156]
[0.18238044]
[0.18228522]
[0.18228522]
[0.18228522]
[0.18226677]
[0.18223877]
[0.18208405]
[0.1819756]
[0.18195999]
[0.181918]
[0.18191306]
[0.18190427]
[0.18171601]
[0.18164343]
[0.18159151]
[0.18155205]
[0.18153818]
[0.18147354]
[0.18130486]
[0.18120009]
[0.18103647]
[0.18088163]
[0.18083006]
[0.18082784]
[0.180699]
[0.18069313]
[0.18053779]
[0.18042494]
[0.18041909]
[0.18021978]
[0.18017624]
[0.18016596]
[0.18012388]
[0.18007104]
[0.18006252]
[0.17988536]
[0.17979786]
[0.17974186]
[0.1796904]
[0.17947318]
[0.17947304]
[0.1793882]
[0.1793681]
[0.17935134]
[0.17920625]
[0.17920625]
[0.17916249]
[0.17911175]
[0.17907605]
[0.17900819]
[0.17897755]
[0.1789523]
[0.17892699]
[0.17891914]
[0.17885016]
[0.17869964]
[0.17869677]
[0.17869145]
[0.17862125]
[0.17859675]
[0.17856304]
[0.17855716]
[0.1784751]
[0.17840433]
[0.1784031]
[0.1783588]
[0.17831552]
[0.17816566]
[0.17815734]
[0.1780036]
[0.17796177]
[0.17791076]
[0.1778981]
[0.17788854]
[0.17786378]
[0.1778092]
[0.17778912]
[0.17776008]
[0.17770351]
[0.17768691]
[0.17763147]
[0.177626]
[0.1776168]
[0.17756419]
[0.17748374]
[0.1773062]
[0.1773062]
[0.17721924]
[0.17716672]
[0.17707273]
[0.17707081]
[0.17705972]
[0.17704928]
[0.17693011]
[0.17692494]
[0.17687267]
[0.17677836]
[0.176692]
[0.17666279]
[0.17663527]
[0.17659414]
[0.17651594]
[0.17650887]
[0.1764507]
[0.17641595]
[0.17641003]
[0.17639422]
[0.17634073]
[0.17631984]
[0.17629695]
[0.17628764]
[0.17627636]
[0.17626113]
[0.1762209]
[0.17616695]
[0.1761563]
[0.17611723]
[0.17593223]
[0.1758875]
[0.17582446]
[0.17581542]
[0.17578167]
[0.17573574]
[0.17569669]
[0.17553134]
[0.17552738]
[0.17552145]
[0.1755026]
[0.1754779]
[0.17536223]
[0.17535575]
[0.17533858]
[0.17533708]
[0.17532994]
[0.17519653]
[0.17510547]
[0.17508042]
[0.17504998]
[0.17501718]
[0.17499794]
[0.17488916]
[0.17486265]
[0.17484905]
[0.17481227]
[0.17476991]
[0.17476991]
[0.17475858]
[0.1747259]
[0.17469582]
[0.17463443]
[0.17462422]
[0.17461564]
[0.1745672]
[0.17454952]
[0.17449668]
[0.17448933]
[0.17448719]
[0.17446789]
[0.17446728]
[0.17445499]
[0.17443961]
[0.17439209]
[0.17435862]
[0.1742517]
[0.17424244]
[0.17422363]
[0.17415634]
[0.17411664]
[0.17407937]
[0.1740722]
[0.17402919]
[0.1740099]
[0.17388134]
[0.17386523]
[0.17383489]
[0.17380884]
[0.17369336]
[0.17357728]
[0.1735303]
[0.17343488]
[0.17339562]
[0.1733005]
[0.1732806]
[0.17325163]
[0.17323363]
[0.17319652]
[0.17315944]
[0.1731504]
[0.1729502]
[0.17292124]
[0.17288196]
[0.17287539]
[0.1726807]
[0.17267703]
[0.17267488]
[0.17262375]
[0.17255852]
[0.17254941]
[0.17252398]
[0.17252067]
[0.17250685]
[0.17248347]
[0.17245209]
[0.17244259]
[0.17230694]
[0.17227405]
[0.17224972]
[0.17223676]
[0.17222524]
[0.17205411]
[0.17204764]
[0.17203097]
[0.17195489]
[0.17179741]
[0.17178589]
[0.17173949]
[0.17169794]
[0.17168906]
[0.17166731]
[0.17165881]
[0.17164777]
[0.17163275]
[0.17160903]
[0.17152265]
[0.17148985]
[0.1714692]
[0.17134742]
[0.1712664]
[0.17119038]
[0.17116089]
[0.17110099]
[0.17104661]
[0.17099568]
[0.17093532]
[0.17090455]
[0.17089804]
[0.17082721]
[0.17081967]
[0.17080386]
[0.17077996]
[0.17073333]
[0.17067239]
[0.17065679]
[0.17056544]
[0.17055093]
[0.17054932]
[0.17052469]
[0.17050268]
[0.17049283]
[0.1704249]
[0.17041162]
[0.1703976]
[0.17031467]
[0.17027639]
[0.1701854]
[0.17012423]
[0.17010629]
[0.17010367]
[0.17007846]
[0.1699774]
[0.16992596]
[0.16970254]
[0.16970254]
[0.16967958]
[0.16967542]
[0.16962045]
[0.16961955]
[0.16952202]
[0.16947219]
[0.169387]
[0.16937453]
[0.16935365]
[0.16933699]
[0.16932096]
[0.16927552]
[0.16923322]
[0.16915226]
[0.16913646]
[0.16912669]
[0.16911878]
[0.1690902]
[0.16906501]
[0.1688955]
[0.16884106]
[0.16884106]
[0.1687944]
[0.16878389]
[0.16875389]
[0.16863914]
[0.16858216]
[0.16857463]
[0.16855505]
[0.16855448]
[0.16853523]
[0.16849843]
[0.16849023]
[0.16843805]
[0.16840942]
[0.16834927]
[0.16833115]
[0.16828138]
[0.16825752]
[0.16819263]
[0.16817749]
[0.16815451]
[0.16815421]
[0.16813926]
[0.16813877]
[0.16809694]
[0.16809075]
[0.16807766]
[0.16804841]
[0.16803482]
[0.16802205]
[0.16802002]
[0.1679736]
[0.16790296]
[0.16786844]
[0.16769832]
[0.16768694]
[0.16765818]
[0.16763988]
[0.16752025]
[0.16748668]
[0.16746834]
[0.16746834]
[0.16739625]
[0.16737081]
[0.16732694]
[0.16732308]
[0.16725303]
[0.16713588]
[0.16710685]
[0.1670955]
[0.16704768]
[0.16704166]
[0.16703683]
[0.16703461]
[0.16700917]
[0.16700782]
[0.16700198]
[0.16699103]
[0.16695373]
[0.16692796]
[0.16687025]
[0.16684575]
[0.16684575]
[0.16684079]
[0.16682516]
[0.16671962]
[0.16670945]
[0.16670905]
[0.16668686]
[0.16666646]
[0.16661465]
[0.16660482]
[0.1665958]
[0.16658409]
[0.16656964]
[0.16649312]
[0.16641568]
[0.16636851]
[0.16633756]
[0.16631162]
[0.1662732]
[0.16622137]
[0.16620705]
[0.16618286]
[0.16616596]
[0.1661626]
[0.16612712]
[0.16610934]
[0.16608371]
[0.16607642]
[0.16599332]
[0.16593723]
[0.1658176]
[0.16575631]
[0.16563785]
[0.16563345]
[0.16559914]
[0.16551146]
[0.16547225]
[0.16541748]
[0.16538788]
[0.16536422]
[0.16527501]
[0.16516642]
[0.16509174]
[0.16508386]
[0.16504239]
[0.16502817]
[0.16498096]
[0.16494913]
[0.16485514]
[0.16484256]
[0.16481969]
[0.16481893]
[0.16481102]
[0.1647892]
[0.16477354]
[0.16477226]
[0.16474137]
[0.16473635]
[0.16464926]
[0.16463263]
[0.16461086]
[0.16460674]
[0.16460268]
[0.16458215]
[0.16455127]
[0.16454245]
[0.16451925]
[0.16451521]
[0.16449031]
[0.16445574]
[0.16445145]
[0.16438994]
[0.16428536]
[0.1642307]
[0.16420756]
[0.16411577]
[0.16408813]
[0.16408716]
[0.1640528]
[0.16401045]
[0.16399708]
[0.16394371]
[0.16386072]
[0.16385648]
[0.16384844]
[0.16377607]
[0.1637349]
[0.16371587]
[0.16369899]
[0.16366366]
[0.16356975]
[0.16349792]
[0.16348694]
[0.16346534]
[0.16345212]
[0.16342716]
[0.1633545]
[0.163345]
[0.16328265]
[0.16320942]
[0.1631463]
[0.16313228]
[0.16310298]
[0.16306365]
[0.16299777]
[0.16299441]
[0.16296053]
[0.1629571]
[0.16294654]
[0.1628853]
[0.16285937]
[0.16285531]
[0.16282654]
[0.16282654]
[0.16281955]
[0.16281098]
[0.16278534]
[0.16272281]
[0.16263995]
[0.16262777]
[0.1625778]
[0.16257243]
[0.16256548]
[0.16256301]
[0.16249035]
[0.16248019]
[0.16245742]
[0.1624292]
[0.16241004]
[0.16236487]
[0.16229652]
[0.16226606]
[0.16222619]
[0.16220507]
[0.16218586]
[0.16218436]
[0.1621461]
[0.1621258]
[0.16205887]
[0.16205761]
[0.16205662]
[0.16202776]
[0.16202058]
[0.16199148]
[0.16195743]
[0.16193496]
[0.16193075]
[0.16191252]
[0.16190413]
[0.16186245]
[0.16183858]
[0.16183479]
[0.16178082]
[0.16177641]
[0.16177358]
[0.16177092]
[0.16176641]
[0.16167742]
[0.16163647]
[0.16163488]
[0.16161758]
[0.16158848]
[0.16156043]
[0.16147491]
[0.16144708]
[0.16142765]
[0.16139576]
[0.1613784]
[0.16135831]
[0.16131105]
[0.16128175]
[0.1612696]
[0.16124007]
[0.16112202]
[0.16112009]
[0.16112009]
[0.16110195]
[0.16109714]
[0.16101213]
[0.16096073]
[0.16087504]
[0.16077864]
[0.16076046]
[0.1606275]
[0.16061255]
[0.16060355]
[0.16056386]
[0.16055416]
[0.1605459]
[0.1604689]
[0.16046758]
[0.16039443]
[0.16039266]
[0.16037625]
[0.16037488]
[0.16033795]
[0.1603167]
[0.16022153]
[0.1602207]
[0.16020592]
[0.16019185]
[0.16010173]
[0.16007723]
[0.16007723]
[0.1600763]
[0.1599883]
[0.15998496]
[0.15998404]
[0.15995003]
[0.15994565]
[0.15991187]
[0.15990648]
[0.15989712]
[0.1598914]
[0.15985344]
[0.15983644]
[0.1598229]
[0.15980767]
[0.15978871]
[0.15978712]
[0.15973344]
[0.1597261]
[0.15968503]
[0.15954387]
[0.15951245]
[0.15949757]
[0.15948735]
[0.15946828]
[0.15942389]
[0.15942389]
[0.15939903]
[0.15932071]
[0.15931883]
[0.15931858]
[0.1592969]
[0.15929031]
[0.15929031]
[0.1592416]
[0.15923123]
[0.1591736]
[0.15916628]
[0.15916032]
[0.15914086]
[0.15914086]
[0.1591285]
[0.15912014]
[0.15908809]
[0.15907817]
[0.15902993]
[0.15900286]
[0.15897524]
[0.15896052]
[0.15893547]
[0.15893286]
[0.15892722]
[0.15888534]
[0.15888436]
[0.1588561]
[0.1588561]
[0.15885517]
[0.1588516]
[0.15882236]
[0.15881863]
[0.15880968]
[0.15880841]
[0.15879326]
[0.15876828]
[0.15873809]
[0.15872116]
[0.15871106]
[0.15871055]
[0.15869474]
[0.15869474]
[0.15869261]
[0.15865731]
[0.15862352]
[0.1585136]
[0.15850589]
[0.15849663]
[0.15848365]
[0.15848073]
[0.15846907]
[0.1584564]
[0.15840675]
[0.15840644]
[0.15840644]
[0.15836377]
[0.1583547]
[0.15834539]
[0.15832613]
[0.15827772]
[0.15827559]
[0.15827101]
[0.15826368]
[0.15823668]
[0.15821992]
[0.15820502]
[0.15819603]
[0.1581821]
[0.15817094]
[0.1581625]
[0.15813722]
[0.15808997]
[0.1580745]
[0.1580648]
[0.15805079]
[0.15799795]
[0.15793628]
[0.15792447]
[0.15789658]
[0.15787745]
[0.15779203]
[0.15778294]
[0.15778144]
[0.15773706]
[0.15773642]
[0.1577363]
[0.1576494]
[0.15762562]
[0.1576117]
[0.15749578]
[0.15749578]
[0.15747641]
[0.15743792]
[0.15741734]
[0.15741734]
[0.15740855]
[0.15739381]
[0.15733877]
[0.15730384]
[0.15722814]
[0.1571846]
[0.15714408]
[0.15713398]
[0.15711327]
[0.15709372]
[0.15708621]
[0.15705903]
[0.15702851]
[0.1570087]
[0.1569606]
[0.15694647]
[0.15686923]
[0.15683165]
[0.15682171]
[0.15678203]
[0.15666732]
[0.15659538]
[0.15654813]
[0.15653946]
[0.15652259]
[0.15650709]
[0.15650219]
[0.15648241]
[0.1564368]
[0.15639485]
[0.15636054]
[0.15635854]
[0.15633029]
[0.15632315]
[0.15618746]
[0.1561755]
[0.15616386]
[0.15616296]
[0.15613087]
[0.15613009]
[0.15611388]
[0.15608354]
[0.1560745]
[0.15596178]
[0.15594648]
[0.15594353]
[0.15589176]
[0.15587299]
[0.15587121]
[0.1558638]
[0.15582243]
[0.1557873]
[0.15576905]
[0.15576881]
[0.15575765]
[0.15569127]
[0.1556754]
[0.15566179]
[0.15566179]
[0.15564147]
[0.15563823]
[0.15563698]
[0.15559563]
[0.15557684]
[0.15553471]
[0.15549317]
[0.15543732]
[0.15542111]
[0.15541516]
[0.15539213]
[0.1553726]
[0.15536353]
[0.15533704]
[0.15531339]
[0.15528539]
[0.15526438]
[0.15525675]
[0.15525675]
[0.15521826]
[0.15520485]
[0.15518646]
[0.15518165]
[0.15518047]
[0.15515609]
[0.15512727]
[0.15505385]
[0.15500888]
[0.15497528]
[0.15497214]
[0.15494817]
[0.15492733]
[0.15492043]
[0.15488233]
[0.15488096]
[0.15484694]
[0.15481393]
[0.15478992]
[0.15478349]
[0.15478349]
[0.15478224]
[0.15477474]
[0.15471256]
[0.15471001]
[0.15464006]
[0.15460578]
[0.1545668]
[0.1545302]
[0.15446691]
[0.15440613]
[0.15440378]
[0.15440378]
[0.1543894]
[0.1542854]
[0.15428418]
[0.15426521]
[0.1542579]
[0.15423806]
[0.15421267]
[0.15419516]
[0.15415727]
[0.15414754]
[0.15411872]
[0.15410987]
[0.15408537]
[0.15407214]
[0.15407008]
[0.15402842]
[0.15402791]
[0.15402743]
[0.15399376]
[0.15399037]
[0.15395686]
[0.1539476]
[0.15393996]
[0.15391882]
[0.15389206]
[0.15389007]
[0.1538346]
[0.15383397]
[0.15382008]
[0.15381822]
[0.15381123]
[0.1537878]
[0.15377949]
[0.15375409]
[0.1537515]
[0.15372068]
[0.1537012]
[0.15369226]
[0.1536457]
[0.15364216]
[0.15360843]
[0.15360042]
[0.15357806]
[0.15356985]
[0.15350728]
[0.1534927]
[0.15343384]
[0.15337925]
[0.15332375]
[0.15332375]
[0.1533129]
[0.15329982]
[0.15329008]
[0.15324166]
[0.1532307]
[0.15318419]
[0.15315057]
[0.15314893]
[0.15313928]
[0.15312351]
[0.15311864]
[0.15304989]
[0.15301898]
[0.15301317]
[0.15301132]
[0.15298839]
[0.1529402]
[0.15291828]
[0.15290101]
[0.15281244]
[0.15277323]
[0.15277244]
[0.15275666]
[0.15267798]
[0.15267491]
[0.15258645]
[0.15248764]
[0.15245248]
[0.1524523]
[0.15244457]
[0.15241978]
[0.15241973]
[0.15238832]
[0.15233451]
[0.1523313]
[0.15229148]
[0.15226956]
[0.15226722]
[0.1522162]
[0.15218027]
[0.15216775]
[0.15214828]
[0.15214701]
[0.15213358]
[0.15212318]
[0.15211092]
[0.15207829]
[0.15205145]
[0.15205121]
[0.1520378]
[0.15202966]
[0.1520283]
[0.15199082]
[0.15198122]
[0.15196936]
[0.15190595]
[0.15187918]
[0.15184064]
[0.15181321]
[0.15180205]
[0.15179363]
[0.15177749]
[0.15175368]
[0.15171911]
[0.15170923]
[0.15170617]
[0.15165183]
[0.15164228]
[0.15164179]
[0.151592]
[0.15157695]
[0.15152816]
[0.15149689]
[0.15144236]
[0.151442]
[0.15139438]
[0.15132819]
[0.15130283]
[0.15127933]
[0.15117557]
[0.15116651]
[0.1511116]
[0.1510157]
[0.15095992]
[0.15094629]
[0.15093881]
[0.15089187]
[0.150863]
[0.15084656]
[0.15083247]
[0.15082517]
[0.15081236]
[0.15073258]
[0.1507213]
[0.15067036]
[0.15061364]
[0.15061021]
[0.15059039]
[0.15058698]
[0.15053879]
[0.15052429]
[0.15051563]
[0.15051459]
[0.15043522]
[0.15043178]
[0.15041333]
[0.15040372]
[0.15040064]
[0.15039915]
[0.15038651]
[0.15036899]
[0.15033092]
[0.1502924]
[0.1502712]
[0.15025885]
[0.15024585]
[0.15022467]
[0.1501792]
[0.1501716]
[0.15010284]
[0.15007122]
[0.15005454]
[0.15003537]
[0.14998515]
[0.14989297]
[0.14983769]
[0.14980106]
[0.14979221]
[0.14976773]
[0.1497031]
[0.14969671]
[0.14968233]
[0.1496805]
[0.14960304]
[0.14959452]
[0.1495769]
[0.14957632]
[0.14953004]
[0.14952835]
[0.14949924]
[0.14947288]
[0.14947009]
[0.14944817]
[0.14941922]
[0.1494179]
[0.14939772]
[0.14938478]
[0.14937906]
[0.14937699]
[0.14934267]
[0.14925586]
[0.14925519]
[0.14925465]
[0.14923346]
[0.14921506]
[0.14919928]
[0.14919913]
[0.14917523]
[0.14916034]
[0.14914478]
[0.14912911]
[0.14912297]
[0.14907756]
[0.14903124]
[0.14902827]
[0.14901954]
[0.14901425]
[0.1490112]
[0.14900972]
[0.14897949]
[0.14897314]
[0.14896667]
[0.14891]
[0.14890876]
[0.14889698]
[0.14887653]
[0.14885674]
[0.1488306]
[0.14881572]
[0.14879557]
[0.14876832]
[0.1487556]
[0.14870462]
[0.14868186]
[0.14868096]
[0.14867191]
[0.14866458]
[0.14865287]
[0.14860792]
[0.14854756]
[0.14854178]
[0.14853488]
[0.14848542]
[0.14847961]
[0.14847381]
[0.1484656]
[0.14845498]
[0.1484166]
[0.1484046]
[0.14840402]
[0.14838736]
[0.14837967]
[0.14833058]
[0.14831606]
[0.14829408]
[0.14829145]
[0.14827228]
[0.14827143]
[0.14815585]
[0.14815116]
[0.1481165]
[0.1481017]
[0.14809793]
[0.14809497]
[0.14805605]
[0.14803605]
[0.1480193]
[0.1480193]
[0.14801319]
[0.1478903]
[0.14786872]
[0.1478644]
[0.14778464]
[0.14769648]
[0.14768383]
[0.14766054]
[0.14758572]
[0.14758469]
[0.14753443]
[0.14752175]
[0.14750616]
[0.14750098]
[0.14748059]
[0.14746904]
[0.14744794]
[0.14743945]
[0.14742982]
[0.14741753]
[0.14736894]
[0.14729196]
[0.1472091]
[0.14718904]
[0.14717995]
[0.14717886]
[0.14710957]
[0.14708187]
[0.14708099]
[0.1470647]
[0.14702743]
[0.14702743]
[0.14699401]
[0.14693029]
[0.14686818]
[0.1468185]
[0.14681767]
[0.146816]
[0.1468106]
[0.14679992]
[0.14679293]
[0.14678216]
[0.14677458]
[0.14671317]
[0.14670436]
[0.14670391]
[0.14666076]
[0.14664093]
[0.14662246]
[0.14662042]
[0.14654598]
[0.14653844]
[0.14650738]
[0.14649104]
[0.1464812]
[0.14646526]
[0.14646526]
[0.14646323]
[0.14644988]
[0.14644183]
[0.14633124]
[0.14630441]
[0.14628825]
[0.14624721]
[0.14622301]
[0.14621584]
[0.14616662]
[0.14615355]
[0.14615087]
[0.14606148]
[0.146054]
[0.14599513]
[0.14596906]
[0.14595293]
[0.14594585]
[0.14593521]
[0.14589986]
[0.1458645]
[0.1458171]
[0.14579733]
[0.14577606]
[0.1457605]
[0.14574404]
[0.14573632]
[0.14570287]
[0.14570287]
[0.14566165]
[0.14559954]
[0.1455837]
[0.14558254]
[0.14556302]
[0.14555526]
[0.14554863]
[0.14550634]
[0.14545168]
[0.14541186]
[0.14536335]
[0.14535286]
[0.14530861]
[0.14528129]
[0.14527933]
[0.14526668]
[0.14524958]
[0.14522678]
[0.14520863]
[0.14518169]
[0.14512734]
[0.14512217]
[0.14510353]
[0.14508602]
[0.14507414]
[0.14506839]
[0.1450649]
[0.14506]
[0.14503464]
[0.14501116]
[0.14500608]
[0.14500448]
[0.14497776]
[0.14495952]
[0.14494726]
[0.14494036]
[0.14493406]
[0.1449127]
[0.14490737]
[0.1449018]
[0.14489444]
[0.14487915]
[0.14487016]
[0.14486271]
[0.14485744]
[0.14482135]
[0.14480951]
[0.14476469]
[0.14475004]
[0.14472833]
[0.14472626]
[0.14464737]
[0.14464678]
[0.14463742]
[0.14463696]
[0.14451942]
[0.14450839]
[0.14450583]
[0.14450055]
[0.14448665]
[0.14448385]
[0.14444436]
[0.14442208]
[0.14440759]
[0.14440367]
[0.14439467]
[0.14438267]
[0.14437854]
[0.14437482]
[0.14436798]
[0.1443597]
[0.14435923]
[0.1443458]
[0.14433524]
[0.14433455]
[0.14432852]
[0.14430094]
[0.14430094]
[0.144261]
[0.14423636]
[0.14422275]
[0.14421879]
[0.14419919]
[0.14419062]
[0.14419062]
[0.1441871]
[0.14417998]
[0.14417933]
[0.14416976]
[0.14414868]
[0.14411032]
[0.1440953]
[0.14406417]
[0.1440573]
[0.14405711]
[0.1440166]
[0.1440104]
[0.14395347]
[0.14391673]
[0.14391088]
[0.143908]
[0.1438979]
[0.14389515]
[0.14387135]
[0.14387123]
[0.14387123]
[0.14383483]
[0.14381415]
[0.14379343]
[0.14377247]
[0.14377247]
[0.14373152]
[0.14368175]
[0.14358416]
[0.14357254]
[0.14356469]
[0.14353766]
[0.14350952]
[0.1434891]
[0.14348412]
[0.14348412]
[0.14347856]
[0.14344184]
[0.1434254]
[0.14341688]
[0.14340658]
[0.14340042]
[0.1433921]
[0.1433829]
[0.1433729]
[0.14336787]
[0.14336514]
[0.14336455]
[0.14334716]
[0.14331499]
[0.14331214]
[0.14330223]
[0.14329872]
[0.1432962]
[0.14328794]
[0.1432622]
[0.14326191]
[0.1432521]
[0.14323902]
[0.14321914]
[0.14319314]
[0.14319192]
[0.14318475]
[0.14314653]
[0.14313495]
[0.14311562]
[0.14310394]
[0.14308643]
[0.14307071]
[0.14306572]
[0.14305463]
[0.14305156]
[0.14305156]
[0.14302541]
[0.14302447]
[0.1430189]
[0.14301042]
[0.14300796]
[0.14299929]
[0.14297284]
[0.1429674]
[0.14295416]
[0.14290535]
[0.14285658]
[0.14284508]
[0.14278324]
[0.1427457]
[0.14274085]
[0.1427233]
[0.14270604]
[0.1426785]
[0.14267838]
[0.14266798]
[0.14266255]
[0.14263515]
[0.14262632]
[0.14261995]
[0.14259385]
[0.14259385]
[0.14259385]
[0.14259191]
[0.14258367]
[0.1425637]
[0.14250514]
[0.1424959]
[0.14248206]
[0.14246581]
[0.1424442]
[0.14240523]
[0.14240123]
[0.14238718]
[0.14236557]
[0.14235419]
[0.14235236]
[0.142351]
[0.14234427]
[0.1423395]
[0.14230818]
[0.14228514]
[0.1422812]
[0.14222658]
[0.14222184]
[0.14220648]
[0.14220531]
[0.14219466]
[0.14219391]
[0.14216727]
[0.14214297]
[0.14213587]
[0.14212151]
[0.1421092]
[0.14210749]
[0.14208849]
[0.1420776]
[0.1420719]
[0.14206737]
[0.14206596]
[0.14203538]
[0.14203104]
[0.14202048]
[0.14200746]
[0.1420061]
[0.14197317]
[0.14195178]
[0.14194469]
[0.14191855]
[0.14186114]
[0.14186001]
[0.14185713]
[0.14184791]
[0.14184506]
[0.14184344]
[0.14183621]
[0.1418273]
[0.14182457]
[0.14182267]
[0.14181413]
[0.14179899]
[0.14179347]
[0.14178225]
[0.14176208]
[0.14175898]
[0.14175674]
[0.14174463]
[0.14171642]
[0.14171225]
[0.14169863]
[0.1416323]
[0.14159885]
[0.14159665]
[0.14157625]
[0.1415671]
[0.14156011]
[0.14155403]
[0.14150567]
[0.1415044]
[0.14147043]
[0.14141609]
[0.14136584]
[0.14135915]
[0.14132898]
[0.1412542]
[0.1412542]
[0.14123659]
[0.14123486]
[0.14123222]
[0.14123179]
[0.1412242]
[0.14120518]
[0.14119825]
[0.14117587]
[0.14117558]
[0.14116275]
[0.14113224]
[0.14110047]
[0.14109218]
[0.14108413]
[0.14103891]
[0.14100702]
[0.14099602]
[0.1409808]
[0.14097872]
[0.14096591]
[0.14096089]
[0.140949]
[0.1409409]
[0.1409393]
[0.14090902]
[0.1408972]
[0.14089294]
[0.140871]
[0.14086798]
[0.14085847]
[0.14084049]
[0.14082505]
[0.14082505]
[0.14081855]
[0.14079522]
[0.14079416]
[0.14077915]
[0.14077166]
[0.1407716]
[0.14075902]
[0.14073388]
[0.1407201]
[0.1406816]
[0.14064004]
[0.14063525]
[0.140628]
[0.14062417]
[0.14061554]
[0.14061399]
[0.1405982]
[0.14056093]
[0.14055082]
[0.14054368]
[0.14051086]
[0.14047189]
[0.14046194]
[0.14045921]
[0.14045365]
[0.1404377]
[0.14042541]
[0.14042357]
[0.14040805]
[0.14039952]
[0.14037883]
[0.14036016]
[0.14034815]
[0.1403354]
[0.1403094]
[0.14030772]
[0.14027634]
[0.14025871]
[0.14025252]
[0.14021353]
[0.140201]
[0.14016962]
[0.14016962]
[0.14012526]
[0.14011882]
[0.14009999]
[0.14008574]
[0.14008114]
[0.14005242]
[0.14004551]
[0.14001805]
[0.14001171]
[0.14000866]
[0.13996111]
[0.13992028]
[0.13990197]
[0.13989753]
[0.13989724]
[0.13985689]
[0.13984707]
[0.13983187]
[0.13982902]
[0.13979809]
[0.1397849]
[0.13977344]
[0.13974655]
[0.13973738]
[0.13970023]
[0.13967517]
[0.13967101]
[0.13962267]
[0.13960075]
[0.1395897]
[0.13958773]
[0.13955157]
[0.13953774]
[0.13939318]
[0.13939156]
[0.13938929]
[0.13938579]
[0.13938129]
[0.13932069]
[0.13931577]
[0.13926026]
[0.13924403]
[0.13923018]
[0.13921654]
[0.13920783]
[0.1391659]
[0.13913667]
[0.13911644]
[0.13911572]
[0.13911182]
[0.13905688]
[0.13905688]
[0.13905688]
[0.13905051]
[0.13902098]
[0.13899681]
[0.13899478]
[0.13895929]
[0.13895147]
[0.13894019]
[0.13893779]
[0.13892633]
[0.13892072]
[0.13886791]
[0.13883188]
[0.13882902]
[0.13882378]
[0.13878451]
[0.13877517]
[0.13874707]
[0.13873419]
[0.13872059]
[0.13871822]
[0.13871801]
[0.13871254]
[0.13870572]
[0.13869694]
[0.13867863]
[0.13867848]
[0.13867848]
[0.1386742]
[0.13866934]
[0.1386675]
[0.13866456]
[0.13866378]
[0.13864386]
[0.13862754]
[0.13862257]
[0.13860992]
[0.13860759]
[0.13856521]
[0.13854383]
[0.13853903]
[0.13853644]
[0.13853234]
[0.13851228]
[0.13849849]
[0.13849086]
[0.13847767]
[0.13847372]
[0.13846958]
[0.13845514]
[0.13844378]
[0.13844033]
[0.13841072]
[0.13841072]
[0.13839355]
[0.13832584]
[0.13831499]
[0.13831232]
[0.1383097]
[0.13828467]
[0.1382809]
[0.13823496]
[0.13818967]
[0.13817067]
[0.13816792]
[0.13816635]
[0.13815832]
[0.13814142]
[0.13813433]
[0.13813291]
[0.13808419]
[0.13805127]
[0.13804589]
[0.13804378]
[0.13804063]
[0.13803907]
[0.1380368]
[0.13801576]
[0.13801299]
[0.13801003]
[0.1379912]
[0.137959]
[0.13794781]
[0.13794379]
[0.13793667]
[0.13793302]
[0.13791542]
[0.13790716]
[0.13790365]
[0.13789922]
[0.1378702]
[0.13786124]
[0.13785805]
[0.13784665]
[0.13782537]
[0.13777807]
[0.1377759]
[0.13777034]
[0.1377566]
[0.13775085]
[0.13774471]
[0.13774443]
[0.13770561]
[0.13769951]
[0.13769443]
[0.13768473]
[0.13767399]
[0.13767393]
[0.13764809]
[0.1376429]
[0.1376429]
[0.13763028]
[0.13762209]
[0.13762197]
[0.1376072]
[0.1375997]
[0.13756521]
[0.13756469]
[0.13756469]
[0.1375522]
[0.13753942]
[0.13753942]
[0.13752955]
[0.13751967]
[0.13750906]
[0.13749361]
[0.13749135]
[0.137462]
[0.13742964]
[0.137428]
[0.1374178]
[0.13741255]
[0.13736229]
[0.1372885]
[0.13728833]
[0.13728748]
[0.13728073]
[0.1372807]
[0.13727586]
[0.13726543]
[0.13724844]
[0.13724285]
[0.13722995]
[0.13721998]
[0.13721462]
[0.13720378]
[0.13718842]
[0.13711931]
[0.13711806]
[0.13711806]
[0.13710605]
[0.13710526]
[0.13708624]
[0.13708624]
[0.13708557]
[0.13707581]
[0.13707581]
[0.13707381]
[0.13705215]
[0.13702883]
[0.13702883]
[0.13702431]
[0.1370202]
[0.13701147]
[0.1369963]
[0.13698655]
[0.1369755]
[0.13697207]
[0.13695943]
[0.13694689]
[0.13693963]
[0.1369225]
[0.13690832]
[0.13689607]
[0.13687113]
[0.13686348]
[0.1368602]
[0.13685426]
[0.13685311]
[0.13685176]
[0.13683781]
[0.13682365]
[0.13682233]
[0.1368139]
[0.13680598]
[0.13677557]
[0.13677366]
[0.13676867]
[0.13675463]
[0.13674703]
[0.13670704]
[0.13668217]
[0.13668217]
[0.13667426]
[0.13666965]
[0.1366669]
[0.13662456]
[0.13662046]
[0.13661931]
[0.13661452]
[0.13660595]
[0.13660063]
[0.13659818]
[0.13659818]
[0.13657324]
[0.13655671]
[0.13654317]
[0.13649805]
[0.1364891]
[0.1364685]
[0.13645616]
[0.1364487]
[0.13643034]
[0.13642262]
[0.13639206]
[0.13639082]
[0.13637644]
[0.1363623]
[0.13634472]
[0.1363404]
[0.13633776]
[0.13633776]
[0.1363203]
[0.13630621]
[0.13628198]
[0.13628198]
[0.13627288]
[0.13627048]
[0.13625671]
[0.13624845]
[0.13623866]
[0.1362351]
[0.13623056]
[0.13621762]
[0.13620363]
[0.13620071]
[0.13619883]
[0.13618332]
[0.13617538]
[0.13617523]
[0.13616912]
[0.13616323]
[0.13616307]
[0.13616133]
[0.13615102]
[0.13615]
[0.13613208]
[0.13610694]
[0.1361041]
[0.13609348]
[0.13608865]
[0.13608277]
[0.13607633]
[0.1360695]
[0.13606848]
[0.13604048]
[0.13602297]
[0.13601266]
[0.13601232]
[0.13600786]
[0.13599613]
[0.13598588]
[0.13594997]
[0.13591535]
[0.13591278]
[0.13591272]
[0.13589127]
[0.13586216]
[0.13585955]
[0.13584906]
[0.13584906]
[0.13583232]
[0.13581406]
[0.13581206]
[0.13579232]
[0.13577497]
[0.13577497]
[0.13576019]
[0.13575806]
[0.13574246]
[0.13573748]
[0.13572483]
[0.13570473]
[0.13568924]
[0.1356887]
[0.13566548]
[0.13566346]
[0.13566104]
[0.13564797]
[0.13564777]
[0.13560294]
[0.13560294]
[0.13559943]
[0.13558908]
[0.13557464]
[0.13557346]
[0.13555019]
[0.13554896]
[0.13553217]
[0.13553125]
[0.1354797]
[0.135479]
[0.13547045]
[0.13542117]
[0.13542072]
[0.13540064]
[0.13539869]
[0.13538553]
[0.13537239]
[0.13535073]
[0.13530174]
[0.13530174]
[0.13528387]
[0.13527863]
[0.13526359]
[0.1352507]
[0.1352201]
[0.13521633]
[0.13517736]
[0.13514902]
[0.13513447]
[0.13512029]
[0.13510716]
[0.13509034]
[0.13509004]
[0.13503045]
[0.13501973]
[0.13499986]
[0.13499066]
[0.13498583]
[0.13497484]
[0.13497333]
[0.1349658]
[0.1349598]
[0.13495506]
[0.13495159]
[0.13494761]
[0.1349348]
[0.13493158]
[0.13492726]
[0.13491583]
[0.13489963]
[0.134886]
[0.13488394]
[0.13487698]
[0.13487518]
[0.13486591]
[0.1348613]
[0.13484383]
[0.13482656]
[0.13480113]
[0.13474806]
[0.13472027]
[0.13467306]
[0.1346659]
[0.13466069]
[0.1346473]
[0.13463292]
[0.13461752]
[0.13459669]
[0.1345757]
[0.13456509]
[0.1345408]
[0.13450591]
[0.13449353]
[0.1344886]
[0.1344857]
[0.13446319]
[0.134458]
[0.13444711]
[0.13444358]
[0.1344428]
[0.13444228]
[0.13439564]
[0.1343882]
[0.1343876]
[0.1343789]
[0.13435483]
[0.13432042]
[0.13428308]
[0.13427755]
[0.13427144]
[0.13427077]
[0.13426459]
[0.13425964]
[0.13424157]
[0.13423648]
[0.13422251]
[0.13422242]
[0.13419427]
[0.13416772]
[0.13416256]
[0.13413434]
[0.13411278]
[0.13410346]
[0.13403255]
[0.13403247]
[0.13402718]
[0.13400958]
[0.13400316]
[0.13398795]
[0.13397805]
[0.1339773]
[0.1338981]
[0.1338716]
[0.1338703]
[0.13386296]
[0.13383952]
[0.13383907]
[0.1338308]
[0.133827]
[0.13382487]
[0.13382067]
[0.13380729]
[0.13380308]
[0.13380308]
[0.13378775]
[0.13376474]
[0.13376102]
[0.13375513]
[0.13374096]
[0.13373812]
[0.13369694]
[0.13369106]
[0.1336844]
[0.13367073]
[0.13366665]
[0.13366532]
[0.1336572]
[0.13364567]
[0.13361304]
[0.13360266]
[0.13359118]
[0.13357973]
[0.13354011]
[0.13351606]
[0.13349004]
[0.13347866]
[0.13346793]
[0.13345559]
[0.13345084]
[0.13342054]
[0.13338198]
[0.13336991]
[0.13335177]
[0.13334852]
[0.13333954]
[0.13332698]
[0.1333236]
[0.13330062]
[0.13329332]
[0.13327637]
[0.13327637]
[0.13323762]
[0.13323344]
[0.13322376]
[0.1332236]
[0.13320966]
[0.13320768]
[0.13320625]
[0.13320093]
[0.13318136]
[0.13312352]
[0.13311607]
[0.13310537]
[0.13310447]
[0.13309956]
[0.1330882]
[0.13308671]
[0.1330836]
[0.13307428]
[0.13306257]
[0.1330511]
[0.13304766]
[0.13304703]
[0.13304399]
[0.13303828]
[0.13303265]
[0.13302179]
[0.13302179]
[0.13302088]
[0.13298862]
[0.13296665]
[0.13295212]
[0.13294943]
[0.13287643]
[0.13287643]
[0.13287643]
[0.1328384]
[0.13283217]
[0.13282649]
[0.13282402]
[0.1328221]
[0.13282204]
[0.13280539]
[0.13280113]
[0.13274223]
[0.13273941]
[0.13273802]
[0.13273156]
[0.13271382]
[0.1327028]
[0.13268787]
[0.13267925]
[0.13266285]
[0.13264358]
[0.1326347]
[0.13262883]
[0.13258994]
[0.13255145]
[0.13254465]
[0.13254465]
[0.13253336]
[0.132523]
[0.1325187]
[0.13251294]
[0.13248572]
[0.13248518]
[0.132435]
[0.1324323]
[0.13240902]
[0.13239141]
[0.13236094]
[0.13234341]
[0.13234198]
[0.13232261]
[0.13231677]
[0.13230734]
[0.13230345]
[0.13228834]
[0.13227235]
[0.13225785]
[0.13222617]
[0.13220267]
[0.13220267]
[0.13219449]
[0.13219193]
[0.13217665]
[0.13215022]
[0.1321366]
[0.13213444]
[0.13212438]
[0.13211189]
[0.13211016]
[0.13210213]
[0.13209939]
[0.13208461]
[0.1320648]
[0.13206112]
[0.13204774]
[0.13203853]
[0.13203676]
[0.13202089]
[0.13202089]
[0.13196611]
[0.13195218]
[0.13195218]
[0.13194454]
[0.13193856]
[0.13190582]
[0.131889]
[0.13188614]
[0.1318806]
[0.13182727]
[0.13182424]
[0.13181756]
[0.13179485]
[0.1317917]
[0.13178757]
[0.13177653]
[0.13177145]
[0.13176103]
[0.13175815]
[0.1317577]
[0.13173316]
[0.13171339]
[0.13170129]
[0.1317012]
[0.13166304]
[0.13164914]
[0.13163918]
[0.13163806]
[0.13162744]
[0.13160962]
[0.13160367]
[0.13159995]
[0.13159518]
[0.13159198]
[0.131576]
[0.13157591]
[0.13156581]
[0.13156433]
[0.13155803]
[0.13155364]
[0.13155364]
[0.13155322]
[0.13153425]
[0.13150056]
[0.13149849]
[0.1314973]
[0.13149239]
[0.13148008]
[0.13144822]
[0.13143623]
[0.13143359]
[0.13143359]
[0.13141324]
[0.13141294]
[0.13141294]
[0.13141294]
[0.13139813]
[0.13137217]
[0.13136664]
[0.13136469]
[0.13136348]
[0.13133645]
[0.13133588]
[0.13133042]
[0.13132432]
[0.13130082]
[0.13129608]
[0.13129126]
[0.13128522]
[0.13125928]
[0.1312444]
[0.13123453]
[0.1312235]
[0.1312235]
[0.13120675]
[0.13119747]
[0.13117181]
[0.13113616]
[0.1311356]
[0.13111314]
[0.13110586]
[0.13108511]
[0.13107967]
[0.1310661]
[0.1310624]
[0.13105534]
[0.13103878]
[0.1310339]
[0.13100228]
[0.1309883]
[0.13098317]
[0.13097756]
[0.13095811]
[0.13093024]
[0.13091986]
[0.1309178]
[0.13088904]
[0.1308615]
[0.1308552]
[0.13084735]
[0.13084547]
[0.13082717]
[0.13081671]
[0.1307811]
[0.13075015]
[0.13074473]
[0.13073649]
[0.13072522]
[0.13071513]
[0.13070798]
[0.13067569]
[0.13066119]
[0.1306536]
[0.13064201]
[0.13063361]
[0.13063361]
[0.13061868]
[0.13061048]
[0.13060033]
[0.13057955]
[0.1305616]
[0.13054612]
[0.13054304]
[0.13053481]
[0.13053395]
[0.13052742]
[0.13051319]
[0.13050346]
[0.13049342]
[0.13048536]
[0.13047908]
[0.13040923]
[0.13040353]
[0.13034524]
[0.13033524]
[0.13031985]
[0.13029853]
[0.1302953]
[0.1302951]
[0.13028587]
[0.1302586]
[0.13025324]
[0.13022427]
[0.13021955]
[0.13021028]
[0.13020153]
[0.13017742]
[0.13016066]
[0.13015893]
[0.13014652]
[0.13013259]
[0.13012247]
[0.130107]
[0.13009065]
[0.13007937]
[0.13007838]
[0.13007513]
[0.13007425]
[0.13005993]
[0.1300517]
[0.13004534]
[0.13000308]
[0.12999263]
[0.12998827]
[0.12998196]
[0.12996745]
[0.12994702]
[0.12994452]
[0.12994239]
[0.12993565]
[0.12993456]
[0.12993197]
[0.12993042]
[0.1299074]
[0.12989329]
[0.12988299]
[0.12985745]
[0.12985049]
[0.12984599]
[0.12984392]
[0.12980917]
[0.12980899]
[0.12977444]
[0.12976475]
[0.12974994]
[0.12972233]
[0.12971538]
[0.12968327]
[0.12966588]
[0.1296472]
[0.1296472]
[0.12961924]
[0.12961042]
[0.12959538]
[0.12959468]
[0.12957355]
[0.12955314]
[0.12953666]
[0.12951812]
[0.12951677]
[0.12951387]
[0.12951346]
[0.12950526]
[0.12950526]
[0.12950526]
[0.12948164]
[0.12946527]
[0.12943415]
[0.1294296]
[0.12942849]
[0.12942266]
[0.1294224]
[0.12940446]
[0.12939934]
[0.12939174]
[0.12932569]
[0.1293228]
[0.1293228]
[0.12929259]
[0.12928632]
[0.12928388]
[0.12928286]
[0.1292823]
[0.12927875]
[0.12926447]
[0.12926093]
[0.12926085]
[0.12925631]
[0.129235]
[0.12922789]
[0.12922789]
[0.12922443]
[0.1292241]
[0.12922008]
[0.1292123]
[0.1291625]
[0.1291391]
[0.12910348]
[0.12910038]
[0.12910038]
[0.12909946]
[0.12908824]
[0.12907904]
[0.12907049]
[0.12904646]
[0.12904108]
[0.12904091]
[0.12903756]
[0.12902984]
[0.12902]
[0.12901923]
[0.12900086]
[0.12898289]
[0.12897685]
[0.12897487]
[0.12896925]
[0.12896445]
[0.12895997]
[0.12895992]
[0.12895915]
[0.12889315]
[0.1288849]
[0.12886295]
[0.12885134]
[0.128848]
[0.12882622]
[0.12881216]
[0.12880288]
[0.12878199]
[0.12878183]
[0.12878118]
[0.1287761]
[0.1287677]
[0.12875919]
[0.12875107]
[0.12875022]
[0.12872984]
[0.12872496]
[0.12872326]
[0.12872326]
[0.12864658]
[0.12864597]
[0.12863104]
[0.12861955]
[0.12860078]
[0.12859096]
[0.12858294]
[0.1285667]
[0.1285489]
[0.12853403]
[0.12852846]
[0.12851627]
[0.12850848]
[0.12847954]
[0.12847641]
[0.12846321]
[0.12846248]
[0.12845033]
[0.128449]
[0.12843068]
[0.12842888]
[0.1284198]
[0.12841977]
[0.12841828]
[0.12841494]
[0.12841415]
[0.12839162]
[0.12835526]
[0.12835449]
[0.12832256]
[0.12831889]
[0.12828568]
[0.12828408]
[0.12828377]
[0.12822789]
[0.12821905]
[0.1282174]
[0.12821355]
[0.12820956]
[0.12818766]
[0.12816317]
[0.12816143]
[0.12816143]
[0.12813662]
[0.12813662]
[0.12811857]
[0.12811488]
[0.12810977]
[0.12808351]
[0.12807366]
[0.12804887]
[0.1280085]
[0.12800252]
[0.12800047]
[0.12799622]
[0.12798114]
[0.12796718]
[0.12796384]
[0.12794113]
[0.1279291]
[0.12792732]
[0.12788384]
[0.12786996]
[0.127868]
[0.12785871]
[0.1278581]
[0.12785044]
[0.12785026]
[0.12783268]
[0.12782152]
[0.12781854]
[0.12781222]
[0.12779777]
[0.12778756]
[0.12778698]
[0.12776487]
[0.12774424]
[0.12774254]
[0.12773935]
[0.12773538]
[0.12771736]
[0.12770239]
[0.12769192]
[0.12768584]
[0.12767586]
[0.12767403]
[0.12767185]
[0.12766032]
[0.12765898]
[0.12764567]
[0.12764493]
[0.12763155]
[0.12762627]
[0.12760077]
[0.1275904]
[0.12757644]
[0.12756664]
[0.12751463]
[0.12751286]
[0.1274806]
[0.1274806]
[0.12747093]
[0.12746072]
[0.12744221]
[0.12742905]
[0.12741315]
[0.12740539]
[0.12738769]
[0.12738387]
[0.12736733]
[0.12735504]
[0.12734967]
[0.12733978]
[0.12732889]
[0.12732889]
[0.12731217]
[0.12729183]
[0.12725312]
[0.12724009]
[0.12722743]
[0.12722023]
[0.12720202]
[0.12719077]
[0.12717813]
[0.12716506]
[0.12716375]
[0.1271322]
[0.12712787]
[0.12711892]
[0.12711267]
[0.12710638]
[0.12709597]
[0.12708761]
[0.12707861]
[0.12706423]
[0.12703808]
[0.12702298]
[0.12701716]
[0.1269916]
[0.12697808]
[0.12695673]
[0.12694934]
[0.12694664]
[0.12691428]
[0.12687565]
[0.12686615]
[0.12686399]
[0.12684315]
[0.12683728]
[0.12683243]
[0.12682435]
[0.12682435]
[0.12681706]
[0.1268144]
[0.12678164]
[0.12674157]
[0.12672473]
[0.12670268]
[0.12669699]
[0.1266847]
[0.12666091]
[0.12665582]
[0.12665582]
[0.12665267]
[0.12663476]
[0.12663263]
[0.12663084]
[0.12662598]
[0.12661806]
[0.12659681]
[0.12657268]
[0.12653147]
[0.12650687]
[0.12650622]
[0.12648742]
[0.1264794]
[0.12646976]
[0.12646598]
[0.12645987]
[0.12645987]
[0.12645046]
[0.1264181]
[0.12641399]
[0.1264101]
[0.12639953]
[0.12638329]
[0.12637968]
[0.12636381]
[0.12633571]
[0.1263343]
[0.12632138]
[0.12626667]
[0.12625667]
[0.12623817]
[0.12623535]
[0.1262262]
[0.12621675]
[0.12618937]
[0.12618937]
[0.1261771]
[0.12617204]
[0.1261686]
[0.12615988]
[0.12612092]
[0.12611745]
[0.12609956]
[0.12605703]
[0.1260456]
[0.12604463]
[0.12601863]
[0.12601687]
[0.1260067]
[0.12600534]
[0.12599513]
[0.12598251]
[0.12597579]
[0.1259648]
[0.12596422]
[0.12596118]
[0.12594633]
[0.12592894]
[0.12592342]
[0.1258968]
[0.12587349]
[0.1258697]
[0.12586069]
[0.12585276]
[0.12584944]
[0.12584558]
[0.12584423]
[0.12582636]
[0.12579133]
[0.12574317]
[0.1257242]
[0.12571424]
[0.12571141]
[0.12570323]
[0.12570323]
[0.12569778]
[0.12568672]
[0.12565108]
[0.12561806]
[0.12557244]
[0.12557173]
[0.12556691]
[0.12556191]
[0.12555228]
[0.12553862]
[0.12553298]
[0.1255101]
[0.12550002]
[0.12549827]
[0.12547031]
[0.12545525]
[0.12544014]
[0.12543906]
[0.12543866]
[0.12543467]
[0.12542893]
[0.12542577]
[0.12542278]
[0.12541562]
[0.12541562]
[0.12540494]
[0.12539761]
[0.12539133]
[0.12537643]
[0.12537643]
[0.12536143]
[0.12535834]
[0.12535714]
[0.12535572]
[0.12535217]
[0.12532012]
[0.12531728]
[0.12531349]
[0.12530638]
[0.12527978]
[0.12527199]
[0.1252689]
[0.12526137]
[0.12525214]
[0.12522987]
[0.12522689]
[0.12519683]
[0.12518445]
[0.12518077]
[0.12517695]
[0.12517338]
[0.12516493]
[0.12516493]
[0.12516049]
[0.12514606]
[0.12513435]
[0.12513055]
[0.12511943]
[0.1251081]
[0.12510473]
[0.1251007]
[0.12509413]
[0.1250658]
[0.12506239]
[0.1250604]
[0.12505688]
[0.12500909]
[0.12497749]
[0.12497238]
[0.12493828]
[0.12493461]
[0.12492295]
[0.12485673]
[0.12484466]
[0.12481286]
[0.12478778]
[0.12478538]
[0.12477369]
[0.12475421]
[0.12475345]
[0.12475345]
[0.12474516]
[0.1247398]
[0.12472553]
[0.12471514]
[0.12470144]
[0.12469646]
[0.12467629]
[0.12466654]
[0.12465015]
[0.12463266]
[0.12463259]
[0.12463253]
[0.12461131]
[0.12459242]
[0.12457584]
[0.12454299]
[0.12451131]
[0.12450602]
[0.12446683]
[0.12445592]
[0.12439239]
[0.12436154]
[0.12435137]
[0.12434537]
[0.12433969]
[0.12433539]
[0.1243254]
[0.12431913]
[0.12429712]
[0.12429712]
[0.12429138]
[0.12429064]
[0.12427532]
[0.12426778]
[0.12425968]
[0.12424322]
[0.1242349]
[0.12421528]
[0.12420079]
[0.12417453]
[0.12416169]
[0.12415793]
[0.1241402]
[0.12413208]
[0.12413023]
[0.12411617]
[0.12411516]
[0.12408976]
[0.12408468]
[0.1240598]
[0.12405597]
[0.12405498]
[0.12404847]
[0.12404301]
[0.12403237]
[0.12402458]
[0.12401877]
[0.1240074]
[0.12398994]
[0.12398176]
[0.12397392]
[0.1239735]
[0.1239618]
[0.12396004]
[0.12394656]
[0.12392787]
[0.12392374]
[0.12392002]
[0.12390143]
[0.12388523]
[0.12386417]
[0.12384856]
[0.12383727]
[0.1238369]
[0.12383525]
[0.12382144]
[0.12380173]
[0.12380122]
[0.12378316]
[0.12377509]
[0.12376521]
[0.1237646]
[0.12375906]
[0.12371855]
[0.12371495]
[0.12371092]
[0.12366206]
[0.12365256]
[0.12365196]
[0.12363767]
[0.12363485]
[0.12362809]
[0.12359802]
[0.12358486]
[0.12357775]
[0.12357742]
[0.12356828]
[0.12351583]
[0.12351583]
[0.12350998]
[0.12350916]
[0.12350673]
[0.12345879]
[0.12344882]
[0.12344635]
[0.12339559]
[0.12337181]
[0.12337124]
[0.12336867]
[0.12336158]
[0.12334359]
[0.12333921]
[0.12333878]
[0.12331884]
[0.12331247]
[0.12329692]
[0.12329397]
[0.12327036]
[0.1232685]
[0.12326252]
[0.12325423]
[0.12324635]
[0.12324063]
[0.12322806]
[0.12321307]
[0.12320997]
[0.12319747]
[0.12318517]
[0.12316826]
[0.12316617]
[0.12316553]
[0.1231625]
[0.12314867]
[0.12314843]
[0.12314344]
[0.12314081]
[0.12313118]
[0.12310585]
[0.12310255]
[0.1230848]
[0.1230816]
[0.1230654]
[0.12304667]
[0.12303557]
[0.12301787]
[0.12301376]
[0.12298203]
[0.12297571]
[0.12297231]
[0.12297006]
[0.12295722]
[0.12294046]
[0.12288863]
[0.1228504]
[0.1228435]
[0.12283555]
[0.12280481]
[0.12276051]
[0.12274731]
[0.12274697]
[0.12273756]
[0.12271801]
[0.12269086]
[0.12268157]
[0.12264918]
[0.12264527]
[0.12260404]
[0.12260187]
[0.12260187]
[0.12259957]
[0.12259559]
[0.12259428]
[0.12259068]
[0.12257902]
[0.12257306]
[0.12255094]
[0.12254544]
[0.12254544]
[0.12253983]
[0.12253536]
[0.12253036]
[0.12253013]
[0.12252875]
[0.12252325]
[0.12251003]
[0.12249814]
[0.12249558]
[0.12249402]
[0.12247345]
[0.12245868]
[0.12240628]
[0.12237534]
[0.12236816]
[0.12236561]
[0.12233724]
[0.12232266]
[0.12229491]
[0.12227524]
[0.122264]
[0.1222617]
[0.12225808]
[0.12225253]
[0.12224875]
[0.12224005]
[0.12223049]
[0.12219928]
[0.12219928]
[0.12217361]
[0.1221715]
[0.12216336]
[0.12216061]
[0.12215377]
[0.12214358]
[0.12210899]
[0.12210509]
[0.12210246]
[0.12209946]
[0.1220967]
[0.12207136]
[0.12206998]
[0.12206998]
[0.12202512]
[0.12201706]
[0.121992]
[0.12197918]
[0.12197802]
[0.12196307]
[0.12182712]
[0.12182679]
[0.12181628]
[0.12180164]
[0.12179808]
[0.12179797]
[0.12178387]
[0.12177698]
[0.12177414]
[0.12176719]
[0.12176699]
[0.12176085]
[0.12175187]
[0.12174683]
[0.12174683]
[0.12174683]
[0.12174573]
[0.12173038]
[0.12171073]
[0.12169614]
[0.12169269]
[0.12168712]
[0.12168221]
[0.121676]
[0.1216672]
[0.12166222]
[0.12166222]
[0.12164977]
[0.12163309]
[0.12163309]
[0.12161148]
[0.12160994]
[0.12160479]
[0.12160479]
[0.12158839]
[0.12157632]
[0.12156869]
[0.12155275]
[0.12153985]
[0.12150306]
[0.12149793]
[0.12147497]
[0.12147395]
[0.12146927]
[0.12146419]
[0.12143509]
[0.12143132]
[0.12142882]
[0.12142643]
[0.1214214]
[0.12140527]
[0.12137254]
[0.12135192]
[0.12134812]
[0.12133871]
[0.12133871]
[0.12133184]
[0.1213229]
[0.12131253]
[0.12130775]
[0.1212976]
[0.1212735]
[0.12126483]
[0.12126283]
[0.12126044]
[0.12125336]
[0.12122793]
[0.12122793]
[0.12122611]
[0.1212232]
[0.12120558]
[0.12119329]
[0.1211907]
[0.12116095]
[0.12115635]
[0.12107815]
[0.12104898]
[0.12104796]
[0.1210467]
[0.12102804]
[0.12100023]
[0.12099162]
[0.12099044]
[0.12097944]
[0.12097168]
[0.12096261]
[0.12095277]
[0.12093655]
[0.12088829]
[0.12088728]
[0.12088363]
[0.12087021]
[0.12086038]
[0.12085333]
[0.12085216]
[0.12084085]
[0.12083601]
[0.12083551]
[0.12083395]
[0.12082908]
[0.12081721]
[0.12077977]
[0.12075889]
[0.12075782]
[0.12075779]
[0.12075708]
[0.12075628]
[0.1207278]
[0.12072583]
[0.1207127]
[0.12070759]
[0.12069278]
[0.12068078]
[0.12066009]
[0.1206091]
[0.12058403]
[0.12057673]
[0.12057231]
[0.1205468]
[0.12054408]
[0.1205415]
[0.12053775]
[0.12052118]
[0.12050673]
[0.12050592]
[0.12050033]
[0.12048651]
[0.12048346]
[0.12048128]
[0.1204764]
[0.12047398]
[0.12046822]
[0.12045885]
[0.12041827]
[0.12041791]
[0.12041397]
[0.12037599]
[0.12037491]
[0.12036306]
[0.12035277]
[0.12033541]
[0.12032814]
[0.12032647]
[0.12031769]
[0.12030942]
[0.12030321]
[0.1203031]
[0.12029383]
[0.12027843]
[0.12027203]
[0.12026855]
[0.12024979]
[0.12024859]
[0.12021286]
[0.12019692]
[0.12018427]
[0.1201836]
[0.12013647]
[0.12012123]
[0.12011879]
[0.12011744]
[0.12011601]
[0.12009917]
[0.12009822]
[0.12009812]
[0.12009812]
[0.12009565]
[0.12007535]
[0.12006415]
[0.120046]
[0.12001304]
[0.11999854]
[0.11997633]
[0.11995845]
[0.11991458]
[0.11989429]
[0.11986332]
[0.11986031]
[0.1198561]
[0.11985354]
[0.11983312]
[0.11982797]
[0.11981924]
[0.11981256]
[0.11981115]
[0.11980994]
[0.11973463]
[0.11972746]
[0.1197062]
[0.11969958]
[0.11963556]
[0.11962946]
[0.11962797]
[0.11961717]
[0.11959393]
[0.11959372]
[0.11958914]
[0.11957335]
[0.11956978]
[0.11956236]
[0.11956218]
[0.1195481]
[0.11953972]
[0.11952988]
[0.1195227]
[0.11952]
[0.11951161]
[0.11950344]
[0.11949146]
[0.11948542]
[0.11947238]
[0.11945803]
[0.11945663]
[0.11943623]
[0.11943176]
[0.11939961]
[0.11939461]
[0.11938433]
[0.11937373]
[0.11936668]
[0.11934748]
[0.11933316]
[0.1193307]
[0.11926701]
[0.11926431]
[0.11924113]
[0.11923482]
[0.11923365]
[0.11922042]
[0.11919906]
[0.11919586]
[0.11914801]
[0.11914801]
[0.11914311]
[0.11914171]
[0.11914136]
[0.11913137]
[0.11913137]
[0.11912457]
[0.11911116]
[0.11907393]
[0.11907139]
[0.11904808]
[0.11904808]
[0.11904084]
[0.11898897]
[0.11893894]
[0.11891302]
[0.11891127]
[0.11888408]
[0.11887843]
[0.11887515]
[0.1188695]
[0.1188653]
[0.11886345]
[0.11885923]
[0.1188423]
[0.11884143]
[0.11882395]
[0.11882075]
[0.11881284]
[0.11879455]
[0.11878367]
[0.11878297]
[0.11877543]
[0.11876901]
[0.11874509]
[0.11870891]
[0.11870203]
[0.11870116]
[0.11867847]
[0.11867597]
[0.11867515]
[0.11866034]
[0.1186548]
[0.11864299]
[0.11862174]
[0.11860457]
[0.11858984]
[0.11858315]
[0.11858092]
[0.11858037]
[0.11857494]
[0.11853816]
[0.11852858]
[0.11852203]
[0.11851705]
[0.11851702]
[0.1185096]
[0.11848295]
[0.11846076]
[0.11845005]
[0.11843862]
[0.11843425]
[0.11843368]
[0.1184184]
[0.11840995]
[0.11839754]
[0.11838778]
[0.11836983]
[0.11835265]
[0.11834825]
[0.11834697]
[0.11833974]
[0.11825384]
[0.11825203]
[0.11825144]
[0.11823592]
[0.1182235]
[0.11820143]
[0.11820126]
[0.1181691]
[0.11816906]
[0.11814435]
[0.11814105]
[0.11811756]
[0.11811604]
[0.11811358]
[0.11810917]
[0.11810495]
[0.11810077]
[0.11807947]
[0.11805895]
[0.11805047]
[0.11803931]
[0.11801977]
[0.11800416]
[0.11798237]
[0.11797495]
[0.11797329]
[0.11796194]
[0.11792999]
[0.11792086]
[0.11791374]
[0.11789722]
[0.11787252]
[0.11787151]
[0.11785778]
[0.11784864]
[0.11780621]
[0.11779221]
[0.11774958]
[0.11773898]
[0.11773256]
[0.11772437]
[0.11772303]
[0.1176983]
[0.11769354]
[0.11769235]
[0.1176883]
[0.11768413]
[0.11767454]
[0.11767413]
[0.11765376]
[0.11764082]
[0.11762255]
[0.11761566]
[0.11761563]
[0.11761042]
[0.11760613]
[0.11758569]
[0.11757807]
[0.11756852]
[0.11755576]
[0.11753639]
[0.11753187]
[0.11752928]
[0.11752272]
[0.11751121]
[0.11749643]
[0.11749282]
[0.11746605]
[0.11745163]
[0.11737406]
[0.11735459]
[0.117341]
[0.11732781]
[0.11731858]
[0.11729933]
[0.11729686]
[0.11722375]
[0.11718803]
[0.1171878]
[0.11718182]
[0.11718067]
[0.11717261]
[0.1171609]
[0.11715587]
[0.11711273]
[0.11710045]
[0.11709951]
[0.11709686]
[0.11709114]
[0.11707439]
[0.11703317]
[0.11699862]
[0.11699203]
[0.11696991]
[0.11690658]
[0.11689533]
[0.11687413]
[0.11685329]
[0.11685329]
[0.11685064]
[0.11684503]
[0.11677348]
[0.11676569]
[0.1167465]
[0.11673668]
[0.11672153]
[0.11672153]
[0.11671091]
[0.11670718]
[0.1167036]
[0.11667351]
[0.11667093]
[0.11664214]
[0.11663778]
[0.11662801]
[0.11662689]
[0.11661194]
[0.11657005]
[0.11656765]
[0.11656765]
[0.11654501]
[0.11650903]
[0.11650801]
[0.11650436]
[0.11649889]
[0.11649372]
[0.11648041]
[0.1164616]
[0.11644941]
[0.11643858]
[0.11643359]
[0.11641468]
[0.11638297]
[0.11638123]
[0.11635917]
[0.11635268]
[0.11635078]
[0.11635014]
[0.11634979]
[0.11634151]
[0.11630455]
[0.11629429]
[0.11628736]
[0.11623432]
[0.11623302]
[0.11619808]
[0.11619115]
[0.11616599]
[0.11616525]
[0.11616322]
[0.11615134]
[0.11613016]
[0.11612663]
[0.1161204]
[0.1160909]
[0.11608048]
[0.11607689]
[0.11607204]
[0.11606336]
[0.11605566]
[0.11604054]
[0.11603543]
[0.11603541]
[0.11602743]
[0.11600308]
[0.11599809]
[0.11599717]
[0.11598027]
[0.11596764]
[0.1159667]
[0.11596248]
[0.11594093]
[0.11593618]
[0.11593205]
[0.11590799]
[0.1158084]
[0.11576778]
[0.11569536]
[0.11567906]
[0.11566945]
[0.11566082]
[0.11565389]
[0.11565379]
[0.11562867]
[0.11562356]
[0.11560353]
[0.11556004]
[0.11555542]
[0.11552452]
[0.11551843]
[0.11550453]
[0.11549992]
[0.11549831]
[0.11549753]
[0.11548691]
[0.11548614]
[0.1154815]
[0.11547773]
[0.11542989]
[0.11539887]
[0.11539534]
[0.1153952]
[0.11539392]
[0.11537292]
[0.11533634]
[0.11533396]
[0.1153281]
[0.11532124]
[0.11530259]
[0.11530152]
[0.11528668]
[0.11528332]
[0.11524807]
[0.11524503]
[0.11521977]
[0.11521836]
[0.11520816]
[0.11517555]
[0.11511024]
[0.11510167]
[0.11506587]
[0.11504702]
[0.11504625]
[0.11504613]
[0.1150378]
[0.11502177]
[0.1149793]
[0.1149495]
[0.11491167]
[0.11490849]
[0.11490659]
[0.11489836]
[0.11487883]
[0.11487591]
[0.11486931]
[0.11486825]
[0.11486365]
[0.11484924]
[0.11480985]
[0.11480886]
[0.11480606]
[0.11480058]
[0.11479031]
[0.11476039]
[0.11472744]
[0.11472338]
[0.11471087]
[0.1147029]
[0.1146998]
[0.11465142]
[0.11460719]
[0.11456873]
[0.11456723]
[0.11456721]
[0.11456592]
[0.11450519]
[0.11448691]
[0.11447541]
[0.11447188]
[0.11441951]
[0.11441661]
[0.11441661]
[0.11438458]
[0.11438106]
[0.11438008]
[0.11436205]
[0.11435339]
[0.11433294]
[0.1143295]
[0.11432078]
[0.11431561]
[0.11426325]
[0.11418874]
[0.11417521]
[0.11414827]
[0.11413601]
[0.11413003]
[0.11412471]
[0.11410923]
[0.11406051]
[0.11404118]
[0.11402427]
[0.11400525]
[0.11399583]
[0.1139764]
[0.11394063]
[0.11393523]
[0.11392811]
[0.1139273]
[0.1139273]
[0.11388397]
[0.11382452]
[0.11381461]
[0.11380724]
[0.11380667]
[0.11379825]
[0.11378971]
[0.11378296]
[0.11377477]
[0.11377171]
[0.11376235]
[0.11375225]
[0.11373258]
[0.11372182]
[0.11369216]
[0.11368775]
[0.11366978]
[0.11365864]
[0.11364337]
[0.11363868]
[0.11362943]
[0.11357699]
[0.11355429]
[0.11354244]
[0.11351316]
[0.11350955]
[0.11347229]
[0.11346322]
[0.11344767]
[0.11340851]
[0.11336113]
[0.11330932]
[0.11329263]
[0.11328039]
[0.11327925]
[0.11326902]
[0.11324289]
[0.11322998]
[0.11322075]
[0.11320405]
[0.11319896]
[0.11317494]
[0.11316466]
[0.11316309]
[0.11315879]
[0.11313216]
[0.11309736]
[0.11307932]
[0.11305071]
[0.11303587]
[0.11302762]
[0.1130179]
[0.11301273]
[0.11300812]
[0.11299186]
[0.11295761]
[0.11295231]
[0.11291758]
[0.1128969]
[0.11286639]
[0.11285998]
[0.11284677]
[0.11283081]
[0.11281741]
[0.11281426]
[0.11281396]
[0.11279229]
[0.11279069]
[0.11278694]
[0.1127488]
[0.11272688]
[0.11267664]
[0.11266373]
[0.11265705]
[0.11262441]
[0.1126079]
[0.11260481]
[0.11259294]
[0.11254784]
[0.1125339]
[0.11251789]
[0.11250108]
[0.11249494]
[0.11246753]
[0.11246547]
[0.11246295]
[0.1124384]
[0.11243808]
[0.1124195]
[0.112396]
[0.11237752]
[0.11237665]
[0.11237507]
[0.11236936]
[0.11235196]
[0.11233553]
[0.11232091]
[0.11220776]
[0.11219432]
[0.11217133]
[0.11216179]
[0.11214882]
[0.11213747]
[0.11213273]
[0.11212938]
[0.11212405]
[0.11211625]
[0.11210257]
[0.11207628]
[0.11207596]
[0.11206648]
[0.1120438]
[0.1120331]
[0.11200158]
[0.11200053]
[0.11199593]
[0.11196692]
[0.11196498]
[0.11195377]
[0.11192871]
[0.11187126]
[0.11187054]
[0.1118667]
[0.11185417]
[0.11184777]
[0.11184121]
[0.11183755]
[0.11183452]
[0.11180878]
[0.11177581]
[0.11174948]
[0.11174408]
[0.11173595]
[0.11173311]
[0.11169185]
[0.11167957]
[0.11162146]
[0.11159986]
[0.11156875]
[0.11156827]
[0.11152665]
[0.11148617]
[0.11147393]
[0.1114718]
[0.11146861]
[0.11146694]
[0.11146358]
[0.11145528]
[0.11145458]
[0.11142222]
[0.11141986]
[0.11140843]
[0.11136984]
[0.11135007]
[0.11133327]
[0.11132133]
[0.11131732]
[0.11130494]
[0.11129423]
[0.11127869]
[0.11125966]
[0.11125355]
[0.11124946]
[0.1112446]
[0.11122014]
[0.1112133]
[0.11117361]
[0.11116707]
[0.11114691]
[0.11108521]
[0.11101089]
[0.11100441]
[0.11099486]
[0.11099258]
[0.11098205]
[0.11097266]
[0.11093178]
[0.11090848]
[0.11087957]
[0.11087293]
[0.11086673]
[0.11086371]
[0.11083599]
[0.11083487]
[0.11077802]
[0.11076619]
[0.110747]
[0.11070578]
[0.11068362]
[0.11064549]
[0.11063421]
[0.11062729]
[0.11061199]
[0.11059497]
[0.11058766]
[0.11055579]
[0.11053939]
[0.11053063]
[0.11049974]
[0.11049571]
[0.1104813]
[0.11040448]
[0.11039777]
[0.11038473]
[0.11038316]
[0.11035568]
[0.11035254]
[0.11033253]
[0.11032523]
[0.11031402]
[0.11029785]
[0.11029541]
[0.1102826]
[0.11027172]
[0.11025511]
[0.11024524]
[0.11023596]
[0.11021052]
[0.11019368]
[0.11018737]
[0.11017971]
[0.11016685]
[0.11016499]
[0.11012108]
[0.11008998]
[0.11008952]
[0.11007554]
[0.11007023]
[0.11005986]
[0.11003251]
[0.11001951]
[0.11000051]
[0.10999383]
[0.1099769]
[0.10997156]
[0.10995888]
[0.10995635]
[0.10994986]
[0.1098756]
[0.10983508]
[0.10982694]
[0.10981858]
[0.1098055]
[0.10974266]
[0.10973286]
[0.10970056]
[0.10969548]
[0.10967113]
[0.10965084]
[0.10964943]
[0.10963012]
[0.10960136]
[0.10960042]
[0.10959449]
[0.1095624]
[0.10956008]
[0.10951696]
[0.1095162]
[0.10947178]
[0.10944538]
[0.10943279]
[0.10942677]
[0.10942677]
[0.10942195]
[0.10941689]
[0.10941248]
[0.10939997]
[0.10931189]
[0.10926912]
[0.1092307]
[0.10915876]
[0.10915218]
[0.10913558]
[0.10913374]
[0.1091011]
[0.10909738]
[0.10907254]
[0.10906087]
[0.10905985]
[0.10905874]
[0.10899545]
[0.10899481]
[0.10897055]
[0.10891269]
[0.10886987]
[0.10884968]
[0.10879382]
[0.1087815]
[0.10871017]
[0.10869198]
[0.10860893]
[0.10860515]
[0.10856763]
[0.108565]
[0.10856347]
[0.10855994]
[0.1085547]
[0.10855266]
[0.1085506]
[0.10845876]
[0.10844549]
[0.10843246]
[0.10842516]
[0.10841423]
[0.10840076]
[0.10838778]
[0.10836805]
[0.10834622]
[0.10831441]
[0.10829816]
[0.10828783]
[0.10823534]
[0.10822056]
[0.10820232]
[0.10817304]
[0.10816599]
[0.10812984]
[0.1081138]
[0.10804582]
[0.10802137]
[0.10801072]
[0.10800942]
[0.10800472]
[0.10797996]
[0.10794548]
[0.10792334]
[0.10790362]
[0.10789839]
[0.10788697]
[0.10788178]
[0.10787549]
[0.10783979]
[0.10779275]
[0.10779086]
[0.10777453]
[0.10775747]
[0.10773565]
[0.10771777]
[0.10769463]
[0.10768646]
[0.10766938]
[0.10760687]
[0.10758132]
[0.10755339]
[0.10754281]
[0.10749696]
[0.10745119]
[0.10743023]
[0.10738458]
[0.10738365]
[0.10737005]
[0.10733427]
[0.10731805]
[0.10731344]
[0.10730471]
[0.10729025]
[0.10727639]
[0.1072498]
[0.10724083]
[0.10722873]
[0.10721121]
[0.1071885]
[0.10718028]
[0.10716845]
[0.10715293]
[0.10715234]
[0.10710861]
[0.10708247]
[0.10706209]
[0.10704318]
[0.10701743]
[0.1070049]
[0.10695324]
[0.10694619]
[0.10693124]
[0.10692109]
[0.10691039]
[0.10690704]
[0.10690507]
[0.10689447]
[0.10688692]
[0.10686906]
[0.10683365]
[0.10681063]
[0.10677384]
[0.10669386]
[0.10664362]
[0.10664011]
[0.10661565]
[0.10659774]
[0.10658343]
[0.10653232]
[0.10651977]
[0.10650735]
[0.10650672]
[0.10649179]
[0.10647995]
[0.10646392]
[0.10643795]
[0.10637568]
[0.10633695]
[0.10633623]
[0.10630532]
[0.10629196]
[0.10628846]
[0.10627113]
[0.10623725]
[0.10623579]
[0.10621552]
[0.10617881]
[0.10617822]
[0.10615133]
[0.10614687]
[0.10608097]
[0.10605009]
[0.10604076]
[0.10603845]
[0.1060349]
[0.10595524]
[0.10595351]
[0.10590877]
[0.10588322]
[0.10586502]
[0.1058555]
[0.10582892]
[0.10582852]
[0.10581426]
[0.10581227]
[0.10578863]
[0.10577159]
[0.10576058]
[0.10575729]
[0.10573567]
[0.10571092]
[0.10569394]
[0.10567189]
[0.10563766]
[0.10562266]
[0.10560213]
[0.10560203]
[0.10560028]
[0.10558562]
[0.10558456]
[0.10555534]
[0.1055399]
[0.10551386]
[0.10546052]
[0.10543817]
[0.10536684]
[0.10536428]
[0.10536222]
[0.10535841]
[0.10534237]
[0.10534106]
[0.10532553]
[0.10530226]
[0.10527254]
[0.10519169]
[0.10518235]
[0.10517504]
[0.10515103]
[0.10513387]
[0.10509299]
[0.1049678]
[0.1049557]
[0.10490602]
[0.10490451]
[0.10489695]
[0.1048103]
[0.10480869]
[0.10479692]
[0.10478663]
[0.10475439]
[0.10474316]
[0.10473596]
[0.1047285]
[0.10472634]
[0.10466923]
[0.10466829]
[0.10466588]
[0.10465682]
[0.10465035]
[0.10462508]
[0.10462429]
[0.10454538]
[0.10454489]
[0.10452785]
[0.10451435]
[0.10449482]
[0.10447719]
[0.1044469]
[0.10443553]
[0.10440966]
[0.10438164]
[0.10437934]
[0.10436928]
[0.10435881]
[0.10430679]
[0.10424703]
[0.10423452]
[0.10422955]
[0.10421368]
[0.10418547]
[0.10417597]
[0.10409489]
[0.10408679]
[0.10407519]
[0.10407052]
[0.10406763]
[0.10403556]
[0.10401131]
[0.10398157]
[0.10391954]
[0.10389468]
[0.10387227]
[0.10386536]
[0.10380904]
[0.1037529]
[0.10375193]
[0.10373934]
[0.10372928]
[0.10372601]
[0.10366809]
[0.10365336]
[0.10362049]
[0.10358024]
[0.10357588]
[0.10356718]
[0.10356649]
[0.10354221]
[0.10353451]
[0.1035264]
[0.10349683]
[0.10341579]
[0.10338917]
[0.1033593]
[0.1033433]
[0.1033362]
[0.10329318]
[0.10327521]
[0.10325688]
[0.10322863]
[0.10317421]
[0.10317188]
[0.10316415]
[0.10313667]
[0.10313134]
[0.10312926]
[0.10309927]
[0.10305899]
[0.10305788]
[0.10303807]
[0.10300169]
[0.10299803]
[0.10297377]
[0.10296328]
[0.10293096]
[0.10292391]
[0.10290247]
[0.10289165]
[0.10288492]
[0.10284452]
[0.10283757]
[0.1027825]
[0.1027101]
[0.10269982]
[0.10269204]
[0.1026068]
[0.10251043]
[0.10249729]
[0.1024695]
[0.10244256]
[0.10239322]
[0.10238952]
[0.10237313]
[0.102368]
[0.10232586]
[0.10231752]
[0.10230467]
[0.10222927]
[0.10218007]
[0.1021634]
[0.10215666]
[0.10205554]
[0.1020499]
[0.10194949]
[0.10186827]
[0.10185915]
[0.10174549]
[0.10169517]
[0.10160328]
[0.10153627]
[0.10150701]
[0.1014497]
[0.10144396]
[0.10141207]
[0.10135179]
[0.10135163]
[0.10130524]
[0.10122838]
[0.10117267]
[0.10111788]
[0.10107226]
[0.10106198]
[0.10105141]
[0.10101531]
[0.10095914]
[0.10094741]
[0.10091937]
[0.1008986]
[0.10086776]
[0.10068717]
[0.10064043]
[0.10063853]
[0.10059699]
[0.10059137]
[0.10057351]
[0.10052457]
[0.10050107]
[0.10049543]
[0.10047262]
[0.10046987]
[0.10042006]
[0.10038065]
[0.1003463]
[0.10032086]
[0.10030248]
[0.10029168]
[0.10026337]
[0.10023567]
[0.10022435]
[0.10019723]
[0.10018666]
[0.10013464]
[0.10013092]
[0.10009664]
[0.1000862]
[0.10004018]
[0.10004004]
[0.09999803]
[0.09998178]
[0.09993881]
[0.09987357]
[0.09978663]
[0.0997401]
[0.09973612]
[0.09966306]
[0.09966233]
[0.09965608]
[0.09965587]
[0.09961113]
[0.09959547]
[0.09959082]
[0.09957795]
[0.09954978]
[0.09954859]
[0.09953633]
[0.09948447]
[0.09947064]
[0.09944484]
[0.09941525]
[0.09936116]
[0.09935476]
[0.09933113]
[0.09932519]
[0.09928671]
[0.0991831]
[0.0990828]
[0.09908203]
[0.09906475]
[0.09894967]
[0.0989404]
[0.09891186]
[0.09890391]
[0.09887058]
[0.09884562]
[0.09878159]
[0.09874912]
[0.09872565]
[0.09870016]
[0.09866824]
[0.0986582]
[0.09864068]
[0.09857675]
[0.09856005]
[0.09853785]
[0.09852789]
[0.09849779]
[0.09847169]
[0.09846987]
[0.09845716]
[0.09845453]
[0.09843621]
[0.09841046]
[0.09839816]
[0.09838061]
[0.09833021]
[0.09832786]
[0.0982305]
[0.09814566]
[0.09814093]
[0.09791888]
[0.09791216]
[0.09787773]
[0.097781]
[0.09777667]
[0.09774084]
[0.09763551]
[0.0976299]
[0.09757192]
[0.09755051]
[0.09752499]
[0.09736492]
[0.09735729]
[0.09716592]
[0.0971614]
[0.0969531]
[0.09694908]
[0.09693711]
[0.0969205]
[0.09691302]
[0.09675229]
[0.09657791]
[0.09650494]
[0.09648613]
[0.09644953]
[0.09631836]
[0.09619778]
[0.09619574]
[0.09618689]
[0.09615048]
[0.09605877]
[0.09604891]
[0.09602077]
[0.09601047]
[0.09595817]
[0.09589568]
[0.0957085]
[0.0957021]
[0.0956267]
[0.09562443]
[0.09562352]
[0.09557119]
[0.09556618]
[0.09546066]
[0.09537127]
[0.09526432]
[0.09516724]
[0.09509835]
[0.09509376]
[0.09506673]
[0.095041]
[0.09491402]
[0.09484416]
[0.09462299]
[0.09448929]
[0.09442954]
[0.09440858]
[0.09440813]
[0.09437397]
[0.09425862]
[0.09412996]
[0.0941252]
[0.09410329]
[0.09407859]
[0.0940434]
[0.09390789]
[0.09363692]
[0.09359428]
[0.09352949]
[0.09331857]
[0.09318643]
[0.0931024]
[0.09301099]
[0.09265284]
[0.09261863]
[0.09261446]
[0.09254184]
[0.09252954]
[0.09251809]
[0.09244321]
[0.09233282]
[0.09233198]
[0.09225287]
[0.09209041]
[0.0919043]
[0.09136838]
[0.09120346]
[0.09111212]
[0.09103409]
[0.0910316]
[0.09100533]
[0.09089971]
[0.09070721]
[0.09068487]
[0.09050188]
[0.09021381]
[0.09000045]
[0.08994626]
[0.08980076]
[0.0895577]
[0.08944911]
[0.08936686]
[0.08911611]
[0.08877901]
[0.08869441]
[0.08859736]
[0.08853273]
[0.08849359]
[0.08842553]
[0.08833244]
[0.08822884]
[0.08800345]
[0.08792102]
[0.0878686]
[0.08786757]
[0.08725739]
[0.08725722]
[0.08710436]
[0.08702387]
[0.08686082]
[0.08666101]
[0.08665969]
[0.08627195]
[0.08624731]
[0.0859696]
[0.0859494]
[0.08563275]
[0.08552267]
[0.08514149]
[0.08498963]
[0.08488204]
[0.08478168]
[0.08453332]
[0.0845053]
[0.08441139]
[0.0842076]
[0.08413312]
[0.08378937]
[0.08378408]
[0.08354606]
[0.0834898]
[0.08345336]
[0.08322284]
[0.08315723]
[0.08311947]
[0.08284327]
[0.08278597]
[0.08275814]
[0.08272643]
[0.08271879]
[0.08264729]
[0.08261082]
[0.08254071]
[0.08236113]
[0.08210325]
[0.08208435]
[0.08189593]
[0.08175492]
[0.08160471]
[0.08154827]
[0.08140612]
[0.08134726]
[0.08130017]
[0.08116184]
[0.08104422]
[0.0810101]
[0.08098663]
[0.08077186]
[0.08076514]
[0.08058619]
[0.08057103]
[0.08056869]
[0.08039409]
[0.08028597]
[0.08026037]
[0.08010206]
[0.08000267]
[0.07989078]
[0.07980444]
[0.07978559]
[0.07977967]
[0.07972364]
[0.07962938]
[0.07954034]
[0.07941862]
[0.07936098]
[0.07929056]
[0.07916093]
[0.07894568]
[0.07881368]
[0.07866947]
[0.07864875]
[0.07853075]
[0.07845655]
[0.07839573]
[0.07800948]
[0.07786904]
