[0.58964825]
[0.576902]
[0.5720301]
[0.56893903]
[0.56534916]
[0.5617343]
[0.5608075]
[0.5601359]
[0.55580354]
[0.55238354]
[0.5521314]
[0.550946]
[0.5508829]
[0.54854536]
[0.54598993]
[0.5424514]
[0.5419711]
[0.540608]
[0.5399128]
[0.53850716]
[0.53759056]
[0.53753036]
[0.53700006]
[0.5360462]
[0.5354049]
[0.5353883]
[0.5345065]
[0.53341484]
[0.53338194]
[0.53280467]
[0.5327518]
[0.5303248]
[0.5296747]
[0.52708226]
[0.5246707]
[0.5243302]
[0.52350825]
[0.52267563]
[0.5220853]
[0.52172786]
[0.52092814]
[0.52010214]
[0.5193831]
[0.5193235]
[0.51923037]
[0.5184856]
[0.51744705]
[0.5171402]
[0.5166488]
[0.51646066]
[0.5155979]
[0.5150306]
[0.5147115]
[0.51448923]
[0.51448923]
[0.51440936]
[0.5140725]
[0.51382893]
[0.5137911]
[0.5137419]
[0.5131047]
[0.51282465]
[0.51282465]
[0.51282465]
[0.51282465]
[0.51141804]
[0.51090467]
[0.51039356]
[0.5102373]
[0.5091773]
[0.50836694]
[0.50835055]
[0.50808567]
[0.507712]
[0.5073212]
[0.5063745]
[0.50628537]
[0.5059884]
[0.5047284]
[0.5042843]
[0.5037803]
[0.50299966]
[0.5029173]
[0.5028285]
[0.5017706]
[0.50067854]
[0.4999006]
[0.49984294]
[0.49922603]
[0.4966795]
[0.4962839]
[0.49576843]
[0.49505413]
[0.49431252]
[0.49381226]
[0.49271923]
[0.49271923]
[0.4925903]
[0.49170724]
[0.49112406]
[0.4891676]
[0.4877472]
[0.4871288]
[0.48673663]
[0.48663014]
[0.48571068]
[0.48541352]
[0.4852747]
[0.48452094]
[0.4843087]
[0.48382142]
[0.48319772]
[0.48298827]
[0.482639]
[0.48246413]
[0.48228768]
[0.48192433]
[0.48100567]
[0.4805879]
[0.48028743]
[0.4800417]
[0.47979954]
[0.47949854]
[0.4794014]
[0.4785834]
[0.476515]
[0.47567362]
[0.47508106]
[0.47451484]
[0.4732821]
[0.4732627]
[0.47228697]
[0.47225028]
[0.4700621]
[0.46976274]
[0.46958634]
[0.4691461]
[0.46826145]
[0.46792376]
[0.4678831]
[0.46605122]
[0.4659528]
[0.46554697]
[0.46430346]
[0.4638966]
[0.46320063]
[0.4625014]
[0.46202087]
[0.4611405]
[0.46058112]
[0.46009946]
[0.46003467]
[0.45997822]
[0.45994887]
[0.45956382]
[0.4594362]
[0.45940104]
[0.45939115]
[0.45895547]
[0.45732498]
[0.4571757]
[0.45713782]
[0.4566831]
[0.45576072]
[0.4556911]
[0.4553727]
[0.4545731]
[0.45434844]
[0.453747]
[0.45245045]
[0.4523836]
[0.4509018]
[0.4506833]
[0.45045486]
[0.45029226]
[0.45007908]
[0.4500288]
[0.44924337]
[0.44902954]
[0.44879973]
[0.44820353]
[0.447664]
[0.4473703]
[0.44666514]
[0.4465004]
[0.44643262]
[0.44600004]
[0.44500205]
[0.44486532]
[0.4444778]
[0.44442487]
[0.44436976]
[0.4440818]
[0.44321358]
[0.4421984]
[0.44163594]
[0.441496]
[0.44142652]
[0.44113976]
[0.4406923]
[0.44044584]
[0.44044417]
[0.44022182]
[0.4401952]
[0.44009155]
[0.4399155]
[0.43942916]
[0.43907836]
[0.43835554]
[0.43788126]
[0.43743405]
[0.43721464]
[0.43607947]
[0.43602744]
[0.43597385]
[0.43586603]
[0.4350832]
[0.43451205]
[0.43451205]
[0.43443176]
[0.43344462]
[0.43233714]
[0.43189836]
[0.43184403]
[0.43167236]
[0.4315448]
[0.43148467]
[0.4313888]
[0.43137464]
[0.43119168]
[0.43029037]
[0.42992637]
[0.42986828]
[0.4297063]
[0.42959228]
[0.4294482]
[0.4291349]
[0.42902526]
[0.42873687]
[0.42862177]
[0.4282265]
[0.42813525]
[0.42794213]
[0.4274202]
[0.42718956]
[0.4271335]
[0.42684618]
[0.42660934]
[0.42644942]
[0.42640078]
[0.42613778]
[0.4261071]
[0.4257964]
[0.4255037]
[0.42512438]
[0.4248219]
[0.4248034]
[0.42457137]
[0.42423353]
[0.4238087]
[0.42348263]
[0.42327505]
[0.42313555]
[0.4230272]
[0.4230199]
[0.42267442]
[0.4222668]
[0.42224357]
[0.42201197]
[0.42173824]
[0.42150187]
[0.42109346]
[0.42106646]
[0.420805]
[0.4200908]
[0.41964027]
[0.4195436]
[0.41949034]
[0.41918665]
[0.41892266]
[0.41861704]
[0.4180544]
[0.41772097]
[0.41714624]
[0.4169684]
[0.41662753]
[0.4162465]
[0.41581967]
[0.4153368]
[0.41493684]
[0.41466007]
[0.41463688]
[0.4144158]
[0.414393]
[0.41424972]
[0.41421223]
[0.41420946]
[0.41407707]
[0.41406682]
[0.41396222]
[0.41346624]
[0.41331148]
[0.41330603]
[0.41311982]
[0.41275677]
[0.41245988]
[0.4121226]
[0.41203535]
[0.41113856]
[0.41059154]
[0.41008547]
[0.40989044]
[0.40987706]
[0.4093776]
[0.40929738]
[0.40884835]
[0.40868127]
[0.40865615]
[0.4084296]
[0.40817353]
[0.4081586]
[0.40802652]
[0.40790483]
[0.40752268]
[0.407519]
[0.40742916]
[0.4070108]
[0.40693623]
[0.40607992]
[0.4057801]
[0.405706]
[0.40559307]
[0.40549856]
[0.40541995]
[0.40516186]
[0.40493402]
[0.40492317]
[0.40458724]
[0.4044499]
[0.4043591]
[0.4039725]
[0.40379807]
[0.40370715]
[0.40353912]
[0.40349963]
[0.40316403]
[0.40310645]
[0.4030804]
[0.40293175]
[0.40283415]
[0.40257487]
[0.40245306]
[0.40228525]
[0.40223497]
[0.40201715]
[0.40171647]
[0.40154794]
[0.40141693]
[0.40140387]
[0.40131298]
[0.401071]
[0.40020135]
[0.39953598]
[0.39939696]
[0.39934266]
[0.39904678]
[0.39900798]
[0.39867318]
[0.3985905]
[0.39845523]
[0.39842278]
[0.3983157]
[0.39830995]
[0.39826167]
[0.39822993]
[0.39780673]
[0.3977511]
[0.3976156]
[0.3975867]
[0.39742166]
[0.39741433]
[0.39725062]
[0.39706343]
[0.39704433]
[0.39699927]
[0.39669073]
[0.39656764]
[0.39638406]
[0.39617762]
[0.3958479]
[0.3958434]
[0.39566755]
[0.39559853]
[0.39559853]
[0.3955547]
[0.39550504]
[0.39545858]
[0.39543355]
[0.3953795]
[0.39520973]
[0.39518017]
[0.39509135]
[0.39507082]
[0.3950265]
[0.3950265]
[0.39502054]
[0.3949712]
[0.39496154]
[0.3948287]
[0.3947911]
[0.3944817]
[0.39422935]
[0.3941237]
[0.39377606]
[0.393623]
[0.39358446]
[0.39328972]
[0.3932147]
[0.39315218]
[0.3930489]
[0.3929174]
[0.39277858]
[0.39266875]
[0.39246294]
[0.39222193]
[0.3920813]
[0.3916904]
[0.39150995]
[0.39071628]
[0.39061403]
[0.39034775]
[0.39029288]
[0.39016443]
[0.39001608]
[0.3900147]
[0.38994426]
[0.38979775]
[0.38976595]
[0.38974434]
[0.38965523]
[0.38956693]
[0.38945767]
[0.38939238]
[0.3893473]
[0.3893473]
[0.38907984]
[0.38885432]
[0.38855892]
[0.38846302]
[0.38845277]
[0.38822073]
[0.3879693]
[0.3879239]
[0.38764712]
[0.38760307]
[0.38736415]
[0.38736308]
[0.3871503]
[0.3871029]
[0.38708797]
[0.38691598]
[0.38657093]
[0.38632163]
[0.38606277]
[0.38602653]
[0.38574335]
[0.38562036]
[0.38547552]
[0.38515788]
[0.38469887]
[0.38455346]
[0.38453868]
[0.38451588]
[0.38448742]
[0.38428506]
[0.38413346]
[0.38394547]
[0.3839209]
[0.3838383]
[0.383714]
[0.3836912]
[0.38358837]
[0.38344637]
[0.38312393]
[0.38310465]
[0.3830232]
[0.38285208]
[0.3828416]
[0.3824636]
[0.3824182]
[0.3822645]
[0.38205865]
[0.38205513]
[0.382046]
[0.38193434]
[0.38184157]
[0.38173375]
[0.38145566]
[0.38126478]
[0.381083]
[0.3808649]
[0.38068888]
[0.3806565]
[0.38062415]
[0.3804036]
[0.38034943]
[0.38017297]
[0.3800904]
[0.37986517]
[0.3797481]
[0.379314]
[0.37904415]
[0.37894285]
[0.37884483]
[0.37883744]
[0.37866777]
[0.37845635]
[0.37826395]
[0.37821978]
[0.37805724]
[0.37782532]
[0.37760368]
[0.37754717]
[0.37749094]
[0.3774282]
[0.37735307]
[0.37717983]
[0.37712818]
[0.3770529]
[0.37704727]
[0.37700436]
[0.37696722]
[0.37690392]
[0.37678626]
[0.37668338]
[0.37654772]
[0.3763471]
[0.37628362]
[0.3761746]
[0.37604693]
[0.37589264]
[0.37587506]
[0.37581578]
[0.3758076]
[0.37577733]
[0.37570313]
[0.375479]
[0.3751601]
[0.3750895]
[0.37482396]
[0.37478608]
[0.37464604]
[0.3745629]
[0.3741828]
[0.37416282]
[0.37411585]
[0.37390834]
[0.3738179]
[0.37368062]
[0.37362915]
[0.37359008]
[0.37337714]
[0.37336487]
[0.3730049]
[0.37291208]
[0.37270898]
[0.37268633]
[0.37265483]
[0.37236238]
[0.37220255]
[0.3720887]
[0.37208363]
[0.37201414]
[0.37187067]
[0.37177297]
[0.3717077]
[0.3715608]
[0.3709122]
[0.37087414]
[0.3708046]
[0.3707914]
[0.37066483]
[0.37065]
[0.37059227]
[0.3704542]
[0.3703441]
[0.37026098]
[0.37020946]
[0.37017578]
[0.3700616]
[0.37005892]
[0.36994234]
[0.36978206]
[0.3696695]
[0.36962518]
[0.3692435]
[0.36922437]
[0.36910805]
[0.36908245]
[0.36905396]
[0.36900404]
[0.36895296]
[0.36864084]
[0.36859053]
[0.36849537]
[0.36845776]
[0.36845106]
[0.36839035]
[0.36830434]
[0.36765578]
[0.36741835]
[0.36732978]
[0.36727068]
[0.36723444]
[0.36718252]
[0.36699772]
[0.3668987]
[0.36682168]
[0.366775]
[0.36653942]
[0.36653176]
[0.36640427]
[0.36625654]
[0.366183]
[0.36613294]
[0.36604273]
[0.36594033]
[0.36579767]
[0.36550945]
[0.36550465]
[0.36548853]
[0.36543223]
[0.36541873]
[0.3652689]
[0.36513945]
[0.36508095]
[0.36505437]
[0.36493152]
[0.36491895]
[0.36485806]
[0.3648407]
[0.36468026]
[0.3646242]
[0.36460903]
[0.36453268]
[0.36449856]
[0.36439392]
[0.3643776]
[0.36433855]
[0.3640284]
[0.36387655]
[0.3637818]
[0.36370215]
[0.36369205]
[0.36369103]
[0.36369038]
[0.36369038]
[0.36360303]
[0.36359575]
[0.36350065]
[0.3634437]
[0.36338684]
[0.36319217]
[0.3630602]
[0.36295623]
[0.3629483]
[0.36293775]
[0.36287615]
[0.36276284]
[0.3627381]
[0.36257452]
[0.3624986]
[0.3624173]
[0.3623761]
[0.36231422]
[0.36225027]
[0.362172]
[0.36209267]
[0.36208585]
[0.36203408]
[0.36181197]
[0.36176392]
[0.3616973]
[0.36162418]
[0.36136186]
[0.36092523]
[0.36073154]
[0.36068466]
[0.3605431]
[0.36029375]
[0.36015648]
[0.36000118]
[0.35986587]
[0.3595545]
[0.3595315]
[0.35940716]
[0.35939083]
[0.35936764]
[0.3592454]
[0.35919788]
[0.3591077]
[0.35908067]
[0.35903051]
[0.35897633]
[0.35831988]
[0.35827422]
[0.35812768]
[0.3580538]
[0.35790318]
[0.3578586]
[0.3578586]
[0.35782212]
[0.3578141]
[0.35760987]
[0.3575325]
[0.35749936]
[0.35741538]
[0.35719758]
[0.35673872]
[0.3566644]
[0.35646564]
[0.35643652]
[0.35641488]
[0.35619685]
[0.356046]
[0.35603473]
[0.3560146]
[0.35588783]
[0.35573354]
[0.35563725]
[0.3555241]
[0.3555183]
[0.35551316]
[0.35529798]
[0.35520104]
[0.35480207]
[0.35478646]
[0.35472006]
[0.3545266]
[0.35443684]
[0.35427007]
[0.35421678]
[0.35420185]
[0.3540349]
[0.3540349]
[0.35402513]
[0.35398483]
[0.35391718]
[0.3537632]
[0.3537058]
[0.3536468]
[0.3536317]
[0.35360852]
[0.3534611]
[0.35339573]
[0.3533607]
[0.3532598]
[0.35322383]
[0.3532114]
[0.35308608]
[0.35298136]
[0.35290414]
[0.35280588]
[0.35271698]
[0.35268664]
[0.35262603]
[0.35261992]
[0.35256615]
[0.35229412]
[0.35229075]
[0.35227916]
[0.3521935]
[0.35202414]
[0.35191488]
[0.351765]
[0.35167477]
[0.35165152]
[0.35162058]
[0.35156018]
[0.35146865]
[0.35138908]
[0.35129613]
[0.35117945]
[0.3511355]
[0.35107732]
[0.35104835]
[0.35101286]
[0.35090292]
[0.35083932]
[0.35072312]
[0.35065284]
[0.35061932]
[0.3504664]
[0.35034913]
[0.3503356]
[0.35028154]
[0.35022333]
[0.35013276]
[0.35011622]
[0.35002363]
[0.34999523]
[0.34996712]
[0.34990066]
[0.34988967]
[0.34971237]
[0.3495076]
[0.3492155]
[0.3491926]
[0.34894946]
[0.34893075]
[0.3489232]
[0.34877697]
[0.34875152]
[0.34870076]
[0.3484289]
[0.34839576]
[0.3482954]
[0.3482807]
[0.34815904]
[0.34807092]
[0.34806943]
[0.34806654]
[0.34800717]
[0.34793654]
[0.34780785]
[0.34776622]
[0.34775555]
[0.34772792]
[0.34762868]
[0.3474481]
[0.34737304]
[0.34734407]
[0.34731612]
[0.34725258]
[0.34720933]
[0.34685737]
[0.34677768]
[0.34669474]
[0.34669474]
[0.34644255]
[0.34637094]
[0.34630996]
[0.3462896]
[0.34625527]
[0.34596568]
[0.34587651]
[0.3457913]
[0.34576938]
[0.34565958]
[0.34562215]
[0.34561068]
[0.34557986]
[0.34554744]
[0.34540975]
[0.34525898]
[0.3451191]
[0.34506565]
[0.34497184]
[0.34491637]
[0.34478173]
[0.34475583]
[0.3445716]
[0.34453693]
[0.3443176]
[0.34431154]
[0.344224]
[0.34422094]
[0.34409466]
[0.34404695]
[0.34399858]
[0.34387937]
[0.34374243]
[0.34355283]
[0.34355283]
[0.34355283]
[0.3435242]
[0.34343216]
[0.34342957]
[0.34338352]
[0.3433825]
[0.34335798]
[0.34332106]
[0.34300885]
[0.34281296]
[0.34275237]
[0.34273165]
[0.34265468]
[0.34259567]
[0.34248677]
[0.34238786]
[0.3423395]
[0.34215042]
[0.34199354]
[0.3417347]
[0.34168836]
[0.34168836]
[0.34167367]
[0.34159362]
[0.34158614]
[0.34150308]
[0.34141335]
[0.34135282]
[0.34129086]
[0.3412063]
[0.3411446]
[0.34111056]
[0.34111056]
[0.34094116]
[0.34070787]
[0.34070444]
[0.34070048]
[0.34050784]
[0.34038255]
[0.3403562]
[0.3402784]
[0.34006116]
[0.33998]
[0.33996034]
[0.33985394]
[0.3398367]
[0.3397251]
[0.33970073]
[0.33935645]
[0.3393389]
[0.33926204]
[0.3392319]
[0.3391967]
[0.33910027]
[0.33906123]
[0.33893985]
[0.33890253]
[0.3388695]
[0.33877954]
[0.338657]
[0.33859968]
[0.33857307]
[0.33856225]
[0.3385464]
[0.33844876]
[0.33840483]
[0.33836377]
[0.33829588]
[0.33823675]
[0.33819506]
[0.3381557]
[0.33801314]
[0.33787644]
[0.33781636]
[0.33772206]
[0.33764052]
[0.33754334]
[0.33744764]
[0.33741856]
[0.33740908]
[0.33727893]
[0.33723325]
[0.3371691]
[0.337062]
[0.3370378]
[0.33700296]
[0.33691993]
[0.33688018]
[0.33687097]
[0.3368172]
[0.33676967]
[0.33676434]
[0.3366846]
[0.33662036]
[0.33647406]
[0.33646873]
[0.3363153]
[0.33626753]
[0.33624837]
[0.33617726]
[0.33616793]
[0.33615828]
[0.33611697]
[0.3360664]
[0.3359904]
[0.3359647]
[0.33584258]
[0.33583406]
[0.3357492]
[0.3357296]
[0.33564782]
[0.3355461]
[0.33529946]
[0.33517557]
[0.33511254]
[0.33507589]
[0.33507496]
[0.33505225]
[0.3349462]
[0.3347177]
[0.334495]
[0.3344194]
[0.3344194]
[0.3344194]
[0.33441582]
[0.33441123]
[0.33439067]
[0.3343827]
[0.33437625]
[0.33437502]
[0.33437502]
[0.33437502]
[0.3341466]
[0.33413157]
[0.33413157]
[0.33406237]
[0.33387515]
[0.33380646]
[0.33374]
[0.33371148]
[0.33362773]
[0.3336257]
[0.3336142]
[0.33347565]
[0.3333329]
[0.33312824]
[0.33308074]
[0.3330776]
[0.33306646]
[0.33302268]
[0.3329938]
[0.3329633]
[0.3329502]
[0.33290514]
[0.33284837]
[0.33276412]
[0.33268583]
[0.3326708]
[0.3325844]
[0.33255696]
[0.33225244]
[0.3320556]
[0.33196896]
[0.3319646]
[0.33193445]
[0.3318785]
[0.3318363]
[0.331832]
[0.33178735]
[0.33172634]
[0.33169386]
[0.33166963]
[0.33145028]
[0.3314212]
[0.33141464]
[0.33141017]
[0.3313157]
[0.33129692]
[0.33129483]
[0.33118948]
[0.3311649]
[0.33103105]
[0.33100092]
[0.3309638]
[0.3309624]
[0.3307929]
[0.3307318]
[0.33068883]
[0.3306504]
[0.330619]
[0.33043545]
[0.33039096]
[0.33034703]
[0.3302589]
[0.33023995]
[0.33020616]
[0.3301918]
[0.33016688]
[0.33016688]
[0.32994768]
[0.32991108]
[0.32974258]
[0.32974043]
[0.329698]
[0.32963255]
[0.3293418]
[0.3290776]
[0.3290776]
[0.32893768]
[0.3288878]
[0.32888195]
[0.32870287]
[0.3287026]
[0.328649]
[0.3285813]
[0.32856825]
[0.32855222]
[0.3285062]
[0.32831243]
[0.32828015]
[0.32826617]
[0.3282554]
[0.3281972]
[0.327956]
[0.32790768]
[0.32783353]
[0.32777125]
[0.32774544]
[0.32756367]
[0.3274392]
[0.32743385]
[0.32739997]
[0.32732713]
[0.3272542]
[0.3272489]
[0.32721418]
[0.3271384]
[0.3269764]
[0.32697213]
[0.3269185]
[0.32686427]
[0.3267917]
[0.32671943]
[0.32671124]
[0.326641]
[0.32653037]
[0.32640174]
[0.326326]
[0.3262843]
[0.3262737]
[0.32623884]
[0.32618517]
[0.32613647]
[0.3260777]
[0.32603112]
[0.3260148]
[0.32597727]
[0.32596445]
[0.32592794]
[0.32588834]
[0.32580784]
[0.32576242]
[0.32572052]
[0.32572052]
[0.32570902]
[0.32567725]
[0.3256688]
[0.3256484]
[0.32551104]
[0.3253857]
[0.3253508]
[0.32533345]
[0.32532805]
[0.3253079]
[0.3252857]
[0.3252352]
[0.3252307]
[0.3252056]
[0.3250964]
[0.32500532]
[0.32497576]
[0.3249422]
[0.32489026]
[0.32482287]
[0.32458726]
[0.32453707]
[0.32448515]
[0.32441935]
[0.3243899]
[0.3243257]
[0.32422408]
[0.3241989]
[0.32418096]
[0.32418096]
[0.32418096]
[0.32412344]
[0.32394007]
[0.3237653]
[0.3236789]
[0.32365146]
[0.3236472]
[0.32361093]
[0.32356614]
[0.3234968]
[0.32348442]
[0.323402]
[0.32332876]
[0.32332417]
[0.32326537]
[0.32325593]
[0.32307824]
[0.32304347]
[0.32300216]
[0.32290307]
[0.32248768]
[0.32247645]
[0.32231587]
[0.32228693]
[0.3222641]
[0.32208955]
[0.32203928]
[0.32203385]
[0.32193702]
[0.32189512]
[0.32187003]
[0.32181698]
[0.3215104]
[0.32145128]
[0.3214131]
[0.32136986]
[0.32136986]
[0.32118565]
[0.32098654]
[0.32098284]
[0.3209627]
[0.32090276]
[0.3208596]
[0.32083264]
[0.32068]
[0.32053927]
[0.32052305]
[0.3205183]
[0.32046902]
[0.3203925]
[0.32034492]
[0.32033053]
[0.32032308]
[0.3203044]
[0.32029703]
[0.3202688]
[0.3202668]
[0.32024968]
[0.32015058]
[0.32008928]
[0.32007012]
[0.3200462]
[0.32000807]
[0.3199879]
[0.3199802]
[0.31982958]
[0.3197551]
[0.31974036]
[0.31964403]
[0.31963134]
[0.31960598]
[0.3195866]
[0.31958583]
[0.31954166]
[0.31953877]
[0.31942853]
[0.31931853]
[0.31920815]
[0.3191852]
[0.31915215]
[0.31914085]
[0.31913033]
[0.3190197]
[0.31898287]
[0.31896088]
[0.3189578]
[0.3189578]
[0.3188463]
[0.31861156]
[0.31853497]
[0.318418]
[0.3183267]
[0.31824997]
[0.31818467]
[0.31814834]
[0.31802973]
[0.31802168]
[0.31800658]
[0.31799394]
[0.3179897]
[0.3178919]
[0.3178237]
[0.31775174]
[0.3176884]
[0.3176695]
[0.3176199]
[0.31760538]
[0.31756207]
[0.31750837]
[0.31742182]
[0.3173959]
[0.3173873]
[0.31733838]
[0.31733036]
[0.31733036]
[0.31726447]
[0.3171626]
[0.31713277]
[0.31713262]
[0.31703806]
[0.31697106]
[0.3168769]
[0.31680954]
[0.31677324]
[0.31674302]
[0.31672257]
[0.31672004]
[0.31671125]
[0.31653243]
[0.31649438]
[0.31649315]
[0.3163953]
[0.31636804]
[0.31626165]
[0.31622663]
[0.31620324]
[0.3161704]
[0.31616548]
[0.31615937]
[0.31612268]
[0.31608766]
[0.31604275]
[0.31602573]
[0.31599358]
[0.31595796]
[0.31592768]
[0.31590438]
[0.3158243]
[0.3157477]
[0.31564578]
[0.31543615]
[0.31534442]
[0.31532452]
[0.31527102]
[0.3152554]
[0.3151274]
[0.31510743]
[0.31505033]
[0.31502977]
[0.31502715]
[0.31490117]
[0.31476513]
[0.31474274]
[0.3145219]
[0.31452066]
[0.31436783]
[0.31426054]
[0.3142026]
[0.314178]
[0.31417745]
[0.31415161]
[0.31408]
[0.31407812]
[0.31405607]
[0.31388393]
[0.31382284]
[0.31374297]
[0.31357497]
[0.31341347]
[0.3133458]
[0.31331018]
[0.3132798]
[0.3132429]
[0.31322882]
[0.31318358]
[0.31313333]
[0.3125495]
[0.31247354]
[0.3124531]
[0.31240228]
[0.3122824]
[0.31226125]
[0.3122276]
[0.31220078]
[0.31213513]
[0.31208226]
[0.31207567]
[0.31202447]
[0.31195462]
[0.3119376]
[0.31181255]
[0.31177258]
[0.31166777]
[0.31165102]
[0.3116258]
[0.3115522]
[0.31151608]
[0.31140822]
[0.31139445]
[0.3113572]
[0.3113264]
[0.3111977]
[0.31116474]
[0.31115016]
[0.31098437]
[0.3109711]
[0.3108192]
[0.31079143]
[0.3106925]
[0.31069005]
[0.3106887]
[0.3106714]
[0.31056762]
[0.31050152]
[0.3103722]
[0.31024656]
[0.3102296]
[0.30987048]
[0.309781]
[0.309781]
[0.309781]
[0.30921373]
[0.30914474]
[0.3090202]
[0.30897918]
[0.30881307]
[0.30875084]
[0.3087323]
[0.30872202]
[0.30869403]
[0.30867332]
[0.30867332]
[0.3086705]
[0.3086451]
[0.30856335]
[0.3084365]
[0.3083955]
[0.30828375]
[0.30825412]
[0.30822983]
[0.3081723]
[0.30816573]
[0.30811667]
[0.3081114]
[0.3080958]
[0.30795243]
[0.3079107]
[0.30785614]
[0.30784044]
[0.30754653]
[0.307509]
[0.30737194]
[0.3072858]
[0.3072138]
[0.3071371]
[0.30692354]
[0.30690336]
[0.3068385]
[0.3068119]
[0.30677313]
[0.3067494]
[0.30671886]
[0.30665013]
[0.30663404]
[0.30663186]
[0.3065844]
[0.3064486]
[0.30644006]
[0.30638462]
[0.306208]
[0.3060737]
[0.3060103]
[0.30584595]
[0.30568722]
[0.30562806]
[0.30550584]
[0.30534083]
[0.30531487]
[0.30530497]
[0.30523905]
[0.3050862]
[0.30500206]
[0.30499324]
[0.30494303]
[0.30492112]
[0.3048648]
[0.30486083]
[0.30484638]
[0.3048349]
[0.3048117]
[0.3047334]
[0.30464774]
[0.30448908]
[0.30447495]
[0.3044652]
[0.30445802]
[0.30443126]
[0.3043705]
[0.3043177]
[0.30416375]
[0.30416164]
[0.30410925]
[0.3041077]
[0.30402443]
[0.3039482]
[0.30388367]
[0.30387074]
[0.3038485]
[0.30374315]
[0.3036626]
[0.3036626]
[0.3034309]
[0.3033142]
[0.30322334]
[0.30310705]
[0.30310565]
[0.3030842]
[0.30308196]
[0.3030532]
[0.30303496]
[0.30302155]
[0.30295882]
[0.30295032]
[0.30292356]
[0.30291474]
[0.30288976]
[0.3028004]
[0.30270642]
[0.30269265]
[0.30269212]
[0.30261818]
[0.3025349]
[0.30252388]
[0.30247217]
[0.30229986]
[0.30219734]
[0.30216536]
[0.30207434]
[0.30193916]
[0.3019058]
[0.30189663]
[0.3018608]
[0.30179793]
[0.30163875]
[0.3016179]
[0.30160472]
[0.30159622]
[0.30151248]
[0.3014062]
[0.30130914]
[0.30130914]
[0.30126446]
[0.30123976]
[0.3011815]
[0.30117178]
[0.30116165]
[0.30108732]
[0.30104992]
[0.30102068]
[0.30089542]
[0.30079922]
[0.30077723]
[0.30077264]
[0.30076334]
[0.300739]
[0.30069214]
[0.30068713]
[0.30065086]
[0.3005811]
[0.30056727]
[0.30048284]
[0.3004725]
[0.30045703]
[0.30045703]
[0.30007127]
[0.30003476]
[0.30001703]
[0.3000018]
[0.29999858]
[0.29996726]
[0.29996225]
[0.2998308]
[0.2998272]
[0.29979026]
[0.29976124]
[0.2997554]
[0.29972935]
[0.29972935]
[0.2997135]
[0.29959476]
[0.29959166]
[0.29958683]
[0.2995265]
[0.29948658]
[0.2993725]
[0.2993689]
[0.2993688]
[0.29929706]
[0.29926062]
[0.29923338]
[0.2990494]
[0.2989026]
[0.29885036]
[0.29878885]
[0.2987526]
[0.29872257]
[0.29854804]
[0.29853258]
[0.2985307]
[0.29840082]
[0.29828364]
[0.29828364]
[0.2982562]
[0.29818338]
[0.2981764]
[0.29817024]
[0.2981586]
[0.29813793]
[0.29802176]
[0.29795343]
[0.29789743]
[0.29787892]
[0.29783538]
[0.29771546]
[0.2976884]
[0.2976713]
[0.29763114]
[0.29761702]
[0.29756963]
[0.29744697]
[0.29744083]
[0.29743114]
[0.29743114]
[0.29742905]
[0.2973885]
[0.29737023]
[0.29728624]
[0.2971477]
[0.29713503]
[0.29708958]
[0.29704815]
[0.29701474]
[0.29699102]
[0.29692557]
[0.29684398]
[0.29679915]
[0.2967593]
[0.29669568]
[0.2965933]
[0.2965933]
[0.2965883]
[0.2965448]
[0.29649743]
[0.29649624]
[0.29641393]
[0.29637125]
[0.29627413]
[0.2962391]
[0.29623377]
[0.2962248]
[0.29621536]
[0.29618606]
[0.29610112]
[0.29609996]
[0.29595867]
[0.29590315]
[0.29585814]
[0.2958226]
[0.2958111]
[0.295807]
[0.29576358]
[0.295763]
[0.29547504]
[0.295437]
[0.29541963]
[0.29540807]
[0.29538414]
[0.29536298]
[0.29533443]
[0.29528925]
[0.29528898]
[0.295288]
[0.295287]
[0.2952781]
[0.2952168]
[0.29521433]
[0.29520017]
[0.2951651]
[0.2951338]
[0.2951321]
[0.2951315]
[0.29513]
[0.29502657]
[0.2949939]
[0.2949225]
[0.29486573]
[0.29484424]
[0.29482886]
[0.29476738]
[0.29471976]
[0.29465002]
[0.29457024]
[0.29454625]
[0.2945384]
[0.29450345]
[0.2944568]
[0.2944204]
[0.29433763]
[0.2942778]
[0.29427707]
[0.29426634]
[0.294218]
[0.29416528]
[0.2940566]
[0.29402396]
[0.29396653]
[0.2939285]
[0.29390475]
[0.2938306]
[0.29379776]
[0.2937931]
[0.29376727]
[0.29374892]
[0.29371127]
[0.29366767]
[0.29355812]
[0.2935426]
[0.29353946]
[0.29349026]
[0.2934613]
[0.29341826]
[0.29336163]
[0.29336163]
[0.29332784]
[0.29332164]
[0.29331785]
[0.29326537]
[0.2932645]
[0.2932466]
[0.2932433]
[0.293235]
[0.29323336]
[0.2932174]
[0.29319862]
[0.29319075]
[0.29315117]
[0.29308796]
[0.29302567]
[0.29297942]
[0.29291466]
[0.29288086]
[0.29270673]
[0.29265267]
[0.29261613]
[0.29260266]
[0.29251754]
[0.29250747]
[0.29249915]
[0.2924171]
[0.29234195]
[0.2923305]
[0.29232994]
[0.29229996]
[0.29205588]
[0.29205483]
[0.29203674]
[0.29200983]
[0.29199755]
[0.2919249]
[0.29192132]
[0.2919157]
[0.291904]
[0.29189938]
[0.2918139]
[0.29179916]
[0.2917949]
[0.2917784]
[0.29175207]
[0.29175162]
[0.29174474]
[0.29174474]
[0.2917244]
[0.29160264]
[0.29159167]
[0.29158476]
[0.2915792]
[0.29152566]
[0.29149008]
[0.29148883]
[0.29146928]
[0.29135317]
[0.29132286]
[0.29130903]
[0.29120547]
[0.29115173]
[0.29114845]
[0.29114348]
[0.29110378]
[0.29104197]
[0.29102466]
[0.29097307]
[0.29094845]
[0.29093313]
[0.29092795]
[0.29090264]
[0.2908827]
[0.2908708]
[0.2907703]
[0.2907685]
[0.2907239]
[0.29068223]
[0.29064816]
[0.29054213]
[0.29041043]
[0.2903886]
[0.29027212]
[0.29025865]
[0.29025382]
[0.29018992]
[0.29015368]
[0.29013106]
[0.2901264]
[0.29011637]
[0.29010594]
[0.290065]
[0.2900603]
[0.29005626]
[0.2900055]
[0.28997716]
[0.28994846]
[0.28991887]
[0.28990537]
[0.28990537]
[0.28989613]
[0.2898958]
[0.28989527]
[0.28984582]
[0.28975618]
[0.2897501]
[0.28973413]
[0.28968495]
[0.2896524]
[0.28956574]
[0.28942463]
[0.2893268]
[0.2893083]
[0.28923383]
[0.28923097]
[0.28920907]
[0.2892015]
[0.28916478]
[0.2891169]
[0.2889431]
[0.28892943]
[0.28877315]
[0.28877124]
[0.2886839]
[0.2884804]
[0.28846613]
[0.28845996]
[0.2884509]
[0.28836203]
[0.28832892]
[0.288326]
[0.2882782]
[0.28827003]
[0.2882216]
[0.28822106]
[0.28819814]
[0.28811035]
[0.28809974]
[0.2880446]
[0.28793505]
[0.28782824]
[0.28782055]
[0.28776237]
[0.2876909]
[0.28768724]
[0.2876867]
[0.28768113]
[0.2874968]
[0.2874924]
[0.28747362]
[0.28728688]
[0.28726816]
[0.2872348]
[0.28723198]
[0.28718778]
[0.2871836]
[0.28713772]
[0.28707933]
[0.28707933]
[0.2870538]
[0.28702632]
[0.2869634]
[0.2869138]
[0.28690675]
[0.2868823]
[0.2868412]
[0.2867488]
[0.28670606]
[0.2866418]
[0.28661516]
[0.28661376]
[0.28659698]
[0.28656694]
[0.2865127]
[0.2864858]
[0.2864764]
[0.28639618]
[0.2863518]
[0.28635094]
[0.28635058]
[0.28633326]
[0.28631026]
[0.2861691]
[0.28613967]
[0.28613633]
[0.28612444]
[0.2861113]
[0.2861096]
[0.28604952]
[0.2860422]
[0.28602785]
[0.28598282]
[0.2859813]
[0.2859267]
[0.28592178]
[0.28592005]
[0.28583258]
[0.28566417]
[0.2856473]
[0.2855926]
[0.2855096]
[0.28550297]
[0.2854966]
[0.2854402]
[0.28540123]
[0.2853594]
[0.28533623]
[0.2852933]
[0.28527436]
[0.28527436]
[0.28525674]
[0.2852405]
[0.285237]
[0.28515017]
[0.2850852]
[0.28505665]
[0.2850473]
[0.28504723]
[0.28499192]
[0.28496805]
[0.28495857]
[0.28493917]
[0.2849333]
[0.28480738]
[0.28480408]
[0.28480384]
[0.2847727]
[0.284722]
[0.28470463]
[0.28462812]
[0.28461906]
[0.28457254]
[0.28448316]
[0.2844572]
[0.28443792]
[0.28437722]
[0.2843367]
[0.2843176]
[0.284312]
[0.2843093]
[0.28430742]
[0.2842878]
[0.28427833]
[0.28416452]
[0.28414595]
[0.2841089]
[0.28406397]
[0.2840559]
[0.28404886]
[0.28404886]
[0.2840218]
[0.28399134]
[0.28397655]
[0.28394634]
[0.2839394]
[0.28393224]
[0.28393167]
[0.28389204]
[0.2838815]
[0.28386608]
[0.28385472]
[0.283789]
[0.283731]
[0.28368643]
[0.28360912]
[0.28357908]
[0.2835575]
[0.28355238]
[0.28351492]
[0.28351197]
[0.2834113]
[0.28336307]
[0.28336123]
[0.2833219]
[0.2833019]
[0.28326464]
[0.28325614]
[0.28317094]
[0.2831324]
[0.283079]
[0.2830591]
[0.28303578]
[0.28298876]
[0.28295514]
[0.28293306]
[0.28290024]
[0.28286067]
[0.28284115]
[0.28283826]
[0.28275624]
[0.28272405]
[0.28269124]
[0.2826835]
[0.28267926]
[0.28265968]
[0.28265566]
[0.28262284]
[0.2825033]
[0.28249702]
[0.28248176]
[0.28241038]
[0.28238863]
[0.2823097]
[0.28229818]
[0.28228062]
[0.2822772]
[0.28226686]
[0.28224668]
[0.28222567]
[0.2822166]
[0.28219527]
[0.2821943]
[0.28215903]
[0.2821442]
[0.28213772]
[0.28211498]
[0.28208137]
[0.28203064]
[0.28195077]
[0.28193212]
[0.2819309]
[0.28192097]
[0.2819007]
[0.28185174]
[0.28179297]
[0.28177643]
[0.28169233]
[0.28168926]
[0.28168482]
[0.28167036]
[0.2816082]
[0.28159901]
[0.2815984]
[0.28159234]
[0.281589]
[0.2815474]
[0.28153062]
[0.28152123]
[0.28149787]
[0.28141227]
[0.28140202]
[0.2813848]
[0.2813586]
[0.2813585]
[0.281318]
[0.2813179]
[0.2813099]
[0.2813029]
[0.28129065]
[0.28127486]
[0.2812732]
[0.2812627]
[0.2812064]
[0.2811664]
[0.28111112]
[0.28110835]
[0.28108025]
[0.28103068]
[0.28102866]
[0.2809959]
[0.2809223]
[0.28091735]
[0.28090733]
[0.28088003]
[0.28088003]
[0.28086632]
[0.2808147]
[0.28078595]
[0.28072423]
[0.28069237]
[0.28068054]
[0.28066888]
[0.28065738]
[0.28064182]
[0.28061777]
[0.28058997]
[0.28046018]
[0.28045052]
[0.28042313]
[0.28041628]
[0.28038752]
[0.2803531]
[0.2802996]
[0.28021753]
[0.28015238]
[0.28014296]
[0.2800181]
[0.279922]
[0.27991518]
[0.2799065]
[0.27983698]
[0.2798077]
[0.27979204]
[0.2796625]
[0.27965245]
[0.27961388]
[0.2795446]
[0.27953902]
[0.27949244]
[0.27949244]
[0.27948722]
[0.2794858]
[0.27946484]
[0.27945438]
[0.27940622]
[0.2793987]
[0.2793874]
[0.2793517]
[0.27933758]
[0.2792936]
[0.27926466]
[0.27925012]
[0.27918]
[0.2791797]
[0.27911758]
[0.27910417]
[0.2790099]
[0.278976]
[0.27896032]
[0.278948]
[0.27894294]
[0.2789287]
[0.2789224]
[0.27889025]
[0.27887312]
[0.2788587]
[0.27885264]
[0.2788454]
[0.27884248]
[0.2787933]
[0.27876273]
[0.27876273]
[0.27876273]
[0.27874175]
[0.2787232]
[0.27867973]
[0.27866095]
[0.2786508]
[0.2786207]
[0.27858403]
[0.2785275]
[0.2785198]
[0.27851745]
[0.27846345]
[0.27845234]
[0.27843904]
[0.27843496]
[0.27839428]
[0.278362]
[0.2783239]
[0.27827576]
[0.27827474]
[0.27827173]
[0.278268]
[0.27826446]
[0.27825445]
[0.27820432]
[0.2781882]
[0.27814642]
[0.27814168]
[0.27804378]
[0.27800468]
[0.2779837]
[0.27796608]
[0.27796397]
[0.27793512]
[0.27792445]
[0.27792126]
[0.27790728]
[0.27790374]
[0.27785748]
[0.2778048]
[0.27780202]
[0.27780065]
[0.27772793]
[0.27768388]
[0.27764595]
[0.2775995]
[0.2775964]
[0.27755865]
[0.2775429]
[0.27751318]
[0.27747664]
[0.27746928]
[0.27745023]
[0.2774302]
[0.27742714]
[0.27741975]
[0.27741364]
[0.27740493]
[0.27739063]
[0.27730316]
[0.2772593]
[0.27724236]
[0.2772144]
[0.27718633]
[0.277177]
[0.27717027]
[0.27714187]
[0.2771406]
[0.27712026]
[0.2771108]
[0.2770933]
[0.27707234]
[0.27707034]
[0.27703696]
[0.27703407]
[0.2770211]
[0.27700478]
[0.2769839]
[0.2769306]
[0.27687657]
[0.2768686]
[0.27686623]
[0.2768628]
[0.27686206]
[0.27682972]
[0.276823]
[0.27680305]
[0.27680305]
[0.27675232]
[0.27673683]
[0.27672318]
[0.27671772]
[0.27665454]
[0.27664042]
[0.27664015]
[0.27656484]
[0.27656278]
[0.27655008]
[0.2765439]
[0.2765315]
[0.27647787]
[0.27646017]
[0.27644843]
[0.27643457]
[0.2764318]
[0.2763866]
[0.27636993]
[0.2763109]
[0.27631053]
[0.2763077]
[0.27629358]
[0.27629]
[0.27628693]
[0.2761438]
[0.276094]
[0.2760764]
[0.27606776]
[0.27602318]
[0.27595183]
[0.27592576]
[0.27592462]
[0.27591017]
[0.27590543]
[0.27589563]
[0.27582]
[0.2757736]
[0.2757167]
[0.2757167]
[0.27568665]
[0.27563792]
[0.27561975]
[0.2756131]
[0.27558702]
[0.2755795]
[0.2755351]
[0.27551487]
[0.27549696]
[0.27549338]
[0.2754827]
[0.2754804]
[0.27544978]
[0.2754442]
[0.27543426]
[0.2754232]
[0.27541813]
[0.27540296]
[0.2753795]
[0.2753342]
[0.2753059]
[0.27529067]
[0.27527705]
[0.27527553]
[0.27526566]
[0.27524588]
[0.2752451]
[0.2752207]
[0.27520454]
[0.27513367]
[0.27513024]
[0.27512965]
[0.2751046]
[0.27508628]
[0.27508628]
[0.275076]
[0.27507174]
[0.27506882]
[0.2750542]
[0.27502158]
[0.27502158]
[0.27501792]
[0.27499834]
[0.274995]
[0.27495548]
[0.27494073]
[0.27491334]
[0.2748928]
[0.27487797]
[0.27487677]
[0.2748688]
[0.27486783]
[0.27483496]
[0.27482572]
[0.2747818]
[0.2747747]
[0.2747553]
[0.2747535]
[0.27475172]
[0.27475113]
[0.2747411]
[0.27472958]
[0.2747213]
[0.2747213]
[0.27472076]
[0.27467665]
[0.2746532]
[0.27462438]
[0.27460313]
[0.27460146]
[0.27458805]
[0.27456915]
[0.2745252]
[0.274462]
[0.274462]
[0.27445683]
[0.27443194]
[0.27440622]
[0.27439755]
[0.27436802]
[0.27434438]
[0.27433854]
[0.2743279]
[0.2743081]
[0.27429163]
[0.27428338]
[0.27425766]
[0.27424696]
[0.2742203]
[0.27416638]
[0.2741555]
[0.27414957]
[0.27412742]
[0.27407804]
[0.27406248]
[0.2740218]
[0.27400717]
[0.27399594]
[0.273988]
[0.27396846]
[0.27396214]
[0.27394614]
[0.2739001]
[0.2738763]
[0.273868]
[0.27384537]
[0.27380446]
[0.27379033]
[0.2737863]
[0.27373978]
[0.2737359]
[0.27372438]
[0.27366057]
[0.2736525]
[0.2736475]
[0.27363092]
[0.27362216]
[0.27361003]
[0.27360678]
[0.27360526]
[0.27356726]
[0.2735532]
[0.2735361]
[0.2735129]
[0.27351055]
[0.27349666]
[0.27347437]
[0.2734632]
[0.27345052]
[0.2734305]
[0.2734218]
[0.2734012]
[0.2733802]
[0.27336946]
[0.27333564]
[0.27332497]
[0.27331853]
[0.27322662]
[0.27322572]
[0.2731972]
[0.27319646]
[0.27318212]
[0.27315718]
[0.27313882]
[0.27313453]
[0.27313074]
[0.273119]
[0.2731112]
[0.27311054]
[0.27309567]
[0.27308053]
[0.27307436]
[0.2730587]
[0.27302933]
[0.27298182]
[0.2729587]
[0.2729257]
[0.27289608]
[0.272888]
[0.2728763]
[0.27285978]
[0.27285892]
[0.27284488]
[0.2728407]
[0.27283937]
[0.2728269]
[0.27282518]
[0.27281773]
[0.27281773]
[0.27281773]
[0.27278662]
[0.27277634]
[0.27276063]
[0.2727519]
[0.2727498]
[0.27271962]
[0.2727053]
[0.27266845]
[0.2726465]
[0.27264592]
[0.2726192]
[0.27261433]
[0.272614]
[0.27261218]
[0.27259815]
[0.27252614]
[0.2725195]
[0.2725121]
[0.27250654]
[0.27249488]
[0.27248877]
[0.27248296]
[0.27245885]
[0.2724536]
[0.27245033]
[0.27243647]
[0.27241975]
[0.27231234]
[0.27231035]
[0.2722951]
[0.27229398]
[0.27228403]
[0.27228144]
[0.27227178]
[0.27225965]
[0.27220404]
[0.27216402]
[0.2721558]
[0.2720712]
[0.2720712]
[0.27207106]
[0.2720618]
[0.27206045]
[0.2720581]
[0.27203545]
[0.27200285]
[0.27196667]
[0.27191842]
[0.27191755]
[0.27191633]
[0.27191442]
[0.27189583]
[0.27188304]
[0.27182642]
[0.271824]
[0.27180606]
[0.2717978]
[0.27176732]
[0.2717437]
[0.2717339]
[0.2717115]
[0.27168763]
[0.27167282]
[0.2716672]
[0.27165562]
[0.2716439]
[0.27163944]
[0.27163535]
[0.2716198]
[0.2716044]
[0.27157784]
[0.27156946]
[0.27156278]
[0.27154893]
[0.2715393]
[0.27148843]
[0.2714882]
[0.2714882]
[0.27148378]
[0.27148032]
[0.27145135]
[0.27144313]
[0.27134848]
[0.27134213]
[0.2713379]
[0.27133352]
[0.2713327]
[0.2713069]
[0.2712859]
[0.27128145]
[0.2712493]
[0.2712233]
[0.2712179]
[0.27118462]
[0.27115104]
[0.2711434]
[0.27112472]
[0.27109984]
[0.27106154]
[0.2710521]
[0.27105084]
[0.27105004]
[0.27102825]
[0.2710139]
[0.2709405]
[0.2709336]
[0.27089804]
[0.27088028]
[0.27087423]
[0.27085623]
[0.2708347]
[0.27082822]
[0.27081132]
[0.27077442]
[0.27076387]
[0.27075678]
[0.27074236]
[0.27072158]
[0.2707152]
[0.27066007]
[0.27063185]
[0.2706313]
[0.27061397]
[0.2705953]
[0.270584]
[0.27057627]
[0.270571]
[0.27054834]
[0.27054188]
[0.27050748]
[0.2704877]
[0.27046943]
[0.27045214]
[0.27044994]
[0.2704317]
[0.27040258]
[0.27039668]
[0.27037066]
[0.2703599]
[0.2703405]
[0.27033663]
[0.27031767]
[0.2703089]
[0.2702952]
[0.27028736]
[0.2702804]
[0.27024177]
[0.27023298]
[0.2702285]
[0.27019316]
[0.27015147]
[0.2701505]
[0.2701115]
[0.2700972]
[0.27008373]
[0.2700352]
[0.27001417]
[0.27000073]
[0.26998696]
[0.26996982]
[0.26996934]
[0.26993734]
[0.2698782]
[0.26986668]
[0.26986307]
[0.26985043]
[0.26984614]
[0.26984447]
[0.26984406]
[0.26984406]
[0.26984406]
[0.26984406]
[0.26984406]
[0.269844]
[0.269844]
[0.26981094]
[0.2697862]
[0.26970154]
[0.2696928]
[0.26968992]
[0.26966885]
[0.2696543]
[0.2696492]
[0.2696397]
[0.2696282]
[0.26960588]
[0.26959974]
[0.26957723]
[0.26957032]
[0.26956856]
[0.26955694]
[0.26955533]
[0.26954794]
[0.26954377]
[0.2695049]
[0.26945633]
[0.26945633]
[0.26944602]
[0.2694034]
[0.26939723]
[0.2693959]
[0.26938516]
[0.26937488]
[0.26930076]
[0.26929957]
[0.2692919]
[0.26926908]
[0.26925802]
[0.26920158]
[0.2691978]
[0.26919568]
[0.26914594]
[0.2691268]
[0.26912516]
[0.26906717]
[0.26903135]
[0.26900885]
[0.26900533]
[0.26900008]
[0.2689717]
[0.2689717]
[0.26897112]
[0.26895183]
[0.2689516]
[0.26894462]
[0.26894358]
[0.26894218]
[0.26889873]
[0.26889846]
[0.26885536]
[0.26880437]
[0.26879615]
[0.26879135]
[0.26878527]
[0.26878035]
[0.26877645]
[0.26877537]
[0.26871794]
[0.26867872]
[0.2686344]
[0.2686169]
[0.26860952]
[0.26858288]
[0.26858106]
[0.26857728]
[0.26857463]
[0.26857454]
[0.26856962]
[0.26854575]
[0.2685387]
[0.26851386]
[0.2684785]
[0.2684632]
[0.26845312]
[0.2684287]
[0.26842263]
[0.2684184]
[0.2683991]
[0.26834416]
[0.26831487]
[0.2682956]
[0.26827267]
[0.2682665]
[0.26826045]
[0.26825097]
[0.26821363]
[0.26820508]
[0.2681877]
[0.2681682]
[0.26815757]
[0.26814637]
[0.26814595]
[0.26813406]
[0.26812598]
[0.26812264]
[0.2681079]
[0.26810285]
[0.2680874]
[0.26808637]
[0.26806694]
[0.26805273]
[0.26804268]
[0.26802477]
[0.26798865]
[0.26795536]
[0.2679455]
[0.2679271]
[0.26789707]
[0.26788354]
[0.26788306]
[0.26787397]
[0.2678713]
[0.26786578]
[0.26786578]
[0.2678646]
[0.2678645]
[0.26782095]
[0.2677966]
[0.26777232]
[0.2677645]
[0.2677636]
[0.2677379]
[0.26772982]
[0.26771733]
[0.26771733]
[0.26770267]
[0.26769957]
[0.2676914]
[0.26764572]
[0.26761925]
[0.26760444]
[0.26760268]
[0.2675482]
[0.26752087]
[0.26748133]
[0.26743853]
[0.26742694]
[0.26742348]
[0.26741606]
[0.2673983]
[0.2673927]
[0.26739162]
[0.26735207]
[0.2673067]
[0.26729968]
[0.26728502]
[0.2672841]
[0.26727802]
[0.26727676]
[0.26726377]
[0.26721302]
[0.26720116]
[0.26720056]
[0.267181]
[0.26717845]
[0.26717645]
[0.26716465]
[0.26715884]
[0.26715717]
[0.26715446]
[0.26715168]
[0.2671478]
[0.2671263]
[0.26712182]
[0.26711616]
[0.2671121]
[0.26710427]
[0.26710016]
[0.26710016]
[0.26706573]
[0.26703885]
[0.26702955]
[0.26702583]
[0.26698542]
[0.26697206]
[0.26696467]
[0.26696068]
[0.2669532]
[0.26693586]
[0.26692942]
[0.2669271]
[0.26690826]
[0.26690054]
[0.26689047]
[0.26687834]
[0.26687258]
[0.2668598]
[0.26684126]
[0.26681364]
[0.26681033]
[0.26679406]
[0.2667797]
[0.2667365]
[0.26673174]
[0.26671985]
[0.2667143]
[0.26668748]
[0.2666805]
[0.26665235]
[0.26665038]
[0.26663443]
[0.26663327]
[0.26662102]
[0.2666109]
[0.26660955]
[0.2665848]
[0.26658198]
[0.26654434]
[0.2665333]
[0.26652467]
[0.26649305]
[0.26649195]
[0.2664793]
[0.26645765]
[0.26645342]
[0.2664339]
[0.2664317]
[0.2664317]
[0.26640594]
[0.26638564]
[0.2663715]
[0.26637074]
[0.2663705]
[0.26637048]
[0.26636976]
[0.26634586]
[0.2663412]
[0.2663309]
[0.26632813]
[0.26631927]
[0.2663176]
[0.26630884]
[0.2662969]
[0.2662969]
[0.2662969]
[0.2662887]
[0.2662779]
[0.26627478]
[0.26626584]
[0.26625803]
[0.26622304]
[0.26620823]
[0.2661935]
[0.26618475]
[0.26618162]
[0.26615682]
[0.266149]
[0.26611742]
[0.26608664]
[0.26608542]
[0.2660595]
[0.26602527]
[0.26601428]
[0.26600608]
[0.26600045]
[0.2659745]
[0.26593596]
[0.2659082]
[0.2658997]
[0.26589918]
[0.26589867]
[0.26589006]
[0.26588053]
[0.26586762]
[0.2658332]
[0.2658183]
[0.26578155]
[0.26577577]
[0.2657662]
[0.26576075]
[0.26575458]
[0.265748]
[0.26574507]
[0.26574117]
[0.26573]
[0.2657072]
[0.26569498]
[0.26565433]
[0.26564214]
[0.26562214]
[0.26561832]
[0.26561055]
[0.26559782]
[0.26556945]
[0.26556796]
[0.26556346]
[0.26556322]
[0.26556256]
[0.26554963]
[0.26553908]
[0.2655092]
[0.26550582]
[0.26549104]
[0.26548555]
[0.2654666]
[0.265458]
[0.26545787]
[0.26544255]
[0.265434]
[0.2654156]
[0.26532274]
[0.26528648]
[0.26528478]
[0.2652779]
[0.2652644]
[0.2652441]
[0.26524115]
[0.26523903]
[0.26523677]
[0.2652178]
[0.26517585]
[0.2651609]
[0.26515174]
[0.2651249]
[0.26512402]
[0.265111]
[0.26510698]
[0.26510102]
[0.26509878]
[0.26508003]
[0.26507282]
[0.26505047]
[0.26505002]
[0.2650368]
[0.26502064]
[0.26500884]
[0.26500404]
[0.26498163]
[0.26497674]
[0.26497298]
[0.26497298]
[0.26493514]
[0.26491997]
[0.2649019]
[0.26489687]
[0.26488918]
[0.26487362]
[0.26485983]
[0.26485825]
[0.2648333]
[0.26482943]
[0.26481184]
[0.26480836]
[0.26480561]
[0.2648041]
[0.2647938]
[0.2647714]
[0.26477048]
[0.26476753]
[0.26474613]
[0.26473755]
[0.2647299]
[0.2647286]
[0.26472458]
[0.26472375]
[0.26471165]
[0.264689]
[0.26467925]
[0.26467925]
[0.26467144]
[0.2646707]
[0.26461843]
[0.26461104]
[0.26460817]
[0.2646026]
[0.26459262]
[0.2645876]
[0.26458043]
[0.26457444]
[0.26457086]
[0.264562]
[0.26454568]
[0.26454327]
[0.26453602]
[0.26453516]
[0.26447564]
[0.26447216]
[0.26445866]
[0.26444596]
[0.26439193]
[0.26438522]
[0.26437426]
[0.26437202]
[0.26436815]
[0.26432538]
[0.26431158]
[0.2643049]
[0.26430222]
[0.264301]
[0.26428393]
[0.26428393]
[0.26426494]
[0.2642348]
[0.2642106]
[0.26420575]
[0.26420024]
[0.26417956]
[0.26417455]
[0.26416102]
[0.2641608]
[0.26415682]
[0.26415357]
[0.26414207]
[0.2641373]
[0.2641207]
[0.264108]
[0.26410422]
[0.26407808]
[0.26406583]
[0.26406053]
[0.26405093]
[0.26404452]
[0.26404315]
[0.26403403]
[0.2640333]
[0.26402587]
[0.2640156]
[0.26400492]
[0.26398727]
[0.26398024]
[0.26397452]
[0.26397052]
[0.26395532]
[0.2639468]
[0.26391363]
[0.26387995]
[0.2638783]
[0.26387438]
[0.26384598]
[0.26383433]
[0.2638208]
[0.2638196]
[0.26379892]
[0.26379514]
[0.26376003]
[0.26376003]
[0.26372877]
[0.2637223]
[0.26370963]
[0.26367706]
[0.2636707]
[0.26364958]
[0.26363656]
[0.2636251]
[0.2636071]
[0.26357841]
[0.26357433]
[0.26355755]
[0.26355]
[0.2635466]
[0.26352167]
[0.26351762]
[0.26351178]
[0.26348108]
[0.26346114]
[0.2634201]
[0.26338398]
[0.26337764]
[0.26334354]
[0.26331687]
[0.26326153]
[0.263246]
[0.2632431]
[0.2632415]
[0.26320848]
[0.26320383]
[0.26319692]
[0.26319593]
[0.26319394]
[0.26319075]
[0.26318777]
[0.26318678]
[0.26318538]
[0.26317814]
[0.26314428]
[0.26312137]
[0.2631178]
[0.26311707]
[0.26310992]
[0.26308116]
[0.26307184]
[0.26307172]
[0.26305616]
[0.26303336]
[0.26302296]
[0.26299292]
[0.26298696]
[0.2629851]
[0.26297042]
[0.2629658]
[0.26295763]
[0.26295304]
[0.2629455]
[0.262933]
[0.26293042]
[0.26292711]
[0.262913]
[0.26291278]
[0.26291108]
[0.26289085]
[0.26285645]
[0.26284197]
[0.26283383]
[0.26283383]
[0.26283112]
[0.2628287]
[0.26282105]
[0.26281938]
[0.26281938]
[0.2628129]
[0.26280925]
[0.2628041]
[0.2628009]
[0.26277906]
[0.2627598]
[0.26274067]
[0.2627229]
[0.2627121]
[0.262712]
[0.262712]
[0.26271084]
[0.26271042]
[0.2627067]
[0.26270393]
[0.26269814]
[0.26269516]
[0.2626912]
[0.26268664]
[0.2626851]
[0.2626826]
[0.26267827]
[0.26266822]
[0.2626555]
[0.26265037]
[0.26262438]
[0.26256636]
[0.26256624]
[0.2625653]
[0.26255026]
[0.2625219]
[0.26251486]
[0.26249662]
[0.26247543]
[0.26246664]
[0.26246533]
[0.26245254]
[0.26245052]
[0.2624465]
[0.2624415]
[0.26239154]
[0.26238015]
[0.2623479]
[0.26230785]
[0.26230633]
[0.2622995]
[0.26226896]
[0.26221097]
[0.26220763]
[0.26219964]
[0.26218197]
[0.26217917]
[0.26214617]
[0.26213452]
[0.26212096]
[0.26212096]
[0.26211917]
[0.262115]
[0.26210266]
[0.26209247]
[0.2620877]
[0.26206967]
[0.26206794]
[0.26205978]
[0.26204294]
[0.26203856]
[0.2620328]
[0.26198032]
[0.26197886]
[0.2619675]
[0.26196194]
[0.26195195]
[0.26194617]
[0.26193598]
[0.26193494]
[0.26191565]
[0.2619132]
[0.26191092]
[0.26190966]
[0.26189557]
[0.26185954]
[0.26184273]
[0.2618237]
[0.26182353]
[0.26178598]
[0.26177964]
[0.26176083]
[0.26174134]
[0.26173326]
[0.2617274]
[0.2617134]
[0.26168782]
[0.26166284]
[0.26164111]
[0.26163977]
[0.26163596]
[0.26163253]
[0.26163244]
[0.26160026]
[0.26159257]
[0.26156765]
[0.26155475]
[0.2615265]
[0.26147017]
[0.2614671]
[0.26145566]
[0.26142168]
[0.26141176]
[0.26140922]
[0.2613759]
[0.26137364]
[0.2613489]
[0.26133943]
[0.26131296]
[0.26129976]
[0.26129782]
[0.26129782]
[0.26129696]
[0.26127675]
[0.26127186]
[0.26125357]
[0.26123354]
[0.26123294]
[0.261221]
[0.2612205]
[0.26121363]
[0.26120567]
[0.2611768]
[0.261148]
[0.26114738]
[0.26114094]
[0.26112962]
[0.26112372]
[0.26111802]
[0.26111126]
[0.26109275]
[0.26109266]
[0.26109055]
[0.26107913]
[0.26104537]
[0.26103625]
[0.26102686]
[0.26102415]
[0.26096544]
[0.26093277]
[0.26091552]
[0.26088867]
[0.26087803]
[0.2608481]
[0.26084393]
[0.26084182]
[0.2608115]
[0.26079816]
[0.26077995]
[0.260756]
[0.26074466]
[0.26073852]
[0.2607112]
[0.26070604]
[0.26068932]
[0.26068515]
[0.2606606]
[0.26065725]
[0.2606375]
[0.2606375]
[0.26063693]
[0.26062682]
[0.2606158]
[0.26060784]
[0.26058784]
[0.260577]
[0.26056808]
[0.26055858]
[0.26054746]
[0.26052424]
[0.26052222]
[0.26051906]
[0.26051438]
[0.26050538]
[0.26049066]
[0.26047862]
[0.26046756]
[0.26046154]
[0.2604602]
[0.26044565]
[0.26043123]
[0.26040515]
[0.26038817]
[0.2603782]
[0.26036647]
[0.26035276]
[0.26035222]
[0.26033285]
[0.26032513]
[0.26032445]
[0.2603077]
[0.26027977]
[0.26027238]
[0.26026827]
[0.26025894]
[0.26024303]
[0.2602428]
[0.2602388]
[0.26023862]
[0.26022094]
[0.2602201]
[0.26019964]
[0.2601969]
[0.26018846]
[0.2601802]
[0.26015714]
[0.26015714]
[0.2601533]
[0.26015016]
[0.26014325]
[0.26013944]
[0.2601182]
[0.26011297]
[0.26010072]
[0.26008508]
[0.26006666]
[0.26006263]
[0.26004645]
[0.26004317]
[0.26002023]
[0.25999776]
[0.25999707]
[0.25998077]
[0.25997713]
[0.25996545]
[0.2599295]
[0.25991905]
[0.25991434]
[0.25990522]
[0.25990006]
[0.25989956]
[0.25988758]
[0.25988582]
[0.25988483]
[0.2598781]
[0.259872]
[0.25986177]
[0.25985894]
[0.25984076]
[0.2598118]
[0.25979042]
[0.25972724]
[0.25972193]
[0.25971404]
[0.25970772]
[0.25970173]
[0.25969705]
[0.25968468]
[0.2596758]
[0.25967005]
[0.25966632]
[0.25965318]
[0.25964317]
[0.2596423]
[0.2596197]
[0.25961605]
[0.25961572]
[0.25959948]
[0.25958893]
[0.25958657]
[0.2595665]
[0.25956506]
[0.25956208]
[0.2595598]
[0.25954846]
[0.25954086]
[0.25954035]
[0.2595284]
[0.25952727]
[0.2595118]
[0.25951067]
[0.2594851]
[0.259478]
[0.259478]
[0.25946847]
[0.25946197]
[0.25945073]
[0.25944912]
[0.25944823]
[0.25944465]
[0.2594404]
[0.25942284]
[0.25939175]
[0.25936788]
[0.25935826]
[0.25933093]
[0.2593248]
[0.25931734]
[0.2593043]
[0.25929773]
[0.2592824]
[0.25926414]
[0.2592587]
[0.259243]
[0.25922504]
[0.25922504]
[0.25922456]
[0.25920862]
[0.25919947]
[0.25917542]
[0.25917485]
[0.25917485]
[0.25916445]
[0.25915676]
[0.25915676]
[0.25915432]
[0.25913757]
[0.25913438]
[0.25909364]
[0.25908738]
[0.259084]
[0.25907746]
[0.25906646]
[0.25906107]
[0.2590575]
[0.25903198]
[0.259018]
[0.259018]
[0.25897992]
[0.2589782]
[0.25897425]
[0.258955]
[0.25895405]
[0.2589475]
[0.2589309]
[0.25893074]
[0.2589263]
[0.25891393]
[0.25889808]
[0.25888994]
[0.2588851]
[0.258871]
[0.25886038]
[0.25883508]
[0.2588329]
[0.25881255]
[0.2588039]
[0.25879535]
[0.25878805]
[0.25877824]
[0.25873375]
[0.2587179]
[0.25871193]
[0.2586877]
[0.25868687]
[0.25867838]
[0.25867012]
[0.25866365]
[0.25866246]
[0.25864917]
[0.2586448]
[0.25863725]
[0.2586329]
[0.25862515]
[0.2586158]
[0.25861537]
[0.25861537]
[0.2585985]
[0.25858894]
[0.25858232]
[0.25858128]
[0.25856712]
[0.258557]
[0.25854233]
[0.25850424]
[0.25846562]
[0.25843075]
[0.25842336]
[0.25841987]
[0.25841713]
[0.25834987]
[0.258338]
[0.25833523]
[0.25833255]
[0.25832877]
[0.25831527]
[0.25830883]
[0.25830403]
[0.2583035]
[0.2582937]
[0.25828615]
[0.25828165]
[0.2582816]
[0.25827068]
[0.2582576]
[0.25823689]
[0.258234]
[0.25821537]
[0.2581972]
[0.25818476]
[0.25817984]
[0.25816295]
[0.258154]
[0.2581204]
[0.2581146]
[0.2581099]
[0.25810957]
[0.2581015]
[0.25809687]
[0.25809613]
[0.2580829]
[0.25806895]
[0.25806764]
[0.25806358]
[0.25805795]
[0.25805598]
[0.25802073]
[0.25801316]
[0.2580087]
[0.25796363]
[0.25796318]
[0.2579562]
[0.25794852]
[0.25793678]
[0.25793648]
[0.25792494]
[0.25792494]
[0.25789633]
[0.25789168]
[0.25787005]
[0.25786558]
[0.25784993]
[0.257838]
[0.25782603]
[0.25780818]
[0.25779966]
[0.25779396]
[0.25778684]
[0.25777608]
[0.25777528]
[0.25775805]
[0.25771368]
[0.25771144]
[0.25770852]
[0.25768486]
[0.25767204]
[0.25764585]
[0.25762576]
[0.25760436]
[0.25758114]
[0.25756738]
[0.25756395]
[0.25756395]
[0.25755134]
[0.25754637]
[0.2575319]
[0.25752655]
[0.25752595]
[0.25752053]
[0.25751698]
[0.25750437]
[0.25750068]
[0.25749472]
[0.25748435]
[0.2574708]
[0.25746673]
[0.25746158]
[0.25744316]
[0.25741792]
[0.25737736]
[0.2573765]
[0.25737008]
[0.25732628]
[0.25731766]
[0.257281]
[0.2572779]
[0.25726235]
[0.25725812]
[0.25723717]
[0.25723603]
[0.25723138]
[0.25723132]
[0.25722823]
[0.2572238]
[0.25721243]
[0.2572066]
[0.2572015]
[0.25720122]
[0.2571976]
[0.2571576]
[0.25714484]
[0.25711268]
[0.2571099]
[0.25706473]
[0.25705022]
[0.2570218]
[0.25701797]
[0.25701538]
[0.2569807]
[0.25697705]
[0.25694337]
[0.25692546]
[0.2569137]
[0.2569116]
[0.25689092]
[0.25681037]
[0.25680646]
[0.25676864]
[0.2567617]
[0.25675774]
[0.25674382]
[0.25674087]
[0.25672165]
[0.25672165]
[0.25671348]
[0.2566919]
[0.2566735]
[0.25661862]
[0.25660756]
[0.25658196]
[0.25654313]
[0.25654072]
[0.25653467]
[0.25652862]
[0.25652617]
[0.25650862]
[0.2564876]
[0.256487]
[0.25648576]
[0.25645655]
[0.25645655]
[0.25644973]
[0.25644878]
[0.25643066]
[0.25642228]
[0.25641716]
[0.2563919]
[0.25638792]
[0.25637484]
[0.2563666]
[0.2563636]
[0.25632674]
[0.2563248]
[0.25632164]
[0.25630322]
[0.25629514]
[0.25629175]
[0.25628126]
[0.25626987]
[0.25626722]
[0.25626692]
[0.25626507]
[0.2562638]
[0.25624257]
[0.25623322]
[0.256233]
[0.25623235]
[0.2562316]
[0.2562068]
[0.2562022]
[0.25619045]
[0.25619]
[0.25618756]
[0.25616798]
[0.25615793]
[0.25615197]
[0.25614786]
[0.25613773]
[0.25613043]
[0.25612482]
[0.25610995]
[0.25610414]
[0.2560978]
[0.2560829]
[0.25607917]
[0.2560678]
[0.25606596]
[0.2560528]
[0.25604597]
[0.25604084]
[0.25600865]
[0.25600556]
[0.25599566]
[0.25599197]
[0.2559641]
[0.25596204]
[0.25595564]
[0.2559495]
[0.2559472]
[0.2559206]
[0.25590184]
[0.25589782]
[0.25589228]
[0.25589225]
[0.2558682]
[0.2558633]
[0.25586316]
[0.25585422]
[0.25583598]
[0.2558289]
[0.25582138]
[0.25580144]
[0.25579533]
[0.2557906]
[0.25578576]
[0.25578484]
[0.2557811]
[0.2557732]
[0.2557695]
[0.25575092]
[0.25575078]
[0.25574756]
[0.25573954]
[0.25573757]
[0.2557223]
[0.25571612]
[0.25571066]
[0.25570428]
[0.2556884]
[0.25568703]
[0.2556864]
[0.25568572]
[0.2556766]
[0.25566852]
[0.25566426]
[0.25565404]
[0.25564465]
[0.25564402]
[0.25564104]
[0.25563768]
[0.2556257]
[0.2556244]
[0.25561985]
[0.25561303]
[0.25559852]
[0.25559536]
[0.25557733]
[0.25557542]
[0.25553638]
[0.25553638]
[0.2555177]
[0.2555175]
[0.25551048]
[0.2555071]
[0.2555047]
[0.25550196]
[0.25549293]
[0.2554792]
[0.25544736]
[0.25544673]
[0.25543702]
[0.25542608]
[0.25541833]
[0.25540692]
[0.2553965]
[0.25538865]
[0.25538865]
[0.25538364]
[0.2553753]
[0.2553753]
[0.25535637]
[0.25535578]
[0.25535494]
[0.25532535]
[0.2553225]
[0.25532246]
[0.25529417]
[0.2552724]
[0.25524977]
[0.25524977]
[0.25524083]
[0.25523517]
[0.25521192]
[0.2551881]
[0.2551856]
[0.25517312]
[0.25515425]
[0.25515267]
[0.2551468]
[0.2551436]
[0.25513402]
[0.25512245]
[0.25512245]
[0.2551196]
[0.2551052]
[0.25510365]
[0.25509125]
[0.25508222]
[0.25506026]
[0.2550424]
[0.25503117]
[0.25502205]
[0.25501478]
[0.2550141]
[0.2549591]
[0.25494343]
[0.25494012]
[0.25493833]
[0.2549211]
[0.25491625]
[0.25491068]
[0.2549094]
[0.25489986]
[0.2548953]
[0.2548925]
[0.25488588]
[0.25487962]
[0.25484884]
[0.2548459]
[0.2548379]
[0.25478187]
[0.25476953]
[0.25474444]
[0.25474113]
[0.25473806]
[0.2547124]
[0.25470382]
[0.25469345]
[0.2546857]
[0.2546843]
[0.2546753]
[0.25467443]
[0.25466174]
[0.25466174]
[0.25465733]
[0.25461248]
[0.25461057]
[0.25460842]
[0.25460348]
[0.25460348]
[0.2545995]
[0.2545889]
[0.25458565]
[0.2545779]
[0.25455412]
[0.2545528]
[0.25452977]
[0.25452113]
[0.25449657]
[0.25449616]
[0.25448224]
[0.2544214]
[0.25441164]
[0.25441095]
[0.2544095]
[0.25440502]
[0.25440502]
[0.25439888]
[0.25439754]
[0.2543935]
[0.2543877]
[0.2543877]
[0.25437257]
[0.25436997]
[0.25436133]
[0.25431654]
[0.25431478]
[0.2543051]
[0.25429782]
[0.2542819]
[0.25428098]
[0.2542781]
[0.2542716]
[0.25426164]
[0.25425574]
[0.25425327]
[0.25422776]
[0.2542253]
[0.25421894]
[0.2541723]
[0.25417116]
[0.2541684]
[0.25416556]
[0.25416303]
[0.25416103]
[0.2541556]
[0.25415507]
[0.2541403]
[0.2541403]
[0.25413537]
[0.25411826]
[0.25411597]
[0.25409758]
[0.25409758]
[0.2540945]
[0.25409126]
[0.25406605]
[0.2540493]
[0.25403374]
[0.25403374]
[0.254032]
[0.25401923]
[0.2540022]
[0.25398743]
[0.25397003]
[0.25396606]
[0.2539425]
[0.25392774]
[0.25389606]
[0.25389597]
[0.2538937]
[0.2538926]
[0.25388554]
[0.25387958]
[0.25387755]
[0.25386637]
[0.25385648]
[0.2538554]
[0.2538538]
[0.25385076]
[0.25384432]
[0.25384155]
[0.2538405]
[0.25383955]
[0.25383776]
[0.2538301]
[0.25382298]
[0.25381693]
[0.25379544]
[0.25378284]
[0.25377744]
[0.2537765]
[0.25377363]
[0.25373936]
[0.25372255]
[0.2537183]
[0.2537028]
[0.25370023]
[0.25369075]
[0.25368842]
[0.25367647]
[0.25367025]
[0.25366822]
[0.25365865]
[0.25364235]
[0.2536396]
[0.25363952]
[0.25360778]
[0.25360098]
[0.25359374]
[0.25359276]
[0.25359136]
[0.25357994]
[0.25357905]
[0.2535723]
[0.25356406]
[0.25356263]
[0.25355324]
[0.25355315]
[0.25353956]
[0.25353342]
[0.25352326]
[0.25352132]
[0.25351742]
[0.25351462]
[0.25351122]
[0.2534992]
[0.25349846]
[0.25349674]
[0.2534891]
[0.2534848]
[0.2534126]
[0.2534026]
[0.25338694]
[0.25338048]
[0.25337413]
[0.25336102]
[0.25335792]
[0.25335166]
[0.2533203]
[0.25331652]
[0.25329804]
[0.2532957]
[0.25329033]
[0.2532825]
[0.25327757]
[0.25327152]
[0.25326663]
[0.2532472]
[0.2531813]
[0.25317267]
[0.2531686]
[0.25316063]
[0.2531485]
[0.2531426]
[0.2531418]
[0.25312835]
[0.25312826]
[0.25310704]
[0.25310555]
[0.25310132]
[0.25310117]
[0.2530913]
[0.2530897]
[0.25308642]
[0.25307313]
[0.2530406]
[0.25302383]
[0.253004]
[0.25298446]
[0.25298148]
[0.2529666]
[0.25289997]
[0.25289926]
[0.25289765]
[0.25287983]
[0.25286606]
[0.25283444]
[0.2528236]
[0.2528175]
[0.25280324]
[0.25279042]
[0.25278196]
[0.25275704]
[0.25275654]
[0.2527527]
[0.2527509]
[0.25274494]
[0.2527449]
[0.2527391]
[0.25273645]
[0.25273502]
[0.25273037]
[0.2527092]
[0.25270107]
[0.2526991]
[0.25269696]
[0.25268066]
[0.25266126]
[0.25266126]
[0.25265875]
[0.25264663]
[0.252643]
[0.25263938]
[0.2526379]
[0.25262696]
[0.25261295]
[0.2526087]
[0.2526087]
[0.2526036]
[0.25259423]
[0.25259423]
[0.25258785]
[0.25255942]
[0.25253814]
[0.2525314]
[0.25251865]
[0.25250936]
[0.25250655]
[0.25249463]
[0.25249127]
[0.2524551]
[0.25245032]
[0.25244966]
[0.25244123]
[0.25243434]
[0.25243434]
[0.25243002]
[0.25242686]
[0.25242338]
[0.2524136]
[0.2524136]
[0.25240088]
[0.25240088]
[0.25235066]
[0.25234094]
[0.25233835]
[0.2523288]
[0.25232333]
[0.25229064]
[0.2522783]
[0.2522743]
[0.25227344]
[0.25225914]
[0.25224373]
[0.2522167]
[0.25221455]
[0.25221196]
[0.25219226]
[0.25218064]
[0.25217918]
[0.2521155]
[0.2521154]
[0.25207233]
[0.25206897]
[0.25206637]
[0.25205636]
[0.2520405]
[0.25203946]
[0.25202245]
[0.25201166]
[0.2519583]
[0.25194913]
[0.25194353]
[0.2519384]
[0.2519044]
[0.2518866]
[0.25188538]
[0.25188273]
[0.25186598]
[0.25184953]
[0.25183597]
[0.25182536]
[0.2518196]
[0.2518112]
[0.2518083]
[0.25178623]
[0.25177467]
[0.25177035]
[0.25177032]
[0.25175965]
[0.25175822]
[0.2517427]
[0.2517406]
[0.25172538]
[0.25171435]
[0.2517125]
[0.25167733]
[0.25167653]
[0.25167653]
[0.25165534]
[0.25165096]
[0.25163856]
[0.25160772]
[0.25159433]
[0.25159326]
[0.25157306]
[0.25155792]
[0.2515571]
[0.25155675]
[0.2515492]
[0.25154868]
[0.25154683]
[0.25154433]
[0.2515415]
[0.25153318]
[0.25151747]
[0.2515167]
[0.25150314]
[0.25146353]
[0.25145227]
[0.25143]
[0.25141254]
[0.2514072]
[0.25139153]
[0.25138503]
[0.25137234]
[0.25136745]
[0.25136244]
[0.25136036]
[0.2513579]
[0.25133353]
[0.25130817]
[0.25129825]
[0.2512928]
[0.2512928]
[0.25127217]
[0.25125524]
[0.25125524]
[0.25125438]
[0.2512522]
[0.2512288]
[0.25121248]
[0.25120667]
[0.25120202]
[0.25118735]
[0.25118735]
[0.25118482]
[0.2511748]
[0.25115737]
[0.25115702]
[0.2511531]
[0.2511454]
[0.25113997]
[0.2511342]
[0.25112727]
[0.25112566]
[0.25106874]
[0.25106436]
[0.2510593]
[0.25105482]
[0.2510304]
[0.25101686]
[0.25100753]
[0.25100538]
[0.2510046]
[0.2509952]
[0.250993]
[0.2509877]
[0.2509839]
[0.25095844]
[0.25095433]
[0.25094867]
[0.25094143]
[0.25091216]
[0.25088742]
[0.25086918]
[0.25086918]
[0.25084466]
[0.25082654]
[0.25082654]
[0.25082654]
[0.25082654]
[0.2508124]
[0.2508025]
[0.25080046]
[0.25079858]
[0.2507938]
[0.25077105]
[0.25076884]
[0.25070643]
[0.25069848]
[0.25069526]
[0.2506887]
[0.25067]
[0.25066158]
[0.25064877]
[0.25062206]
[0.25061065]
[0.25060484]
[0.2505842]
[0.2505742]
[0.2505742]
[0.25056183]
[0.250548]
[0.25053003]
[0.25052035]
[0.25051862]
[0.25051853]
[0.25051713]
[0.25050908]
[0.25049824]
[0.25049]
[0.25048652]
[0.2504764]
[0.2504729]
[0.25047046]
[0.25047]
[0.250462]
[0.25044757]
[0.25042775]
[0.25042403]
[0.2504221]
[0.25041696]
[0.25041583]
[0.2503853]
[0.25035918]
[0.25035506]
[0.25034675]
[0.2502775]
[0.2502327]
[0.25022033]
[0.25019446]
[0.2501928]
[0.25016883]
[0.25014713]
[0.25013232]
[0.2501287]
[0.25011486]
[0.25011486]
[0.2501051]
[0.25010505]
[0.25008476]
[0.25008428]
[0.25008303]
[0.25007644]
[0.25007382]
[0.25003463]
[0.25001404]
[0.2500066]
[0.24998811]
[0.24998468]
[0.2499736]
[0.24996263]
[0.24995977]
[0.24995735]
[0.24991596]
[0.24991596]
[0.24991351]
[0.24989675]
[0.24989675]
[0.2498952]
[0.2498873]
[0.24986018]
[0.24985251]
[0.24983986]
[0.24983375]
[0.24981295]
[0.24979724]
[0.24972543]
[0.24972397]
[0.24971357]
[0.24970727]
[0.24970727]
[0.24970727]
[0.24970177]
[0.24969894]
[0.24966729]
[0.24966335]
[0.24963672]
[0.24963656]
[0.24962547]
[0.24961537]
[0.24959944]
[0.24959472]
[0.24958359]
[0.24957919]
[0.24957913]
[0.24955727]
[0.24954699]
[0.24954188]
[0.24952888]
[0.24952228]
[0.24951716]
[0.24951264]
[0.24950635]
[0.24950077]
[0.24949864]
[0.24949409]
[0.24948221]
[0.24948059]
[0.24948059]
[0.24947883]
[0.24947791]
[0.24940127]
[0.24938461]
[0.2493797]
[0.2493797]
[0.24937287]
[0.24936993]
[0.24935289]
[0.24935262]
[0.24934843]
[0.24932727]
[0.24931808]
[0.24930456]
[0.24927615]
[0.24924433]
[0.24921797]
[0.24919464]
[0.24916962]
[0.24915747]
[0.2491512]
[0.24914795]
[0.2491419]
[0.24913919]
[0.24913013]
[0.24911995]
[0.24911435]
[0.24909538]
[0.24908853]
[0.24906799]
[0.24904723]
[0.24904285]
[0.24903387]
[0.24902067]
[0.24901488]
[0.24901488]
[0.24898833]
[0.24898118]
[0.2489606]
[0.24895392]
[0.24893525]
[0.24892709]
[0.24891403]
[0.24890071]
[0.24889211]
[0.24888827]
[0.24888785]
[0.24886824]
[0.24885313]
[0.24884363]
[0.24882904]
[0.24882142]
[0.24880701]
[0.24879152]
[0.24878038]
[0.24876894]
[0.24875855]
[0.24875465]
[0.24874291]
[0.24873282]
[0.24871099]
[0.24870911]
[0.248689]
[0.24868454]
[0.24868363]
[0.24868204]
[0.24868041]
[0.24867979]
[0.24867746]
[0.24866623]
[0.24865478]
[0.24865122]
[0.24864338]
[0.24862407]
[0.2486037]
[0.24858108]
[0.24857457]
[0.2485269]
[0.2485269]
[0.24852404]
[0.24849083]
[0.2484898]
[0.24847746]
[0.24846666]
[0.2484414]
[0.24842939]
[0.24842851]
[0.24839544]
[0.24835235]
[0.2483474]
[0.24832124]
[0.24830677]
[0.24830677]
[0.24829192]
[0.24828792]
[0.24828751]
[0.24828105]
[0.24826764]
[0.2482676]
[0.24826173]
[0.24825436]
[0.2482258]
[0.24821422]
[0.24820878]
[0.2481863]
[0.24817668]
[0.24815254]
[0.24814214]
[0.2481385]
[0.24812612]
[0.24811384]
[0.24809706]
[0.2480899]
[0.24808303]
[0.24806255]
[0.24804033]
[0.24803591]
[0.24801284]
[0.24799705]
[0.24798787]
[0.24798578]
[0.24794206]
[0.24793479]
[0.24793084]
[0.24792665]
[0.24792407]
[0.24789602]
[0.24789602]
[0.24788184]
[0.2478749]
[0.24785022]
[0.24784027]
[0.24783142]
[0.24782717]
[0.24780811]
[0.24780811]
[0.24780741]
[0.24778587]
[0.24775828]
[0.24775548]
[0.24775495]
[0.24774085]
[0.24771982]
[0.24771805]
[0.2477125]
[0.24771094]
[0.24770716]
[0.24770409]
[0.24767876]
[0.24766718]
[0.24766032]
[0.24765752]
[0.24764228]
[0.24764167]
[0.24761003]
[0.24759872]
[0.24759872]
[0.24758057]
[0.24757987]
[0.24754062]
[0.24754062]
[0.24754062]
[0.24753977]
[0.24750833]
[0.24750449]
[0.24750237]
[0.24746376]
[0.24746181]
[0.24745165]
[0.24743655]
[0.24742275]
[0.24742275]
[0.24741271]
[0.24740766]
[0.24737585]
[0.24737194]
[0.24736132]
[0.24733768]
[0.24732858]
[0.24730204]
[0.24729308]
[0.24727342]
[0.24727342]
[0.24726501]
[0.24726376]
[0.2472263]
[0.24722438]
[0.24722181]
[0.24719861]
[0.24719745]
[0.24719284]
[0.24716942]
[0.24716264]
[0.24715929]
[0.24715254]
[0.24715254]
[0.24712484]
[0.24711992]
[0.24710347]
[0.24709837]
[0.2470899]
[0.2470899]
[0.24708015]
[0.24707729]
[0.24706867]
[0.24706452]
[0.24706239]
[0.24705686]
[0.24704905]
[0.24702607]
[0.24700384]
[0.24700151]
[0.24699877]
[0.24699502]
[0.24696164]
[0.24692857]
[0.24692729]
[0.24690433]
[0.2468954]
[0.24689186]
[0.24688648]
[0.24685109]
[0.24684928]
[0.24684021]
[0.24683069]
[0.24681947]
[0.24681857]
[0.24681038]
[0.24681038]
[0.24679539]
[0.24679202]
[0.24678393]
[0.24675739]
[0.24675739]
[0.24675241]
[0.24675234]
[0.246742]
[0.24673067]
[0.24672993]
[0.24672543]
[0.24669567]
[0.24669503]
[0.24665652]
[0.24662486]
[0.24660873]
[0.24658069]
[0.24656591]
[0.24655947]
[0.2465469]
[0.2465469]
[0.24653564]
[0.2465354]
[0.24651629]
[0.24650209]
[0.24650031]
[0.24650031]
[0.24649623]
[0.24647094]
[0.24646772]
[0.24645875]
[0.24645174]
[0.24643828]
[0.24643193]
[0.2463848]
[0.24636477]
[0.24636441]
[0.24635829]
[0.2463508]
[0.24634364]
[0.24633239]
[0.24630082]
[0.24628077]
[0.24627797]
[0.24627797]
[0.24626493]
[0.2462631]
[0.24624342]
[0.24623767]
[0.24623398]
[0.24623047]
[0.24623014]
[0.24622014]
[0.24619162]
[0.24615307]
[0.24614246]
[0.24614099]
[0.24613027]
[0.24609269]
[0.24609269]
[0.24607483]
[0.24606793]
[0.24606645]
[0.24605225]
[0.24603876]
[0.24602096]
[0.2460193]
[0.2460193]
[0.24601813]
[0.24600402]
[0.24598067]
[0.24594435]
[0.24593613]
[0.24593146]
[0.24592711]
[0.2459211]
[0.24591333]
[0.24588639]
[0.24588265]
[0.24585696]
[0.24583618]
[0.2458303]
[0.24580687]
[0.24579631]
[0.24579109]
[0.24578817]
[0.24578694]
[0.2457861]
[0.2457279]
[0.24571817]
[0.24569716]
[0.24569076]
[0.24562004]
[0.24561279]
[0.24559322]
[0.24558017]
[0.24557884]
[0.24555564]
[0.2455356]
[0.24552377]
[0.24552155]
[0.24545516]
[0.24545169]
[0.24541917]
[0.24540815]
[0.24540775]
[0.24540496]
[0.24539413]
[0.24537599]
[0.24537061]
[0.24535796]
[0.24532558]
[0.24532053]
[0.24531491]
[0.24530618]
[0.24530038]
[0.24528751]
[0.24527991]
[0.24526803]
[0.24526355]
[0.24524254]
[0.24524254]
[0.24524254]
[0.24522704]
[0.24522616]
[0.2452021]
[0.24519032]
[0.24515982]
[0.24515243]
[0.24514982]
[0.24512142]
[0.24512142]
[0.24510723]
[0.24509437]
[0.24509437]
[0.2450873]
[0.24507691]
[0.2450702]
[0.24506159]
[0.24505259]
[0.24505179]
[0.2450466]
[0.24503979]
[0.24503544]
[0.24501741]
[0.2450158]
[0.2449737]
[0.24497361]
[0.2449641]
[0.24495804]
[0.24495278]
[0.24492796]
[0.2449233]
[0.2449083]
[0.24490495]
[0.24489225]
[0.24487273]
[0.24485068]
[0.24484965]
[0.2448442]
[0.2448307]
[0.2448141]
[0.24480255]
[0.24476421]
[0.2447621]
[0.24472034]
[0.24467434]
[0.24467038]
[0.24464475]
[0.2446425]
[0.24463995]
[0.24463552]
[0.24463424]
[0.24461307]
[0.24457116]
[0.24452797]
[0.244527]
[0.244527]
[0.2444995]
[0.24449666]
[0.24449418]
[0.24447446]
[0.244474]
[0.24446599]
[0.2444211]
[0.2444118]
[0.24440992]
[0.24440867]
[0.24440698]
[0.24431154]
[0.24428216]
[0.24427558]
[0.24424027]
[0.2442029]
[0.24418886]
[0.24418294]
[0.24417089]
[0.24415801]
[0.24414854]
[0.24413328]
[0.24411802]
[0.24411564]
[0.24410057]
[0.24409293]
[0.24408436]
[0.24407427]
[0.24405165]
[0.24404635]
[0.24403873]
[0.24401815]
[0.24401367]
[0.2439974]
[0.24398623]
[0.24397977]
[0.24396671]
[0.2439576]
[0.24394466]
[0.24393772]
[0.24391127]
[0.24389641]
[0.24384896]
[0.24381703]
[0.24381678]
[0.24381348]
[0.24379076]
[0.24373516]
[0.24373421]
[0.24373025]
[0.243729]
[0.24372537]
[0.2436905]
[0.24369003]
[0.24366288]
[0.24365792]
[0.24365582]
[0.24364026]
[0.24361616]
[0.24361512]
[0.24361512]
[0.24360697]
[0.2435963]
[0.24359591]
[0.2435851]
[0.24357596]
[0.24356934]
[0.2435417]
[0.24353902]
[0.2435313]
[0.24349883]
[0.24349299]
[0.24347863]
[0.2434767]
[0.243445]
[0.24341373]
[0.24340026]
[0.24337181]
[0.24336796]
[0.24335499]
[0.24333093]
[0.24332309]
[0.24325861]
[0.24324617]
[0.24323867]
[0.24323328]
[0.24318528]
[0.24318302]
[0.24314518]
[0.243118]
[0.2431122]
[0.24310493]
[0.24310493]
[0.24307686]
[0.24300605]
[0.24300268]
[0.24298872]
[0.242985]
[0.24296163]
[0.24294232]
[0.24292679]
[0.2428914]
[0.24288872]
[0.24286473]
[0.2428633]
[0.24286276]
[0.24285027]
[0.24285027]
[0.2427978]
[0.24274534]
[0.24274051]
[0.2427334]
[0.2427329]
[0.24271202]
[0.24268635]
[0.24268244]
[0.24268244]
[0.24262251]
[0.2426181]
[0.24259266]
[0.24257886]
[0.24255344]
[0.2425034]
[0.24249715]
[0.24249715]
[0.24249135]
[0.24248748]
[0.24239051]
[0.24235518]
[0.24235323]
[0.2423513]
[0.24234205]
[0.24232979]
[0.24228068]
[0.24225286]
[0.24219836]
[0.24211912]
[0.24210285]
[0.24208583]
[0.242054]
[0.24197502]
[0.24195436]
[0.24195045]
[0.241948]
[0.24193415]
[0.24187818]
[0.24179368]
[0.24173838]
[0.24171983]
[0.24169064]
[0.24163683]
[0.24162635]
[0.2415784]
[0.24155071]
[0.24155071]
[0.24154958]
[0.24154554]
[0.24152857]
[0.24152398]
[0.2415175]
[0.24151216]
[0.24149387]
[0.24148045]
[0.24147789]
[0.2414302]
[0.2414302]
[0.24142249]
[0.24137384]
[0.24135609]
[0.241335]
[0.24130635]
[0.24127527]
[0.24126652]
[0.24125469]
[0.24124306]
[0.24124204]
[0.24120837]
[0.24119936]
[0.24104586]
[0.24093755]
[0.24092612]
[0.240897]
[0.24087542]
[0.24087249]
[0.24085534]
[0.24081662]
[0.24080354]
[0.24079964]
[0.24077691]
[0.24074626]
[0.24068125]
[0.24066225]
[0.24059258]
[0.24054386]
[0.24051061]
[0.24049522]
[0.2404808]
[0.24041422]
[0.24038275]
[0.24037738]
[0.24032678]
[0.24029748]
[0.2402961]
[0.24027203]
[0.2402242]
[0.24020569]
[0.24018781]
[0.24002415]
[0.23981956]
[0.23981391]
[0.23980382]
[0.2397404]
[0.23970956]
[0.23959993]
[0.23946288]
[0.23935796]
[0.23935747]
[0.23929067]
[0.23923391]
[0.2391545]
[0.23911856]
[0.2390878]
[0.23900698]
[0.23893137]
[0.23884046]
[0.23874904]
[0.23869434]
[0.23863527]
[0.23832133]
[0.23787159]
[0.23785795]
[0.23776299]
[0.23755883]
[0.23755465]
[0.23753205]
[0.23712543]
[0.23693585]
[0.23645684]
[0.23644657]
[0.23636945]
[0.23623185]
[0.23622759]
[0.2357896]
[0.23542298]
[0.23536621]
[0.23514901]
