0.51162404
0.50181
0.5003523
0.4980067
0.49786216
0.49214417
0.48568636
0.4788509
0.46571088
0.46224338
0.4621913
0.4612497
0.45854476
0.45806187
0.45704812
0.45592353
0.45567468
0.45433545
0.45413956
0.45386943
0.45369694
0.45213106
0.4516865
0.45117596
0.4510171
0.45057806
0.44975245
0.44905058
0.44859245
0.44814387
0.4467246
0.44555295
0.445232
0.44484583
0.44480863
0.4447122
0.44468004
0.44456977
0.4444306
0.44426095
0.44359463
0.44324487
0.44309437
0.44286758
0.44180974
0.4416447
0.44150987
0.44039747
0.44004247
0.43993908
0.43929645
0.43920082
0.4391333
0.43913123
0.4390301
0.43864027
0.43862653
0.4385928
0.43845147
0.4384482
0.43794644
0.43751654
0.43751654
0.4374674
0.4374674
0.4371389
0.43713602
0.43695915
0.4368475
0.43684343
0.43653435
0.43618795
0.4347961
0.43470916
0.43466327
0.434494
0.43435353
0.4339761
0.43395558
0.43395558
0.43390548
0.4336113
0.43333957
0.4332016
0.43293136
0.43289343
0.43271953
0.43251753
0.4321094
0.43206218
0.43194288
0.43186635
0.43167555
0.431234
0.43087983
0.4307179
0.4303332
0.43024394
0.429983
0.42993852
0.42972946
0.4292682
0.42917934
0.4290655
0.42904064
0.42903903
0.4290145
0.428739
0.42871976
0.4286763
0.42843324
0.4284196
0.42833427
0.42809233
0.42809206
0.4280495
0.4280495
0.4275955
0.42759192
0.42724228
0.42715046
0.42689317
0.4268051
0.42675626
0.42611262
0.4259933
0.4257976
0.4257699
0.4256432
0.42562518
0.4253966
0.4249327
0.42488727
0.42466915
0.4245773
0.42393985
0.42384094
0.42353675
0.4233812
0.42305338
0.4229026
0.42258203
0.4223364
0.42223948
0.42195657
0.42195454
0.4216346
0.4216135
0.42152488
0.42118514
0.42092696
0.420825
0.4207014
0.420319
0.42014894
0.42004657
0.4198558
0.41984472
0.41979066
0.41948137
0.41922197
0.41915828
0.41902852
0.41899246
0.4189523
0.4186131
0.41809204
0.4179711
0.4178565
0.41784018
0.4177016
0.41749015
0.41718718
0.41714528
0.41695708
0.41691124
0.41682798
0.41668224
0.41666484
0.41658992
0.4165419
0.41637483
0.41608286
0.4158811
0.41579655
0.4156809
0.41563737
0.41562593
0.4155649
0.41529715
0.41506368
0.41482756
0.41461366
0.41445175
0.41420722
0.4138896
0.41372398
0.413556
0.41348413
0.4134758
0.41341522
0.41321328
0.41318497
0.41277498
0.4126659
0.4126648
0.41261345
0.4123601
0.41230693
0.41227847
0.41207623
0.41176206
0.41167596
0.41163558
0.41163558
0.41154426
0.41107208
0.410985
0.41087547
0.4103619
0.4102031
0.40996215
0.4097585
0.40971175
0.40966833
0.40943637
0.4089985
0.40800816
0.40792912
0.40737328
0.40699208
0.40682358
0.4067801
0.40626892
0.40604448
0.40577275
0.40577275
0.40543118
0.40480784
0.40403926
0.40389198
0.40324682
0.40273294
0.402101
0.40206012
0.4018462
0.4012811
0.4012811
0.40127915
0.40103808
0.40033558
0.3997107
0.399232
0.39858857
0.3981063
0.3969929
0.39648855
0.39432868
0.39364862
0.3923326
0.39221233
0.38978302
0.38923395
0.38919473
0.38904426
0.3890188
0.38898718
0.3888156
0.38822395
0.3881621
0.38815215
0.38806042
0.38765818
0.38753948
0.38746214
0.38723725
0.38703173
0.38699532
0.3869272
0.38681042
0.38647464
0.3859471
0.3857156
0.38546324
0.38532093
0.38469103
0.38454524
0.38443032
0.38438025
0.38395548
0.38379437
0.3836925
0.38343644
0.38330498
0.3832682
0.3830341
0.38296077
0.38289866
0.38281265
0.38280377
0.38268498
0.382485
0.38248202
0.38245544
0.3824209
0.38202602
0.3819724
0.3816282
0.3815121
0.3814875
0.3814632
0.38132653
0.38114437
0.38110477
0.38092017
0.38067406
0.38062844
0.38060454
0.38057187
0.38054782
0.38031858
0.38030148
0.38026288
0.3800273
0.3799219
0.3798367
0.37982982
0.37982216
0.3797474
0.37973452
0.37967134
0.37956852
0.3795259
0.37925836
0.3792431
0.37923813
0.3791196
0.3791167
0.37874705
0.37859198
0.37858787
0.37841535
0.3783968
0.3783477
0.37833422
0.3783339
0.37827438
0.378241
0.37823543
0.37818787
0.37804675
0.37801787
0.37791756
0.37776098
0.37765434
0.37765014
0.37765014
0.37762246
0.37756425
0.37751436
0.3773474
0.37728637
0.37721327
0.3771836
0.37716135
0.37714073
0.37703708
0.37703544
0.3769817
0.37696883
0.37692556
0.37687746
0.37683308
0.37682015
0.3767381
0.37668115
0.37663713
0.37660554
0.37657678
0.37649798
0.3764087
0.37637776
0.37622666
0.37615353
0.37611347
0.37597162
0.37590668
0.3758748
0.37585625
0.37581575
0.37579176
0.37578925
0.37566
0.37557018
0.37555128
0.37553084
0.37552512
0.3755098
0.37550727
0.37542227
0.37535447
0.37530068
0.37528756
0.37527964
0.3752657
0.37526333
0.37522608
0.37520057
0.37518826
0.37517622
0.37514412
0.37507704
0.3750542
0.375041
0.37502503
0.37498802
0.37497225
0.3749615
0.37495857
0.37493733
0.37487528
0.3748566
0.37482095
0.3747853
0.3747853
0.3747794
0.37477645
0.37472874
0.37472305
0.37464556
0.37459567
0.37458542
0.3745436
0.3745383
0.3745383
0.37443843
0.37433466
0.37431982
0.37428713
0.3742863
0.37422267
0.37413427
0.3741254
0.3741107
0.37410083
0.3739778
0.37389353
0.37383223
0.3738264
0.3738173
0.37379238
0.37376893
0.3737311
0.3737182
0.37370312
0.37366056
0.37366056
0.37364638
0.3734433
0.37331563
0.37331465
0.373301
0.37328577
0.37319523
0.3731842
0.3731724
0.37305897
0.37305257
0.37300503
0.37300095
0.37299672
0.37293944
0.37292692
0.3728274
0.37281787
0.37280014
0.37276474
0.37270823
0.37269974
0.37267628
0.37267354
0.3726718
0.3725973
0.3725604
0.37249744
0.37248647
0.37247887
0.37247753
0.37243178
0.37241015
0.37238765
0.37236074
0.37235427
0.37233296
0.37233078
0.37231374
0.37230143
0.3722941
0.37221017
0.37220302
0.37213886
0.37212783
0.3721242
0.3721035
0.3720742
0.37207004
0.37205237
0.3720263
0.37193665
0.37192908
0.37188682
0.3718817
0.3718817
0.3718817
0.37187865
0.37183526
0.3718039
0.37179783
0.37176389
0.37168542
0.37166807
0.37165576
0.37164944
0.37163806
0.37160927
0.37157023
0.37152848
0.37147924
0.37146962
0.371468
0.37142158
0.37136874
0.37129664
0.37127343
0.37121624
0.37114474
0.37114236
0.37110007
0.371099
0.37105986
0.37104487
0.37101534
0.37098822
0.37097856
0.3709641
0.37090027
0.37090027
0.37087134
0.37086937
0.3708606
0.37082103
0.3708127
0.3707949
0.37075853
0.37074295
0.3707124
0.3706667
0.37065926
0.3706488
0.37063724
0.3706349
0.37062284
0.37058926
0.37058586
0.37058538
0.37058023
0.37056017
0.37054712
0.37052783
0.37051982
0.37051713
0.37049064
0.3704873
0.37044027
0.37039778
0.3703931
0.3703905
0.37036896
0.37034142
0.3702906
0.37028918
0.37028635
0.37028503
0.37025237
0.37024733
0.37024248
0.37019402
0.3701877
0.37016866
0.3701402
0.37010717
0.37008962
0.3700744
0.37005684
0.37003124
0.37003013
0.36998808
0.36998641
0.36998641
0.3699712
0.36995545
0.3699284
0.36991924
0.36988848
0.3698877
0.36988178
0.36986372
0.36985922
0.36985177
0.3698174
0.36978176
0.36970165
0.3696659
0.36961848
0.3695463
0.3695368
0.36952847
0.36949527
0.36946863
0.36946845
0.36946616
0.3694258
0.36942393
0.36941996
0.36941504
0.36939928
0.3693899
0.3693718
0.36936113
0.36931053
0.36929515
0.36926994
0.36926994
0.36923966
0.3692275
0.3691012
0.3690933
0.36908525
0.36899275
0.36892474
0.36892188
0.3688722
0.3688614
0.36875746
0.36873275
0.36871722
0.3686725
0.36866742
0.36859816
0.36858952
0.36854866
0.36854544
0.36853838
0.36851984
0.36848828
0.3684747
0.3684576
0.36843094
0.36841178
0.36840457
0.36836582
0.3683333
0.36833096
0.3683299
0.36831582
0.36831582
0.3682988
0.36829293
0.3682927
0.3682794
0.36826694
0.3682606
0.36824995
0.36824456
0.36823824
0.36823767
0.36823583
0.36822903
0.36821416
0.3682084
0.36819726
0.36815533
0.36814508
0.3681363
0.36809397
0.36808905
0.36807126
0.36803672
0.36803317
0.36801243
0.36799842
0.36798272
0.3679738
0.36790892
0.36790594
0.36790016
0.3678974
0.36789262
0.36789262
0.3678848
0.36782002
0.36779752
0.3677721
0.3677643
0.36770806
0.36769226
0.36769018
0.3676743
0.36761326
0.36761206
0.36759847
0.3675954
0.36758864
0.36758777
0.36758658
0.3675755
0.36757538
0.36754498
0.3675321
0.36751527
0.36751366
0.36751154
0.3675033
0.36749977
0.3674924
0.36748978
0.36747715
0.36743814
0.36743146
0.3674259
0.36741245
0.36740446
0.36739844
0.3673916
0.36738843
0.36738607
0.3673663
0.36736602
0.3673552
0.36735225
0.36732325
0.3673142
0.3673002
0.3672498
0.36724046
0.36724046
0.36723548
0.36723325
0.36723235
0.36718088
0.36716965
0.36715117
0.36714977
0.36714968
0.36711174
0.36710778
0.36708114
0.36707416
0.36706936
0.36706787
0.36705312
0.36699104
0.36698687
0.3669594
0.3669576
0.36693498
0.3669289
0.36692086
0.36690387
0.36686265
0.36684248
0.3668058
0.36679226
0.3667692
0.36674184
0.36672947
0.36671466
0.36668175
0.36664754
0.36664373
0.36663863
0.3665838
0.36656803
0.36654764
0.36654106
0.36653733
0.36653572
0.36653465
0.36651078
0.3665024
0.3665017
0.3665008
0.36647606
0.3664448
0.3664448
0.36642987
0.3664218
0.36640748
0.36640003
0.3663991
0.3663709
0.36636558
0.3663622
0.36631393
0.36631092
0.3663038
0.3662405
0.36623242
0.36622494
0.36621234
0.36621183
0.36620358
0.3661743
0.3661694
0.36616272
0.36616033
0.3661468
0.36606768
0.36606476
0.36605525
0.36604178
0.36601838
0.3660074
0.36599255
0.3659812
0.3659701
0.3659096
0.3659076
0.36590698
0.36589128
0.36587718
0.36586148
0.36582938
0.36582112
0.36579973
0.36579365
0.3657901
0.36578712
0.3657763
0.36576518
0.3657629
0.3657492
0.3657471
0.36573392
0.36572942
0.36572373
0.3657113
0.36566556
0.3656261
0.36560962
0.3656057
0.3656013
0.3655806
0.36555436
0.36550063
0.36549547
0.36549547
0.36547643
0.36546034
0.36545974
0.3654473
0.36543834
0.36543834
0.36542815
0.36540976
0.3653923
0.365384
0.36537403
0.3653652
0.36535704
0.3653453
0.3653318
0.365327
0.36531204
0.36529976
0.36527762
0.36527118
0.36526987
0.3652655
0.3652655
0.3652655
0.36525062
0.36524904
0.36523467
0.3652198
0.3652177
0.36519745
0.36519018
0.36516562
0.36516303
0.36516234
0.36516234
0.36514562
0.36514106
0.3651371
0.36509764
0.36508214
0.3650753
0.36507288
0.36503944
0.36502993
0.3650195
0.3650031
0.36499175
0.36498323
0.36498302
0.36498302
0.3649636
0.36494553
0.3649348
0.36488855
0.36488855
0.36481598
0.36481497
0.36480543
0.36478317
0.36476415
0.3647497
0.36473182
0.36471516
0.3646796
0.36467585
0.36467335
0.36465067
0.36464363
0.36462617
0.364616
0.36457822
0.36456344
0.36453778
0.36453286
0.364513
0.36448887
0.36447936
0.36447024
0.36445546
0.36440971
0.36440545
0.3643956
0.36437985
0.36436778
0.36436146
0.36434987
0.36432487
0.36431205
0.36430848
0.36430046
0.36428165
0.3642608
0.36424068
0.3642159
0.36420962
0.36420852
0.3641796
0.36412278
0.36411425
0.36409667
0.36407056
0.36404818
0.36403915
0.36403915
0.363997
0.36399505
0.3639746
0.36396316
0.36396107
0.3639511
0.36394596
0.36392087
0.3639142
0.36389834
0.36388108
0.36387965
0.36386868
0.36385673
0.3638547
0.3638056
0.3637744
0.3637616
0.36375675
0.36374345
0.3637401
0.3637373
0.36373234
0.36373207
0.36372092
0.3637002
0.3636861
0.36368486
0.3636779
0.3636775
0.36364698
0.36364302
0.36361748
0.3636022
0.3636
0.36359254
0.3635867
0.36357823
0.3635732
0.3635607
0.3635392
0.36353317
0.3635234
0.3634971
0.36349595
0.36348405
0.36346343
0.36346057
0.36346057
0.36346057
0.3634601
0.36343244
0.36343244
0.36343244
0.36343244
0.36338994
0.3633891
0.36337677
0.3633754
0.36337325
0.36337003
0.3633524
0.36334395
0.36332563
0.36332053
0.3633021
0.36328343
0.36326894
0.36326817
0.3632215
0.3632215
0.36322138
0.36321378
0.3631876
0.36318627
0.36317077
0.36316168
0.36316133
0.36315748
0.36313793
0.363129
0.36312264
0.3631124
0.36310592
0.3631051
0.36309838
0.363086
0.3630712
0.36306837
0.36306837
0.36306223
0.36306015
0.3630515
0.3630124
0.36298582
0.36296833
0.36293817
0.36293185
0.36290553
0.36283052
0.36280406
0.36275882
0.36274815
0.3627136
0.36269686
0.36268824
0.3626875
0.3626742
0.36266693
0.36265326
0.36264825
0.36264825
0.36261725
0.3626047
0.36257946
0.36257762
0.36256593
0.36255777
0.36251011
0.36250594
0.36248496
0.36248317
0.36248317
0.36248317
0.36248317
0.36248177
0.36247978
0.36247075
0.36244798
0.3624163
0.36239958
0.3623842
0.36236444
0.36236006
0.36234328
0.36234048
0.36233076
0.36232913
0.36231127
0.3622932
0.36229056
0.36228287
0.36228117
0.36224258
0.3622337
0.36220893
0.36218935
0.36215204
0.36215007
0.36212543
0.3621174
0.3620694
0.36202282
0.3619804
0.36196595
0.36196268
0.3619603
0.3619596
0.36194324
0.36194122
0.3619245
0.36192447
0.36192372
0.36188796
0.3618735
0.36184186
0.36183384
0.36183384
0.36183384
0.36182877
0.36180305
0.36179623
0.36176845
0.36176133
0.36174345
0.36174345
0.36174345
0.36173654
0.3617197
0.36171654
0.36170948
0.36170492
0.36170077
0.36169937
0.36168498
0.3616559
0.36162862
0.36161092
0.36161092
0.36159068
0.36157987
0.36155257
0.36152276
0.36151698
0.36150664
0.3614964
0.3614879
0.36148536
0.36148232
0.36147693
0.3614756
0.3614458
0.36144468
0.36143014
0.3614136
0.36140552
0.36139706
0.36139032
0.36138472
0.36136764
0.3613532
0.36134243
0.3613327
0.3613321
0.36133173
0.36131692
0.36131087
0.36127895
0.3612694
0.3612667
0.3612658
0.3612614
0.36125684
0.36123875
0.36123285
0.36123258
0.36123258
0.36121255
0.3611973
0.3611858
0.36117488
0.36113602
0.36112985
0.36110213
0.36110178
0.36109915
0.36109662
0.36104736
0.3610462
0.36104104
0.36103332
0.3610315
0.3610164
0.36101264
0.36100265
0.3609805
0.36095065
0.3609493
0.3609434
0.3608974
0.36089686
0.36089322
0.36088222
0.3608563
0.36085555
0.36080387
0.3607955
0.360781
0.36077285
0.3607506
0.36074927
0.36074513
0.36066994
0.3606475
0.3606238
0.36061683
0.36060795
0.36060795
0.3605987
0.36058456
0.36057547
0.3605731
0.36056927
0.36056253
0.360544
0.36053696
0.3605341
0.36049935
0.3604737
0.36046737
0.3604528
0.3604501
0.36043608
0.36043608
0.36043027
0.3604069
0.36040363
0.36040154
0.3603996
0.36038932
0.36037955
0.36036897
0.36036295
0.36036104
0.36035705
0.36035705
0.36035156
0.36033756
0.360325
0.36031625
0.3603099
0.36029893
0.36029893
0.36029688
0.36029392
0.36029157
0.36029157
0.36026198
0.360261
0.3602168
0.36021054
0.3602007
0.3602007
0.36018175
0.3601745
0.3601729
0.36016437
0.36015984
0.3601537
0.3601535
0.3601454
0.36014447
0.36014223
0.3601381
0.36013243
0.36011687
0.3601142
0.36011383
0.36008826
0.36008248
0.3600819
0.36006096
0.36006096
0.3600408
0.36003974
0.36003873
0.36003602
0.3600196
0.3600195
0.3600014
0.35999537
0.35997856
0.35997313
0.35994944
0.3599361
0.3599333
0.35993224
0.35992172
0.35991156
0.3599007
0.3598937
0.35988235
0.35987794
0.35987398
0.3598685
0.35985324
0.3598317
0.35982552
0.35981458
0.35979626
0.35979533
0.35978344
0.35976607
0.359752
0.35974398
0.35973045
0.35972124
0.35971975
0.35971132
0.35968927
0.35966995
0.35966793
0.3596582
0.35965642
0.35964003
0.35962364
0.3596222
0.35962042
0.3596184
0.35961586
0.35960037
0.3595903
0.35955796
0.35955095
0.35955095
0.35954496
0.35950497
0.35949758
0.35949725
0.35947433
0.35943997
0.3593989
0.35939792
0.3593903
0.359376
0.359376
0.3593414
0.3593414
0.3593414
0.35933265
0.3593119
0.3593117
0.35930514
0.3592985
0.35929295
0.3592919
0.35928205
0.3592538
0.35925037
0.3592409
0.3592406
0.3592406
0.35923755
0.35922396
0.35920796
0.35919598
0.3591905
0.35917518
0.35915855
0.35913748
0.35911405
0.35911053
0.3591086
0.3591083
0.35910755
0.3591037
0.35909584
0.3590681
0.3590681
0.3590681
0.3590681
0.3590681
0.35906544
0.35906377
0.35904732
0.35902816
0.35902297
0.35901392
0.3589906
0.35898924
0.35898814
0.35897526
0.3589651
0.35896218
0.3589542
0.35895383
0.35895073
0.35894686
0.35894433
0.3589422
0.35893792
0.3589342
0.35891554
0.35891363
0.35890254
0.35889503
0.35888487
0.3588738
0.35885385
0.35884354
0.3588407
0.3588352
0.3588352
0.3588352
0.3588352
0.3588352
0.3588266
0.35880327
0.35880044
0.35879773
0.35876992
0.35876176
0.35875404
0.35875404
0.35874477
0.35874233
0.3587403
0.35873654
0.35873467
0.3587173
0.3587128
0.35870525
0.35867766
0.35867336
0.35865617
0.35865137
0.35864735
0.35864735
0.35864243
0.35864243
0.35864243
0.35864243
0.35864243
0.35864243
0.35864243
0.35864243
0.35864243
0.35864243
0.35862318
0.3586195
0.35861808
0.35860792
0.35859364
0.35858172
0.35856384
0.35855323
0.35853425
0.35852927
0.35852087
0.35852087
0.35850444
0.3585002
0.35849994
0.35849994
0.3584991
0.35849673
0.35846582
0.3584643
0.35846284
0.35845223
0.3584509
0.35844904
0.35844904
0.35842735
0.3584123
0.35840836
0.35840586
0.3584036
0.35839173
0.3583744
0.35837156
0.35835674
0.35835257
0.35834616
0.35834333
0.35834265
0.35833928
0.35831532
0.35830235
0.35830033
0.35827053
0.35826024
0.35824752
0.35824752
0.3582397
0.35822743
0.35821682
0.35821682
0.3582147
0.35821044
0.35820553
0.35820478
0.35819563
0.35819322
0.35818163
0.3581793
0.3581754
0.35816953
0.35816687
0.35815892
0.35813588
0.3581341
0.35813037
0.3581275
0.35812736
0.35812736
0.35812482
0.3581214
0.35811853
0.35811853
0.35811535
0.35811016
0.35810995
0.35809177
0.35808042
0.35805282
0.35804132
0.3580399
0.3580372
0.35803428
0.35803005
0.3580293
0.35802844
0.35801023
0.35800448
0.358004
0.3579831
0.35798183
0.35798016
0.35796952
0.35796875
0.35796502
0.35796502
0.3579631
0.35796043
0.35796043
0.35793504
0.3579273
0.35789445
0.35789445
0.35789007
0.357882
0.3578785
0.35787368
0.35785887
0.35785505
0.3578489
0.35784835
0.3578409
0.35783646
0.35783225
0.35783115
0.35781762
0.35781312
0.35781026
0.3577828
0.35778242
0.35776526
0.3577636
0.3577475
0.35774034
0.35773447
0.35771668
0.35771638
0.35771576
0.3577043
0.35770077
0.35769635
0.35769296
0.35769218
0.35769218
0.35769218
0.35769218
0.35769156
0.35768637
0.3576763
0.3576683
0.35765913
0.35765785
0.3576494
0.3576454
0.3576425
0.35764128
0.35762078
0.35761714
0.3575953
0.3575909
0.3575906
0.35758877
0.35756677
0.3575566
0.3575507
0.3575374
0.3575374
0.3575341
0.3575045
0.3574963
0.35749054
0.35748118
0.3574667
0.35745758
0.35744432
0.35743588
0.35743356
0.3574187
0.35741606
0.35741365
0.3573822
0.3573571
0.3573479
0.35733074
0.35732108
0.357307
0.35729375
0.357285
0.3572835
0.35726205
0.357249
0.35724497
0.35723105
0.35721797
0.35721394
0.3572043
0.3571699
0.35714525
0.3571317
0.3571233
0.35710418
0.35707483
0.3570726
0.3570544
0.35705236
0.35704345
0.35703593
0.35702485
0.35701796
0.35701746
0.35700247
0.35698405
0.35697833
0.35697478
0.35695443
0.35695335
0.3569529
0.35694158
0.35694036
0.3569307
0.35690254
0.35690036
0.35689127
0.35688508
0.35688508
0.35688362
0.3568724
0.35686868
0.3568574
0.3568563
0.35684544
0.3568323
0.3568309
0.35682532
0.35681868
0.35681808
0.3568179
0.35681713
0.35680717
0.35680553
0.35680458
0.35678333
0.35678118
0.3567702
0.35675308
0.35674015
0.35673276
0.35673276
0.35672674
0.35672572
0.35671288
0.3567078
0.3567057
0.35669824
0.35669625
0.35668623
0.3566832
0.3566776
0.35666052
0.35666034
0.35664797
0.35662386
0.35662386
0.35662162
0.356614
0.3565976
0.35659143
0.35658687
0.35655802
0.35654104
0.35653695
0.35651848
0.35651848
0.3565139
0.35650593
0.35650402
0.3564991
0.35649705
0.35649595
0.35649595
0.3564944
0.35646522
0.35646424
0.35645792
0.35644737
0.3564358
0.35643435
0.35638958
0.35638958
0.35638237
0.35636306
0.35636112
0.3563541
0.35635027
0.35634246
0.35634115
0.35633543
0.3563303
0.3563242
0.3563238
0.35632086
0.35630524
0.35630074
0.35629383
0.35627013
0.3562623
0.3562617
0.3562591
0.35625613
0.35623565
0.35623303
0.35622334
0.35621902
0.35621676
0.35621348
0.35620657
0.35620204
0.356185
0.3561669
0.35615072
0.35613894
0.35610208
0.35608345
0.356072
0.35606676
0.35606536
0.3560632
0.3560632
0.35605097
0.35604075
0.3560227
0.3560098
0.35600805
0.35600796
0.35600594
0.3559894
0.3559868
0.35598272
0.35598242
0.35596853
0.35596746
0.35596564
0.3559596
0.35595882
0.3559574
0.35594666
0.35593554
0.3559234
0.3559223
0.3559223
0.3559091
0.35590467
0.35588348
0.35588118
0.35587487
0.35585976
0.3558554
0.35585365
0.3558196
0.35581926
0.355814
0.35579056
0.3557638
0.35572267
0.35570592
0.35569376
0.35567677
0.35567012
0.35566476
0.35566458
0.35566282
0.35565892
0.35565528
0.35563356
0.35562518
0.3556138
0.35560676
0.35560608
0.35560593
0.3555761
0.35557455
0.3555743
0.3555708
0.35555992
0.35554194
0.3555314
0.35553068
0.3555269
0.3554994
0.35549608
0.35548997
0.3554728
0.3554728
0.35546878
0.35546705
0.35546613
0.35546613
0.35545486
0.35544786
0.35544336
0.35544297
0.3554331
0.3554123
0.35540998
0.35539004
0.35539004
0.35538933
0.3553866
0.3553866
0.3553788
0.35537833
0.35537127
0.35537127
0.35537127
0.35537127
0.35537127
0.35537127
0.35537127
0.35537127
0.35537127
0.35537127
0.35537127
0.35537127
0.35536972
0.35536915
0.35536802
0.35534608
0.35533655
0.35532856
0.35532025
0.35532025
0.35532025
0.35531092
0.35529402
0.35528263
0.35524392
0.3552383
0.35518712
0.3551764
0.3551594
0.35515073
0.35514975
0.35513398
0.3551304
0.3551185
0.35509595
0.35509476
0.35509273
0.3550871
0.3550751
0.35507146
0.35506687
0.3550641
0.3550442
0.35503188
0.35503188
0.35502982
0.35502103
0.35500887
0.3549942
0.35497737
0.35497496
0.3549695
0.35496885
0.35496497
0.35496095
0.35495612
0.35494998
0.3549471
0.3549471
0.35494077
0.35493338
0.3549211
0.35491365
0.35491365
0.35490936
0.3549039
0.35490024
0.3548924
0.35488686
0.35486722
0.3548663
0.35486564
0.35485178
0.35482997
0.3548286
0.35482344
0.35481888
0.3548084
0.35480386
0.354801
0.35479894
0.35479462
0.35477057
0.35476196
0.35476187
0.35473973
0.35469803
0.354679
0.3546782
0.35467497
0.3546705
0.35466874
0.35465628
0.35463226
0.35460007
0.354565
0.35456067
0.35455504
0.35455504
0.35455504
0.35455504
0.35455504
0.35454875
0.35454696
0.35453737
0.35453096
0.35453096
0.35451227
0.3545023
0.3545021
0.35449696
0.35449326
0.3544753
0.3544753
0.35447362
0.35447025
0.3544558
0.35445228
0.35444695
0.35444
0.35443446
0.35443363
0.35442755
0.35442224
0.35441968
0.35440993
0.35440075
0.35440004
0.35439765
0.35439387
0.35439035
0.35438365
0.3543832
0.35436976
0.3543664
0.35436347
0.35435638
0.35435018
0.35432598
0.35431787
0.35429946
0.35429174
0.3542914
0.3542848
0.35427892
0.3542715
0.3542438
0.35424063
0.3542139
0.35421008
0.3541844
0.35417828
0.35417795
0.3541523
0.35414192
0.35414192
0.35413337
0.35411143
0.35407478
0.3540697
0.35405594
0.3540557
0.35405427
0.3540428
0.35402998
0.35402048
0.35400987
0.35400355
0.3539922
0.35396734
0.3539574
0.3539378
0.35390046
0.35390046
0.35388136
0.35386777
0.35386777
0.35385743
0.3538544
0.35384446
0.35384446
0.35384184
0.3538407
0.3538007
0.3537975
0.35379353
0.35376275
0.35375738
0.35375345
0.3537355
0.35370573
0.353701
0.35369998
0.3536924
0.35368675
0.35368335
0.35367447
0.35366392
0.35365537
0.35364997
0.35364303
0.35363668
0.35363588
0.3536351
0.35363457
0.3536253
0.35360754
0.3535864
0.3535816
0.3535755
0.3535493
0.3535362
0.3535342
0.35353202
0.3535319
0.3535275
0.3535251
0.3535231
0.3535211
0.3535196
0.35345468
0.35343784
0.35342228
0.35341972
0.35341844
0.3534159
0.35339406
0.35337564
0.3533547
0.3533547
0.3533544
0.35334024
0.35332713
0.3533226
0.3533178
0.35330325
0.3533007
0.35329825
0.35329092
0.3532842
0.35326195
0.35325316
0.35323155
0.35321286
0.3532082
0.35318527
0.35316238
0.35315958
0.35315785
0.3531528
0.35314992
0.35312667
0.35312355
0.35312223
0.3531148
0.35310867
0.35309666
0.35308817
0.35308212
0.35307062
0.3530661
0.3530546
0.3530543
0.35301566
0.3530105
0.35301015
0.35300556
0.3529945
0.3529928
0.3529921
0.3529921
0.3529921
0.35299015
0.35298583
0.3529778
0.35296652
0.35296485
0.3529641
0.3529641
0.3529636
0.35296333
0.35296127
0.35296014
0.35295808
0.35295504
0.3529469
0.35294545
0.3529252
0.3529242
0.35292304
0.35292304
0.3529159
0.35289526
0.35289365
0.35288158
0.3528739
0.35287118
0.35286385
0.3528503
0.3528503
0.3528332
0.35281488
0.35280553
0.3528046
0.35279834
0.35278377
0.35277313
0.35277292
0.35276833
0.35276696
0.35274318
0.352736
0.3527336
0.35272688
0.35271946
0.352706
0.35270452
0.35269102
0.3526882
0.35268787
0.35268006
0.3526791
0.3526658
0.35265422
0.35264716
0.35262766
0.35262746
0.35260588
0.35259154
0.35258386
0.3525761
0.35256705
0.35256344
0.352545
0.35254145
0.3525258
0.35252237
0.3525107
0.35250556
0.35250425
0.35250333
0.35249186
0.35248137
0.35248035
0.35247728
0.35247436
0.3524736
0.35246295
0.35246038
0.35241786
0.35241622
0.35239884
0.35239008
0.35236654
0.35234597
0.35234022
0.35231915
0.35231888
0.3523072
0.35229692
0.35226333
0.35225722
0.35224804
0.3522474
0.35220766
0.352202
0.35220143
0.35220143
0.35220143
0.3521991
0.35219553
0.3521944
0.35219225
0.3521776
0.3521774
0.35217062
0.35217062
0.35215187
0.35214436
0.3521398
0.35213962
0.35213837
0.35212305
0.3521226
0.35211363
0.3521133
0.35210723
0.35208824
0.35208824
0.3520624
0.35205883
0.35203835
0.3520319
0.35201564
0.35201335
0.3520133
0.3520091
0.3520091
0.35200846
0.35200658
0.35199013
0.35198092
0.35195777
0.35195777
0.35195777
0.35195777
0.35195777
0.35195777
0.35195777
0.35195777
0.35195777
0.35195777
0.35195404
0.35195404
0.35195404
0.3519388
0.35193676
0.35193354
0.35191542
0.35191306
0.35191143
0.35190117
0.35189694
0.35189244
0.35188556
0.3518473
0.35184598
0.3518444
0.3518444
0.3518374
0.35183212
0.35182032
0.3518195
0.35180917
0.35180587
0.35180342
0.35180342
0.3517711
0.35176322
0.35175675
0.35174564
0.35174564
0.3517381
0.3517301
0.35172403
0.35172403
0.35172188
0.3517187
0.3517187
0.3517187
0.3517187
0.35171685
0.35171086
0.35170916
0.35170248
0.3516951
0.3516951
0.35168713
0.35168052
0.35167712
0.35167342
0.35167342
0.35167342
0.3516654
0.35165414
0.35164574
0.3516397
0.3516007
0.35158658
0.35158363
0.3515832
0.35158104
0.35157883
0.35157442
0.3515642
0.35156277
0.35155517
0.35153452
0.3515059
0.3515059
0.35148704
0.3514766
0.35147008
0.35146746
0.35146224
0.351459
0.3514497
0.35142457
0.3514133
0.35140914
0.35138744
0.3513831
0.3513831
0.35138083
0.35138083
0.35137808
0.3513688
0.35132858
0.35128465
0.35127258
0.35126075
0.35123634
0.3512345
0.35123363
0.35121015
0.35120186
0.3511915
0.35118243
0.35116574
0.35114083
0.35109657
0.3510895
0.35107476
0.35104993
0.35104248
0.3510399
0.35103825
0.35103694
0.3510228
0.35102016
0.3509983
0.35097697
0.35097668
0.3509613
0.35095942
0.35094407
0.35093758
0.35092843
0.3509235
0.35091597
0.35091212
0.35091212
0.3509055
0.35089785
0.35088918
0.3508814
0.35087863
0.35087863
0.350851
0.35085097
0.3508481
0.35082972
0.3508167
0.35081357
0.35080066
0.35075784
0.35073087
0.35070187
0.3507006
0.35068712
0.35067663
0.35067445
0.35067213
0.3506698
0.35065445
0.35063633
0.3506362
0.35060316
0.35056683
0.35056534
0.35056162
0.35056162
0.3505247
0.3505216
0.3505215
0.3505169
0.3505095
0.35048983
0.3504803
0.35046637
0.3504534
0.35045198
0.35045198
0.35045198
0.35044882
0.35043943
0.35042915
0.35042012
0.35040632
0.35038218
0.35038096
0.35037562
0.35037276
0.35036397
0.350355
0.35035262
0.35035262
0.35034844
0.35034508
0.35034347
0.350343
0.35033074
0.35032898
0.3503002
0.35028258
0.35028192
0.35026035
0.35025945
0.35024703
0.35023275
0.35023075
0.35019976
0.35019302
0.35016814
0.35016462
0.3501624
0.35015565
0.35015422
0.35015422
0.35015422
0.35013697
0.3501358
0.35010523
0.35009605
0.3500712
0.3500643
0.3500435
0.35003346
0.35002834
0.35002166
0.35001853
0.3500084
0.34999788
0.34998837
0.34998584
0.3499834
0.3499794
0.3499583
0.34994268
0.34993443
0.34993115
0.34991112
0.3499061
0.34989673
0.34988552
0.34988397
0.349876
0.34986162
0.34984535
0.3498123
0.3498123
0.34980652
0.34980276
0.34979877
0.3497987
0.34977952
0.34977952
0.34974346
0.34971154
0.34971094
0.3497041
0.34969288
0.3496898
0.34964782
0.34964392
0.3496423
0.34959245
0.34959245
0.34957677
0.34957573
0.34957263
0.3495701
0.34956098
0.34955218
0.3495459
0.3495456
0.34953192
0.3495202
0.34951726
0.3495157
0.3495157
0.34949967
0.34949914
0.34948847
0.34948385
0.34946224
0.34945428
0.34945172
0.34943074
0.34942836
0.34942824
0.34942824
0.34941906
0.3494181
0.3494168
0.34941074
0.34941074
0.34940207
0.3493878
0.34936967
0.34936807
0.3493635
0.34936208
0.34936208
0.34935513
0.34935093
0.3493503
0.3493336
0.34932414
0.3493209
0.3493209
0.3493209
0.34929043
0.34928784
0.3492853
0.34927228
0.3492632
0.3492576
0.3492576
0.34923878
0.34923878
0.34923878
0.34923878
0.34923878
0.34923878
0.34923878
0.3492376
0.34922838
0.34921354
0.34921217
0.3491972
0.34918177
0.3491801
0.34917703
0.34914488
0.34913263
0.34913123
0.34912947
0.34912694
0.34911403
0.3490911
0.34909084
0.34909084
0.34909084
0.34909084
0.34908193
0.3490776
0.34907556
0.34907508
0.34906211
0.34904572
0.34902698
0.34902674
0.34901926
0.34898704
0.34898034
0.34898034
0.34896004
0.3489531
0.34895056
0.34894985
0.3489486
0.3489289
0.3489106
0.3489077
0.34889576
0.348887
0.3488869
0.34886175
0.34881827
0.34881556
0.34879485
0.34879416
0.34879205
0.3487797
0.34876037
0.34874508
0.34873602
0.3487346
0.34872216
0.3487203
0.34871775
0.34870702
0.34867412
0.3486671
0.34865218
0.34864154
0.34864154
0.34864116
0.3486145
0.3486
0.3486
0.3486
0.3486
0.3486
0.3486
0.3486
0.3486
0.3486
0.3486
0.3486
0.34859714
0.34856737
0.3485475
0.3485341
0.3485209
0.34851384
0.34851384
0.34851384
0.34849998
0.34848675
0.34848586
0.3484648
0.34844086
0.34839052
0.34838098
0.3483781
0.3483644
0.34835353
0.34834805
0.34834573
0.34834322
0.3483431
0.34832007
0.34831983
0.34823167
0.34822696
0.34822315
0.34821907
0.34821442
0.3482141
0.34821355
0.34816244
0.34815133
0.34813946
0.34810963
0.34807917
0.34807727
0.3480405
0.3480237
0.34802195
0.34800905
0.3479711
0.3479326
0.347922
0.34790763
0.34788176
0.34785014
0.34784156
0.34784156
0.34780636
0.34779122
0.34776554
0.34776038
0.34773928
0.34772977
0.3476959
0.34769088
0.3476835
0.34766927
0.34766757
0.34766442
0.3476514
0.34765074
0.3476345
0.34761238
0.34760377
0.3475842
0.3475664
0.34756252
0.3475593
0.34755862
0.34755808
0.34750232
0.34750146
0.34745225
0.34738028
0.34737054
0.34736127
0.3473359
0.34732243
0.34732223
0.34730986
0.34730276
0.34727526
0.3472711
0.34720924
0.34719104
0.34718823
0.3471878
0.34718254
0.34717318
0.347166
0.3471501
0.34713048
0.34709814
0.34709814
0.3470786
0.34707683
0.34706223
0.34703964
0.34703687
0.34702438
0.3470139
0.34700683
0.34700516
0.3469776
0.34697643
0.346959
0.3469366
0.3469291
0.34692898
0.3469012
0.3468634
0.34684953
0.34684953
0.34684953
0.34684953
0.34684953
0.34684238
0.3468137
0.34678075
0.34676743
0.3467596
0.34674174
0.34670648
0.3466943
0.34665668
0.3466243
0.3466243
0.34661847
0.34660012
0.34658927
0.346583
0.3465594
0.34654787
0.34654242
0.34645447
0.3464342
0.34638974
0.34638232
0.3463778
0.34636864
0.34636864
0.3463654
0.34635034
0.34630123
0.34629527
0.34628874
0.34626803
0.34625113
0.34621146
0.34617454
0.34617454
0.34615996
0.34615383
0.34614193
0.3461206
0.34611478
0.34611005
0.34608862
0.34606093
0.34604555
0.34603876
0.34602946
0.34602347
0.34601656
0.34600252
0.34599385
0.34599206
0.34599105
0.34599105
0.34597766
0.3459668
0.34594914
0.34594634
0.345937
0.345926
0.3459093
0.34590745
0.3459065
0.34589967
0.34587002
0.34586847
0.34586045
0.34585094
0.3458426
0.34582722
0.34581435
0.34581435
0.3458137
0.3458137
0.3458137
0.34579256
0.3457584
0.3457473
0.34573814
0.34572625
0.34568548
0.34560737
0.34557918
0.34551826
0.345508
0.3454772
0.3454738
0.3454685
0.34545785
0.34545356
0.34543946
0.34542143
0.34541523
0.34539562
0.345388
0.3453853
0.34538
0.3453633
0.34536272
0.34536272
0.34533924
0.34530535
0.34529346
0.3452214
0.3452169
0.34521145
0.34519544
0.34519544
0.34519544
0.34519544
0.3451814
0.34517503
0.3451648
0.3451645
0.34515062
0.3451377
0.34512675
0.34509087
0.34508663
0.34503758
0.34503758
0.34501305
0.3449988
0.34498814
0.34496912
0.34496826
0.3449544
0.3449544
0.34491178
0.34491074
0.34489247
0.3448806
0.34487858
0.34487343
0.3447956
0.34479293
0.34477535
0.34465656
0.3446314
0.34460363
0.34458926
0.34455898
0.34455898
0.34455898
0.34451625
0.34451604
0.344476
0.3444663
0.34441355
0.34438172
0.34437543
0.34424743
0.34424043
0.34423977
0.3442343
0.344202
0.34418598
0.34418222
0.34417373
0.3441636
0.3441516
0.3441516
0.34413213
0.34412223
0.34408653
0.34407446
0.344072
0.34402946
0.3440198
0.34395042
0.34387192
0.34384507
0.3438433
0.3438433
0.34383813
0.3438316
0.34383115
0.34382436
0.3438174
0.34381515
0.34378746
0.3437742
0.34374362
0.34374097
0.3437249
0.34372368
0.34370363
0.34369516
0.34369212
0.34368572
0.34367302
0.34365308
0.34357738
0.34356505
0.34349483
0.3434564
0.343443
0.343422
0.3433893
0.34329063
0.34329063
0.34324294
0.3432279
0.3431811
0.34314996
0.34313327
0.34312487
0.34310994
0.3430691
0.3430302
0.34302998
0.3430276
0.34302434
0.3430239
0.34301704
0.34299448
0.34297246
0.342969
0.34296152
0.34295666
0.34295666
0.34295666
0.34295666
0.34295666
0.34295666
0.34295666
0.34295666
0.34295666
0.34295666
0.34295666
0.34295666
0.34295666
0.34295666
0.34295666
0.34295666
0.34295666
0.34295666
0.34295666
0.34295666
0.34295666
0.34295666
0.34295666
0.34295666
0.34295666
0.34295666
0.34295666
0.34295252
0.34293413
0.34293413
0.3429146
0.3429146
0.3429146
0.34290951
0.3428968
0.34289297
0.3428835
0.3428554
0.34285033
0.3427931
0.34273866
0.34271815
0.34267405
0.34267405
0.34267405
0.34266144
0.3426524
0.34264323
0.34264317
0.34264022
0.34255666
0.34254348
0.3424641
0.34246162
0.34243104
0.34242436
0.3423692
0.34236836
0.34233347
0.34233114
0.34232584
0.34230754
0.34221846
0.34221098
0.34219742
0.3421839
0.342181
0.34211725
0.34211162
0.34205782
0.34201196
0.34201163
0.3419872
0.3419872
0.34198064
0.34197372
0.3419728
0.34187734
0.34185693
0.34184042
0.34183726
0.3418247
0.34179452
0.34179327
0.34179327
0.34178457
0.3417734
0.34176368
0.3417357
0.3417324
0.34170857
0.34165832
0.34163156
0.3415728
0.3415407
0.3415107
0.341504
0.34148687
0.34148213
0.3414772
0.3414546
0.34143203
0.34134445
0.341299
0.34129262
0.34127557
0.34126386
0.34124663
0.34124562
0.34120327
0.34116182
0.34104395
0.34103245
0.34098518
0.3409654
0.34092405
0.34089762
0.3408955
0.3408866
0.3408866
0.3408352
0.34070826
0.3406805
0.34068042
0.34061268
0.34057957
0.34055063
0.34048367
0.34047163
0.34046042
0.3404473
0.34044594
0.34041744
0.34040326
0.34039977
0.34039274
0.34037465
0.3403631
0.34032366
0.3402797
0.34020147
0.34020087
0.34013593
0.34012678
0.34012192
0.3400921
0.34008542
0.3400118
0.34001142
0.33999172
0.3399664
0.3399605
0.33995876
0.33993712
0.3399202
0.3399147
0.3398833
0.3398619
0.33985993
0.3398536
0.33984834
0.33984834
0.33984178
0.33984178
0.33983797
0.33983412
0.33978522
0.33972463
0.33970436
0.3396976
0.3396922
0.33969113
0.33967024
0.33965814
0.33965468
0.3396348
0.33963296
0.33962867
0.33962494
0.33961585
0.33959818
0.33959317
0.3395485
0.33949897
0.3394867
0.33944505
0.33944213
0.33942872
0.33941683
0.33941123
0.3394105
0.33939683
0.33937362
0.33934775
0.33933964
0.33932292
0.3393228
0.3393042
0.33928683
0.33924267
0.33922
0.33920348
0.33919477
0.3391657
0.33916497
0.33914468
0.33913726
0.3390935
0.3390831
0.33906326
0.33905545
0.3390521
0.33904383
0.33901316
0.33899462
0.3389928
0.33896294
0.3389153
0.33891317
0.33890244
0.33885923
0.33884293
0.3388376
0.3388351
0.33881894
0.33881506
0.33880094
0.33876464
0.3387617
0.3387561
0.3387414
0.33873504
0.33873355
0.3387139
0.33871153
0.33865196
0.3386494
0.33863297
0.33861405
0.33860764
0.33860764
0.33860764
0.33860764
0.33860764
0.33860764
0.33860242
0.3385952
0.33855504
0.33854306
0.33854252
0.33853427
0.33853108
0.33852765
0.3385237
0.338521
0.33850577
0.33850372
0.33849344
0.33849278
0.33845732
0.338455
0.33845082
0.3384242
0.33841795
0.33841127
0.33838508
0.33838233
0.33837935
0.33837453
0.3383545
0.33834395
0.33833832
0.3383241
0.3383121
0.33830357
0.33829826
0.33828467
0.3382775
0.33826774
0.33826336
0.3382484
0.33821923
0.33818498
0.33818498
0.33818308
0.3381827
0.33815965
0.3381113
0.3381086
0.33810228
0.3380873
0.33808094
0.33807743
0.3380612
0.33804372
0.33803287
0.33802524
0.33801982
0.33800638
0.33798614
0.33797994
0.33797467
0.33796436
0.3379168
0.33790353
0.3379013
0.33787578
0.33787516
0.33787298
0.337841
0.33782575
0.33780903
0.3377941
0.3377904
0.33777136
0.3377525
0.33774954
0.33774376
0.3377414
0.33773935
0.33773804
0.33773047
0.33772498
0.33770454
0.3376877
0.33768243
0.3376757
0.33767506
0.337674
0.33766156
0.33765823
0.33764622
0.33762947
0.33761817
0.33761078
0.33760718
0.33760414
0.33760235
0.33759865
0.33759695
0.33759376
0.33757108
0.33757102
0.33757094
0.33755141
0.33753103
0.33747837
0.3374689
0.33746037
0.3374472
0.33744198
0.3374329
0.33742514
0.3374219
0.33741602
0.33741304
0.3374104
0.33740714
0.3373792
0.33733886
0.3373041
0.33729434
0.33727852
0.33727825
0.33726773
0.3372507
0.33722556
0.33722526
0.33722365
0.33721507
0.3372087
0.3372087
0.33716205
0.33714762
0.33713865
0.33713144
0.33711696
0.33710817
0.3371068
0.3371013
0.33708817
0.33708423
0.33706883
0.33706576
0.33706427
0.33706242
0.3370501
0.3370465
0.33703905
0.33703202
0.33701038
0.3370103
0.33700213
0.33697635
0.3369641
0.33694643
0.3369328
0.33693147
0.3369041
0.33689582
0.33687675
0.33687353
0.33686146
0.3368553
0.3368383
0.3368365
0.33683622
0.33683035
0.33682987
0.33682767
0.33679113
0.33678436
0.33677313
0.3367536
0.3367244
0.33672115
0.3367182
0.3367166
0.33671224
0.33670214
0.3367008
0.3366982
0.33668905
0.3366838
0.33667493
0.33667052
0.33665472
0.33665398
0.336642
0.33662984
0.3366279
0.3366204
0.33661783
0.33658606
0.33657807
0.3365751
0.3365705
0.33656624
0.33655435
0.3365365
0.33651793
0.3365109
0.3365029
0.33649814
0.33649027
0.33648795
0.33648658
0.33648565
0.3364821
0.3364694
0.3364694
0.33646175
0.33646095
0.33646026
0.33645004
0.3364384
0.3364248
0.33641768
0.33640686
0.3364004
0.33638492
0.33637163
0.33636868
0.33636478
0.3363596
0.33635134
0.33634105
0.33633173
0.3363223
0.33631644
0.3363123
0.33631045
0.33629525
0.33629414
0.33627987
0.33627984
0.33625
0.33624995
0.3362449
0.33624
0.33623582
0.33623537
0.33622715
0.33621654
0.33621415
0.3362122
0.33620682
0.33620203
0.33620024
0.33619213
0.33616865
0.3361656
0.3361638
0.3361597
0.33615032
0.3361488
0.3361248
0.3361134
0.3361116
0.33610478
0.3360801
0.33606073
0.33604968
0.33604968
0.33604065
0.33603123
0.33602056
0.3360017
0.3359862
0.33598143
0.3359807
0.3359776
0.33596227
0.3359299
0.3359299
0.3359263
0.33590296
0.33590198
0.33589435
0.3358926
0.3358888
0.3358857
0.335883
0.335878
0.33586943
0.3358639
0.33586353
0.3358546
0.33584717
0.3358456
0.33583668
0.3358355
0.33582765
0.33581385
0.33580917
0.33580145
0.33579078
0.33579034
0.33575124
0.33574346
0.33574143
0.33573136
0.3357066
0.33569568
0.335694
0.33569166
0.33569142
0.33568606
0.33568403
0.3356771
0.33567286
0.33567026
0.33566928
0.33566076
0.335656
0.33564496
0.33563846
0.335636
0.33563095
0.33562428
0.33562332
0.33562186
0.33561188
0.3356092
0.3356068
0.33560076
0.3355966
0.33558235
0.33557835
0.3355771
0.33557504
0.33557484
0.3355729
0.33557194
0.3355645
0.3355614
0.3355597
0.3355589
0.3355533
0.335534
0.3355336
0.3355331
0.33551627
0.33550417
0.33550364
0.3355032
0.33550155
0.3354991
0.33549333
0.335482
0.33547884
0.33547562
0.33547378
0.33547163
0.3354653
0.335455
0.33545437
0.335454
0.3354424
0.33543742
0.3354338
0.33541653
0.33541557
0.33541456
0.33541167
0.33541062
0.3354067
0.33538505
0.335379
0.33537295
0.3353729
0.33536908
0.33536157
0.33535236
0.33532295
0.33531973
0.33531582
0.335312
0.33530504
0.33528885
0.33528885
0.33527768
0.3352704
0.3352664
0.33526346
0.33526224
0.335243
0.33524144
0.33523133
0.3352312
0.33522415
0.3352231
0.3352191
0.33520553
0.33520377
0.33519185
0.3351894
0.33518732
0.3351855
0.33518457
0.33518082
0.3351707
0.33516768
0.3351647
0.3351601
0.33515286
0.33515275
0.33514944
0.33514857
0.3351397
0.3351264
0.33511645
0.33511162
0.33510697
0.3351
0.33509752
0.3350823
0.33507732
0.335075
0.3350713
0.33506644
0.33505824
0.33505547
0.3350487
0.33504465
0.33504143
0.33502114
0.33501297
0.33501217
0.3349984
0.3349898
0.3349727
0.33497116
0.33496657
0.33494583
0.33494008
0.33493885
0.3349387
0.33493426
0.3349317
0.3349262
0.33492404
0.3349145
0.33490515
0.33490515
0.33489868
0.33489186
0.33488604
0.33487678
0.33486313
0.33481908
0.3348182
0.33480313
0.3347959
0.3347719
0.33476382
0.33474463
0.33474368
0.33473176
0.33473077
0.33472124
0.3347197
0.33471403
0.33468094
0.33467513
0.3346719
0.3346707
0.33466974
0.33466232
0.334661
0.3346572
0.3346498
0.334645
0.33462924
0.334607
0.33460426
0.33460128
0.3345822
0.3345736
0.33457202
0.33457145
0.334566
0.33456594
0.33455953
0.3345595
0.33453244
0.3345321
0.33452967
0.33452097
0.3345168
0.33450037
0.3344878
0.33448777
0.33448267
0.3344786
0.33447292
0.33446947
0.33446148
0.33445615
0.33445528
0.33444846
0.33443683
0.33443612
0.33443266
0.33442786
0.33439675
0.3343957
0.33439124
0.33438224
0.33437896
0.33437482
0.33437178
0.33436877
0.33435145
0.3343498
0.3343431
0.33433914
0.33433825
0.33433053
0.33432534
0.33432487
0.33431947
0.33431345
0.33431265
0.33430433
0.3343037
0.33430365
0.33429652
0.3342905
0.3342866
0.33428517
0.3342835
0.3342797
0.3342742
0.33426654
0.33425733
0.33424076
0.33423853
0.33423778
0.33422533
0.33421862
0.33421227
0.3342091
0.33419695
0.33419594
0.3341959
0.33419535
0.33416563
0.33416352
0.33415696
0.33415115
0.33414477
0.334143
0.33414206
0.33413982
0.33413965
0.33413148
0.3341289
0.33411193
0.3341037
0.334094
0.33409217
0.3340917
0.33408946
0.33407348
0.33406058
0.33405286
0.33404493
0.33404258
0.33402368
0.33401346
0.33401293
0.3340057
0.33397976
0.33397976
0.3339404
0.3339365
0.3339353
0.3339028
0.33388692
0.3338816
0.3338765
0.33383754
0.3338292
0.3338204
0.33381885
0.33380893
0.33378395
0.33378246
0.33376256
0.33375964
0.33375826
0.33374834
0.33373737
0.33373418
0.33373302
0.33372495
0.33372444
0.33371115
0.3337068
0.33370495
0.33369914
0.33369914
0.33369878
0.33367947
0.33367604
0.33367127
0.3336712
0.33366972
0.33366802
0.33366367
0.33365977
0.33365926
0.3336568
0.3336568
0.3336401
0.3336348
0.3336314
0.33363003
0.33362567
0.33362243
0.33360216
0.3335975
0.33356836
0.33356
0.33354947
0.33354348
0.33354136
0.33354136
0.33353484
0.3334893
0.33348706
0.33347765
0.33347648
0.33346954
0.33346918
0.33346355
0.3334606
0.3334553
0.33344954
0.33344954
0.33344612
0.33343786
0.3334255
0.33342203
0.33339506
0.3333896
0.3333661
0.3333643
0.33336282
0.33335698
0.3333533
0.3333512
0.3333498
0.33334425
0.33333015
0.33332652
0.3333214
0.33331704
0.3333108
0.33330488
0.33330345
0.33329862
0.333297
0.33328134
0.33328122
0.33326447
0.3332591
0.33324367
0.3332402
0.3332277
0.33322707
0.33322707
0.33321992
0.33321574
0.33321363
0.33320814
0.33320704
0.3332
0.33319077
0.3331673
0.33315626
0.33314478
0.33313882
0.3331355
0.3331355
0.333135
0.3331162
0.33310702
0.33310267
0.3330946
0.3330861
0.3330807
0.33307153
0.33306846
0.33305892
0.33305335
0.3330526
0.33304366
0.33303374
0.33302307
0.33301887
0.33301887
0.33299786
0.33299437
0.3329878
0.33298242
0.3329766
0.3329766
0.3329766
0.3329726
0.3329572
0.33295378
0.33295318
0.33295318
0.3329524
0.33294916
0.33294475
0.33293614
0.33292943
0.33292112
0.3329101
0.33290356
0.33290327
0.3328866
0.33286905
0.33285254
0.33285028
0.33282617
0.33282304
0.33281377
0.33280924
0.33280766
0.33280715
0.33280095
0.33279592
0.3327932
0.33278704
0.33277208
0.33275336
0.33274293
0.33272964
0.33272764
0.33272734
0.33269447
0.3326915
0.3326783
0.3326629
0.3326416
0.33264118
0.33263707
0.33261675
0.33259144
0.33257884
0.332534
0.33253253
0.3325112
0.3325103
0.33249938
0.33249503
0.33249342
0.3324933
0.33248615
0.3324703
0.33246964
0.3324687
0.33246785
0.3324652
0.3324343
0.3324322
0.33242318
0.33240175
0.3323935
0.33236253
0.33235294
0.3323466
0.3323457
0.3323415
0.3323412
0.3323412
0.3323233
0.33232313
0.3323218
0.3323129
0.33231166
0.33230633
0.33230093
0.33229786
0.3322888
0.3322888
0.33227992
0.33227772
0.33226997
0.33226982
0.332267
0.332259
0.33225343
0.33225173
0.33225152
0.3322395
0.33223903
0.332212
0.3322055
0.33220547
0.33220145
0.33217928
0.33217928
0.33217928
0.33215567
0.33215567
0.3321415
0.33213496
0.3321346
0.33212823
0.3321217
0.33210832
0.3321063
0.3321063
0.33209676
0.33209556
0.3320955
0.33208686
0.3320799
0.3320734
0.3320714
0.3320707
0.33206615
0.3320656
0.3320628
0.33204845
0.33204502
0.33204377
0.33203262
0.3320253
0.3319897
0.33198327
0.3319764
0.3319764
0.3319764
0.3319764
0.3319745
0.33196998
0.33196706
0.33196533
0.3319634
0.3319634
0.33196285
0.3319604
0.3319422
0.33193988
0.33193657
0.33192748
0.33192474
0.33192244
0.33191895
0.33191884
0.33191156
0.33191007
0.33190414
0.33190155
0.3318904
0.33188167
0.33187717
0.331877
0.33187038
0.33186397
0.33186296
0.33185065
0.33184555
0.3318408
0.33183613
0.3318169
0.3318169
0.33181357
0.33180752
0.3318068
0.33179632
0.3317827
0.331782
0.33177838
0.33177337
0.3317655
0.3317648
0.33176243
0.3317595
0.33175734
0.33174795
0.33174577
0.33174503
0.33174366
0.33174267
0.33174142
0.33173242
0.33173168
0.33172283
0.33170554
0.33170235
0.33170235
0.33170235
0.3316898
0.33168283
0.33167136
0.3316561
0.33165544
0.3316475
0.3316413
0.3316413
0.33163154
0.33162412
0.3316172
0.33161578
0.331597
0.3315889
0.3315856
0.3315847
0.33157852
0.3315704
0.33155623
0.3315546
0.33155394
0.33154738
0.3315456
0.33153448
0.33152834
0.33152476
0.33150223
0.3314882
0.33147562
0.33147475
0.33147216
0.33146852
0.33146635
0.33146575
0.33146223
0.33145505
0.33145314
0.3314505
0.33144814
0.3314472
0.3314472
0.3314472
0.33144534
0.3314399
0.3314399
0.33143625
0.33142805
0.33142245
0.33142102
0.3314207
0.33141154
0.33141086
0.33141086
0.33140516
0.33140317
0.33139178
0.33139056
0.33137608
0.3313731
0.33136466
0.3313542
0.3313493
0.33134526
0.33134183
0.3313408
0.33133385
0.3313112
0.33129415
0.3312851
0.33127937
0.33127034
0.3312593
0.33125818
0.33124867
0.33124867
0.33124608
0.33123672
0.33123466
0.33123356
0.3312258
0.33122256
0.3312212
0.33119893
0.33118144
0.3311757
0.3311757
0.3311715
0.33116752
0.3311658
0.33116248
0.33115214
0.3311493
0.33110583
0.3311026
0.33110175
0.33109832
0.33107585
0.33107477
0.33107325
0.33107054
0.33105594
0.33104685
0.331035
0.3310276
0.33101344
0.3310092
0.3310069
0.33099303
0.3309923
0.33098513
0.33094534
0.33093807
0.33093518
0.33093408
0.33093306
0.33093172
0.33092797
0.3309279
0.33092648
0.3309263
0.33092543
0.33090198
0.33089814
0.33089715
0.33088428
0.33087978
0.33086824
0.33086824
0.33086675
0.3308661
0.330857
0.3308542
0.3308542
0.3308542
0.3308542
0.33084247
0.330842
0.33084095
0.3308351
0.33083105
0.3308305
0.3308124
0.33080456
0.3308027
0.33078808
0.33077985
0.3307776
0.33077744
0.3307686
0.33076552
0.3307618
0.33074847
0.3307394
0.3307355
0.33073083
0.33072752
0.33072588
0.3307245
0.33072358
0.3307227
0.3307123
0.3307123
0.3307123
0.330699
0.3306935
0.33069327
0.3306906
0.33068305
0.33068144
0.33068016
0.33067775
0.330675
0.330675
0.33066207
0.33065346
0.33065286
0.33065087
0.33064508
0.33064416
0.33064285
0.33063537
0.33063275
0.33062962
0.33062574
0.33062455
0.33061075
0.33060926
0.33060855
0.3306083
0.33059847
0.33059633
0.33059543
0.33059245
0.33059186
0.33058587
0.3305817
0.33057287
0.33057263
0.33056968
0.33056283
0.33056256
0.33055812
0.33055726
0.33055332
0.33055192
0.33054334
0.33054003
0.33053887
0.33053887
0.33052406
0.33052316
0.33052006
0.33051655
0.33051577
0.33051392
0.33051255
0.33051187
0.3305069
0.3305035
0.3304998
0.33049217
0.33048955
0.33048803
0.33048493
0.33048412
0.3304677
0.3304622
0.3304555
0.33045322
0.33044615
0.33044487
0.33044463
0.33043823
0.3304326
0.3304249
0.33041987
0.3304183
0.3304183
0.33040872
0.3303801
0.33037874
0.33037806
0.3303771
0.33037287
0.33035418
0.33035
0.33034533
0.33034208
0.33033714
0.3303334
0.3303305
0.33032614
0.33031842
0.3303161
0.33031577
0.33030733
0.33029863
0.33029732
0.3302932
0.3302849
0.3302819
0.330272
0.33026442
0.33026052
0.33026052
0.33025882
0.33024308
0.33024308
0.33022836
0.33021975
0.33021593
0.33020237
0.33019397
0.3301908
0.33018807
0.33018366
0.33015987
0.33015534
0.3301487
0.33014256
0.3301421
0.33013797
0.33013716
0.33012518
0.33012518
0.33012292
0.33012167
0.33010647
0.33010435
0.33010188
0.33009443
0.33009243
0.33008742
0.33008528
0.33008426
0.33007714
0.33006683
0.3300614
0.33006
0.33005205
0.33004454
0.3300337
0.3300305
0.3300227
0.33001858
0.3300131
0.33000532
0.33000386
0.33000386
0.33000386
0.33000386
0.33000356
0.32999495
0.32998797
0.3299876
0.32997867
0.32997414
0.32997414
0.32994455
0.3299346
0.3299303
0.3299261
0.3299261
0.32991457
0.32989696
0.32989562
0.3298853
0.32987976
0.32986683
0.3298655
0.32986242
0.32986242
0.3298616
0.32985803
0.3298536
0.32984918
0.32984152
0.3298318
0.32982433
0.32981926
0.32981762
0.32981405
0.32980537
0.3298035
0.32979718
0.32979533
0.32979372
0.32978973
0.32976627
0.32975763
0.32975155
0.32975155
0.3297427
0.32973358
0.32972842
0.32972053
0.32971993
0.32971656
0.3297083
0.32970542
0.3297006
0.32968527
0.32966965
0.32966802
0.32965583
0.32965177
0.3296404
0.32963988
0.32962868
0.32962066
0.32961482
0.32960904
0.32960004
0.32959235
0.32959133
0.32958835
0.32958186
0.32957333
0.32956707
0.32956505
0.32955694
0.32955086
0.32954708
0.32952154
0.32951853
0.32951495
0.32951277
0.3295062
0.32950616
0.32950252
0.32949018
0.32948712
0.3294863
0.32948458
0.3294818
0.32948053
0.32947809
0.3294775
0.32946953
0.3294608
0.32944417
0.32942453
0.32942286
0.32941505
0.32941473
0.32941037
0.3294089
0.3294068
0.32940343
0.3294026
0.3293982
0.32937324
0.32937062
0.3293635
0.32935455
0.32935438
0.32934964
0.3293494
0.32934046
0.32933295
0.32932934
0.32932636
0.32932276
0.32932127
0.3293099
0.3292969
0.32927734
0.32926387
0.32926387
0.32926217
0.32925594
0.32924694
0.32924402
0.3292243
0.3292213
0.3292178
0.3292172
0.32920665
0.3292024
0.3292018
0.3292008
0.3291963
0.32919157
0.32918844
0.32918766
0.32918414
0.3291692
0.3291692
0.32915086
0.3291455
0.32914376
0.32914174
0.3291411
0.3291411
0.32913837
0.32913467
0.3291287
0.3291282
0.32912403
0.32911155
0.3291073
0.32910424
0.32909176
0.32909176
0.32908645
0.32908294
0.32907748
0.32906052
0.32905087
0.32904452
0.32904124
0.32904124
0.32903954
0.32903728
0.32903075
0.32902643
0.32902452
0.3290234
0.32902274
0.32902274
0.32900566
0.3290045
0.3290021
0.3290021
0.32899404
0.32898614
0.3289853
0.32898182
0.32898164
0.3289811
0.32897255
0.32895634
0.32895634
0.32895344
0.32895324
0.32895324
0.32895154
0.32894713
0.32893708
0.32893604
0.3289346
0.3289307
0.32893056
0.32893026
0.32892027
0.32891968
0.3289187
0.32891825
0.32891375
0.32891336
0.32891208
0.32890186
0.3288998
0.3288975
0.3288923
0.32888788
0.32888407
0.32888228
0.32886997
0.32886997
0.3288594
0.3288546
0.32885203
0.32885033
0.3288501
0.32884976
0.32884303
0.32883972
0.32883298
0.32882053
0.32881975
0.32881975
0.3288142
0.32881123
0.32880735
0.3287998
0.32879916
0.32879868
0.32877502
0.3287691
0.32876167
0.3287579
0.3287576
0.32875615
0.32875615
0.32875085
0.32874945
0.32874444
0.3287433
0.3287411
0.3287411
0.3287396
0.32873935
0.3287388
0.32873514
0.3287326
0.3287178
0.32871747
0.32871413
0.3287109
0.32871085
0.32870367
0.32870215
0.32869798
0.32869422
0.32868573
0.32868078
0.32868078
0.32867846
0.32867315
0.3286731
0.3286603
0.3286591
0.3286591
0.3286591
0.3286546
0.3286542
0.32864904
0.32864735
0.32864594
0.32863152
0.3286266
0.32862288
0.32862288
0.32859546
0.32859376
0.32859275
0.32859147
0.32859147
0.32859147
0.3285794
0.32856596
0.32856074
0.32853287
0.3285303
0.32852882
0.32852525
0.3285223
0.32851884
0.32851875
0.32851267
0.32850572
0.3285046
0.3285029
0.32849932
0.32849792
0.32849434
0.32848942
0.32846093
0.32844594
0.32843903
0.32842907
0.32842833
0.32841688
0.32841206
0.3284005
0.32839963
0.3283961
0.32839116
0.32838616
0.32838032
0.32837996
0.32836878
0.32835975
0.3283549
0.32834902
0.32834834
0.32834566
0.3283286
0.3283241
0.32831755
0.3283158
0.32829246
0.3282669
0.32826334
0.3282563
0.328254
0.32823876
0.32823756
0.3282365
0.3282356
0.32823133
0.32822153
0.32821864
0.32821074
0.328209
0.32820067
0.32819912
0.3281985
0.32819664
0.32819533
0.32818258
0.3281805
0.32817066
0.32815865
0.32815766
0.32815745
0.32815737
0.3281525
0.32814765
0.3281457
0.32813895
0.32813448
0.32813194
0.3281306
0.3281279
0.32812637
0.3281219
0.3281146
0.32811108
0.32810706
0.32809442
0.32807758
0.3280683
0.32806394
0.328063
0.3280555
0.32801452
0.32801306
0.3280029
0.3279974
0.32798114
0.32797202
0.32796
0.32796
0.32795292
0.32794032
0.3279303
0.3279145
0.3279145
0.3279145
0.32790872
0.32789958
0.32788292
0.32788053
0.32787958
0.32782653
0.32781819
0.32780612
0.32779995
0.3277768
0.327776
0.32777563
0.32777107
0.32776126
0.32775983
0.32775632
0.3277527
0.3277477
0.32774767
0.3277341
0.32771394
0.3277139
0.32770547
0.32769018
0.32767117
0.32766753
0.32765377
0.32763886
0.32763457
0.3276337
0.32763088
0.3276294
0.327617
0.32758465
0.32758263
0.32757592
0.32757592
0.32757592
0.32757512
0.3275696
0.3275629
0.32753962
0.3275377
0.32753178
0.32752198
0.32751936
0.3275116
0.3275116
0.32747656
0.32746527
0.32745376
0.32743216
0.32743165
0.32742977
0.3274103
0.3273972
0.3273894
0.3273713
0.3273637
0.3273483
0.3273291
0.32732338
0.32731932
0.32731894
0.32730734
0.32729065
0.32727242
0.32727242
0.3272488
0.32724655
0.32724646
0.32723227
0.32722628
0.3272164
0.32721585
0.32721466
0.32721022
0.3271944
0.32713947
0.3271313
0.3271313
0.3271313
0.3271185
0.3271098
0.32709467
0.32707766
0.3270694
0.3270463
0.32701442
0.32698405
0.32693368
0.32692578
0.3269242
0.32686824
0.32685167
0.32684517
0.32684454
0.32682252
0.32681644
0.32678843
0.32674024
0.32673526
0.32673228
0.3267265
0.3267234
0.32671958
0.32670757
0.32670346
0.32669684
0.32668853
0.32668194
0.32661507
0.32656246
0.3265579
0.32655674
0.32651806
0.32650903
0.3265047
0.32648772
0.32648772
0.3264767
0.32647547
0.32645655
0.32641125
0.32640463
0.32639313
0.3263797
0.32637504
0.3263584
0.3263113
0.32630548
0.3262864
0.3262629
0.3260773
0.32607338
0.3259987
0.32599512
0.32598743
0.32597488
0.3259332
0.32586727
0.32582632
0.3258249
0.32578424
0.3257455
0.32571235
0.32570684
0.32562938
0.3255675
0.32555082
0.32554442
0.32547557
0.32539764
0.3253412
0.3253264
0.3252463
0.32523108
0.325205
0.32520318
0.3251398
0.32512814
0.3251199
0.32510558
0.3250903
0.32496393
0.32496178
0.3249083
0.3248871
0.32479566
0.32477307
0.3247122
0.32466698
0.32466352
0.32441747
0.32438347
0.3242656
0.32425275
0.32379305
0.32375512
0.323685
0.32366103
0.32364818
0.32346737
0.32321152
