[0.50052875]
[0.4939893]
[0.43346733]
[0.41909423]
[0.4175311]
[0.40299365]
[0.40179577]
[0.38842356]
[0.38725558]
[0.38488978]
[0.3836177]
[0.38106155]
[0.37661675]
[0.37453565]
[0.36629844]
[0.36345273]
[0.36304376]
[0.34519583]
[0.34337047]
[0.34305727]
[0.3402705]
[0.33501703]
[0.33417726]
[0.3301911]
[0.32947358]
[0.3259062]
[0.32514822]
[0.32442287]
[0.32307115]
[0.3224396]
[0.31968272]
[0.3196745]
[0.31946903]
[0.31596938]
[0.3158231]
[0.31541175]
[0.31384984]
[0.3136062]
[0.309409]
[0.30651253]
[0.30569747]
[0.3031312]
[0.30112717]
[0.30060676]
[0.2998346]
[0.29948425]
[0.29910243]
[0.29808035]
[0.2979424]
[0.2972479]
[0.2967978]
[0.2945748]
[0.29424256]
[0.29376462]
[0.29346946]
[0.29290038]
[0.29281002]
[0.29268423]
[0.29215246]
[0.2916167]
[0.28998712]
[0.28914335]
[0.28909793]
[0.28855455]
[0.2880399]
[0.28742352]
[0.28730488]
[0.2859546]
[0.28561184]
[0.28559035]
[0.28522107]
[0.28509128]
[0.28505832]
[0.28501073]
[0.28488907]
[0.28325474]
[0.2830276]
[0.2828687]
[0.2828302]
[0.28244075]
[0.28238678]
[0.28176916]
[0.28086543]
[0.2803694]
[0.2800404]
[0.27998498]
[0.2785873]
[0.27850017]
[0.2781]
[0.27761716]
[0.27720615]
[0.27696252]
[0.27593315]
[0.274492]
[0.2737596]
[0.27363288]
[0.27362737]
[0.2734985]
[0.27315864]
[0.27285683]
[0.2714759]
[0.27088857]
[0.27013266]
[0.2695196]
[0.2691268]
[0.26880962]
[0.26832068]
[0.2682649]
[0.26811686]
[0.2676777]
[0.2670636]
[0.26658595]
[0.2663284]
[0.26630548]
[0.26596203]
[0.26589116]
[0.2653592]
[0.2651613]
[0.26488456]
[0.26465777]
[0.26434353]
[0.26414183]
[0.2639574]
[0.2636355]
[0.263297]
[0.26317587]
[0.26315492]
[0.2626848]
[0.2626619]
[0.2626175]
[0.26256528]
[0.2623238]
[0.26171118]
[0.2615134]
[0.25980118]
[0.2593587]
[0.25929263]
[0.25913072]
[0.25906935]
[0.25902396]
[0.25863287]
[0.25847358]
[0.25720376]
[0.257148]
[0.25684267]
[0.25648037]
[0.25627053]
[0.25559363]
[0.25534648]
[0.2552549]
[0.25510877]
[0.25505012]
[0.25484425]
[0.25475433]
[0.25452513]
[0.2537868]
[0.2534606]
[0.25340512]
[0.2532693]
[0.25300804]
[0.25300097]
[0.25285]
[0.2527205]
[0.25269774]
[0.2525484]
[0.25229144]
[0.25204477]
[0.25198576]
[0.25169766]
[0.25141752]
[0.25128764]
[0.25079367]
[0.2505441]
[0.2505408]
[0.25002578]
[0.24987215]
[0.24983405]
[0.24951504]
[0.24948815]
[0.24927108]
[0.24889158]
[0.2483265]
[0.24763118]
[0.24763118]
[0.24758969]
[0.24742337]
[0.2467344]
[0.24656938]
[0.24649356]
[0.24639653]
[0.24635753]
[0.24629337]
[0.24566567]
[0.24546593]
[0.24489757]
[0.24487384]
[0.24470554]
[0.24384247]
[0.24344578]
[0.2434385]
[0.24336746]
[0.24324948]
[0.24323839]
[0.24315742]
[0.24197195]
[0.24183989]
[0.24159774]
[0.24146917]
[0.24145098]
[0.24133101]
[0.24132623]
[0.24131924]
[0.24094203]
[0.24083298]
[0.24043101]
[0.2404135]
[0.24019998]
[0.24015598]
[0.23969686]
[0.23948342]
[0.23921719]
[0.23915488]
[0.23861153]
[0.23856026]
[0.23853305]
[0.23851134]
[0.2384725]
[0.23841417]
[0.23812644]
[0.23812066]
[0.23757435]
[0.23752226]
[0.23676947]
[0.23644023]
[0.23618162]
[0.23548414]
[0.23531038]
[0.23525746]
[0.23525746]
[0.23512077]
[0.23501559]
[0.23499584]
[0.23496886]
[0.23436663]
[0.2343105]
[0.2342212]
[0.23399541]
[0.23356587]
[0.2334127]
[0.23335826]
[0.2326992]
[0.23266998]
[0.23250553]
[0.2321931]
[0.23168905]
[0.23167513]
[0.23151815]
[0.23151651]
[0.23146518]
[0.23132214]
[0.23132214]
[0.23110272]
[0.2308363]
[0.23064461]
[0.23042403]
[0.23040658]
[0.23039871]
[0.23034532]
[0.23023261]
[0.23010617]
[0.22992317]
[0.22990838]
[0.22927667]
[0.22926554]
[0.22900978]
[0.22894154]
[0.22884317]
[0.22871526]
[0.2287145]
[0.22863749]
[0.2286241]
[0.22856356]
[0.22844987]
[0.22790788]
[0.22784188]
[0.22781625]
[0.22760534]
[0.22740918]
[0.22721705]
[0.22710042]
[0.22691017]
[0.22673681]
[0.22649081]
[0.22630592]
[0.22616124]
[0.22608624]
[0.22575976]
[0.22575456]
[0.22572708]
[0.2256758]
[0.22567]
[0.22564666]
[0.22564496]
[0.22561535]
[0.22552316]
[0.22547735]
[0.22547342]
[0.22534575]
[0.22522435]
[0.22521487]
[0.225108]
[0.22492895]
[0.22490738]
[0.22484548]
[0.22470067]
[0.22465375]
[0.22451979]
[0.22416422]
[0.2241629]
[0.2241182]
[0.22399943]
[0.22389151]
[0.22384131]
[0.22363696]
[0.22362703]
[0.22359554]
[0.22324696]
[0.22324696]
[0.22316867]
[0.22282466]
[0.22259326]
[0.22249956]
[0.22231035]
[0.22230051]
[0.22222057]
[0.22221403]
[0.2221935]
[0.22217822]
[0.2221742]
[0.22179523]
[0.22166042]
[0.22165678]
[0.22159982]
[0.22137196]
[0.22123116]
[0.22116749]
[0.22106528]
[0.22083513]
[0.2207937]
[0.22073035]
[0.22056752]
[0.22054175]
[0.2205302]
[0.22019748]
[0.22019443]
[0.22008009]
[0.21971104]
[0.21935709]
[0.21921721]
[0.21893872]
[0.21891887]
[0.21889892]
[0.21887417]
[0.21887046]
[0.21861497]
[0.21834414]
[0.21833259]
[0.21821548]
[0.2181888]
[0.21809945]
[0.21755564]
[0.21743952]
[0.21736704]
[0.21729447]
[0.21720229]
[0.21718852]
[0.21715212]
[0.217039]
[0.21676256]
[0.21653618]
[0.21641098]
[0.21627705]
[0.21620654]
[0.21594918]
[0.2159475]
[0.21580715]
[0.21576868]
[0.21554804]
[0.21549937]
[0.21548003]
[0.2154043]
[0.21537288]
[0.21534917]
[0.21533324]
[0.21532957]
[0.21523498]
[0.21523246]
[0.2152203]
[0.2151121]
[0.21509084]
[0.21494743]
[0.21483332]
[0.21431223]
[0.21430883]
[0.21420433]
[0.2141438]
[0.21413459]
[0.21405172]
[0.21398091]
[0.21385151]
[0.21384552]
[0.21373948]
[0.2137325]
[0.2136109]
[0.21357362]
[0.21348357]
[0.21338487]
[0.21330696]
[0.21317703]
[0.21295846]
[0.21288191]
[0.21271467]
[0.21270882]
[0.21247016]
[0.21241607]
[0.2123413]
[0.21229583]
[0.21210627]
[0.21200784]
[0.21197386]
[0.2118972]
[0.21182334]
[0.21140215]
[0.2112824]
[0.21125257]
[0.21106504]
[0.21106504]
[0.21071674]
[0.21071608]
[0.21067525]
[0.2106647]
[0.21021742]
[0.20998171]
[0.20994388]
[0.20979364]
[0.20962586]
[0.20950088]
[0.20944719]
[0.20944163]
[0.20940816]
[0.20924945]
[0.20911613]
[0.20910305]
[0.20908988]
[0.20903258]
[0.20887391]
[0.20870382]
[0.20845069]
[0.20832159]
[0.208294]
[0.20803028]
[0.20801274]
[0.20780069]
[0.2077475]
[0.20772377]
[0.20770425]
[0.20747423]
[0.20746848]
[0.20744452]
[0.20732385]
[0.2073225]
[0.20731612]
[0.20727618]
[0.20726348]
[0.20725721]
[0.20712908]
[0.2069535]
[0.20687759]
[0.20676427]
[0.20667082]
[0.2065915]
[0.20657165]
[0.20654653]
[0.20652086]
[0.20651618]
[0.20631742]
[0.20625591]
[0.20617639]
[0.20610276]
[0.20603296]
[0.2059789]
[0.20597757]
[0.2059658]
[0.20576496]
[0.20566577]
[0.20547928]
[0.20546691]
[0.20537288]
[0.2052238]
[0.20519087]
[0.20517069]
[0.20512594]
[0.20500726]
[0.20498171]
[0.20485944]
[0.20478232]
[0.20477365]
[0.20464058]
[0.20435147]
[0.20422028]
[0.20417376]
[0.20409508]
[0.20406897]
[0.20399776]
[0.20399185]
[0.20391001]
[0.20390691]
[0.20387363]
[0.20369832]
[0.2036748]
[0.20364556]
[0.20355622]
[0.20354344]
[0.20353152]
[0.20343252]
[0.20338812]
[0.20336679]
[0.20335206]
[0.2031981]
[0.20313664]
[0.20297806]
[0.20289981]
[0.20264865]
[0.20263912]
[0.20258963]
[0.20251313]
[0.20242883]
[0.20232874]
[0.20225698]
[0.2022349]
[0.20215991]
[0.20199364]
[0.20172574]
[0.20165755]
[0.20157814]
[0.20141973]
[0.20140561]
[0.2013587]
[0.20121801]
[0.20102194]
[0.2009078]
[0.20088631]
[0.20088339]
[0.20074336]
[0.20073065]
[0.20059909]
[0.20059018]
[0.20056215]
[0.20041466]
[0.20036362]
[0.20032267]
[0.20031835]
[0.20030703]
[0.20024768]
[0.20018366]
[0.19992958]
[0.1999213]
[0.19987175]
[0.199657]
[0.1995288]
[0.19948362]
[0.19932751]
[0.19932023]
[0.19926123]
[0.19921477]
[0.19918656]
[0.19912997]
[0.19911598]
[0.19908994]
[0.19907561]
[0.19896223]
[0.19895346]
[0.19893129]
[0.19885899]
[0.19880547]
[0.19874597]
[0.19873619]
[0.19870186]
[0.19867337]
[0.19867337]
[0.1986157]
[0.1986157]
[0.19841363]
[0.19840023]
[0.1983978]
[0.19838494]
[0.19823106]
[0.19815655]
[0.1981138]
[0.1981138]
[0.19808438]
[0.19800876]
[0.19799532]
[0.19799532]
[0.19793794]
[0.19791529]
[0.19781719]
[0.19780317]
[0.19776395]
[0.19760524]
[0.19741203]
[0.19737509]
[0.1973205]
[0.1973142]
[0.19729538]
[0.19724858]
[0.19722587]
[0.19707426]
[0.19701853]
[0.19695577]
[0.1969273]
[0.19678566]
[0.1967638]
[0.19674875]
[0.19663846]
[0.19662951]
[0.1963787]
[0.19633882]
[0.19606394]
[0.1960191]
[0.19599348]
[0.19593419]
[0.19589284]
[0.19583543]
[0.1957871]
[0.19576661]
[0.19570616]
[0.19562949]
[0.19556]
[0.19542004]
[0.19540744]
[0.19539046]
[0.19530198]
[0.19515352]
[0.19491194]
[0.19476098]
[0.19471075]
[0.1944588]
[0.19443978]
[0.19432661]
[0.19431865]
[0.19431803]
[0.19430825]
[0.19429347]
[0.19406298]
[0.19390185]
[0.19389862]
[0.19389108]
[0.19362403]
[0.19360773]
[0.19348563]
[0.19340082]
[0.19339962]
[0.1933981]
[0.19337854]
[0.19303192]
[0.19291161]
[0.19289236]
[0.19285326]
[0.19283137]
[0.19279148]
[0.19255832]
[0.192475]
[0.19238086]
[0.19235933]
[0.19233555]
[0.19231096]
[0.19226144]
[0.19225939]
[0.19223796]
[0.19216639]
[0.19214292]
[0.19191185]
[0.19179165]
[0.19179165]
[0.19149342]
[0.19125997]
[0.19123295]
[0.19114248]
[0.19101283]
[0.19067433]
[0.19064115]
[0.19063862]
[0.19062959]
[0.19061932]
[0.19039825]
[0.1903686]
[0.19022822]
[0.19002599]
[0.18987565]
[0.1897489]
[0.1895439]
[0.1893885]
[0.18930599]
[0.18926972]
[0.18922047]
[0.18908964]
[0.18905458]
[0.1890012]
[0.18894674]
[0.18878558]
[0.18870725]
[0.18859208]
[0.18858615]
[0.18853928]
[0.18852758]
[0.18851282]
[0.18849878]
[0.18833598]
[0.18811224]
[0.18801233]
[0.18796234]
[0.18794414]
[0.18791784]
[0.1879049]
[0.18789575]
[0.18786217]
[0.18780282]
[0.18772642]
[0.18770029]
[0.18768339]
[0.1876804]
[0.1874306]
[0.18741624]
[0.18734202]
[0.1872469]
[0.1872469]
[0.18719603]
[0.18718341]
[0.18717223]
[0.18702991]
[0.18697032]
[0.18696818]
[0.18696818]
[0.1869211]
[0.1869208]
[0.18691668]
[0.18684687]
[0.18683368]
[0.18683074]
[0.18681028]
[0.18679155]
[0.18674296]
[0.18673897]
[0.18666759]
[0.1864611]
[0.18640898]
[0.18637526]
[0.1863336]
[0.18624102]
[0.18616346]
[0.18609725]
[0.18602066]
[0.18596452]
[0.18594125]
[0.18573543]
[0.18573108]
[0.18557446]
[0.18557274]
[0.18557172]
[0.18554439]
[0.18549272]
[0.18546847]
[0.18546219]
[0.18542406]
[0.18542358]
[0.18524154]
[0.18524016]
[0.18496178]
[0.18487093]
[0.18485373]
[0.18479314]
[0.18473323]
[0.18466707]
[0.18454628]
[0.18447487]
[0.18427102]
[0.18385956]
[0.1838444]
[0.18369785]
[0.1836717]
[0.18366727]
[0.18358067]
[0.1835791]
[0.18353893]
[0.18353774]
[0.1834801]
[0.1834573]
[0.18343817]
[0.1833773]
[0.18333793]
[0.183303]
[0.18329683]
[0.18321708]
[0.18320368]
[0.18314521]
[0.1830852]
[0.18301125]
[0.18300402]
[0.18297543]
[0.18292095]
[0.18287623]
[0.18286897]
[0.18279523]
[0.18279015]
[0.18274657]
[0.18268892]
[0.18267801]
[0.18265434]
[0.18264984]
[0.18249221]
[0.18245043]
[0.18245043]
[0.18239567]
[0.18239036]
[0.18235569]
[0.18234962]
[0.18233602]
[0.18231529]
[0.18228005]
[0.1821708]
[0.18200478]
[0.18183385]
[0.18181139]
[0.18146281]
[0.18141139]
[0.18138705]
[0.18136759]
[0.18105972]
[0.18095769]
[0.1808967]
[0.18086034]
[0.18054636]
[0.18040144]
[0.18034963]
[0.18032555]
[0.18032531]
[0.18029074]
[0.1802872]
[0.1802603]
[0.18024227]
[0.18014379]
[0.18014379]
[0.18013239]
[0.18010077]
[0.18010077]
[0.17996545]
[0.17993677]
[0.17993616]
[0.17993219]
[0.17989473]
[0.1798552]
[0.17983337]
[0.17980617]
[0.17979774]
[0.17975678]
[0.17972234]
[0.17958619]
[0.17946762]
[0.17945918]
[0.17936385]
[0.17933866]
[0.17928655]
[0.17918417]
[0.1791011]
[0.1789942]
[0.17896746]
[0.17894845]
[0.17893614]
[0.17885941]
[0.1787882]
[0.17878488]
[0.17878178]
[0.17869522]
[0.17869003]
[0.17864515]
[0.17859393]
[0.17858613]
[0.17853554]
[0.17853554]
[0.17852692]
[0.17850192]
[0.17841882]
[0.17840749]
[0.17829485]
[0.17828456]
[0.17826885]
[0.17821503]
[0.17816281]
[0.17809017]
[0.17804849]
[0.1780172]
[0.17793724]
[0.17781821]
[0.1778005]
[0.1777391]
[0.17770974]
[0.17770582]
[0.17760023]
[0.1775804]
[0.17754517]
[0.17752373]
[0.17752369]
[0.1775143]
[0.17749184]
[0.17740406]
[0.1773153]
[0.17715798]
[0.17712373]
[0.17692824]
[0.1769089]
[0.17690778]
[0.17681052]
[0.17673422]
[0.17671369]
[0.17664428]
[0.17658874]
[0.17656143]
[0.17649399]
[0.17646973]
[0.17645675]
[0.17641328]
[0.17633645]
[0.17631292]
[0.17627]
[0.17618346]
[0.17612728]
[0.17610313]
[0.17608467]
[0.17605834]
[0.17605825]
[0.17604765]
[0.17601456]
[0.1759758]
[0.17593311]
[0.17584124]
[0.1758207]
[0.17575523]
[0.17574322]
[0.17572659]
[0.17567614]
[0.17564674]
[0.17562234]
[0.1755554]
[0.17550556]
[0.17543022]
[0.1754109]
[0.17538223]
[0.17536841]
[0.17529692]
[0.17521277]
[0.17520389]
[0.17519642]
[0.17518198]
[0.17512627]
[0.1751253]
[0.17508322]
[0.17495972]
[0.17493328]
[0.17481056]
[0.17481056]
[0.17480858]
[0.1747893]
[0.1747877]
[0.17476475]
[0.17461759]
[0.17457378]
[0.1745213]
[0.1745037]
[0.17449164]
[0.17442724]
[0.17437562]
[0.17422833]
[0.17421477]
[0.17416605]
[0.17410919]
[0.1740676]
[0.17395407]
[0.17395407]
[0.17387454]
[0.17384827]
[0.17383434]
[0.17382465]
[0.17378758]
[0.17372817]
[0.17370084]
[0.17369963]
[0.17368479]
[0.17365852]
[0.173591]
[0.1735672]
[0.17353593]
[0.17350467]
[0.1734594]
[0.17344563]
[0.17338914]
[0.17337066]
[0.17336574]
[0.17335486]
[0.1733163]
[0.17324555]
[0.1732339]
[0.17320086]
[0.17319423]
[0.1731858]
[0.1731826]
[0.17317471]
[0.17315516]
[0.17308478]
[0.17293422]
[0.17292939]
[0.17292325]
[0.17291427]
[0.17289156]
[0.17283262]
[0.17281882]
[0.17265084]
[0.17262794]
[0.17260195]
[0.17252329]
[0.17248522]
[0.17242447]
[0.17234965]
[0.17230724]
[0.17229588]
[0.17226908]
[0.17224897]
[0.17222224]
[0.1722197]
[0.1721548]
[0.17212646]
[0.1721001]
[0.17197175]
[0.17196143]
[0.1719423]
[0.17192695]
[0.17185932]
[0.1717653]
[0.17175141]
[0.17175096]
[0.17172806]
[0.17170474]
[0.17169744]
[0.17168716]
[0.17168358]
[0.17167121]
[0.17166927]
[0.17166677]
[0.17153153]
[0.17146663]
[0.17145003]
[0.17141926]
[0.17141926]
[0.17138794]
[0.17137437]
[0.17136441]
[0.1713597]
[0.17134784]
[0.17130792]
[0.17128547]
[0.1712625]
[0.17121029]
[0.17119919]
[0.17119604]
[0.17116909]
[0.17114983]
[0.17113654]
[0.17113654]
[0.17110439]
[0.17103979]
[0.17101647]
[0.1708328]
[0.17078169]
[0.17065041]
[0.1706197]
[0.17056575]
[0.17050615]
[0.17050393]
[0.17049064]
[0.17047958]
[0.1704608]
[0.17043911]
[0.17042638]
[0.17040205]
[0.17040017]
[0.17037617]
[0.17037493]
[0.17032816]
[0.17027463]
[0.17024662]
[0.1702463]
[0.17022294]
[0.1701185]
[0.17009911]
[0.1700611]
[0.17004487]
[0.17003836]
[0.16997316]
[0.1699122]
[0.16986448]
[0.16978042]
[0.16974393]
[0.16974126]
[0.16972004]
[0.1697124]
[0.16970327]
[0.16967922]
[0.16964956]
[0.16959876]
[0.16957712]
[0.16955437]
[0.16954969]
[0.1694542]
[0.16942662]
[0.16942501]
[0.16938323]
[0.16937983]
[0.16937901]
[0.16934076]
[0.16932687]
[0.16929775]
[0.16916676]
[0.16915673]
[0.16907823]
[0.16905867]
[0.16901745]
[0.16896428]
[0.16888595]
[0.16885188]
[0.16884254]
[0.16883405]
[0.1688323]
[0.16882284]
[0.16879907]
[0.16878614]
[0.16878356]
[0.16874129]
[0.168714]
[0.16869803]
[0.16861956]
[0.16861351]
[0.16859421]
[0.16855818]
[0.16855083]
[0.16850185]
[0.16847628]
[0.16847463]
[0.16846743]
[0.16841945]
[0.16838612]
[0.16837494]
[0.16825974]
[0.16822383]
[0.16819891]
[0.16818061]
[0.16815643]
[0.16813505]
[0.16808587]
[0.16800743]
[0.16798218]
[0.16798191]
[0.16796702]
[0.16793343]
[0.16792966]
[0.16789433]
[0.16788244]
[0.16787809]
[0.16787708]
[0.16783585]
[0.16776879]
[0.16776663]
[0.16775368]
[0.16773114]
[0.16770092]
[0.16769151]
[0.16764769]
[0.16763853]
[0.16761327]
[0.16760491]
[0.16754532]
[0.16753958]
[0.16749464]
[0.16748005]
[0.16743203]
[0.16742603]
[0.167403]
[0.16728126]
[0.16724266]
[0.16721642]
[0.16720422]
[0.16720092]
[0.16720092]
[0.16714443]
[0.1671029]
[0.16707371]
[0.16707192]
[0.16705935]
[0.16704816]
[0.16704515]
[0.16703384]
[0.16701996]
[0.16701122]
[0.16699237]
[0.16699237]
[0.16693978]
[0.16684872]
[0.16681522]
[0.16680528]
[0.16679424]
[0.16679063]
[0.16666275]
[0.16666211]
[0.16661131]
[0.16660371]
[0.16659884]
[0.16657357]
[0.1665393]
[0.1665332]
[0.16652219]
[0.16644947]
[0.1664294]
[0.166411]
[0.16634797]
[0.16633266]
[0.16627973]
[0.16627836]
[0.16626573]
[0.1662387]
[0.16623731]
[0.1661097]
[0.16607215]
[0.16606888]
[0.16603163]
[0.16600539]
[0.16594473]
[0.16593288]
[0.1659229]
[0.16585286]
[0.16583279]
[0.16578844]
[0.16576055]
[0.16574673]
[0.16572052]
[0.16568078]
[0.16562401]
[0.16560654]
[0.16556434]
[0.16555597]
[0.16550532]
[0.16547437]
[0.16541025]
[0.16540116]
[0.16538836]
[0.16538227]
[0.16533373]
[0.165296]
[0.16529095]
[0.16523364]
[0.16523339]
[0.16521354]
[0.16520652]
[0.1651866]
[0.16513583]
[0.16508368]
[0.16503425]
[0.16502236]
[0.16498104]
[0.16497493]
[0.16494977]
[0.16494824]
[0.1648823]
[0.16478266]
[0.16478266]
[0.16468655]
[0.1646735]
[0.16462433]
[0.16461547]
[0.16461547]
[0.16458479]
[0.16457242]
[0.16452137]
[0.16442019]
[0.16441573]
[0.16436352]
[0.16434628]
[0.16433553]
[0.16429573]
[0.16426472]
[0.16421731]
[0.16419968]
[0.16417009]
[0.16413029]
[0.16408321]
[0.16407919]
[0.16402325]
[0.16397716]
[0.16389762]
[0.1638557]
[0.16384967]
[0.16384967]
[0.16380149]
[0.16378692]
[0.16377912]
[0.16375218]
[0.16372532]
[0.16371785]
[0.16368273]
[0.16361049]
[0.16360705]
[0.16354518]
[0.16353846]
[0.16353758]
[0.16352147]
[0.1635209]
[0.16349573]
[0.16346003]
[0.16341847]
[0.16341701]
[0.16339533]
[0.16333944]
[0.16333537]
[0.16332518]
[0.16332337]
[0.16330928]
[0.16326712]
[0.1632581]
[0.16325068]
[0.16323768]
[0.16320208]
[0.16314915]
[0.16314258]
[0.16309492]
[0.16307104]
[0.16298454]
[0.16297501]
[0.16296987]
[0.16290925]
[0.16286747]
[0.16284886]
[0.16279997]
[0.16279666]
[0.16277635]
[0.16264632]
[0.1625571]
[0.16255608]
[0.16244575]
[0.16239491]
[0.16232885]
[0.16223991]
[0.16223118]
[0.16222821]
[0.16212294]
[0.16212294]
[0.16208638]
[0.16198288]
[0.16197486]
[0.16197291]
[0.16195151]
[0.16194941]
[0.161927]
[0.1618977]
[0.1618959]
[0.16188316]
[0.16188057]
[0.1618746]
[0.1618601]
[0.16185346]
[0.16177431]
[0.16177185]
[0.16175884]
[0.1617402]
[0.16173959]
[0.16169588]
[0.16165625]
[0.16165413]
[0.16164616]
[0.16160573]
[0.1615874]
[0.16156802]
[0.16155693]
[0.16154395]
[0.16149549]
[0.16147211]
[0.16136838]
[0.16128217]
[0.1612544]
[0.16119155]
[0.16114408]
[0.16113238]
[0.16108018]
[0.16099416]
[0.16088532]
[0.16084696]
[0.16084583]
[0.16084413]
[0.16083692]
[0.16079754]
[0.16076536]
[0.16075471]
[0.16074623]
[0.160694]
[0.16063006]
[0.16061063]
[0.16060685]
[0.16059354]
[0.16053633]
[0.16052777]
[0.1605019]
[0.16048525]
[0.1604765]
[0.16047135]
[0.16039173]
[0.16037607]
[0.1603733]
[0.16035332]
[0.16030899]
[0.1602896]
[0.16027784]
[0.16027622]
[0.16027129]
[0.16017683]
[0.16012897]
[0.16008748]
[0.16008475]
[0.16005372]
[0.16003945]
[0.16002177]
[0.16001382]
[0.16000718]
[0.15995091]
[0.15994608]
[0.15992288]
[0.15976101]
[0.15970667]
[0.15967202]
[0.15960735]
[0.15959789]
[0.15957652]
[0.15956761]
[0.159556]
[0.15947208]
[0.1593404]
[0.1592605]
[0.1591917]
[0.15919068]
[0.15918213]
[0.15913281]
[0.15913066]
[0.15911652]
[0.15909448]
[0.15900415]
[0.15895273]
[0.15892634]
[0.15892242]
[0.15890531]
[0.15888765]
[0.15888125]
[0.15886812]
[0.15886123]
[0.1588576]
[0.15885633]
[0.15885207]
[0.15883842]
[0.15880066]
[0.15879525]
[0.15878798]
[0.15877219]
[0.1587648]
[0.1587434]
[0.15872236]
[0.15867092]
[0.15865296]
[0.15864901]
[0.1586388]
[0.15863864]
[0.15860409]
[0.15860409]
[0.15856935]
[0.15855835]
[0.1585199]
[0.15851574]
[0.15850374]
[0.15850374]
[0.15849856]
[0.15849738]
[0.15849374]
[0.15845476]
[0.15845442]
[0.1584465]
[0.15841678]
[0.15839031]
[0.15834527]
[0.15827487]
[0.15827487]
[0.15826976]
[0.15826976]
[0.15823787]
[0.15820517]
[0.15818445]
[0.15817316]
[0.15810712]
[0.15802623]
[0.15802586]
[0.15791787]
[0.15789695]
[0.15787539]
[0.15783264]
[0.15781647]
[0.1578019]
[0.15779011]
[0.15778475]
[0.15774329]
[0.15772642]
[0.15771833]
[0.15768355]
[0.15767421]
[0.15758543]
[0.15758522]
[0.1575843]
[0.15754454]
[0.15753186]
[0.15750931]
[0.1573743]
[0.15737204]
[0.1573531]
[0.15731335]
[0.15731157]
[0.15731116]
[0.15725292]
[0.15723261]
[0.15716927]
[0.15711105]
[0.15705946]
[0.15695217]
[0.1569515]
[0.15692902]
[0.15690303]
[0.15679853]
[0.15679567]
[0.15675819]
[0.15671703]
[0.15669113]
[0.15667084]
[0.15663077]
[0.15661494]
[0.15656264]
[0.15646671]
[0.15644357]
[0.15638246]
[0.15636924]
[0.15635057]
[0.15634975]
[0.15631303]
[0.15630326]
[0.15629718]
[0.15628886]
[0.1561962]
[0.15619087]
[0.15609103]
[0.15607998]
[0.15603088]
[0.1559748]
[0.15592918]
[0.15590453]
[0.1558726]
[0.15585937]
[0.15585937]
[0.15585008]
[0.15581009]
[0.15580517]
[0.15580517]
[0.15579796]
[0.15574299]
[0.15572208]
[0.1556813]
[0.15559752]
[0.15559684]
[0.15553541]
[0.15544692]
[0.1554265]
[0.15541224]
[0.15540251]
[0.15538345]
[0.15531762]
[0.15530118]
[0.15529998]
[0.15526742]
[0.15524232]
[0.15523481]
[0.15523481]
[0.15521932]
[0.15520218]
[0.15518051]
[0.15517393]
[0.15516591]
[0.1551166]
[0.15506253]
[0.15505224]
[0.15504646]
[0.15504119]
[0.15503708]
[0.1550114]
[0.154967]
[0.1549623]
[0.15491292]
[0.15488406]
[0.15485066]
[0.15482742]
[0.15482028]
[0.15477657]
[0.15474844]
[0.15474099]
[0.1547347]
[0.1547303]
[0.15472032]
[0.15472004]
[0.15470622]
[0.15469962]
[0.15468673]
[0.15453388]
[0.15450373]
[0.15448624]
[0.15446524]
[0.15442866]
[0.15441912]
[0.15441154]
[0.15435986]
[0.15434894]
[0.15432826]
[0.15432756]
[0.15432756]
[0.15430805]
[0.15430517]
[0.15422054]
[0.15421161]
[0.15417762]
[0.15417677]
[0.15416755]
[0.15408707]
[0.15404627]
[0.15402831]
[0.1539712]
[0.15393436]
[0.15392013]
[0.1539011]
[0.15381576]
[0.15378109]
[0.1537519]
[0.1537519]
[0.1537519]
[0.15371926]
[0.15370196]
[0.15369433]
[0.15367366]
[0.15366912]
[0.15361595]
[0.15358919]
[0.153579]
[0.1535606]
[0.1535449]
[0.15351145]
[0.15351115]
[0.1535043]
[0.1535043]
[0.15349816]
[0.15347044]
[0.15346895]
[0.15345715]
[0.1533937]
[0.15338896]
[0.15338299]
[0.15335809]
[0.15335573]
[0.15331788]
[0.1533105]
[0.15329947]
[0.15326928]
[0.1532439]
[0.1532439]
[0.15322803]
[0.15320845]
[0.15320131]
[0.15317523]
[0.15314412]
[0.15310052]
[0.15306282]
[0.15306282]
[0.15304276]
[0.15298569]
[0.15296656]
[0.15295711]
[0.15294237]
[0.15291461]
[0.15288898]
[0.15285364]
[0.15285364]
[0.1528376]
[0.1528277]
[0.15282764]
[0.15282643]
[0.1528177]
[0.15279461]
[0.15278424]
[0.15274252]
[0.15273029]
[0.1526666]
[0.15265393]
[0.15263519]
[0.15254042]
[0.1525324]
[0.15246935]
[0.15245463]
[0.15244453]
[0.15243848]
[0.15243578]
[0.15240368]
[0.15239912]
[0.15237929]
[0.15237929]
[0.15237331]
[0.15230519]
[0.15230519]
[0.15230192]
[0.15230088]
[0.15225394]
[0.15223578]
[0.15221615]
[0.15220343]
[0.15217979]
[0.15213421]
[0.15209562]
[0.15209135]
[0.15204646]
[0.15204252]
[0.15203807]
[0.1520129]
[0.15197141]
[0.15195695]
[0.15195446]
[0.15194958]
[0.15187815]
[0.15186943]
[0.15185554]
[0.15182514]
[0.15180016]
[0.15178698]
[0.15177707]
[0.1517601]
[0.15175155]
[0.1517478]
[0.1517156]
[0.151699]
[0.15168151]
[0.15167573]
[0.15162694]
[0.15162091]
[0.15159573]
[0.15158851]
[0.15158735]
[0.15157865]
[0.15157561]
[0.15157253]
[0.15156853]
[0.15152672]
[0.15145415]
[0.15143704]
[0.15141946]
[0.15135907]
[0.15135156]
[0.15134981]
[0.151329]
[0.15131198]
[0.15127489]
[0.1512595]
[0.15125641]
[0.1512457]
[0.1512432]
[0.15122513]
[0.15121625]
[0.15120894]
[0.15120116]
[0.15119313]
[0.15118796]
[0.15118416]
[0.15115996]
[0.15114047]
[0.15110022]
[0.15109307]
[0.15106402]
[0.15099175]
[0.15098096]
[0.15096773]
[0.15094109]
[0.15088706]
[0.15085557]
[0.15085067]
[0.1508321]
[0.15079875]
[0.15077977]
[0.15076755]
[0.15076755]
[0.15076257]
[0.15073685]
[0.15071791]
[0.15068142]
[0.15058248]
[0.15057082]
[0.15057082]
[0.15055402]
[0.15054165]
[0.15050441]
[0.15047921]
[0.15046163]
[0.15046163]
[0.15042952]
[0.15042952]
[0.15034835]
[0.15031154]
[0.15030439]
[0.15028733]
[0.15027393]
[0.15027179]
[0.15026766]
[0.15025844]
[0.1502572]
[0.1502006]
[0.15018639]
[0.1501688]
[0.1501688]
[0.15015829]
[0.15014471]
[0.15014343]
[0.15013486]
[0.15012164]
[0.15006691]
[0.15005699]
[0.15000923]
[0.14995886]
[0.14994963]
[0.14993192]
[0.14990225]
[0.14989243]
[0.14988339]
[0.14983632]
[0.14981881]
[0.149815]
[0.149815]
[0.1497876]
[0.1497666]
[0.14975967]
[0.14975844]
[0.14975211]
[0.14973854]
[0.1497046]
[0.1496974]
[0.14968877]
[0.14964288]
[0.14963281]
[0.14961416]
[0.14958155]
[0.14957674]
[0.14954129]
[0.14952612]
[0.14947252]
[0.14946333]
[0.14944857]
[0.14944522]
[0.14944339]
[0.14944167]
[0.1493615]
[0.14929287]
[0.14926581]
[0.14926502]
[0.14924945]
[0.14923082]
[0.14922835]
[0.14921525]
[0.14918353]
[0.14905913]
[0.14905179]
[0.14904723]
[0.14901744]
[0.14898713]
[0.14898494]
[0.14896575]
[0.1489393]
[0.14892758]
[0.1489205]
[0.14891548]
[0.1489006]
[0.14885579]
[0.1488088]
[0.148803]
[0.14879504]
[0.14879504]
[0.14879376]
[0.14877255]
[0.1487539]
[0.14869909]
[0.14869262]
[0.14869262]
[0.14868966]
[0.14865988]
[0.14865412]
[0.14863878]
[0.14863878]
[0.14863415]
[0.14863174]
[0.14861496]
[0.14853401]
[0.14852107]
[0.14848016]
[0.14848016]
[0.14844969]
[0.14842097]
[0.14839612]
[0.14835948]
[0.1482997]
[0.1482869]
[0.14826772]
[0.14824483]
[0.14823483]
[0.14823441]
[0.14822093]
[0.14820974]
[0.14820907]
[0.14811115]
[0.14810489]
[0.14810008]
[0.14808728]
[0.14807506]
[0.14806207]
[0.14806117]
[0.1480335]
[0.14802712]
[0.14801498]
[0.14799511]
[0.14798109]
[0.14786391]
[0.14774303]
[0.14771913]
[0.14771044]
[0.1477051]
[0.1477051]
[0.1476842]
[0.14767234]
[0.14764182]
[0.14759059]
[0.14758576]
[0.14757217]
[0.14756191]
[0.14753509]
[0.14750962]
[0.14748707]
[0.14746124]
[0.14741515]
[0.14741239]
[0.14740747]
[0.14738719]
[0.14735776]
[0.14733726]
[0.14731935]
[0.1473082]
[0.14730173]
[0.14729586]
[0.14727215]
[0.1471722]
[0.14713572]
[0.14710817]
[0.14710635]
[0.14708267]
[0.14708176]
[0.14706591]
[0.14706466]
[0.14706089]
[0.14705485]
[0.14704731]
[0.14700279]
[0.14700279]
[0.14698389]
[0.14696199]
[0.14693283]
[0.1469252]
[0.1469122]
[0.14690144]
[0.14688097]
[0.14686303]
[0.14686303]
[0.1468549]
[0.14683871]
[0.14680772]
[0.14680383]
[0.14680351]
[0.14677724]
[0.1467556]
[0.14663684]
[0.14663565]
[0.14658298]
[0.14657716]
[0.14655477]
[0.1465318]
[0.14652945]
[0.14648384]
[0.14648384]
[0.14647159]
[0.14644131]
[0.14642558]
[0.14642558]
[0.14639655]
[0.14637724]
[0.14634776]
[0.14634171]
[0.1463058]
[0.146301]
[0.14628227]
[0.14625108]
[0.14619853]
[0.14616145]
[0.14614628]
[0.14611939]
[0.14605725]
[0.14604801]
[0.14596513]
[0.1459636]
[0.14594851]
[0.1459294]
[0.14592607]
[0.14592512]
[0.14592275]
[0.1458997]
[0.1458778]
[0.14587046]
[0.1458452]
[0.14581515]
[0.14580868]
[0.14579241]
[0.1457477]
[0.14570639]
[0.14562474]
[0.14558211]
[0.14558104]
[0.14557692]
[0.14552444]
[0.14552444]
[0.14552106]
[0.14551021]
[0.14549972]
[0.14547333]
[0.14546922]
[0.1454667]
[0.14546607]
[0.14545448]
[0.14542945]
[0.14542384]
[0.14541297]
[0.14538898]
[0.1453451]
[0.14533463]
[0.14532071]
[0.14531977]
[0.1453188]
[0.14530827]
[0.14529613]
[0.14528039]
[0.14527743]
[0.14526524]
[0.14525516]
[0.14524923]
[0.14523165]
[0.1451991]
[0.14518419]
[0.14517549]
[0.14516449]
[0.1451609]
[0.1451538]
[0.14513324]
[0.14513308]
[0.14511804]
[0.14506675]
[0.14502363]
[0.1449913]
[0.14498457]
[0.14497532]
[0.144973]
[0.14496838]
[0.14495319]
[0.14495319]
[0.14494102]
[0.14490993]
[0.14487821]
[0.14485116]
[0.14483193]
[0.14482109]
[0.14482109]
[0.14481264]
[0.14481153]
[0.14479594]
[0.14476955]
[0.14474629]
[0.14469889]
[0.1446968]
[0.14465871]
[0.1446199]
[0.14461388]
[0.14459565]
[0.1445855]
[0.1445855]
[0.1445855]
[0.14457725]
[0.14455354]
[0.14455172]
[0.1445124]
[0.14450532]
[0.14450502]
[0.14446895]
[0.14445601]
[0.14442065]
[0.14441715]
[0.14440626]
[0.14437139]
[0.1443467]
[0.14434612]
[0.14434235]
[0.14432196]
[0.1442734]
[0.14427274]
[0.14427145]
[0.14425026]
[0.14423437]
[0.14422382]
[0.144187]
[0.14418451]
[0.14417076]
[0.1441614]
[0.14414528]
[0.14413099]
[0.14404884]
[0.14404842]
[0.14403026]
[0.14397778]
[0.14394216]
[0.14393564]
[0.14392206]
[0.14392015]
[0.14388576]
[0.14388253]
[0.14385533]
[0.14384541]
[0.1438426]
[0.14384192]
[0.14382665]
[0.14379814]
[0.14379638]
[0.14378141]
[0.14378071]
[0.14376879]
[0.14372037]
[0.14371967]
[0.14371692]
[0.14371341]
[0.14368561]
[0.14365348]
[0.14358903]
[0.14354376]
[0.14353499]
[0.14353105]
[0.14348777]
[0.14348584]
[0.14346611]
[0.14344671]
[0.14344616]
[0.1434111]
[0.1433837]
[0.14337209]
[0.14336781]
[0.14336635]
[0.14334896]
[0.14326267]
[0.14325762]
[0.1432371]
[0.14322071]
[0.14322071]
[0.14321287]
[0.14320825]
[0.1432003]
[0.14317292]
[0.14317146]
[0.1431583]
[0.14309812]
[0.14309496]
[0.14309496]
[0.14309496]
[0.14308845]
[0.14308164]
[0.14307714]
[0.1430734]
[0.1430607]
[0.14305602]
[0.14305313]
[0.14304492]
[0.1430143]
[0.14299576]
[0.14298986]
[0.1429867]
[0.14298366]
[0.14297573]
[0.14297132]
[0.14295802]
[0.1429494]
[0.14292486]
[0.14291112]
[0.14290187]
[0.14284621]
[0.14280765]
[0.14279498]
[0.1427926]
[0.14273389]
[0.14271909]
[0.14269663]
[0.14267059]
[0.14266461]
[0.14266244]
[0.14258386]
[0.14256908]
[0.14255786]
[0.14254546]
[0.14253242]
[0.14251196]
[0.14248556]
[0.14246944]
[0.14244393]
[0.14241296]
[0.14241183]
[0.14240955]
[0.14237444]
[0.14232723]
[0.14231087]
[0.14227584]
[0.14227071]
[0.14227071]
[0.14225645]
[0.14221263]
[0.14221102]
[0.14219555]
[0.14212106]
[0.14210604]
[0.14205198]
[0.1420502]
[0.14203836]
[0.14200047]
[0.14198437]
[0.14198059]
[0.14197184]
[0.14196916]
[0.14196527]
[0.1419486]
[0.14194785]
[0.14194067]
[0.14193821]
[0.14193705]
[0.14190516]
[0.1419029]
[0.14187421]
[0.14185151]
[0.14183928]
[0.14183207]
[0.14181855]
[0.14180191]
[0.14178698]
[0.1417719]
[0.14176533]
[0.14176059]
[0.14175907]
[0.1417223]
[0.14171934]
[0.14171688]
[0.14167486]
[0.1416697]
[0.14165764]
[0.14163116]
[0.14162849]
[0.14162043]
[0.14160438]
[0.1415933]
[0.14159168]
[0.14152753]
[0.14152035]
[0.14152005]
[0.14150903]
[0.1415056]
[0.14148714]
[0.14140649]
[0.14139369]
[0.14138708]
[0.14137737]
[0.14134346]
[0.14132586]
[0.14132147]
[0.14131473]
[0.14130825]
[0.14130825]
[0.14126843]
[0.14118491]
[0.14117236]
[0.14115866]
[0.14114374]
[0.14114374]
[0.14111242]
[0.14109358]
[0.14108427]
[0.14102483]
[0.14100738]
[0.1410014]
[0.14099473]
[0.14092545]
[0.14092545]
[0.14089416]
[0.14087978]
[0.14081009]
[0.14080288]
[0.14078268]
[0.140782]
[0.14073278]
[0.14071764]
[0.14066541]
[0.14064817]
[0.14063036]
[0.14062051]
[0.14052515]
[0.14051472]
[0.14049599]
[0.14046565]
[0.140465]
[0.14046049]
[0.14042419]
[0.1403986]
[0.14037082]
[0.14036158]
[0.14035045]
[0.14033023]
[0.14032803]
[0.14030428]
[0.14029123]
[0.14028257]
[0.14028257]
[0.14026651]
[0.14018331]
[0.14012998]
[0.14011694]
[0.14010528]
[0.14009954]
[0.14009523]
[0.14008692]
[0.14007202]
[0.14006892]
[0.14006068]
[0.14005712]
[0.14003177]
[0.14003143]
[0.14000535]
[0.14000219]
[0.14000219]
[0.13998623]
[0.13997453]
[0.13997424]
[0.13996924]
[0.13996081]
[0.13995944]
[0.13994358]
[0.13993512]
[0.13992405]
[0.13987063]
[0.13984507]
[0.13982855]
[0.13975872]
[0.13975668]
[0.13972338]
[0.1397166]
[0.13969925]
[0.13965435]
[0.13962731]
[0.1395922]
[0.1395922]
[0.13957462]
[0.13956629]
[0.13955793]
[0.13955659]
[0.13950291]
[0.13950068]
[0.13948731]
[0.13948469]
[0.13948469]
[0.13948469]
[0.1394714]
[0.13946426]
[0.13946426]
[0.13944645]
[0.13942477]
[0.13941939]
[0.1394146]
[0.13939743]
[0.13937403]
[0.139361]
[0.13932554]
[0.13931927]
[0.13930573]
[0.13929944]
[0.13929944]
[0.13929574]
[0.13927092]
[0.13926494]
[0.13925299]
[0.13924962]
[0.13924763]
[0.13924749]
[0.1392246]
[0.13922088]
[0.13915929]
[0.13915929]
[0.13913652]
[0.13913621]
[0.1391297]
[0.13912855]
[0.1391172]
[0.13910109]
[0.1390543]
[0.13901386]
[0.13900843]
[0.1389734]
[0.13896723]
[0.1389637]
[0.13894679]
[0.13894048]
[0.13892582]
[0.13889411]
[0.13887452]
[0.1388581]
[0.13885026]
[0.1388275]
[0.13882568]
[0.13879724]
[0.1387945]
[0.13879108]
[0.1387884]
[0.13878362]
[0.13876279]
[0.13876036]
[0.13874361]
[0.13874073]
[0.13873991]
[0.13873991]
[0.1387215]
[0.13871792]
[0.13871278]
[0.13867304]
[0.13867049]
[0.13866813]
[0.13865677]
[0.1386244]
[0.138623]
[0.13861865]
[0.13860197]
[0.13860077]
[0.13859713]
[0.13858588]
[0.13858329]
[0.13858162]
[0.1385661]
[0.13850167]
[0.1384758]
[0.1384596]
[0.13845299]
[0.13844372]
[0.13841598]
[0.13841598]
[0.13839845]
[0.13839726]
[0.1383906]
[0.13838907]
[0.13830309]
[0.13827418]
[0.13827217]
[0.13826159]
[0.1382363]
[0.13822597]
[0.13822086]
[0.13821737]
[0.13820513]
[0.13820001]
[0.1381507]
[0.13806854]
[0.13805872]
[0.13805225]
[0.13804618]
[0.13803518]
[0.13802934]
[0.13802229]
[0.13801321]
[0.13797979]
[0.13797958]
[0.13797936]
[0.1379582]
[0.13795744]
[0.13793835]
[0.13793747]
[0.13792646]
[0.1379125]
[0.13791136]
[0.13790472]
[0.13789986]
[0.13789657]
[0.13789012]
[0.1378463]
[0.13782907]
[0.13781616]
[0.13779086]
[0.13777223]
[0.13775107]
[0.1377446]
[0.13768949]
[0.13765062]
[0.13761713]
[0.1376127]
[0.1376127]
[0.13760255]
[0.13757636]
[0.13756292]
[0.13756025]
[0.13756025]
[0.1375581]
[0.13755715]
[0.13755715]
[0.13755545]
[0.13752666]
[0.1375175]
[0.13750267]
[0.13748272]
[0.13742223]
[0.13742223]
[0.13742223]
[0.13741584]
[0.13740872]
[0.13740024]
[0.13739857]
[0.13735557]
[0.13734388]
[0.13731074]
[0.13731074]
[0.13729194]
[0.13723284]
[0.13721503]
[0.13719358]
[0.13718233]
[0.13715625]
[0.13714087]
[0.13712776]
[0.13710986]
[0.13710217]
[0.13709049]
[0.13708897]
[0.1370429]
[0.1370429]
[0.13696463]
[0.13696043]
[0.1369433]
[0.13693845]
[0.13693662]
[0.13693234]
[0.13691726]
[0.1368455]
[0.13682841]
[0.13682759]
[0.13681848]
[0.13680154]
[0.13670547]
[0.13670243]
[0.13661627]
[0.13658047]
[0.13649102]
[0.1364648]
[0.13645329]
[0.13644539]
[0.13637035]
[0.13636972]
[0.13635993]
[0.13633288]
[0.13628775]
[0.13627645]
[0.1362634]
[0.13626017]
[0.13624522]
[0.13621935]
[0.13620795]
[0.13620257]
[0.136178]
[0.13616544]
[0.13615686]
[0.13614322]
[0.13613845]
[0.13611294]
[0.13610892]
[0.13610634]
[0.13609722]
[0.13605991]
[0.13605991]
[0.13605331]
[0.13603346]
[0.13603346]
[0.1360134]
[0.13598584]
[0.13593654]
[0.13591002]
[0.13590162]
[0.13589807]
[0.13584815]
[0.13583058]
[0.13580368]
[0.13579798]
[0.13579002]
[0.1357829]
[0.1357829]
[0.13577776]
[0.13577758]
[0.13577743]
[0.13577273]
[0.13576958]
[0.13576354]
[0.13575286]
[0.13572706]
[0.13568808]
[0.13568151]
[0.13565302]
[0.13564098]
[0.13561057]
[0.13560751]
[0.13560447]
[0.13559037]
[0.13556373]
[0.13554177]
[0.13554177]
[0.13553888]
[0.13551807]
[0.1354947]
[0.1354801]
[0.13547325]
[0.13546075]
[0.13545497]
[0.13542658]
[0.13540569]
[0.13537434]
[0.13534208]
[0.13534199]
[0.13533297]
[0.13531588]
[0.13529295]
[0.13527566]
[0.13527277]
[0.13525839]
[0.13525839]
[0.13523924]
[0.13523807]
[0.13517328]
[0.13516386]
[0.13514295]
[0.13512869]
[0.1350949]
[0.13507968]
[0.13496771]
[0.13496721]
[0.13493732]
[0.13490231]
[0.13489516]
[0.13487747]
[0.1348572]
[0.13485605]
[0.13484459]
[0.13482118]
[0.13480891]
[0.13477026]
[0.13475625]
[0.13473956]
[0.1346924]
[0.13468982]
[0.13465217]
[0.13464563]
[0.13464476]
[0.13461699]
[0.13456059]
[0.13455528]
[0.13451514]
[0.13451175]
[0.13450037]
[0.13450037]
[0.13448994]
[0.1344525]
[0.13444714]
[0.13443007]
[0.13443007]
[0.13436776]
[0.13435988]
[0.13435988]
[0.13431065]
[0.13430923]
[0.1342928]
[0.13428214]
[0.13427716]
[0.1342576]
[0.1342423]
[0.1342331]
[0.13421836]
[0.13418517]
[0.13415737]
[0.13415697]
[0.13414632]
[0.13413638]
[0.13413529]
[0.13412668]
[0.13412534]
[0.13412277]
[0.13411196]
[0.13409811]
[0.13409074]
[0.13406351]
[0.1340498]
[0.1340381]
[0.1340189]
[0.13401176]
[0.13399222]
[0.13397785]
[0.1339631]
[0.13394351]
[0.133942]
[0.13388263]
[0.13386087]
[0.13384858]
[0.13382085]
[0.13379073]
[0.13377874]
[0.13376515]
[0.13373017]
[0.13372497]
[0.13371733]
[0.13371661]
[0.13371661]
[0.1336803]
[0.13366842]
[0.13366567]
[0.13365339]
[0.13365339]
[0.1336317]
[0.13360417]
[0.1335811]
[0.13357641]
[0.13357453]
[0.13357127]
[0.1335225]
[0.13349582]
[0.13344447]
[0.1334321]
[0.133431]
[0.1334239]
[0.13341507]
[0.133398]
[0.13339348]
[0.1333778]
[0.13337538]
[0.13336086]
[0.13335049]
[0.13333079]
[0.13331823]
[0.1332558]
[0.13324676]
[0.13323803]
[0.13323277]
[0.13323113]
[0.13322267]
[0.13319834]
[0.13317494]
[0.1331494]
[0.13314115]
[0.13311952]
[0.1331053]
[0.13310124]
[0.13310058]
[0.13309795]
[0.13309625]
[0.13308552]
[0.13306357]
[0.13303818]
[0.13303584]
[0.13303238]
[0.13303056]
[0.13303012]
[0.13302955]
[0.1330098]
[0.13300703]
[0.13300174]
[0.13299796]
[0.13299164]
[0.13297285]
[0.13295563]
[0.13295364]
[0.13293236]
[0.13289295]
[0.13288456]
[0.13288407]
[0.13286696]
[0.1328432]
[0.13282908]
[0.13280085]
[0.13278034]
[0.13276376]
[0.13274354]
[0.13273695]
[0.13272932]
[0.13270856]
[0.13270582]
[0.13267191]
[0.13263685]
[0.13263159]
[0.13262473]
[0.13256712]
[0.13256435]
[0.13256226]
[0.1325547]
[0.13249736]
[0.13247247]
[0.1324121]
[0.13240908]
[0.1323706]
[0.13231829]
[0.13230464]
[0.13228208]
[0.13227259]
[0.13226229]
[0.13225368]
[0.13225292]
[0.13224566]
[0.13224465]
[0.13215865]
[0.13215299]
[0.13214082]
[0.13213883]
[0.13213576]
[0.13211589]
[0.13210744]
[0.13209727]
[0.13206054]
[0.13205753]
[0.13205698]
[0.13203292]
[0.13201416]
[0.1319944]
[0.1319944]
[0.1319917]
[0.13199016]
[0.13198972]
[0.13198744]
[0.13196832]
[0.13196678]
[0.1319557]
[0.13193798]
[0.1319306]
[0.13193052]
[0.13192265]
[0.1319103]
[0.13190196]
[0.1318852]
[0.13185973]
[0.13185823]
[0.13184175]
[0.13183515]
[0.13183334]
[0.13182777]
[0.13180545]
[0.13179997]
[0.13177322]
[0.1317623]
[0.1317284]
[0.13166556]
[0.13160059]
[0.13159887]
[0.13157925]
[0.13157398]
[0.1315649]
[0.1315625]
[0.1315247]
[0.13152322]
[0.13152137]
[0.13150705]
[0.13146268]
[0.13145241]
[0.13144866]
[0.13144623]
[0.13137215]
[0.13137054]
[0.13135624]
[0.13135011]
[0.13132857]
[0.13132776]
[0.13131802]
[0.13129997]
[0.13129056]
[0.1312807]
[0.13124302]
[0.13122167]
[0.13121215]
[0.13120194]
[0.1311802]
[0.13116482]
[0.1311402]
[0.13112922]
[0.13112195]
[0.13111141]
[0.13109766]
[0.13106817]
[0.13104716]
[0.13102248]
[0.13102151]
[0.13100825]
[0.13100646]
[0.13098474]
[0.13096204]
[0.1309074]
[0.13088208]
[0.13086368]
[0.1308608]
[0.13086046]
[0.13085961]
[0.1308563]
[0.13082793]
[0.13079232]
[0.13076885]
[0.13076535]
[0.13071656]
[0.130701]
[0.130701]
[0.13065639]
[0.13062908]
[0.13062418]
[0.1305403]
[0.13053367]
[0.13050847]
[0.13050793]
[0.130506]
[0.130506]
[0.1304969]
[0.13049603]
[0.13049094]
[0.13046148]
[0.13045995]
[0.13040668]
[0.13040668]
[0.13040586]
[0.13039061]
[0.13038929]
[0.13038929]
[0.13038094]
[0.13037214]
[0.13036607]
[0.13034506]
[0.13034296]
[0.13034123]
[0.13034073]
[0.13031954]
[0.1302998]
[0.1302916]
[0.13028182]
[0.13028003]
[0.13027182]
[0.13023466]
[0.13022606]
[0.13021325]
[0.13020082]
[0.1301914]
[0.13015047]
[0.13013417]
[0.13013257]
[0.1301325]
[0.13011163]
[0.13008495]
[0.13004681]
[0.13002075]
[0.13001509]
[0.12999864]
[0.12999864]
[0.1299689]
[0.1299605]
[0.12995493]
[0.12993903]
[0.12992631]
[0.12991242]
[0.12990892]
[0.12990348]
[0.12988198]
[0.12987755]
[0.12987755]
[0.12984405]
[0.12982662]
[0.12980095]
[0.12978162]
[0.12974569]
[0.12970167]
[0.12966776]
[0.12964559]
[0.12961899]
[0.12954226]
[0.1295067]
[0.12947346]
[0.12946394]
[0.1294192]
[0.1294108]
[0.12939765]
[0.12939759]
[0.12936106]
[0.12930791]
[0.129306]
[0.12929545]
[0.12926437]
[0.12925708]
[0.12924436]
[0.12924157]
[0.12923701]
[0.1292333]
[0.12921512]
[0.12920012]
[0.12919816]
[0.12918508]
[0.12916788]
[0.12913798]
[0.12913764]
[0.12909897]
[0.1290634]
[0.12901969]
[0.12901811]
[0.12900807]
[0.12898287]
[0.12898287]
[0.12898228]
[0.12893263]
[0.12889557]
[0.12888347]
[0.12887658]
[0.12884483]
[0.1288399]
[0.12881736]
[0.12879318]
[0.1287414]
[0.12873636]
[0.12873134]
[0.12872602]
[0.12870723]
[0.12870075]
[0.1286837]
[0.1286721]
[0.1286501]
[0.12860523]
[0.1285845]
[0.128577]
[0.12857488]
[0.12856719]
[0.12855929]
[0.12853746]
[0.12852076]
[0.12851901]
[0.12851891]
[0.12851068]
[0.12849973]
[0.12846439]
[0.12843503]
[0.12842968]
[0.12841047]
[0.12840304]
[0.1283776]
[0.12836966]
[0.12829469]
[0.12829469]
[0.12823321]
[0.12817264]
[0.12816073]
[0.12812646]
[0.12807713]
[0.12806126]
[0.12801561]
[0.12800191]
[0.12798753]
[0.12797679]
[0.12796243]
[0.12792784]
[0.1279053]
[0.1279053]
[0.12790449]
[0.1278652]
[0.12784868]
[0.1278358]
[0.12781075]
[0.12780528]
[0.12778969]
[0.12778741]
[0.1277755]
[0.12774877]
[0.12773037]
[0.12771726]
[0.1276904]
[0.12768376]
[0.12768063]
[0.12767592]
[0.12764674]
[0.12763377]
[0.12761845]
[0.12761566]
[0.12760136]
[0.12759255]
[0.1275916]
[0.12759106]
[0.12755962]
[0.12755269]
[0.12754141]
[0.12752406]
[0.12752393]
[0.12752166]
[0.1275003]
[0.12749936]
[0.12749122]
[0.12748632]
[0.12747945]
[0.12746707]
[0.12746441]
[0.12744983]
[0.12743706]
[0.12740676]
[0.1273984]
[0.12739432]
[0.12739377]
[0.12737179]
[0.12731467]
[0.12731461]
[0.12730366]
[0.1272912]
[0.12728988]
[0.12728935]
[0.12726228]
[0.12726064]
[0.12724507]
[0.12719133]
[0.12718089]
[0.12716344]
[0.12715971]
[0.12713316]
[0.12712717]
[0.12710081]
[0.12710026]
[0.12708902]
[0.12708339]
[0.12707533]
[0.12707533]
[0.12702389]
[0.12701173]
[0.12700208]
[0.12695009]
[0.12694687]
[0.12693925]
[0.12691607]
[0.1268839]
[0.1268362]
[0.12683097]
[0.12682009]
[0.12681285]
[0.12681189]
[0.12680873]
[0.12676956]
[0.12676945]
[0.12676397]
[0.12674628]
[0.12670824]
[0.12670782]
[0.12667316]
[0.12666379]
[0.12665242]
[0.12664042]
[0.12663412]
[0.1266298]
[0.12662816]
[0.12660454]
[0.12658076]
[0.12656516]
[0.12656218]
[0.12655795]
[0.12655157]
[0.12654777]
[0.12654349]
[0.12654349]
[0.12652579]
[0.12652384]
[0.12651499]
[0.12651412]
[0.1265113]
[0.12650649]
[0.12649845]
[0.12647703]
[0.12647453]
[0.12647063]
[0.12645532]
[0.126455]
[0.1264523]
[0.12644675]
[0.12643133]
[0.12638178]
[0.12637062]
[0.12633745]
[0.1263367]
[0.1263367]
[0.1263367]
[0.12632051]
[0.12630425]
[0.12629811]
[0.12628666]
[0.12628573]
[0.12626295]
[0.12625164]
[0.12624139]
[0.1262288]
[0.12622024]
[0.12620646]
[0.12620556]
[0.12618876]
[0.12617351]
[0.12616183]
[0.12614675]
[0.12614477]
[0.12610018]
[0.12606859]
[0.12604927]
[0.12599345]
[0.12598152]
[0.12598152]
[0.1259748]
[0.12596522]
[0.12593989]
[0.12589124]
[0.12586291]
[0.12585756]
[0.12582965]
[0.12580054]
[0.12577471]
[0.12576735]
[0.12575695]
[0.12574114]
[0.12571672]
[0.12570114]
[0.12569343]
[0.12568718]
[0.12568276]
[0.12565735]
[0.12564784]
[0.12564239]
[0.12563655]
[0.12563655]
[0.12563655]
[0.12562707]
[0.12560149]
[0.1255845]
[0.12554574]
[0.12553653]
[0.12553635]
[0.12552379]
[0.12551026]
[0.12550037]
[0.12549351]
[0.12546897]
[0.12546779]
[0.12546769]
[0.12546586]
[0.12545747]
[0.12545523]
[0.12544584]
[0.12541723]
[0.12539898]
[0.12539898]
[0.12538868]
[0.12538384]
[0.1253611]
[0.12535736]
[0.12533496]
[0.12531123]
[0.12529999]
[0.12528497]
[0.12528497]
[0.12526208]
[0.12525505]
[0.12522958]
[0.12522912]
[0.1251995]
[0.12519577]
[0.125163]
[0.12516016]
[0.12515491]
[0.12514651]
[0.12514092]
[0.12512964]
[0.12512004]
[0.12511216]
[0.12509887]
[0.12509887]
[0.12508786]
[0.12507737]
[0.12507215]
[0.1250595]
[0.12505282]
[0.12502436]
[0.12499163]
[0.12498426]
[0.12494346]
[0.12494346]
[0.12491754]
[0.12491184]
[0.12490267]
[0.12489302]
[0.12488956]
[0.1248782]
[0.1248771]
[0.12486947]
[0.12485271]
[0.1248525]
[0.12482484]
[0.12479579]
[0.12479112]
[0.12472734]
[0.12472054]
[0.12471105]
[0.12471025]
[0.1247043]
[0.12470198]
[0.12469503]
[0.12467923]
[0.1246478]
[0.12463629]
[0.12461954]
[0.12458949]
[0.1245875]
[0.12456774]
[0.12455947]
[0.1245508]
[0.12451533]
[0.12451341]
[0.12448306]
[0.12446686]
[0.12445989]
[0.12444986]
[0.12444057]
[0.12439406]
[0.12438186]
[0.12436403]
[0.12435659]
[0.12433114]
[0.12433114]
[0.12432443]
[0.12432314]
[0.1243141]
[0.12431229]
[0.12429448]
[0.12428914]
[0.12425317]
[0.12424864]
[0.12423301]
[0.12422812]
[0.12421823]
[0.12420437]
[0.12419266]
[0.12419154]
[0.12418533]
[0.12416692]
[0.12414659]
[0.12414331]
[0.12414255]
[0.124139]
[0.12413637]
[0.1241356]
[0.12410735]
[0.12408426]
[0.12406822]
[0.12406822]
[0.12406681]
[0.12406231]
[0.12399972]
[0.12398452]
[0.12397616]
[0.12396871]
[0.12395389]
[0.12386946]
[0.12386554]
[0.12386185]
[0.12385985]
[0.12385889]
[0.12383438]
[0.12373787]
[0.12371841]
[0.1237103]
[0.12370215]
[0.12366644]
[0.12366168]
[0.12362373]
[0.12362269]
[0.12360325]
[0.12360106]
[0.12355594]
[0.12355451]
[0.12354608]
[0.12354608]
[0.12353403]
[0.12350959]
[0.12345643]
[0.12344847]
[0.12343368]
[0.12340479]
[0.12339675]
[0.12338952]
[0.12336674]
[0.12335739]
[0.12334912]
[0.12333527]
[0.12332934]
[0.12332758]
[0.12330696]
[0.12329568]
[0.12328137]
[0.12326785]
[0.12324522]
[0.12316728]
[0.12316728]
[0.12313957]
[0.12313905]
[0.12312166]
[0.12311842]
[0.12309413]
[0.12299937]
[0.12296934]
[0.12295702]
[0.12295623]
[0.12295235]
[0.12295075]
[0.12294716]
[0.12293818]
[0.12290516]
[0.1229004]
[0.12289698]
[0.12289001]
[0.12283922]
[0.12281998]
[0.12279786]
[0.12274817]
[0.12272682]
[0.1227147]
[0.1226541]
[0.12264734]
[0.12264555]
[0.12261748]
[0.12261099]
[0.12261049]
[0.12260368]
[0.12258553]
[0.12258478]
[0.12257186]
[0.12257127]
[0.12255009]
[0.12254383]
[0.12254345]
[0.12253706]
[0.12253706]
[0.12252951]
[0.12252508]
[0.12250833]
[0.12249698]
[0.12245245]
[0.12244707]
[0.12244676]
[0.1224422]
[0.12242131]
[0.12241774]
[0.12240414]
[0.12238776]
[0.1223624]
[0.12235292]
[0.12234887]
[0.1223413]
[0.12233935]
[0.12231743]
[0.1223134]
[0.12230019]
[0.12229042]
[0.12223337]
[0.12220993]
[0.1222067]
[0.12219704]
[0.12219059]
[0.12217546]
[0.12215608]
[0.12214671]
[0.12214446]
[0.12213669]
[0.1221086]
[0.12210511]
[0.12207612]
[0.12207431]
[0.1220479]
[0.1220378]
[0.12201977]
[0.1220028]
[0.12198593]
[0.12198263]
[0.12198253]
[0.12196886]
[0.12194959]
[0.12194573]
[0.12193785]
[0.12193295]
[0.12189893]
[0.12187778]
[0.12186742]
[0.12184109]
[0.12182114]
[0.12174943]
[0.12174179]
[0.12172516]
[0.12172078]
[0.12169739]
[0.12168114]
[0.12166253]
[0.12165356]
[0.12160876]
[0.1215822]
[0.121577]
[0.12157439]
[0.12150186]
[0.12145048]
[0.12138807]
[0.12138209]
[0.12138109]
[0.12137198]
[0.12136107]
[0.12135413]
[0.121351]
[0.12134814]
[0.12133583]
[0.12133339]
[0.12132601]
[0.12132033]
[0.12131775]
[0.12131696]
[0.12131696]
[0.12130932]
[0.12129903]
[0.12128104]
[0.12124029]
[0.12122058]
[0.12119394]
[0.12118234]
[0.12114367]
[0.12114168]
[0.12113547]
[0.12113339]
[0.12113009]
[0.12113009]
[0.12112761]
[0.12112746]
[0.12110445]
[0.12109476]
[0.12108461]
[0.12104473]
[0.12103232]
[0.12102976]
[0.12099759]
[0.12099759]
[0.12093925]
[0.12093925]
[0.12093925]
[0.12091248]
[0.1208993]
[0.12087084]
[0.12086221]
[0.12083542]
[0.12083075]
[0.12081247]
[0.12081247]
[0.12081247]
[0.12079236]
[0.12078713]
[0.12076345]
[0.12073725]
[0.12072958]
[0.12071025]
[0.12070199]
[0.12065676]
[0.12065515]
[0.12065408]
[0.12063491]
[0.12063491]
[0.12060813]
[0.12058802]
[0.12057852]
[0.12057852]
[0.12057416]
[0.12057303]
[0.12053792]
[0.12052689]
[0.12051631]
[0.12050794]
[0.12050794]
[0.12048784]
[0.12048005]
[0.12046622]
[0.12045497]
[0.12045266]
[0.12039429]
[0.12038635]
[0.12038446]
[0.12038077]
[0.1203804]
[0.12035416]
[0.12034526]
[0.12031406]
[0.12028427]
[0.12028427]
[0.1202806]
[0.12027969]
[0.12027255]
[0.12026946]
[0.12025534]
[0.12021282]
[0.12021009]
[0.12019366]
[0.1201442]
[0.12013971]
[0.12010638]
[0.12006901]
[0.12006901]
[0.12006901]
[0.12006345]
[0.12004407]
[0.12003691]
[0.12002476]
[0.12002207]
[0.12002207]
[0.11999436]
[0.11998665]
[0.11998478]
[0.11997019]
[0.11995801]
[0.11995771]
[0.11993888]
[0.11992847]
[0.11992431]
[0.11991849]
[0.11991759]
[0.11990364]
[0.11990032]
[0.11989971]
[0.11989653]
[0.11989062]
[0.11982414]
[0.11981528]
[0.11979766]
[0.11979713]
[0.11978009]
[0.11977265]
[0.11976761]
[0.11975968]
[0.11970464]
[0.11969876]
[0.11968832]
[0.11968767]
[0.11965047]
[0.11962723]
[0.11961853]
[0.11959656]
[0.11958802]
[0.119574]
[0.1195699]
[0.11955399]
[0.11950227]
[0.11946358]
[0.11945157]
[0.11944727]
[0.11943407]
[0.11941767]
[0.11941269]
[0.11941166]
[0.11940296]
[0.11939793]
[0.11939339]
[0.1193891]
[0.11937559]
[0.11937203]
[0.11937055]
[0.11934464]
[0.11934429]
[0.11933833]
[0.1192913]
[0.11927915]
[0.11925858]
[0.11925063]
[0.11924125]
[0.11923776]
[0.11923713]
[0.11922256]
[0.1192215]
[0.11921204]
[0.11919846]
[0.1191915]
[0.11916013]
[0.11914551]
[0.11913488]
[0.11912905]
[0.11912517]
[0.11912214]
[0.11912139]
[0.11910382]
[0.11909062]
[0.11907489]
[0.11905391]
[0.11904541]
[0.11901112]
[0.11898608]
[0.11898581]
[0.11898181]
[0.11885472]
[0.11883788]
[0.11879949]
[0.11878349]
[0.11876752]
[0.11875862]
[0.11869967]
[0.11869899]
[0.11869123]
[0.11868825]
[0.11868193]
[0.11865932]
[0.11862043]
[0.1186193]
[0.11861352]
[0.11858173]
[0.11854149]
[0.11854015]
[0.11853879]
[0.11853244]
[0.11853178]
[0.11852773]
[0.11850322]
[0.11847553]
[0.11846841]
[0.11845817]
[0.11842626]
[0.11842445]
[0.11841998]
[0.11840318]
[0.11838395]
[0.11838365]
[0.11838348]
[0.11837479]
[0.11837404]
[0.11837108]
[0.11836957]
[0.11836778]
[0.1183655]
[0.11834121]
[0.11833037]
[0.11832171]
[0.118314]
[0.11831019]
[0.11830584]
[0.1182665]
[0.11826059]
[0.11825459]
[0.11825413]
[0.11820868]
[0.11819317]
[0.1181902]
[0.11818756]
[0.1181817]
[0.11813101]
[0.11811552]
[0.11809291]
[0.11809152]
[0.11808264]
[0.11803795]
[0.11802377]
[0.1180089]
[0.11796739]
[0.11796478]
[0.11795896]
[0.11795012]
[0.1179406]
[0.11792358]
[0.11791972]
[0.11789889]
[0.11786499]
[0.11785617]
[0.11785378]
[0.11784618]
[0.11783453]
[0.11783188]
[0.11782622]
[0.11782474]
[0.1178101]
[0.1178022]
[0.11780038]
[0.11778136]
[0.1177413]
[0.11769626]
[0.11769331]
[0.11768871]
[0.11768675]
[0.11767101]
[0.11763448]
[0.11762699]
[0.11762533]
[0.11756541]
[0.11754493]
[0.11754468]
[0.117534]
[0.1175155]
[0.11747748]
[0.1174759]
[0.11742349]
[0.11740813]
[0.11739919]
[0.11736926]
[0.11734629]
[0.11734338]
[0.1173093]
[0.11730586]
[0.11730337]
[0.11728686]
[0.1172781]
[0.11722543]
[0.11721082]
[0.11716009]
[0.11713376]
[0.11713376]
[0.11711939]
[0.11711377]
[0.11711086]
[0.11709405]
[0.11704217]
[0.11700367]
[0.1169977]
[0.11697938]
[0.11697443]
[0.11694555]
[0.11694022]
[0.11693487]
[0.11691072]
[0.11686525]
[0.11685069]
[0.11677956]
[0.11676418]
[0.11673889]
[0.11670496]
[0.11670352]
[0.11668916]
[0.1166767]
[0.11662889]
[0.11662325]
[0.11661028]
[0.11660826]
[0.11660573]
[0.1166024]
[0.11660164]
[0.11659944]
[0.11659525]
[0.11657552]
[0.11654014]
[0.11652174]
[0.11650653]
[0.11650532]
[0.11650521]
[0.11647841]
[0.11647806]
[0.11647458]
[0.11646231]
[0.11644572]
[0.11642335]
[0.11641777]
[0.11639665]
[0.11637232]
[0.11635083]
[0.11634823]
[0.11634272]
[0.11634272]
[0.11632209]
[0.11628398]
[0.11627559]
[0.11625725]
[0.11624718]
[0.11623998]
[0.11623944]
[0.11622998]
[0.11619884]
[0.11610339]
[0.11607438]
[0.11607438]
[0.1160437]
[0.11603117]
[0.11602467]
[0.11598561]
[0.11590242]
[0.11588346]
[0.11585055]
[0.11579175]
[0.11578066]
[0.11578066]
[0.11569858]
[0.11567409]
[0.11566892]
[0.11565354]
[0.11561479]
[0.11560874]
[0.11560508]
[0.11557876]
[0.11553383]
[0.11552008]
[0.11548448]
[0.11548377]
[0.11545809]
[0.11545735]
[0.11544669]
[0.11543605]
[0.11541504]
[0.11537467]
[0.11537381]
[0.11536048]
[0.11535586]
[0.11526942]
[0.11526927]
[0.11525326]
[0.11525191]
[0.11523193]
[0.11519552]
[0.11518405]
[0.11517288]
[0.11513711]
[0.11511139]
[0.11508998]
[0.1150659]
[0.11505229]
[0.11502921]
[0.11500248]
[0.1149824]
[0.11497059]
[0.1149551]
[0.11495503]
[0.11494748]
[0.11494655]
[0.11491349]
[0.11488018]
[0.11485082]
[0.11483606]
[0.11480118]
[0.11476032]
[0.11475333]
[0.11473112]
[0.1147241]
[0.11471447]
[0.11468085]
[0.11466359]
[0.11465132]
[0.11464893]
[0.11464578]
[0.11463148]
[0.11461049]
[0.11459596]
[0.11458372]
[0.11454596]
[0.11451109]
[0.11450802]
[0.11449165]
[0.11449116]
[0.11445143]
[0.11444104]
[0.11439254]
[0.11438201]
[0.11437984]
[0.11436307]
[0.11433665]
[0.11432584]
[0.11431507]
[0.11430049]
[0.11429045]
[0.114274]
[0.1142626]
[0.11420895]
[0.11419814]
[0.11419804]
[0.11419465]
[0.11418951]
[0.11417171]
[0.1141586]
[0.11415469]
[0.11414909]
[0.1141299]
[0.11412789]
[0.1141248]
[0.11412257]
[0.11407419]
[0.11405869]
[0.11403212]
[0.11400072]
[0.11398777]
[0.1139818]
[0.11397881]
[0.11397679]
[0.11395901]
[0.11395204]
[0.11394925]
[0.11391882]
[0.11390684]
[0.11390587]
[0.11389298]
[0.11388434]
[0.11382698]
[0.11380912]
[0.11380721]
[0.11380124]
[0.1137958]
[0.11375071]
[0.11374724]
[0.11370567]
[0.11368506]
[0.11367156]
[0.11366417]
[0.11366098]
[0.11362951]
[0.11356061]
[0.11352142]
[0.1135058]
[0.11345286]
[0.11345252]
[0.11343072]
[0.11340223]
[0.11338526]
[0.11338401]
[0.11336888]
[0.11334582]
[0.11334349]
[0.1133433]
[0.11333393]
[0.11328349]
[0.11328257]
[0.11326844]
[0.1132431]
[0.11323185]
[0.11323057]
[0.11322431]
[0.11320955]
[0.1131864]
[0.11316255]
[0.11314192]
[0.11313369]
[0.11313369]
[0.11299459]
[0.11298595]
[0.1129858]
[0.11298249]
[0.11297584]
[0.11297584]
[0.11289986]
[0.11288739]
[0.11287922]
[0.11287687]
[0.11286601]
[0.11284041]
[0.11283723]
[0.11283414]
[0.1128123]
[0.11280457]
[0.11280457]
[0.11280003]
[0.11277828]
[0.11276502]
[0.11274841]
[0.11272533]
[0.11271001]
[0.11269531]
[0.11262249]
[0.11259653]
[0.11259425]
[0.11259314]
[0.11259248]
[0.11257916]
[0.11256681]
[0.11254856]
[0.11253979]
[0.11249819]
[0.11246787]
[0.11245707]
[0.11245229]
[0.1124363]
[0.1124353]
[0.1124342]
[0.11242136]
[0.11240029]
[0.11239722]
[0.11239641]
[0.11236033]
[0.11231349]
[0.11229733]
[0.11229023]
[0.11223301]
[0.11222291]
[0.11222021]
[0.11221341]
[0.11219428]
[0.11218197]
[0.11218154]
[0.11207853]
[0.11204622]
[0.11197377]
[0.11196596]
[0.11194256]
[0.11191994]
[0.11190139]
[0.11186837]
[0.111854]
[0.1118376]
[0.11181037]
[0.11180896]
[0.11180346]
[0.1117809]
[0.11176077]
[0.11175483]
[0.11171945]
[0.11171588]
[0.11167831]
[0.1116584]
[0.11162818]
[0.11160874]
[0.11160554]
[0.11158355]
[0.11155263]
[0.11155263]
[0.11152462]
[0.11151903]
[0.11150083]
[0.11149064]
[0.1114833]
[0.11144569]
[0.11139471]
[0.1113819]
[0.11137214]
[0.1113696]
[0.1113414]
[0.11131188]
[0.11126384]
[0.11126176]
[0.11125606]
[0.11120951]
[0.1111927]
[0.11117437]
[0.11116071]
[0.11110266]
[0.11110249]
[0.11110202]
[0.11108192]
[0.11106214]
[0.11103788]
[0.11101164]
[0.11097508]
[0.11096863]
[0.11095382]
[0.11093651]
[0.11093181]
[0.11091899]
[0.11089122]
[0.11087821]
[0.11087665]
[0.11084887]
[0.11084613]
[0.11083286]
[0.11082397]
[0.1108184]
[0.11079874]
[0.11072469]
[0.11069768]
[0.11069768]
[0.11069587]
[0.11068416]
[0.11060003]
[0.11059574]
[0.1105458]
[0.11054163]
[0.11053714]
[0.11051814]
[0.11051534]
[0.11050925]
[0.11050377]
[0.11043808]
[0.1102442]
[0.11016948]
[0.11016045]
[0.11007593]
[0.11007354]
[0.11004309]
[0.11003987]
[0.11003193]
[0.11000733]
[0.11000469]
[0.10999579]
[0.10998625]
[0.10997448]
[0.10991935]
[0.10982019]
[0.10981088]
[0.10981084]
[0.10979611]
[0.10977304]
[0.10967197]
[0.10967034]
[0.10965768]
[0.10965402]
[0.10961638]
[0.10958742]
[0.10957388]
[0.10954823]
[0.10948242]
[0.10947426]
[0.10944286]
[0.10940156]
[0.10938418]
[0.10938358]
[0.10936584]
[0.10936584]
[0.10935523]
[0.10927426]
[0.10926838]
[0.10925084]
[0.10922328]
[0.10915171]
[0.10904043]
[0.10903861]
[0.10903043]
[0.1088964]
[0.10887062]
[0.10885318]
[0.10877681]
[0.1087577]
[0.1087317]
[0.10872509]
[0.10872296]
[0.10871744]
[0.10869594]
[0.10866646]
[0.108643]
[0.10860233]
[0.10859511]
[0.10857279]
[0.10849704]
[0.10844859]
[0.10844276]
[0.10843184]
[0.10838602]
[0.10837464]
[0.10836363]
[0.10836202]
[0.10832567]
[0.10831904]
[0.10827548]
[0.10825066]
[0.10823865]
[0.10820511]
[0.10819318]
[0.10819136]
[0.10816292]
[0.1081605]
[0.10815756]
[0.10815737]
[0.10815022]
[0.10811335]
[0.10810927]
[0.10809546]
[0.10805867]
[0.10803197]
[0.10801792]
[0.10799689]
[0.10799473]
[0.10798127]
[0.10797585]
[0.10796965]
[0.10796002]
[0.10795475]
[0.10794421]
[0.10792327]
[0.10789321]
[0.1078807]
[0.10782727]
[0.10782115]
[0.10779902]
[0.10777598]
[0.10774512]
[0.10771723]
[0.10771161]
[0.10768896]
[0.10767255]
[0.10763325]
[0.10758688]
[0.10757299]
[0.10751066]
[0.10747411]
[0.10746384]
[0.10743278]
[0.10737361]
[0.10734603]
[0.10730933]
[0.10727373]
[0.10726599]
[0.10719358]
[0.10718528]
[0.10717986]
[0.10716582]
[0.10714988]
[0.10712258]
[0.10707144]
[0.1070638]
[0.10704459]
[0.1070438]
[0.10701745]
[0.10699224]
[0.10693252]
[0.10688885]
[0.1068795]
[0.10685392]
[0.10682584]
[0.10679691]
[0.10674001]
[0.10670445]
[0.10670104]
[0.10668346]
[0.10667258]
[0.10666656]
[0.10666083]
[0.10666083]
[0.10662245]
[0.10660546]
[0.10659394]
[0.1065832]
[0.10655785]
[0.10655715]
[0.10646524]
[0.10644026]
[0.10642053]
[0.10640407]
[0.10638388]
[0.10636985]
[0.10632847]
[0.10629696]
[0.10629345]
[0.10628326]
[0.10627983]
[0.10623907]
[0.10623308]
[0.10619979]
[0.10618563]
[0.10617605]
[0.10617553]
[0.10610694]
[0.10607255]
[0.10606745]
[0.10605533]
[0.10601306]
[0.10601226]
[0.10601186]
[0.10598726]
[0.10591274]
[0.10589229]
[0.10587501]
[0.10587401]
[0.10585699]
[0.10579941]
[0.10574245]
[0.10570633]
[0.1057032]
[0.10569444]
[0.10566763]
[0.10565721]
[0.10562699]
[0.10562298]
[0.10562136]
[0.10560289]
[0.10556372]
[0.1055458]
[0.10550889]
[0.10545184]
[0.10540876]
[0.10537437]
[0.1053604]
[0.10534187]
[0.10533781]
[0.10530695]
[0.10528328]
[0.1052815]
[0.10528003]
[0.10525755]
[0.10523959]
[0.10523626]
[0.10521961]
[0.10520434]
[0.10516439]
[0.10513443]
[0.1051316]
[0.10512097]
[0.10505906]
[0.1050515]
[0.10501152]
[0.10496914]
[0.10496566]
[0.10496105]
[0.10490409]
[0.10487845]
[0.10487255]
[0.10485827]
[0.10485458]
[0.10481795]
[0.10468192]
[0.10467152]
[0.10464235]
[0.10461473]
[0.10459645]
[0.10459021]
[0.10456247]
[0.10456032]
[0.1045429]
[0.10450993]
[0.10450851]
[0.10445832]
[0.1044568]
[0.10444257]
[0.10442061]
[0.1044196]
[0.10429617]
[0.10427254]
[0.10417063]
[0.10415805]
[0.10413607]
[0.10406092]
[0.10402375]
[0.10401212]
[0.10396465]
[0.10393762]
[0.10392521]
[0.10386982]
[0.10385957]
[0.10383751]
[0.10381178]
[0.10376665]
[0.10376266]
[0.10375462]
[0.10374489]
[0.10373971]
[0.10368158]
[0.10363456]
[0.10363101]
[0.10358796]
[0.10355791]
[0.10335485]
[0.10334721]
[0.10334372]
[0.10334291]
[0.10332437]
[0.1032883]
[0.10327397]
[0.10319787]
[0.10313895]
[0.10311327]
[0.10310841]
[0.1030475]
[0.10300072]
[0.10299549]
[0.1029421]
[0.10294146]
[0.1029346]
[0.10288274]
[0.10286877]
[0.1028344]
[0.10280937]
[0.10277484]
[0.10275234]
[0.1027476]
[0.10274307]
[0.10274058]
[0.10269927]
[0.10269275]
[0.10268004]
[0.10267276]
[0.10266732]
[0.10264631]
[0.10262731]
[0.10261407]
[0.10260577]
[0.10260538]
[0.10256618]
[0.10253476]
[0.10253403]
[0.10245569]
[0.10243287]
[0.10242218]
[0.10241525]
[0.10237094]
[0.10231316]
[0.10229979]
[0.10225973]
[0.10224337]
[0.10222934]
[0.10219283]
[0.10216995]
[0.10210427]
[0.10209259]
[0.10193303]
[0.10189214]
[0.10187137]
[0.10182112]
[0.10180745]
[0.10173939]
[0.10173672]
[0.10168362]
[0.10168127]
[0.10167935]
[0.10166245]
[0.10164747]
[0.10163137]
[0.10161656]
[0.10160705]
[0.10154929]
[0.10152127]
[0.10151899]
[0.10150661]
[0.10149854]
[0.10146574]
[0.10137379]
[0.10130198]
[0.10129315]
[0.10128794]
[0.10128091]
[0.10127111]
[0.1012642]
[0.1012386]
[0.10123301]
[0.10119171]
[0.10118899]
[0.1011841]
[0.10118234]
[0.10106011]
[0.10105946]
[0.10103839]
[0.10103839]
[0.10102436]
[0.10102212]
[0.10101192]
[0.10091111]
[0.10087014]
[0.10086997]
[0.10085241]
[0.10083629]
[0.10082806]
[0.10080758]
[0.10077787]
[0.10072489]
[0.10072228]
[0.10067008]
[0.10059741]
[0.10054294]
[0.10051202]
[0.10050791]
[0.10050405]
[0.10049553]
[0.1004622]
[0.10040662]
[0.10038871]
[0.1003705]
[0.10033478]
[0.10032665]
[0.10023701]
[0.10021955]
[0.10017291]
[0.10016823]
[0.1001659]
[0.10014667]
[0.10011847]
[0.10004004]
[0.09999111]
[0.09997502]
[0.09981535]
[0.0998106]
[0.09975611]
[0.09971681]
[0.09966858]
[0.09965061]
[0.09963564]
[0.09955798]
[0.0995481]
[0.09949204]
[0.09948264]
[0.0994224]
[0.09932248]
[0.09926391]
[0.09921549]
[0.09919786]
[0.09916706]
[0.09915001]
[0.09909268]
[0.09909131]
[0.09906582]
[0.09898218]
[0.09897133]
[0.09894516]
[0.0988709]
[0.09886637]
[0.09882974]
[0.09879484]
[0.09874071]
[0.09871232]
[0.09861073]
[0.09859142]
[0.09857101]
[0.09856787]
[0.09855975]
[0.09851842]
[0.09846189]
[0.09844813]
[0.09836193]
[0.09834968]
[0.09833274]
[0.0982768]
[0.09827678]
[0.09827526]
[0.09825582]
[0.09822723]
[0.09821168]
[0.09819108]
[0.09815481]
[0.09815405]
[0.0981473]
[0.09812746]
[0.0980908]
[0.09794362]
[0.09790447]
[0.09776982]
[0.09772074]
[0.09772015]
[0.09768681]
[0.09764996]
[0.09762885]
[0.09762517]
[0.0976127]
[0.0975723]
[0.09750389]
[0.0974691]
[0.09743291]
[0.09740511]
[0.09737533]
[0.09736226]
[0.09735227]
[0.09732147]
[0.09729458]
[0.09727377]
[0.0972341]
[0.09715993]
[0.09714051]
[0.09705663]
[0.09703162]
[0.09702919]
[0.09700933]
[0.09696231]
[0.09693934]
[0.09693302]
[0.09691841]
[0.09690145]
[0.09685756]
[0.09685118]
[0.09682167]
[0.09676915]
[0.09670146]
[0.09668341]
[0.09666085]
[0.09659781]
[0.09659297]
[0.09656817]
[0.09643722]
[0.09643535]
[0.09635888]
[0.09634999]
[0.09634638]
[0.09628881]
[0.09626318]
[0.09612156]
[0.09603215]
[0.09603144]
[0.09592475]
[0.09576681]
[0.09573554]
[0.09573151]
[0.0957228]
[0.09566901]
[0.09566258]
[0.09561232]
[0.09555301]
[0.095517]
[0.09548545]
[0.09547985]
[0.09542418]
[0.0953913]
[0.09537071]
[0.09532265]
[0.09522417]
[0.09514064]
[0.0950975]
[0.09509674]
[0.09493907]
[0.09492526]
[0.09485894]
[0.09482563]
[0.09475627]
[0.09461102]
[0.09457819]
[0.09446707]
[0.09440181]
[0.09429266]
[0.09418041]
[0.09417056]
[0.09415962]
[0.09410469]
[0.09403552]
[0.0938919]
[0.09385335]
[0.09385186]
[0.09384421]
[0.09382053]
[0.09379957]
[0.09374146]
[0.0936421]
[0.09363277]
[0.09362672]
[0.09361203]
[0.0935711]
[0.09356128]
[0.09353019]
[0.09352116]
[0.09350277]
[0.09348924]
[0.093443]
[0.09342003]
[0.09315263]
[0.09313253]
[0.09312853]
[0.09311308]
[0.0930539]
[0.09301789]
[0.09291089]
[0.09284678]
[0.09277592]
[0.09273051]
[0.0927114]
[0.09269127]
[0.09261617]
[0.092577]
[0.09256999]
[0.09244737]
[0.09242361]
[0.09237111]
[0.09231076]
[0.09230425]
[0.09227351]
[0.09223216]
[0.09223197]
[0.09216418]
[0.09213484]
[0.09202312]
[0.09196973]
[0.09196749]
[0.09195119]
[0.0919311]
[0.09190749]
[0.09187963]
[0.0918115]
[0.09178849]
[0.09174936]
[0.09168315]
[0.09151316]
[0.09149794]
[0.0913998]
[0.09138983]
[0.09130125]
[0.0912773]
[0.09077507]
[0.09077216]
[0.09071004]
[0.0906737]
[0.09065845]
[0.09057507]
[0.0903993]
[0.09031893]
[0.09017449]
[0.09009644]
[0.08993063]
[0.08991514]
[0.08987857]
[0.08985651]
[0.08985573]
[0.08985242]
[0.08974683]
[0.08972558]
[0.08972558]
[0.08954012]
[0.08953635]
[0.08950752]
[0.08945476]
[0.08942656]
[0.08937563]
[0.08935852]
[0.08935744]
[0.08934712]
[0.08933455]
[0.08930521]
[0.08929119]
[0.08907053]
[0.08894027]
[0.08872555]
[0.08872192]
[0.0887216]
[0.08863508]
[0.08844025]
[0.08839686]
[0.08832703]
[0.08832192]
[0.08817038]
[0.08812535]
[0.0879803]
[0.08797322]
[0.08795245]
[0.0879379]
[0.08781452]
[0.08779835]
[0.08773591]
[0.08773211]
[0.08767986]
[0.08767572]
[0.08766117]
[0.08761834]
[0.08757155]
[0.0872505]
[0.08722764]
[0.08720635]
[0.08697902]
[0.08661027]
[0.08641702]
[0.08618277]
[0.08596371]
[0.08595791]
[0.0852022]
[0.08500613]
[0.08494277]
[0.08456652]
[0.08436492]
[0.0842988]
[0.08415614]
[0.08389696]
[0.08355762]
[0.08342688]
[0.08333255]
[0.08287059]
[0.0828378]
[0.08279636]
[0.08277203]
[0.08258875]
[0.08258687]
[0.08207652]
[0.08183793]
[0.08182421]
[0.08181693]
[0.08177343]
[0.08160227]
[0.08133738]
[0.08122959]
[0.08099926]
[0.08092897]
[0.08092809]
[0.08066988]
[0.08064354]
[0.08060291]
[0.08050436]
[0.08023478]
[0.08008637]
[0.07997151]
[0.07980103]
[0.07955121]
[0.07946727]
[0.07944004]
[0.07935307]
[0.07925767]
[0.07923742]
[0.07922123]
[0.07914542]
[0.07910862]
[0.0788344]
[0.0788088]
[0.07878932]
[0.07853891]
[0.07844233]
[0.07836298]
[0.07829733]
[0.07809778]
[0.07806586]
[0.07800189]
[0.07784074]
[0.0776753]
[0.07766174]
[0.07758554]
[0.07748909]
[0.07725864]
[0.07720087]
[0.07717696]
[0.0771607]
[0.07712447]
[0.0770553]
[0.07690075]
[0.076796]
[0.07679145]
[0.07665305]
[0.07662704]
[0.07661732]
[0.0765913]
[0.07655059]
[0.07648679]
[0.07647562]
[0.07644416]
[0.076313]
[0.0762447]
[0.07620907]
[0.07610276]
[0.0760835]
[0.07598557]
[0.07583215]
[0.07555904]
[0.07552831]
[0.07547361]
[0.07547299]
[0.07546704]
[0.0754649]
[0.07529282]
[0.07528049]
[0.07517136]
[0.07499576]
[0.07498819]
[0.07495416]
[0.07491981]
[0.07486631]
[0.07479428]
[0.07476576]
[0.0747131]
[0.0744009]
[0.07438876]
[0.07437716]
[0.07434966]
[0.07426284]
[0.07414239]
[0.07409252]
[0.0740412]
[0.0740087]
[0.07395644]
[0.07395625]
[0.07393738]
[0.07391159]
[0.07385803]
[0.07384664]
[0.07380564]
[0.07377332]
[0.07370529]
[0.07366423]
[0.07362573]
[0.07356171]
[0.07350896]
[0.07350604]
[0.07349776]
[0.07341743]
[0.07331571]
[0.07325936]
[0.07323314]
[0.07314871]
[0.07313537]
[0.07307113]
[0.07280751]
[0.07259101]
