0.5254167
0.50308174
0.50124294
0.47469673
0.44872725
0.44856957
0.44077918
0.43997043
0.4357376
0.4333351
0.43106368
0.42986432
0.42146075
0.40257642
0.3972763
0.3955492
0.39546835
0.38664463
0.3693003
0.36617866
0.36156657
0.36063823
0.36012158
0.35910016
0.35766244
0.35593617
0.35520592
0.35293025
0.35103863
0.3497467
0.34430015
0.34415978
0.34294263
0.34155875
0.3406867
0.3405867
0.3387951
0.3384771
0.3371799
0.3371061
0.334895
0.33358353
0.33215752
0.32969174
0.3270277
0.32607982
0.32552314
0.32393295
0.3236334
0.32299164
0.3229422
0.32209837
0.32079682
0.3182093
0.31817773
0.31735688
0.31655583
0.31653774
0.31619278
0.3148578
0.31378272
0.31291804
0.31193182
0.31182992
0.3116901
0.3096421
0.3092622
0.3082191
0.30816197
0.3071585
0.30579
0.30524546
0.30483773
0.30472374
0.30288053
0.30183774
0.3014264
0.29950362
0.29946703
0.29920092
0.29808155
0.29718822
0.29529354
0.29485467
0.29420182
0.29379436
0.29313672
0.29223505
0.29170808
0.29108498
0.2906999
0.29010993
0.2899915
0.28945518
0.28865147
0.28758934
0.28756905
0.28756317
0.2871414
0.28679377
0.2859732
0.28561205
0.2855317
0.28475842
0.2844839
0.28380725
0.283343
0.28227463
0.28190765
0.28162232
0.28127393
0.28127125
0.2812173
0.28022507
0.27983713
0.27965596
0.27928147
0.27859697
0.27821484
0.27745205
0.27733302
0.27706888
0.27690396
0.2767137
0.27668312
0.27666438
0.27608207
0.2753618
0.27475038
0.27434734
0.27429667
0.27423337
0.27403677
0.2738303
0.27368644
0.27302969
0.27288458
0.27254093
0.2725301
0.27055123
0.2703069
0.2696195
0.2692414
0.26917857
0.26893374
0.26855302
0.2682789
0.26767224
0.2675747
0.2669712
0.266952
0.2667046
0.26562724
0.26560137
0.26548222
0.26493928
0.2647654
0.26436427
0.26290172
0.26224262
0.26222447
0.2616572
0.26164666
0.26164058
0.26140177
0.26100543
0.26058108
0.26014355
0.26009747
0.2600273
0.2594303
0.2593142
0.2591785
0.25875482
0.25871763
0.25853544
0.25841373
0.2582523
0.25753084
0.25746426
0.25683784
0.25681326
0.25672042
0.25664034
0.2563181
0.25629303
0.25589088
0.25543696
0.25535962
0.25498152
0.25490475
0.25477475
0.25473493
0.25438914
0.25418118
0.2540105
0.25396398
0.25386128
0.25384712
0.25354102
0.25305986
0.25244495
0.2522492
0.25196
0.25193125
0.25192162
0.2518709
0.25185093
0.2515964
0.25150314
0.25131807
0.25125974
0.2511874
0.2509744
0.25082415
0.25067842
0.24965274
0.24937005
0.24932721
0.24932282
0.24880205
0.24868192
0.24868192
0.24860203
0.2485186
0.24829094
0.2482094
0.24801089
0.24768706
0.24763425
0.24752414
0.24715538
0.24712905
0.24712066
0.24701682
0.24695031
0.24691188
0.2468799
0.24676627
0.24674092
0.24619003
0.2459711
0.24514334
0.24471055
0.24470903
0.24448486
0.24414666
0.24406011
0.24399044
0.24359085
0.24347238
0.24333435
0.24297126
0.24297126
0.24268402
0.24243316
0.24231645
0.24202864
0.24167635
0.24122322
0.2410329
0.24094532
0.24083123
0.24082138
0.24081673
0.24057001
0.24046847
0.24032713
0.24030817
0.23979378
0.23935059
0.23925485
0.23922548
0.23915747
0.23897344
0.238784
0.23839156
0.23822026
0.23816301
0.23799908
0.23787056
0.23767985
0.23763159
0.23747428
0.23720911
0.23716295
0.23715709
0.23693974
0.23691678
0.23682028
0.23680477
0.23660284
0.23650399
0.23626384
0.23604995
0.23593064
0.23580839
0.23557079
0.23553105
0.23549096
0.23541515
0.235321
0.23525234
0.2350812
0.23436889
0.23431264
0.23400621
0.23390618
0.2337589
0.23315935
0.23297153
0.232926
0.2326259
0.2321363
0.23207808
0.23178895
0.23161654
0.2310866
0.23079355
0.23074721
0.23071857
0.23071025
0.23062538
0.23055446
0.23055446
0.23049988
0.23049314
0.23049134
0.23001358
0.2299538
0.22982709
0.22966571
0.22932123
0.22898565
0.2285078
0.22832999
0.22824755
0.2282096
0.22820322
0.22773412
0.227722
0.22769988
0.22766432
0.22762156
0.22748928
0.22699113
0.22696988
0.226893
0.22681953
0.2264528
0.22640204
0.22599347
0.22584148
0.22583728
0.2257222
0.22571371
0.22560342
0.2255038
0.2251328
0.22500648
0.22496016
0.22481427
0.22476104
0.2243501
0.22420776
0.22396909
0.22384875
0.2238352
0.2237378
0.22371922
0.22365646
0.22361898
0.22342595
0.22326463
0.22305962
0.22294143
0.22290441
0.22276
0.2226344
0.22261265
0.22254786
0.22254203
0.22223885
0.22223173
0.2222178
0.22217123
0.22187464
0.22179775
0.22168384
0.22159128
0.22152063
0.22151883
0.22138217
0.2211957
0.22072616
0.22035193
0.2202726
0.2202031
0.21998046
0.21991278
0.2198677
0.2198379
0.2198352
0.21981168
0.21978627
0.21973835
0.21952972
0.2195157
0.21945266
0.21938169
0.21927814
0.21916384
0.21873207
0.2186573
0.21843186
0.21820678
0.21791086
0.21787356
0.2178544
0.2178178
0.21771568
0.21763106
0.2175356
0.21752112
0.2175074
0.21744373
0.21731377
0.21714528
0.21711805
0.2170147
0.21698076
0.216888
0.21683422
0.21678571
0.2167009
0.21623015
0.2158066
0.21575473
0.21548334
0.2154426
0.21529995
0.21512707
0.21511623
0.21509798
0.21496415
0.21463946
0.21448654
0.21438566
0.21437562
0.21430326
0.21430169
0.21401677
0.21401493
0.2139272
0.2138783
0.21384501
0.21382141
0.21376424
0.21362834
0.21352239
0.21317984
0.21310768
0.2130135
0.212982
0.21296965
0.21296965
0.2128621
0.21276428
0.2127099
0.21264356
0.21255644
0.21250017
0.21246108
0.21242218
0.2123816
0.21204472
0.2120425
0.21197678
0.21195051
0.21192032
0.21190691
0.211825
0.21181792
0.2117541
0.21172298
0.21166699
0.21157996
0.21156122
0.21135496
0.21117029
0.21105056
0.21089037
0.21085536
0.21084152
0.21080805
0.21075742
0.21046327
0.21045351
0.21041973
0.2102987
0.21021312
0.21009196
0.21002123
0.20977202
0.20977145
0.20972778
0.20964797
0.20963827
0.20963064
0.20951387
0.20951387
0.20940152
0.20937543
0.20936474
0.20932485
0.20928149
0.20926882
0.20925212
0.20916949
0.20896447
0.2089265
0.20882656
0.2087659
0.20873702
0.20861663
0.20856635
0.2085292
0.20837668
0.20834547
0.20832542
0.20828697
0.20822938
0.20821455
0.20804374
0.20799552
0.20799552
0.20787871
0.20777327
0.20775086
0.2076436
0.20752358
0.20751093
0.20739841
0.20730738
0.20725869
0.20722182
0.20714712
0.20703903
0.20703378
0.20699698
0.20695241
0.20692694
0.20684506
0.20656854
0.2064689
0.20644194
0.2064121
0.2062761
0.20614174
0.20604476
0.2058134
0.20580806
0.20579605
0.20578237
0.20571259
0.20568684
0.20564745
0.20561732
0.20558953
0.20539488
0.20531991
0.20521086
0.2049585
0.204849
0.20472011
0.20471688
0.20468646
0.20462818
0.20451371
0.20448497
0.20444816
0.20430444
0.20429958
0.20424336
0.20412478
0.20411967
0.20410183
0.20405091
0.2040433
0.20395046
0.20379828
0.20374762
0.2037016
0.203576
0.20346864
0.20341894
0.203394
0.20332147
0.20332147
0.20321843
0.20318939
0.2030296
0.20299467
0.20295647
0.20273836
0.20266552
0.20229085
0.20214249
0.20204976
0.20204832
0.20203273
0.20201229
0.20198686
0.20192295
0.20191723
0.20191638
0.20190166
0.20176543
0.20173931
0.20172852
0.20163089
0.20156711
0.20143798
0.20142631
0.20129974
0.20127095
0.20126215
0.20108765
0.20106494
0.20105469
0.2009475
0.20094387
0.20093514
0.20088902
0.20087609
0.20087431
0.20074496
0.20052373
0.20051998
0.20045924
0.20045237
0.20037821
0.20027791
0.20022517
0.20020162
0.20008774
0.20008019
0.20008019
0.1998928
0.19974299
0.19971111
0.19954774
0.19951902
0.19940685
0.19938032
0.19934282
0.19925627
0.19925512
0.19920899
0.19919382
0.19904806
0.19903357
0.19899537
0.19897579
0.19891302
0.19885561
0.19880554
0.1987607
0.1986812
0.19866948
0.19866389
0.19866347
0.19859338
0.19856252
0.19850203
0.1984869
0.19848295
0.19847868
0.19846778
0.19844958
0.19836245
0.19820897
0.19798195
0.19794326
0.19793026
0.19775166
0.1976989
0.19769083
0.1976604
0.19755363
0.19752795
0.19746892
0.19734977
0.19723935
0.196949
0.19686806
0.19685599
0.19680557
0.19678213
0.19677834
0.19646662
0.1964424
0.19637462
0.19627169
0.19624783
0.19616243
0.19610976
0.1960133
0.1959731
0.19596949
0.19583857
0.19583705
0.19554912
0.19554555
0.19549155
0.19525084
0.19514155
0.1950281
0.19490696
0.19487666
0.19486836
0.19477819
0.19477338
0.19454414
0.19453657
0.19448848
0.19448145
0.19446915
0.19436568
0.19429886
0.19426776
0.19425929
0.19424567
0.1941468
0.19411539
0.19410859
0.19405675
0.19404744
0.19401613
0.19401348
0.19396368
0.19392496
0.19385661
0.19370502
0.1936899
0.19364382
0.19362664
0.19358495
0.19356415
0.1935602
0.19353826
0.19343477
0.19340795
0.19336887
0.19331267
0.1932697
0.19325659
0.19308747
0.19308095
0.19300461
0.19296324
0.19258821
0.19251654
0.19249675
0.1924688
0.19237013
0.19236884
0.19229649
0.19228324
0.19221397
0.19213139
0.19212133
0.1919794
0.19194967
0.19190072
0.19175106
0.19166249
0.19160411
0.19150214
0.19149299
0.19144067
0.19143689
0.1912249
0.19118339
0.19113234
0.1910736
0.19104303
0.19093953
0.1908306
0.19071276
0.19064178
0.19063677
0.19056065
0.1904949
0.19035526
0.19029614
0.19025846
0.19025
0.19001438
0.18998398
0.18990676
0.18980041
0.18962835
0.18959807
0.18956931
0.18953297
0.1894355
0.18942994
0.18928121
0.18921171
0.18916868
0.18909487
0.18909119
0.18907714
0.18887733
0.18880382
0.18865356
0.18856482
0.1885242
0.18846071
0.18843909
0.1884341
0.18838146
0.18833482
0.18831213
0.18830395
0.18829186
0.18816541
0.18813571
0.18810438
0.18810438
0.18802796
0.18787494
0.18765382
0.18763483
0.18757948
0.18754098
0.18746461
0.18745764
0.18742055
0.18733664
0.18729284
0.1872755
0.18727523
0.1872062
0.18718241
0.1870644
0.18702942
0.18699442
0.18680105
0.18679482
0.18673891
0.1867143
0.1866322
0.18663025
0.1864245
0.18619522
0.18607107
0.18606894
0.18606244
0.18600681
0.18597005
0.18594085
0.18585062
0.18583263
0.18574452
0.1857314
0.18563852
0.18552977
0.18534216
0.18524322
0.18518293
0.18517046
0.18516156
0.1851193
0.18511447
0.18501674
0.18501404
0.18492737
0.18492605
0.18489297
0.18476495
0.18469034
0.18467084
0.18450461
0.1843368
0.18433549
0.18430297
0.18422443
0.18421623
0.18407355
0.18402156
0.1839622
0.1839622
0.18394521
0.18393706
0.18390895
0.18388884
0.18375656
0.18366921
0.18364806
0.18364608
0.18355452
0.18354258
0.18348654
0.18346852
0.1834555
0.18344398
0.18342921
0.18340264
0.18336615
0.18335623
0.18327177
0.18326928
0.18323757
0.18321592
0.18317762
0.18301615
0.1830084
0.1827641
0.18272667
0.1827239
0.18271898
0.1827169
0.18257633
0.18255736
0.18254359
0.18249834
0.18241955
0.18235895
0.18234226
0.18230389
0.1822801
0.18227395
0.18221007
0.18218303
0.18218303
0.18215068
0.18210503
0.182005
0.1819595
0.18182841
0.18182373
0.1817575
0.18173823
0.18157542
0.1815617
0.18152857
0.18150806
0.18144923
0.18140757
0.1813846
0.18109637
0.18102966
0.18099691
0.18097916
0.18091072
0.18089347
0.18084487
0.18082903
0.18081532
0.18080272
0.18077764
0.18076655
0.18066326
0.18062298
0.18061511
0.18060443
0.18045396
0.18044913
0.1803874
0.18038708
0.18036784
0.1803444
0.18029176
0.18029091
0.18000928
0.17977609
0.17955688
0.17950843
0.17950585
0.17949353
0.17949353
0.1794905
0.17948425
0.17943448
0.17937991
0.17931986
0.17928039
0.179224
0.17921388
0.17914344
0.17903753
0.17900768
0.17895766
0.1788762
0.17883246
0.1787989
0.17877434
0.17873679
0.17863281
0.17852893
0.17851314
0.1784753
0.17844796
0.17844237
0.17833179
0.17829102
0.1782606
0.17825113
0.1782297
0.17820336
0.1781129
0.1781118
0.17805992
0.17802997
0.17802902
0.17802402
0.17799892
0.17794146
0.17793329
0.17791402
0.1778654
0.17783599
0.17782538
0.17777354
0.17775697
0.1776139
0.1776093
0.1776007
0.17759219
0.17759219
0.17759052
0.17750123
0.17741841
0.17738317
0.17733677
0.17732936
0.1772938
0.17725177
0.17724006
0.17722917
0.17718954
0.17712548
0.17711769
0.17708413
0.17692165
0.17677802
0.17648758
0.17647323
0.17642026
0.17640646
0.17638773
0.17637986
0.17628129
0.17624474
0.17624229
0.17623532
0.1761692
0.17612575
0.17603049
0.17584155
0.17580822
0.17574175
0.17566732
0.17566241
0.17564383
0.17557411
0.1755632
0.1755632
0.17537567
0.17535195
0.17522222
0.17519483
0.17517929
0.17512712
0.17505203
0.17505154
0.17501864
0.17492978
0.17491457
0.17487767
0.1747967
0.17477067
0.17476194
0.17473137
0.17463961
0.17463018
0.17458339
0.17450385
0.17444469
0.17442977
0.17440179
0.17439424
0.1743737
0.17433159
0.17428985
0.17413633
0.17407496
0.17407107
0.17406526
0.17405379
0.17403898
0.1740213
0.17400375
0.17390852
0.17390728
0.17384043
0.17375045
0.1737076
0.17365956
0.17360474
0.1735845
0.17352864
0.1734975
0.17344718
0.17344406
0.17339686
0.1733492
0.1733206
0.17329866
0.1732917
0.17322204
0.17318441
0.17315063
0.17312512
0.17311674
0.17307627
0.1730449
0.17289108
0.17287204
0.17285849
0.17283101
0.17281277
0.17275557
0.1727398
0.17268333
0.172662
0.17258918
0.17257985
0.17256922
0.17251171
0.17247218
0.17239316
0.17238984
0.17238924
0.17238513
0.17234929
0.17226419
0.17222613
0.17217249
0.17215072
0.17206988
0.17204095
0.17192763
0.17192763
0.1719079
0.17189968
0.17186669
0.17175664
0.17172031
0.17167649
0.17162369
0.17161556
0.1716121
0.17158921
0.17158796
0.17157961
0.17152609
0.17149487
0.17145976
0.17144364
0.17136604
0.17134945
0.17133477
0.17132515
0.17127512
0.17123178
0.17115119
0.17110659
0.17110659
0.17101559
0.1710139
0.17093332
0.17088462
0.17087498
0.17084011
0.1708186
0.17080358
0.17075962
0.17073627
0.17072465
0.17062624
0.17062242
0.17056887
0.17055784
0.17055172
0.17053486
0.17051344
0.17044799
0.17040503
0.17037408
0.17037338
0.17035128
0.17032139
0.17024371
0.17018808
0.1701706
0.17012237
0.17010875
0.17006381
0.17003328
0.16999814
0.1699871
0.16995457
0.16992997
0.16991828
0.16991529
0.16990317
0.16989921
0.16985634
0.16983345
0.16972147
0.1697155
0.16970144
0.16968909
0.1696801
0.16965349
0.16962461
0.16950344
0.16949086
0.16946012
0.16944964
0.16938618
0.16933762
0.169268
0.1692149
0.16917898
0.16910504
0.16909222
0.16908416
0.16907062
0.16906945
0.1690516
0.16901198
0.16898684
0.16897713
0.16894826
0.16887808
0.16887808
0.16883068
0.16881147
0.16880326
0.16877073
0.16875577
0.16875577
0.16875163
0.16874488
0.16868508
0.16864555
0.16862872
0.16860804
0.16860804
0.1685627
0.16854258
0.1684589
0.16845466
0.168428
0.16825819
0.16822356
0.16820309
0.16817893
0.1681646
0.16815045
0.16813725
0.16810504
0.16807143
0.16801856
0.16796872
0.16793081
0.16792268
0.16786999
0.16786458
0.16783498
0.16782488
0.16777521
0.16776915
0.16774985
0.16769166
0.16768458
0.16760318
0.16755934
0.16750626
0.1674735
0.16741858
0.16730715
0.16728796
0.16726448
0.16725199
0.16704378
0.16704355
0.16696452
0.16696452
0.16694336
0.16692486
0.16691571
0.16691418
0.16690046
0.16686274
0.16685562
0.16685015
0.16679835
0.16669676
0.16663744
0.16663417
0.16659662
0.16657145
0.16655919
0.16654532
0.16652332
0.16649982
0.16644593
0.16644362
0.16643833
0.1664373
0.16641513
0.16626643
0.16625267
0.16623023
0.16615963
0.16614513
0.16609612
0.16600896
0.16591358
0.1659029
0.16587031
0.16586924
0.16584206
0.16580321
0.16579556
0.16577809
0.16572593
0.1656825
0.16568035
0.16562806
0.16559228
0.16553621
0.16551256
0.1655082
0.1654793
0.16541749
0.16540945
0.16534647
0.16532248
0.16528721
0.16528721
0.16528721
0.16527244
0.16527154
0.16525094
0.1652204
0.16521765
0.16520707
0.16517617
0.16517617
0.16516423
0.16514622
0.16512321
0.16508515
0.1650299
0.16501918
0.1650097
0.16497329
0.16488239
0.16486302
0.16484366
0.16483648
0.16476898
0.16472441
0.16465357
0.16463155
0.16461796
0.16459695
0.16458143
0.16458143
0.16457295
0.16457295
0.16454487
0.16452757
0.1645037
0.16448683
0.16444845
0.16439468
0.16438816
0.16438642
0.16437712
0.16436638
0.16436575
0.16430226
0.16430208
0.1642812
0.16427788
0.16427788
0.16427232
0.16424264
0.16421069
0.1641631
0.16415462
0.16412386
0.16406475
0.16404633
0.16397457
0.16396739
0.16378856
0.16377641
0.16370703
0.16358508
0.16353297
0.16351539
0.1635032
0.1634966
0.16347823
0.16344513
0.16341963
0.16339533
0.16338989
0.16337861
0.1633741
0.1633538
0.16331016
0.16328129
0.16327107
0.16322574
0.16321714
0.16319792
0.16317451
0.16314736
0.16314691
0.16312702
0.16311693
0.16311693
0.16307923
0.1630742
0.16296344
0.16294955
0.16294545
0.16294469
0.16290314
0.16289371
0.16288458
0.16286807
0.16278403
0.16273637
0.16272168
0.16270566
0.16269445
0.16267195
0.16267195
0.1626178
0.16257517
0.16256985
0.16251633
0.16250987
0.16246983
0.1624045
0.16239104
0.16233148
0.16229945
0.16229148
0.1622207
0.16214211
0.16208154
0.16207467
0.16206148
0.16203393
0.16201499
0.16195427
0.16186164
0.16183884
0.16183099
0.16182947
0.16181232
0.16179913
0.161768
0.16175899
0.16156149
0.16156058
0.16153811
0.16153675
0.16147162
0.16145714
0.1614254
0.16142257
0.16140261
0.16140091
0.16135025
0.16132377
0.16132377
0.16130626
0.1612813
0.16127558
0.1612589
0.16124614
0.16124098
0.16120009
0.16117808
0.16115624
0.16106848
0.16106848
0.16106848
0.1610641
0.16102584
0.1609922
0.16093084
0.16092756
0.16092557
0.16082393
0.16080156
0.16072902
0.16069137
0.16062157
0.16060202
0.1605945
0.16055854
0.16055639
0.16055106
0.16054726
0.16054605
0.16053422
0.16050579
0.16046329
0.16040432
0.16036423
0.16034076
0.1602846
0.160283
0.16027087
0.16025282
0.16025257
0.16025081
0.16022402
0.16021529
0.16019073
0.16017264
0.16016112
0.16014676
0.16005099
0.16004337
0.1600267
0.16001453
0.16001263
0.15999843
0.15999843
0.15999639
0.1599696
0.15995765
0.15995441
0.15992115
0.15988097
0.15984981
0.15982549
0.15981103
0.15977721
0.15976994
0.1597674
0.15976043
0.15974876
0.1597275
0.15971941
0.15971294
0.1597022
0.15966415
0.1596629
0.15965587
0.1596526
0.1596526
0.15961148
0.1595879
0.15957831
0.15957831
0.15957451
0.15953413
0.15953135
0.15950277
0.1594595
0.15945426
0.15944858
0.1593951
0.15935919
0.1592956
0.15928367
0.15927903
0.1592543
0.15924928
0.15921423
0.1592036
0.15919559
0.1591915
0.15918979
0.15918589
0.15918577
0.15918092
0.15915817
0.15915227
0.15914683
0.15914683
0.15911289
0.15910211
0.15899341
0.15897347
0.15896863
0.1588778
0.1588651
0.15885605
0.15885426
0.15883914
0.15883729
0.15878996
0.15876858
0.15876673
0.15865526
0.15861098
0.15859166
0.15855265
0.15852332
0.15848841
0.1584562
0.15842733
0.15837722
0.15837073
0.1583385
0.15832573
0.15832429
0.15830438
0.15830438
0.15828301
0.15828094
0.15823032
0.1582211
0.1582073
0.15817526
0.15817107
0.1581549
0.15811895
0.15810537
0.15808737
0.15808116
0.15807961
0.1580789
0.15807176
0.15806133
0.15804933
0.15797539
0.15797186
0.1579585
0.1578388
0.15776128
0.1576983
0.15767182
0.15765738
0.15759358
0.15755534
0.15751968
0.15745044
0.15743266
0.15740344
0.15740192
0.15740031
0.15737176
0.1573615
0.15733224
0.15731448
0.15731062
0.15727788
0.15727004
0.15725115
0.15723851
0.15717559
0.15715967
0.15712728
0.15712307
0.157118
0.15707903
0.15706736
0.157032
0.15702625
0.1570255
0.15695822
0.15689535
0.15689343
0.15682605
0.15682435
0.15678504
0.15678
0.15675189
0.15671927
0.15671206
0.15670519
0.15668339
0.15659888
0.1565754
0.15654582
0.15653764
0.15653393
0.1565202
0.15650047
0.15649816
0.15649816
0.15644492
0.15644382
0.15637867
0.1563617
0.15635309
0.15628263
0.15618499
0.15616667
0.15616027
0.15613894
0.15605599
0.15604061
0.15604061
0.15604061
0.15604053
0.15603426
0.15593532
0.1558653
0.15580952
0.15579021
0.15573922
0.15573698
0.15572006
0.15568072
0.1556778
0.155651
0.15560031
0.15554985
0.1555469
0.15551305
0.15551303
0.15550996
0.15549311
0.15538992
0.15535632
0.15533108
0.1552968
0.15529582
0.1552871
0.15523478
0.15520793
0.1551531
0.15514085
0.15513757
0.15513541
0.15504663
0.15503672
0.15494621
0.15486367
0.15484501
0.15483847
0.15480535
0.15479982
0.15476555
0.1546965
0.15468279
0.15468279
0.15467198
0.15462655
0.1546258
0.15461092
0.15455103
0.15454498
0.15453807
0.15451781
0.15447365
0.15445453
0.15444127
0.15442158
0.1544026
0.15439712
0.15439707
0.1543965
0.15434459
0.15434253
0.15433908
0.15430164
0.15427963
0.15426588
0.15420161
0.15416542
0.15412557
0.15412557
0.15411973
0.15411973
0.15411712
0.15406187
0.15403005
0.15402153
0.15387894
0.15381835
0.15375909
0.15365477
0.15363787
0.15363729
0.15363142
0.15362608
0.15359691
0.15358663
0.15358065
0.15357827
0.15356722
0.15355428
0.15352868
0.15349218
0.1534858
0.15347192
0.15346721
0.15344328
0.15343326
0.15343094
0.1534115
0.15337723
0.1533052
0.15329532
0.15328987
0.15328263
0.15323192
0.15320411
0.15318859
0.15312928
0.15312321
0.1530758
0.15302673
0.15300411
0.1529991
0.15296036
0.15291378
0.15287803
0.15287644
0.15286787
0.1528669
0.15283999
0.15283714
0.15282245
0.15281758
0.15280375
0.15278594
0.15278497
0.1527739
0.15274784
0.15273888
0.15271945
0.1527077
0.15269464
0.15269218
0.15266158
0.15266158
0.15262051
0.15261452
0.15257974
0.15251546
0.1524576
0.15245524
0.15239574
0.15238379
0.15236694
0.15228571
0.15225379
0.15222314
0.152206
0.15218908
0.15217096
0.15216674
0.15215327
0.15211913
0.1520812
0.15206207
0.15203828
0.15203097
0.15201007
0.15200342
0.15199476
0.151935
0.15191126
0.15189952
0.15189047
0.15187621
0.15182899
0.1518252
0.15180314
0.15179838
0.1517768
0.15176587
0.15166731
0.15162978
0.1515946
0.1515905
0.15158705
0.15158251
0.15157758
0.1515618
0.15155977
0.1515525
0.1515453
0.15152213
0.15151373
0.15151048
0.15149331
0.15148449
0.1514809
0.15147638
0.15145047
0.15142122
0.15141296
0.1513424
0.15133359
0.15131693
0.15131295
0.15130407
0.15129617
0.15129341
0.1512415
0.15119272
0.15118282
0.15117736
0.15115322
0.15108915
0.15106444
0.15106085
0.1510255
0.15099528
0.15097713
0.15093955
0.15091203
0.15088582
0.15087847
0.15086502
0.15085402
0.15085344
0.15084986
0.15082501
0.15082143
0.15081182
0.15078235
0.15078211
0.15076101
0.15075009
0.15073514
0.15069467
0.15069467
0.1506483
0.15061979
0.15061979
0.15059918
0.15053898
0.15053038
0.1505221
0.15050411
0.15048017
0.15047431
0.15047278
0.15046358
0.15042289
0.15040506
0.1503809
0.15037555
0.15032189
0.1503061
0.15027899
0.15027826
0.1502484
0.15022655
0.15022139
0.15020525
0.15019724
0.1501593
0.15013117
0.15013117
0.15008263
0.1500604
0.15005359
0.15004739
0.15000865
0.15000312
0.14999576
0.14997207
0.14995481
0.14987482
0.14986458
0.14983934
0.14979142
0.14978074
0.14975184
0.1497375
0.1497244
0.14959605
0.14957473
0.14954516
0.14952315
0.14952274
0.14950815
0.14950009
0.14949705
0.14946501
0.14946094
0.14943948
0.1493618
0.1493618
0.14933012
0.14928482
0.14928482
0.14920577
0.14920102
0.14919896
0.14919394
0.1491839
0.1491581
0.149138
0.14913206
0.14912127
0.14911476
0.1491105
0.14910977
0.14905523
0.14903733
0.14902818
0.14902246
0.14900768
0.14899516
0.14899516
0.14899136
0.14895828
0.14891268
0.14890581
0.1489041
0.14888285
0.1488107
0.14878294
0.14878134
0.1487723
0.14875928
0.14875874
0.1487347
0.14869167
0.14867006
0.14866377
0.14866292
0.14866292
0.14866292
0.14865433
0.14863423
0.14861766
0.14857864
0.14851917
0.14848894
0.14844766
0.14842206
0.14832577
0.14827545
0.14827518
0.14827313
0.14826775
0.14825585
0.14825368
0.1482319
0.14822617
0.14817993
0.14817606
0.1481673
0.14812747
0.14811392
0.14811094
0.14809974
0.14809851
0.14808711
0.14806676
0.14803447
0.14801775
0.14796892
0.14796126
0.14796126
0.14793232
0.14791691
0.1479103
0.14780094
0.14780094
0.14779732
0.14779459
0.14778705
0.14777426
0.14777426
0.14776711
0.14776027
0.14775264
0.14770503
0.14769621
0.14769146
0.14767912
0.1476719
0.14761949
0.14758278
0.14756797
0.14756738
0.1475661
0.14752851
0.14749545
0.1474869
0.14746433
0.1474529
0.14741737
0.14739291
0.14739291
0.14739075
0.14739075
0.14736703
0.1473536
0.14735337
0.14734966
0.14731269
0.1472754
0.14727044
0.14724018
0.14723173
0.14718007
0.14717044
0.14716935
0.14716756
0.14712586
0.14710371
0.14709185
0.1470777
0.1470683
0.14706412
0.14705017
0.14704719
0.14703749
0.14702554
0.14696342
0.14695434
0.14694107
0.14685433
0.14685433
0.146823
0.1468212
0.14677808
0.14677049
0.14674847
0.14670596
0.14670596
0.14669092
0.1466658
0.14664605
0.14663145
0.14661331
0.14655966
0.146548
0.14653479
0.14648935
0.14648122
0.14647876
0.14646503
0.14643425
0.14643303
0.14642546
0.1464214
0.14639142
0.14638439
0.14637789
0.14635955
0.14635228
0.14635025
0.14633855
0.14632614
0.14632614
0.14632308
0.14632308
0.1463175
0.14631204
0.14631204
0.14628236
0.14624172
0.14622141
0.14621803
0.14618888
0.14618133
0.14615327
0.14614286
0.14612515
0.14603646
0.14600272
0.14600153
0.14599997
0.14595099
0.14594968
0.14593725
0.1459165
0.14591599
0.14591599
0.14591464
0.14589821
0.14587872
0.14586553
0.14586166
0.145853
0.1458467
0.1458445
0.14580506
0.14579086
0.14577766
0.14577419
0.14574681
0.14573975
0.14572671
0.14571565
0.14567684
0.14567648
0.1456525
0.14561903
0.14560232
0.14551525
0.14549953
0.14543387
0.14542541
0.14542541
0.1454191
0.14537533
0.1453729
0.14536223
0.14536068
0.14533564
0.14531007
0.14526603
0.1452639
0.14524463
0.14524055
0.14523165
0.14522204
0.14520091
0.14518791
0.14518733
0.14518458
0.14518242
0.14517887
0.14516947
0.14515714
0.14513455
0.14512733
0.1450827
0.14506292
0.14505556
0.14504227
0.14500368
0.14495322
0.144936
0.14487544
0.14487273
0.14487006
0.14483511
0.14481182
0.14480326
0.14474165
0.14473449
0.14472952
0.1447223
0.1447016
0.14467034
0.1446579
0.14462979
0.14458102
0.14456396
0.1445455
0.14453235
0.1444993
0.14449228
0.1444861
0.1444459
0.1444459
0.1444254
0.1444193
0.14441374
0.14440702
0.14440702
0.14439629
0.14438266
0.14436543
0.1443632
0.14434817
0.14434493
0.14433257
0.14432703
0.14426744
0.14423342
0.14422345
0.1441769
0.14417288
0.14414562
0.14414471
0.14413057
0.14412051
0.14411452
0.14411423
0.14407876
0.144062
0.14401038
0.14400934
0.143978
0.14397483
0.14397483
0.14391522
0.1439053
0.14388794
0.14387684
0.14387684
0.14387327
0.14381476
0.14378867
0.14373663
0.14362967
0.14360885
0.14359017
0.1435593
0.14354536
0.1435445
0.14351797
0.14351797
0.14346284
0.14345568
0.1433889
0.14338613
0.14337549
0.14335518
0.14331804
0.14331804
0.14328799
0.14327005
0.14326237
0.14326203
0.14324667
0.14324307
0.1432242
0.1432148
0.14316064
0.14315
0.14311987
0.14311753
0.1431091
0.14308444
0.14301597
0.14295855
0.1429372
0.14292233
0.14290288
0.14283864
0.14281827
0.14281651
0.14279756
0.1427841
0.14277583
0.14276347
0.14274007
0.14273775
0.14270017
0.14268477
0.14268465
0.14263044
0.14263017
0.14256774
0.14256331
0.14256331
0.14255255
0.1425506
0.14251511
0.14250956
0.1425076
0.14247112
0.14247112
0.14239703
0.14239493
0.14238079
0.14235866
0.14235045
0.14234987
0.14233185
0.14231762
0.14231554
0.14230104
0.14222965
0.14222841
0.1422272
0.14221254
0.14218213
0.14214818
0.14213656
0.1421293
0.14212589
0.14202349
0.14200689
0.14200158
0.14199908
0.14197087
0.14196597
0.14193687
0.14186981
0.14186805
0.14183427
0.14177686
0.1417646
0.14175652
0.14170167
0.14164248
0.14161868
0.14161858
0.14157604
0.14157197
0.1415198
0.1414703
0.14145444
0.14145134
0.14144966
0.14144835
0.14140904
0.14135931
0.14131053
0.141308
0.1413044
0.14128669
0.14127389
0.14124951
0.14122677
0.14122157
0.14117387
0.1411428
0.14111727
0.14110304
0.14109583
0.14104077
0.14102985
0.14100918
0.14100228
0.1409747
0.14095685
0.1409516
0.14094317
0.14093116
0.14089099
0.14084914
0.1408407
0.14083646
0.14083126
0.14082745
0.14082278
0.14080441
0.1407854
0.14077297
0.14075224
0.1407049
0.14070109
0.14069124
0.14068411
0.14067538
0.14060317
0.14060017
0.14059561
0.14056788
0.14054377
0.14053477
0.14052302
0.14050058
0.1404954
0.14049207
0.14043556
0.14040773
0.14040284
0.1403858
0.1403579
0.14031717
0.14028108
0.14028108
0.14023644
0.14023034
0.14020923
0.14014068
0.14005618
0.1400502
0.14004804
0.14004338
0.1400428
0.14003378
0.14001657
0.14001581
0.14001021
0.14000823
0.14000718
0.13999127
0.13994043
0.13992678
0.13992402
0.13990535
0.1399035
0.13985996
0.1398479
0.13981457
0.13981152
0.1397955
0.1397769
0.1397729
0.13976187
0.13972473
0.13972381
0.13972294
0.1397018
0.13968828
0.1396487
0.13963951
0.13963528
0.13962112
0.13961866
0.13960518
0.13959607
0.13957213
0.1395545
0.13952962
0.13950609
0.1394942
0.13949087
0.13944142
0.13940766
0.13940176
0.13936037
0.13935968
0.13935739
0.1393478
0.13934721
0.1393159
0.13930981
0.13930278
0.13929932
0.13929917
0.1392666
0.13925672
0.13925672
0.13923381
0.1392059
0.13919006
0.13915786
0.13915317
0.13906614
0.13906595
0.13903525
0.13903072
0.13902241
0.13900799
0.13896666
0.13896608
0.13895856
0.13895507
0.13893674
0.13893674
0.13893512
0.13891575
0.13891499
0.13889827
0.13888931
0.13882157
0.1388136
0.13880326
0.13879487
0.13878305
0.1387472
0.13874489
0.13873701
0.13871387
0.13870983
0.1386863
0.13868049
0.13865897
0.1386557
0.13864148
0.13863781
0.13861267
0.13861158
0.13860793
0.13857257
0.13857257
0.1385099
0.13850403
0.13849463
0.13847916
0.13847484
0.13847472
0.13846752
0.13844723
0.13841796
0.1384168
0.13833842
0.13833751
0.13832273
0.1383199
0.1382566
0.13822651
0.13821377
0.13821377
0.13820209
0.13819715
0.13816032
0.13814767
0.13814268
0.13813642
0.13813488
0.13809964
0.13808069
0.13804598
0.13802934
0.13802592
0.1380202
0.1380067
0.13799337
0.13795426
0.13793051
0.13785565
0.137836
0.13781604
0.13781299
0.13780782
0.13778432
0.13777718
0.13777718
0.13775744
0.13775593
0.13775322
0.13775004
0.13775004
0.13774206
0.13773406
0.1376735
0.13765246
0.13764562
0.13764562
0.13758045
0.13756274
0.13755438
0.1375296
0.1375296
0.13751246
0.13750984
0.13747834
0.1374675
0.13743411
0.13742815
0.1374143
0.13738395
0.13737991
0.13737991
0.1373799
0.13733967
0.13731143
0.13728231
0.13727203
0.13726945
0.13719815
0.1371979
0.13717893
0.13715316
0.13714933
0.13714713
0.13712406
0.13712406
0.13712369
0.13710812
0.1370765
0.13706584
0.13703951
0.13702975
0.13702036
0.13701808
0.13698089
0.1369586
0.13695015
0.13694857
0.13693789
0.13693547
0.13691723
0.13691267
0.13690439
0.13689256
0.13687053
0.13685217
0.1368124
0.13678713
0.13678111
0.13676466
0.13675624
0.13674696
0.13672087
0.13671598
0.13671294
0.13670191
0.13668576
0.13667183
0.13663967
0.13663095
0.1366291
0.1366254
0.13662235
0.13661054
0.13659947
0.13658962
0.13658613
0.13654861
0.13654341
0.13650912
0.13650912
0.13650912
0.13649231
0.13644733
0.13643888
0.13642126
0.13640614
0.13638842
0.13636366
0.13636366
0.13635524
0.13634372
0.13626513
0.13623203
0.1362028
0.1361918
0.1361858
0.13617924
0.1361505
0.13612331
0.13608882
0.13606255
0.13606086
0.1360547
0.13604285
0.13603346
0.13602497
0.13601412
0.13599849
0.13599555
0.13596849
0.13595933
0.13590212
0.13589187
0.13587242
0.13583928
0.13582051
0.13581806
0.13581616
0.13580178
0.13577901
0.13575338
0.1357342
0.13572885
0.13572091
0.13571668
0.1356976
0.1356976
0.13569258
0.13566735
0.13566306
0.13562812
0.13562408
0.13559777
0.13554467
0.13554412
0.13553347
0.13552015
0.13551943
0.13549753
0.13549018
0.1354634
0.13546266
0.13546152
0.13545139
0.13544095
0.13540885
0.13540173
0.13538526
0.13536447
0.1353592
0.1353291
0.1353291
0.13532785
0.1352926
0.13529195
0.13528271
0.13525353
0.13524325
0.135206
0.13519906
0.13519873
0.13519278
0.13514039
0.13511284
0.1350635
0.13502745
0.13502507
0.13502221
0.13496238
0.13496129
0.1349561
0.13493666
0.13493587
0.1349312
0.13490598
0.13484995
0.1348499
0.134843
0.13480571
0.13480204
0.13479088
0.13479088
0.13478921
0.13478473
0.13478133
0.13476425
0.13475358
0.13472638
0.13471568
0.1346769
0.13466704
0.13460143
0.13458416
0.13458326
0.13453461
0.1345336
0.13449799
0.13449351
0.13447878
0.13445519
0.13442734
0.13442637
0.13442098
0.13440126
0.13440126
0.1343742
0.13435575
0.13431874
0.13431397
0.13428926
0.13426846
0.13415706
0.13409562
0.13409534
0.13408919
0.13400371
0.13400058
0.13396874
0.13396522
0.13395321
0.13394558
0.1339163
0.13390972
0.1338932
0.13387933
0.1338723
0.13384649
0.13384649
0.13383909
0.13382098
0.13379608
0.13377492
0.13374978
0.13373636
0.13371222
0.13368218
0.13367704
0.13367139
0.13364358
0.1336258
0.13360715
0.13360177
0.13359591
0.13357933
0.13354677
0.13354139
0.13353673
0.13352826
0.13352337
0.13349916
0.13349254
0.13348638
0.13348305
0.13348305
0.1334741
0.13346453
0.13344054
0.13343658
0.13341203
0.13340567
0.13340019
0.13335107
0.13332924
0.13330005
0.13328727
0.1332284
0.1332187
0.13317221
0.13315773
0.13314658
0.13310702
0.13309921
0.13309902
0.13309902
0.1330798
0.1330729
0.13306615
0.1330426
0.13301082
0.13300785
0.1330071
0.13298517
0.1329723
0.13295276
0.13291676
0.13291302
0.13288791
0.13285694
0.13285238
0.13284828
0.13280602
0.1327953
0.13278666
0.13277115
0.13275951
0.13273337
0.13271897
0.13269968
0.1326985
0.13268541
0.13267073
0.13264069
0.13263549
0.13261318
0.13255382
0.13251993
0.13251911
0.13247582
0.13247582
0.13246125
0.13242845
0.13242744
0.1324163
0.13240793
0.13233627
0.1323334
0.13231567
0.13229872
0.13229872
0.13229257
0.13229245
0.13228826
0.13228214
0.13227789
0.13227275
0.1322554
0.13220288
0.1321822
0.13217935
0.1321775
0.13215786
0.13215786
0.13215163
0.1321316
0.1321315
0.13212177
0.13212016
0.13212016
0.13206202
0.132053
0.1320471
0.13203885
0.13203514
0.13202731
0.13200858
0.13199715
0.13194855
0.13192776
0.13190949
0.13190013
0.13189775
0.13189508
0.1318752
0.13187274
0.13186495
0.13185616
0.13183837
0.13183144
0.13176048
0.13174681
0.13172424
0.13172036
0.13171908
0.13169424
0.13167295
0.13167295
0.13165335
0.1316267
0.13159809
0.13157128
0.1315424
0.1315378
0.13153109
0.13151222
0.13149452
0.13145047
0.13139771
0.13138832
0.13134168
0.13125099
0.13124162
0.13124162
0.13124043
0.13118164
0.1311766
0.13116759
0.1311496
0.13111717
0.13107216
0.13102747
0.13097018
0.13096462
0.13095784
0.13095233
0.13094267
0.13094267
0.13088234
0.13084638
0.13078468
0.1307374
0.13073276
0.13072084
0.13068242
0.13067378
0.13065569
0.13063239
0.13062502
0.13062355
0.1306091
0.13060233
0.13058956
0.13058807
0.13058807
0.13058788
0.13058338
0.13056785
0.13054094
0.13052969
0.13052969
0.13051963
0.13051432
0.13049757
0.13047595
0.13045123
0.13044491
0.13044253
0.13042171
0.13041501
0.13035801
0.13035694
0.13035093
0.13033505
0.1303312
0.13031147
0.13027608
0.13022472
0.13021688
0.130208
0.13019213
0.13015193
0.13013513
0.13011447
0.1300399
0.1300175
0.13000803
0.13000268
0.13000175
0.12996967
0.12996691
0.12995884
0.1299499
0.1299499
0.12992859
0.12992008
0.12989125
0.12989108
0.12988795
0.1298678
0.12986174
0.12985343
0.12984248
0.12984248
0.12983176
0.12982363
0.12982166
0.12981825
0.12979446
0.12977552
0.12976056
0.1297446
0.12974003
0.12973788
0.12972422
0.12971479
0.12971233
0.12970382
0.1297
0.12968008
0.12966529
0.12965024
0.12964895
0.12964441
0.12964441
0.1296436
0.1296392
0.12962975
0.1295936
0.12956977
0.12956367
0.12955727
0.12953942
0.12951776
0.12951323
0.12950324
0.1294895
0.12948292
0.1294534
0.12943934
0.1294188
0.12941346
0.1294026
0.12937081
0.1293678
0.12935731
0.12935597
0.12933375
0.12931846
0.1293064
0.1292919
0.12928218
0.12927173
0.12926634
0.12924607
0.1292253
0.12920293
0.12920272
0.12919779
0.12914696
0.12913372
0.12913345
0.12913029
0.12911165
0.12907705
0.12907235
0.12905397
0.12904955
0.12903637
0.12900054
0.12899402
0.12898748
0.12898721
0.12898721
0.12898463
0.12889472
0.128887
0.12886642
0.12885724
0.1288527
0.12884729
0.12884097
0.12884048
0.12882385
0.12881571
0.12877932
0.12877618
0.12874691
0.12872964
0.12869477
0.12867104
0.12866713
0.12866135
0.1286443
0.12863554
0.12863554
0.12862377
0.12861738
0.12859896
0.12855731
0.12855324
0.12853965
0.12853678
0.12849237
0.12848938
0.12848543
0.12848018
0.1284749
0.12843898
0.12841679
0.12838198
0.12837766
0.12833439
0.12833013
0.12832303
0.12831818
0.12830727
0.12827194
0.12823372
0.12821719
0.12818658
0.12812406
0.12811936
0.12808828
0.12807974
0.12805843
0.12803534
0.12802766
0.1280224
0.12801811
0.12800294
0.12798052
0.12790614
0.12790334
0.12790076
0.12787344
0.12787344
0.1278626
0.12784791
0.12784657
0.12783699
0.12782197
0.12781665
0.1278065
0.12777956
0.12776671
0.12775022
0.1277397
0.12771797
0.12771249
0.12770522
0.1276828
0.12766653
0.12763825
0.12762254
0.12760921
0.12760194
0.12759833
0.127595
0.12756436
0.12746863
0.12742648
0.1274036
0.12736493
0.12736449
0.12736392
0.1273614
0.12735288
0.12733057
0.12732887
0.12732887
0.12731907
0.12731732
0.12730278
0.12727627
0.12727627
0.12723143
0.12717606
0.12717456
0.12717111
0.1271409
0.1271165
0.12708731
0.12707947
0.12705222
0.12700316
0.12695442
0.1269471
0.12694441
0.1269417
0.126938
0.12690768
0.12689163
0.12686686
0.12684858
0.1268306
0.12680997
0.12680914
0.12679508
0.12679121
0.12678553
0.1267637
0.12674466
0.12670736
0.12669553
0.1266568
0.12665549
0.12664978
0.12663676
0.12663001
0.12661143
0.12659529
0.12655409
0.12654956
0.12654956
0.12653951
0.1265345
0.12651709
0.1264811
0.12647511
0.12642772
0.12642732
0.12640716
0.12638399
0.12638247
0.12638247
0.12638041
0.1263697
0.12634735
0.12634256
0.1263393
0.12632577
0.12631707
0.1263135
0.12630518
0.12629525
0.12629421
0.12627666
0.12627299
0.12625273
0.12624367
0.12619542
0.1261876
0.12618543
0.12616445
0.12615326
0.1261491
0.12613578
0.1261254
0.12611662
0.12611026
0.12607706
0.12605453
0.12605321
0.12605321
0.12604144
0.12602778
0.1260182
0.12599684
0.12598887
0.12598063
0.12596953
0.12595262
0.12594503
0.12592342
0.12592283
0.12589234
0.12587693
0.1258328
0.12583104
0.1258105
0.1257997
0.12579907
0.12579907
0.12579907
0.12579755
0.12577425
0.12577425
0.12576051
0.12574859
0.12573312
0.1257008
0.12569062
0.12568708
0.1256751
0.1256696
0.12566485
0.12565379
0.12564626
0.12564626
0.12563865
0.12561557
0.12548819
0.12548073
0.12548073
0.12548073
0.1254798
0.12546875
0.1254533
0.12543397
0.12537673
0.12536454
0.12535882
0.12535882
0.12534654
0.12532918
0.1253244
0.1252917
0.1252856
0.1252608
0.12524137
0.12522216
0.125221
0.12521437
0.1251947
0.1251677
0.1251362
0.12512948
0.12510803
0.12510449
0.12509723
0.1250905
0.12508577
0.12505178
0.12504956
0.12504677
0.12497344
0.12497241
0.12496614
0.12495229
0.12494229
0.12489676
0.12488581
0.12488081
0.12488081
0.12486652
0.1248421
0.12482596
0.124810934
0.124798805
0.124797225
0.124797225
0.12478208
0.12477277
0.12472283
0.12472237
0.124699466
0.12467959
0.12463483
0.12462828
0.12460479
0.124599315
0.12457821
0.12450794
0.12448213
0.12448067
0.124429606
0.124404185
0.12439272
0.12438792
0.12437361
0.12437017
0.12433462
0.1243182
0.12431818
0.124302424
0.12428109
0.12427735
0.12425541
0.124228224
0.12422669
0.124203555
0.12418032
0.12416279
0.12413353
0.12412632
0.124102704
0.124085635
0.124084026
0.12408361
0.124050185
0.12404542
0.12404542
0.12403314
0.124032766
0.12401889
0.124009416
0.123955086
0.12395207
0.12391791
0.123912215
0.12390236
0.12387949
0.1238763
0.12386668
0.123810455
0.123794146
0.12374545
0.1237431
0.12373007
0.12372092
0.12369182
0.12369089
0.12366884
0.1236666
0.12365315
0.12364247
0.1236418
0.12362175
0.123621576
0.12360473
0.12360464
0.123586416
0.12358611
0.12358461
0.12354949
0.1235373
0.1235373
0.123513386
0.12345696
0.12343862
0.12343811
0.123394184
0.12338557
0.123374164
0.12336638
0.12335434
0.1233538
0.1233463
0.12333115
0.123298764
0.12324883
0.12322763
0.12322714
0.12322348
0.12320473
0.123193495
0.12316806
0.12314924
0.123137064
0.12312574
0.123099506
0.12309011
0.12307701
0.12307657
0.1230668
0.12306412
0.12303247
0.123001225
0.1230012
0.12295625
0.122940354
0.12293224
0.1229205
0.122905515
0.122857556
0.12283429
0.12282766
0.122788996
0.12276956
0.12276902
0.122762755
0.122747354
0.122709386
0.122706644
0.12270169
0.12268352
0.122675724
0.122650266
0.12263354
0.12258559
0.12258559
0.12256309
0.122550085
0.12253046
0.12251978
0.122496426
0.12245505
0.12245442
0.12242723
0.12237779
0.12235869
0.12235492
0.12234832
0.12231959
0.122307874
0.122304656
0.122269
0.1222505
0.122249626
0.12222989
0.12221111
0.122183256
0.122162476
0.12213409
0.12213402
0.12212197
0.122072265
0.122064725
0.12202206
0.122006305
0.121993974
0.1219478
0.121947296
0.12190788
0.12190115
0.121881045
0.121875785
0.12186557
0.12182015
0.12180367
0.12179166
0.12176438
0.12175085
0.12171232
0.1217032
0.12168427
0.12168212
0.121681534
0.12167048
0.1216651
0.12166294
0.12166294
0.12166052
0.121653564
0.121613145
0.12161166
0.12160762
0.121600986
0.12159508
0.12156845
0.12155875
0.12154477
0.1214959
0.121493064
0.12148124
0.121460274
0.12144746
0.12142742
0.121379204
0.12137513
0.121340096
0.12133985
0.12131285
0.12124211
0.12123488
0.12121531
0.12118248
0.12113634
0.12110735
0.12110416
0.12109907
0.12109182
0.12109126
0.12107268
0.1210493
0.121021494
0.12099538
0.12099132
0.12098472
0.12096557
0.120928794
0.12092079
0.12090934
0.12085774
0.12084693
0.12084676
0.120823815
0.120797366
0.120797366
0.12076046
0.120746516
0.12074334
0.120733865
0.12073305
0.120728925
0.120717585
0.12071429
0.12068988
0.12067917
0.12067462
0.120673686
0.12067298
0.12066498
0.120658256
0.120629855
0.12060896
0.12059545
0.12058699
0.120558046
0.12053372
0.12049481
0.120472774
0.12043276
0.12042984
0.120429024
0.12041652
0.12040828
0.12039589
0.12036899
0.120335944
0.12032855
0.12028349
0.12026671
0.1202654
0.12024662
0.12024532
0.12023652
0.1202224
0.12021327
0.12019523
0.12018301
0.12016138
0.12015211
0.12014962
0.12011509
0.12006644
0.12006454
0.120061204
0.1200586
0.12004103
0.120028056
0.120018035
0.120018035
0.12001521
0.12001339
0.11999524
0.11998832
0.11996995
0.11996133
0.11995565
0.11994297
0.11994009
0.11993814
0.11989044
0.11989041
0.119887404
0.11988378
0.11988156
0.11988032
0.119876854
0.11984843
0.1198289
0.119805776
0.119783185
0.119733736
0.11966372
0.119652174
0.11962508
0.11960128
0.11958821
0.1195171
0.11951293
0.11950867
0.119504936
0.119503096
0.119453885
0.11940919
0.11939256
0.11934607
0.119344234
0.119326785
0.11932259
0.11931975
0.11929994
0.11928472
0.11925122
0.119248755
0.11923971
0.119237825
0.11922785
0.11921841
0.11921345
0.119205646
0.11919201
0.11917478
0.11915987
0.11913029
0.11913025
0.119037054
0.1190292
0.11901421
0.11900581
0.1189978
0.11899602
0.11898362
0.11895927
0.11895478
0.11892
0.11888323
0.118829794
0.11880443
0.118784755
0.11878312
0.118771896
0.118751824
0.11873018
0.118701585
0.11868348
0.11866359
0.11865082
0.1186362
0.118631825
0.11861491
0.11859024
0.11858142
0.11858142
0.11852875
0.11849907
0.11848766
0.11847342
0.11844414
0.11841171
0.118400775
0.11839584
0.118387036
0.118377924
0.118356034
0.11833733
0.11832609
0.11832569
0.1183229
0.11828506
0.118269876
0.11822891
0.11819482
0.11818621
0.1181583
0.11815685
0.11813325
0.11811582
0.11808344
0.11806541
0.1180602
0.11804129
0.11801856
0.11798268
0.11795934
0.11794487
0.11794451
0.11794119
0.11793827
0.117914006
0.117913224
0.117889464
0.11787295
0.117872015
0.11785758
0.117848806
0.117832646
0.117810935
0.11778378
0.1177072
0.11770152
0.117700875
0.11769938
0.11769215
0.11768895
0.1176875
0.11766492
0.11766463
0.11766324
0.11765804
0.11762383
0.11756868
0.11755111
0.11751218
0.11741698
0.11740768
0.11740487
0.11739391
0.11738413
0.11735237
0.11734267
0.11733947
0.11733072
0.117264085
0.11726378
0.11724469
0.11721646
0.11715844
0.11714572
0.11707616
0.11704973
0.117043525
0.117023215
0.117011055
0.11699092
0.1169882
0.11698071
0.11694865
0.116910696
0.11690744
0.116892084
0.11688627
0.11687127
0.11685905
0.11685074
0.116800316
0.11679613
0.11679008
0.11678148
0.11677724
0.11676145
0.11673579
0.11672615
0.11672085
0.116697
0.11669248
0.116692185
0.11667626
0.11664035
0.11663817
0.11662969
0.11662084
0.11661573
0.11657885
0.11657865
0.11652149
0.11651615
0.116477385
0.116477385
0.116435766
0.11642944
0.11642807
0.116421156
0.11641458
0.11639408
0.11639408
0.11638702
0.116362885
0.11632584
0.116295196
0.11627187
0.11622049
0.11621495
0.116206035
0.11617783
0.11615433
0.116132945
0.11613089
0.11610417
0.116093695
0.11608567
0.116084546
0.11606992
0.116056904
0.11599293
0.11598686
0.11598594
0.11595847
0.11594938
0.115901776
0.115891516
0.11588419
0.11586793
0.11585146
0.115827635
0.11577339
0.115766205
0.11575513
0.11574688
0.11572985
0.11572312
0.11571321
0.11569004
0.11566906
0.11565429
0.11559987
0.11557394
0.115555316
0.115523934
0.11550046
0.11548278
0.11547937
0.11544059
0.115418255
0.115418
0.115416795
0.11540695
0.115383886
0.11533556
0.11532238
0.115301795
0.11524111
0.115201205
0.11518259
0.11515974
0.11514804
0.11514202
0.11512667
0.11511623
0.11510209
0.115087524
0.11504047
0.1150112
0.114955105
0.11493895
0.11493751
0.11487329
0.11487145
0.11484576
0.11480049
0.114771366
0.1147566
0.114746325
0.114710435
0.11468937
0.114675194
0.11457932
0.11454444
0.11449136
0.11448918
0.114478685
0.11437698
0.11437128
0.11435577
0.11434907
0.11434298
0.11433574
0.11427211
0.11426873
0.11425367
0.1142503
0.114157386
0.11414756
0.11413897
0.11411757
0.11404133
0.11402803
0.114015505
0.11399355
0.11399355
0.11399066
0.113980114
0.113970675
0.113893546
0.11389206
0.11388605
0.11387926
0.11385343
0.1138388
0.113783546
0.11376464
0.11376071
0.11372575
0.113722965
0.11371019
0.11366017
0.113638885
0.11356572
0.113553725
0.1135504
0.11353216
0.11342529
0.113400735
0.11338943
0.113372706
0.11333705
0.11332377
0.11330322
0.113297515
0.1132786
0.11322123
0.1132018
0.113145314
0.1131392
0.11313877
0.11312973
0.113117434
0.113033734
0.11302991
0.112994015
0.11298441
0.11291666
0.112819314
0.112805285
0.112805285
0.1127748
0.112727135
0.11272543
0.112712584
0.112712026
0.11270982
0.11270602
0.11269428
0.11269027
0.11267731
0.112674214
0.11262583
0.1126222
0.112606235
0.11257408
0.11257241
0.11256551
0.112552606
0.11253565
0.1124817
0.112465374
0.112453096
0.112417884
0.11241779
0.112383015
0.11235791
0.112355195
0.11230323
0.11229044
0.112251565
0.11224885
0.11221896
0.11220771
0.11213733
0.11209542
0.11205807
0.112051725
0.11203208
0.11200177
0.11196084
0.111946955
0.11192748
0.111880474
0.11186503
0.11182727
0.1117972
0.11179299
0.11178786
0.11178162
0.11174531
0.1117245
0.11167335
0.11166553
0.11165637
0.11162217
0.11159253
0.11158053
0.111579865
0.111574285
0.111568704
0.11154224
0.111519694
0.111509874
0.11149533
0.111461185
0.11145472
0.11141391
0.111406736
0.11138983
0.111359075
0.11134505
0.11133798
0.11131874
0.111313395
0.111313395
0.11131015
0.1113093
0.11130827
0.11127143
0.11121759
0.1112117
0.111210994
0.11120934
0.111178
0.11115007
0.111103766
0.11108611
0.11108484
0.11106685
0.11104388
0.111039266
0.11096849
0.11093538
0.11093049
0.11092559
0.11092512
0.11090697
0.1108642
0.110861935
0.11080527
0.11079136
0.11077205
0.11076708
0.11074585
0.11073421
0.11072406
0.11072265
0.110699885
0.11069758
0.11063287
0.110602096
0.11057757
0.110572405
0.11052388
0.1105124
0.11044627
0.1104415
0.11028083
0.11027568
0.110245556
0.110231936
0.11022146
0.11021039
0.11019878
0.11017948
0.11017845
0.110173166
0.11015676
0.110136844
0.1101097
0.11010157
0.1100813
0.11006116
0.1100366
0.110013954
0.110006995
0.11000448
0.109937035
0.10992653
0.10990392
0.109888755
0.109882966
0.10983145
0.109809294
0.10979751
0.10976694
0.109764375
0.10975664
0.10974169
0.10973591
0.109709874
0.10970028
0.10969502
0.10968002
0.109651715
0.10958838
0.10958488
0.10956878
0.10956413
0.10954962
0.10944677
0.10944654
0.10940486
0.10940412
0.10937317
0.10935032
0.10934824
0.109341316
0.109288804
0.109232426
0.10922068
0.10919986
0.10917082
0.109167114
0.1091233
0.109080195
0.109068096
0.108993344
0.10897347
0.10894819
0.10890714
0.10890335
0.10890136
0.1088625
0.10875323
0.10875185
0.10869636
0.108679265
0.108643554
0.10864028
0.108592406
0.1085894
0.10855041
0.10852457
0.10852001
0.10849224
0.10847739
0.10846102
0.10836027
0.108348936
0.10829739
0.10826429
0.10826194
0.108241364
0.10818757
0.10817584
0.10816011
0.10815717
0.10813675
0.10811261
0.10810851
0.108095095
0.1080939
0.10803782
0.10803419
0.10796538
0.10794669
0.10793985
0.1079017
0.10788609
0.10786604
0.107827224
0.10782195
0.107774116
0.10773854
0.10772429
0.10772053
0.107709065
0.10769794
0.10767333
0.10765148
0.10762533
0.1076017
0.10756361
0.10753652
0.1075166
0.10751592
0.10751066
0.107412644
0.10736041
0.107347704
0.10730398
0.10729755
0.10726937
0.10726557
0.107262194
0.107251965
0.10722545
0.107216865
0.107205726
0.10720254
0.10716334
0.10710983
0.107090816
0.10707832
0.10706369
0.10703866
0.10694905
0.10693675
0.10692364
0.106918626
0.106902465
0.10687056
0.10686609
0.10686542
0.10686064
0.10685982
0.1068372
0.10673742
0.10671959
0.10670536
0.10670336
0.10669623
0.10664252
0.10658202
0.106516436
0.10649516
0.10646607
0.10639606
0.106391974
0.10637448
0.10637339
0.10635888
0.10630328
0.10629436
0.1061909
0.1061414
0.106138274
0.10609901
0.10605497
0.106019445
0.10593762
0.10590584
0.10589821
0.10585817
0.10579869
0.105785474
0.10575887
0.10574061
0.10570093
0.105694756
0.10564037
0.105623476
0.10561614
0.105604425
0.10557457
0.10555025
0.10547977
0.10547681
0.10546975
0.10546318
0.10546246
0.105455615
0.1054075
0.10535692
0.10533791
0.105335765
0.10533225
0.10532623
0.10528521
0.10524511
0.10523343
0.1052012
0.105199404
0.10514873
0.10513752
0.10511286
0.10510976
0.105108686
0.10507419
0.10504765
0.10503017
0.10502215
0.105006196
0.104927264
0.1048251
0.10471956
0.10470927
0.10469837
0.1046426
0.104622096
0.104574524
0.10457386
0.10456627
0.104560025
0.10453257
0.10450302
0.10448246
0.10447906
0.10445221
0.10441202
0.104411356
0.104381934
0.10438046
0.10433589
0.10433536
0.10433491
0.10433433
0.10432275
0.10430029
0.10427762
0.10427757
0.10426716
0.10426582
0.104227
0.10418133
0.10414764
0.10413439
0.10411365
0.104064025
0.10405056
0.10402514
0.10402011
0.10401927
0.104012966
0.103958845
0.103957646
0.10394908
0.10394898
0.10389419
0.103883535
0.10385739
0.1038562
0.103853665
0.1038515
0.103847586
0.10382452
0.10382061
0.10380287
0.10377971
0.10376747
0.10362021
0.10361148
0.10358898
0.10358084
0.10357525
0.10355941
0.103528164
0.10352608
0.10350678
0.10348091
0.10345194
0.103418685
0.103401214
0.10339693
0.103371695
0.10325503
0.10322951
0.10315149
0.1031043
0.103094295
0.103057
0.10301901
0.10300046
0.10297156
0.10292881
0.102892525
0.10288553
0.10286301
0.10281052
0.10275669
0.1027392
0.10270675
0.10269024
0.10268927
0.102640815
0.10260968
0.10258396
0.102565296
0.10254722
0.102540985
0.10253507
0.102492906
0.10245747
0.10243936
0.102341145
0.10229079
0.10219563
0.10218045
0.10217008
0.102134965
0.10212665
0.10212513
0.10211844
0.10206458
0.10205524
0.10200993
0.10199013
0.10197621
0.10191871
0.101914085
0.1018852
0.10188201
0.10186474
0.10185933
0.10184153
0.10182675
0.10179112
0.10176566
0.101729184
0.1016594
0.10165435
0.10162262
0.10161974
0.101619475
0.101550154
0.10151879
0.10148917
0.10142762
0.10139117
0.101335734
0.101284035
0.10122038
0.10117116
0.10111788
0.10110072
0.10095403
0.10095317
0.100905225
0.100900374
0.1008913
0.100863315
0.100840874
0.10084035
0.10074549
0.100657225
0.10065619
0.100634955
0.10062585
0.10062356
0.10051039
0.1005075
0.100481376
0.10046483
0.10043484
0.100425445
0.10038251
0.10037794
0.1003683
0.100347675
0.10033989
0.100315824
0.100282006
0.10026704
0.100220755
0.10021435
0.10014278
0.10010536
0.100089505
0.099999316
0.09999695
0.09997635
0.09996945
0.09995787
0.09994924
0.099904805
0.099881865
0.09983892
0.09983528
0.09982444
0.09973338
0.09964077
0.09963735
0.099632986
0.09961314
0.09958731
0.09958526
0.09953657
0.0995152
0.09951281
0.09950272
0.09948312
0.099473424
0.099450864
0.09942785
0.09940458
0.0993657
0.09933123
0.099306956
0.09930082
0.099279106
0.09925753
0.09924731
0.099233195
0.09922463
0.09919582
0.09914968
0.099146366
0.09914539
0.09914534
0.099141
0.09913794
0.09905735
0.099036194
0.099027395
0.09901174
0.099003226
0.09897554
0.09896478
0.09890922
0.098850586
0.09880956
0.09879844
0.09879729
0.09878612
0.09871136
0.098668225
0.098650664
0.09863371
0.0985792
0.098522864
0.098490134
0.09846406
0.0983914
0.09831427
0.0981855
0.09818524
0.09811818
0.098102815
0.098102696
0.098084174
0.09806308
0.09803584
0.09802383
0.09800367
0.09782602
0.097786896
0.09771565
0.09766698
0.0976539
0.09765371
0.09764505
0.097575866
0.09750065
0.097429596
0.097412616
0.09734162
0.09732725
0.09730585
0.09724902
0.09721642
0.09714045
0.09710599
0.097099975
0.097095996
0.09707422
0.09705546
0.09705311
0.097030096
0.09700779
0.0969376
0.096937016
0.09691264
0.0968785
0.09685047
0.09681227
0.09679384
0.096733995
0.096717544
0.09665491
0.09662797
0.09659601
0.09654122
0.09651028
0.09649161
0.0964734
0.096419096
0.09639281
0.096383214
0.09636676
0.0962918
0.09621146
0.09609891
0.09608809
0.09605803
0.096012786
0.09582212
0.09577937
0.09573325
0.0956737
0.09567131
0.09566412
0.09566128
0.09564289
0.09557354
0.09550428
0.09543711
0.09540385
0.095403485
0.09527279
0.09523757
0.09522893
0.09520782
0.09517021
0.09515682
0.09506838
0.095061235
0.09501297
0.09500916
0.09499616
0.09493166
0.09492531
0.09492371
0.09486146
0.09479506
0.094785616
0.09465502
0.09464501
0.09464321
0.094640024
0.09457088
0.09453867
0.09453598
0.0944866
0.094470926
0.09445086
0.09434858
0.09424897
0.094165236
0.094109975
0.094097614
0.09406084
0.09403719
0.094008595
0.09400292
0.09400113
0.09395127
0.093937226
0.09384242
0.09381578
0.09360515
0.09352436
0.09340574
0.09333905
0.09331633
0.09329193
0.09328406
0.09320763
0.0931805
0.09308304
0.0930372
0.09303439
0.093023606
0.09297345
0.092935815
0.09290981
0.09286204
0.09284397
0.09276336
0.09275376
0.092686936
0.09264808
0.092608005
0.09245194
0.09241094
0.09236395
0.092284314
0.092269465
0.09222135
0.09213559
0.09212399
0.09211374
0.09204856
0.09204226
0.09197016
0.09194695
0.091935
0.0917811
0.09176303
0.091739856
0.09173191
0.09170009
0.0916746
0.09163831
0.09153378
0.09144045
0.09135661
0.09130671
0.09129812
0.09125165
0.09125117
0.09121263
0.09119615
0.09109345
0.0910869
0.09106219
0.09100699
0.09100265
0.0909759
0.090939045
0.090919696
0.09065515
0.09043067
0.09029521
0.09024603
0.09017316
0.09011977
0.09011211
0.09005735
0.09005067
0.09002652
0.089996524
0.089933835
0.08991132
0.08978654
0.089662686
0.089605376
0.08957072
0.089550346
0.08951739
0.08942583
0.08941383
0.089406066
0.08923943
0.089167796
0.08912138
0.089028716
0.08894244
0.08891867
0.08891083
0.0888389
0.08881061
0.08873527
0.0886548
0.08848905
0.0882967
0.08815731
0.08804096
0.0877673
0.08763107
0.08762291
0.0875968
0.08759413
0.08746675
0.08738023
0.08737692
0.08730668
0.087300636
0.08723808
0.08719405
0.08715887
0.08710005
0.08706836
0.087003306
0.08687404
0.08676248
0.08675446
0.08669095
0.08641427
0.0864142
0.086192355
0.086191185
0.085889034
0.08582815
0.085708275
0.08563558
0.085474126
0.085355975
0.08528154
0.085037954
0.08494266
0.08486238
0.08475582
0.08453891
0.08451905
0.08440829
0.08428646
0.08412577
0.08412393
0.08407842
0.08367351
0.08360565
0.08337063
0.083324224
0.08331912
0.083228774
0.08308804
0.082876
0.08286284
0.08277326
0.08269123
0.08267032
0.0824155
0.08200555
0.081977814
0.081831664
0.081614494
0.08157304
0.08146671
0.0811527
0.08110785
0.080854885
0.08084418
0.080834895
0.0804473
0.08031417
0.07975909
0.079616584
0.079398334
0.0793884
0.07918164
0.079114564
0.079027995
0.07891885
0.0789073
0.078719534
0.078510776
0.078292
0.078152716
0.07799956
0.07791542
0.07788008
0.07787425
0.0776406
0.07761417
0.07740177
0.077169314
0.07712936
0.07700251
0.07677166
0.07664171
0.0763393
0.07618176
0.07617411
0.07607411
0.07596686
0.07585611
0.07580675
0.07569888
0.075221434
0.07489718
0.074715994
0.07470041
0.074668735
0.074637905
0.07463603
0.0745769
0.074541435
0.07451884
0.07428421
0.074199885
0.074168056
0.07414752
0.073924616
0.07384781
0.073765956
0.07371883
0.073605895
0.07360436
0.07351705
0.07349149
0.0733826
0.07306597
0.07303055
0.07302254
0.07291668
0.07290917
0.07254153
0.07243502
0.07212213
0.07194338
0.07192479
0.07185496
0.07167748
0.0716665
0.07165223
0.07160585
0.07150172
0.07132935
0.07127062
0.07106863
0.070632495
0.07051239
