[0.70223016]
[0.69302726]
[0.62202936]
[0.53792435]
[0.53261596]
[0.5241438]
[0.51368284]
[0.50946885]
[0.5045172]
[0.48253864]
[0.47033325]
[0.4703323]
[0.47016838]
[0.46967217]
[0.46249068]
[0.46065384]
[0.45995542]
[0.45952234]
[0.45025775]
[0.44971502]
[0.43397087]
[0.4333279]
[0.4333279]
[0.42502987]
[0.41778287]
[0.41741088]
[0.41627297]
[0.41543046]
[0.41428375]
[0.4058184]
[0.40152034]
[0.39736557]
[0.3967548]
[0.39263865]
[0.39153948]
[0.3906427]
[0.38378394]
[0.38378394]
[0.38293546]
[0.38239306]
[0.3811455]
[0.3798867]
[0.37805173]
[0.37461644]
[0.37434885]
[0.37324572]
[0.37261814]
[0.37230843]
[0.37092683]
[0.370465]
[0.37017536]
[0.36961195]
[0.3679603]
[0.3679603]
[0.36701527]
[0.36563888]
[0.36563888]
[0.3655302]
[0.36502495]
[0.36369684]
[0.36366102]
[0.36103794]
[0.36048383]
[0.35989362]
[0.35952264]
[0.35895112]
[0.35833332]
[0.35728082]
[0.35591158]
[0.35568348]
[0.3554114]
[0.35447264]
[0.3539101]
[0.35389668]
[0.3535009]
[0.35279268]
[0.35158944]
[0.35107023]
[0.34875754]
[0.34823257]
[0.34519333]
[0.34465438]
[0.34453467]
[0.34032193]
[0.34002125]
[0.3398899]
[0.3398899]
[0.33965844]
[0.33910236]
[0.33813056]
[0.33791572]
[0.33779255]
[0.33756545]
[0.33663383]
[0.33602363]
[0.33531255]
[0.3320623]
[0.33015764]
[0.32977614]
[0.32930866]
[0.3292951]
[0.32915956]
[0.32901517]
[0.328602]
[0.32736543]
[0.3273612]
[0.3268903]
[0.3261449]
[0.32553962]
[0.32495144]
[0.3245429]
[0.32242885]
[0.32157612]
[0.32092813]
[0.31963256]
[0.31949893]
[0.31884792]
[0.3183756]
[0.31823495]
[0.31804168]
[0.31741124]
[0.31723842]
[0.31510308]
[0.31470618]
[0.31431136]
[0.3137777]
[0.31366515]
[0.3131777]
[0.31314024]
[0.31308126]
[0.31295907]
[0.31186867]
[0.31165504]
[0.3110847]
[0.31098998]
[0.3109855]
[0.31082028]
[0.31030762]
[0.30987573]
[0.30950665]
[0.30763197]
[0.3061257]
[0.3060688]
[0.30557927]
[0.30537748]
[0.3051331]
[0.30481726]
[0.30275843]
[0.30275843]
[0.30235347]
[0.30204117]
[0.30146593]
[0.3007405]
[0.30067188]
[0.3006079]
[0.30050915]
[0.30039945]
[0.2996977]
[0.2996977]
[0.29955575]
[0.29924423]
[0.29869944]
[0.29837805]
[0.2975139]
[0.2973322]
[0.2972893]
[0.2967467]
[0.2964165]
[0.2964013]
[0.29635507]
[0.29632202]
[0.2962703]
[0.29576424]
[0.29548413]
[0.29529387]
[0.29504254]
[0.29460144]
[0.29442942]
[0.2936257]
[0.29297975]
[0.29289648]
[0.29186353]
[0.2908159]
[0.29069012]
[0.29056376]
[0.290533]
[0.2903124]
[0.289903]
[0.28966367]
[0.28958216]
[0.28934136]
[0.2891219]
[0.28903013]
[0.28864914]
[0.2885652]
[0.2876986]
[0.28730562]
[0.2872355]
[0.28545368]
[0.2851826]
[0.2846957]
[0.28460175]
[0.2843311]
[0.28424507]
[0.28413814]
[0.283625]
[0.283625]
[0.28356236]
[0.2823834]
[0.28153515]
[0.2812538]
[0.2812469]
[0.28117213]
[0.28115806]
[0.28108835]
[0.2809906]
[0.28084743]
[0.28073582]
[0.28063124]
[0.27963212]
[0.2795998]
[0.2794484]
[0.27939966]
[0.27939212]
[0.27834553]
[0.27831376]
[0.2780851]
[0.27799428]
[0.27779815]
[0.27721512]
[0.27696496]
[0.27643186]
[0.27592283]
[0.27586144]
[0.27566218]
[0.2755008]
[0.27534696]
[0.27503535]
[0.27471766]
[0.2743513]
[0.2740015]
[0.2739221]
[0.2736562]
[0.27334356]
[0.27286702]
[0.27286702]
[0.27281794]
[0.27267447]
[0.27261332]
[0.27240205]
[0.27230904]
[0.27230465]
[0.2722817]
[0.27199027]
[0.27191833]
[0.27188003]
[0.27148125]
[0.2708875]
[0.27081972]
[0.2705758]
[0.27032354]
[0.27022636]
[0.27009985]
[0.27006236]
[0.27005318]
[0.2700432]
[0.26993307]
[0.26956856]
[0.2694076]
[0.26902118]
[0.26900738]
[0.26883957]
[0.26883522]
[0.26864362]
[0.26864204]
[0.26845592]
[0.26783967]
[0.2675853]
[0.26747403]
[0.26730826]
[0.26710725]
[0.26706538]
[0.26688814]
[0.2667367]
[0.26660645]
[0.26658875]
[0.2660343]
[0.26588178]
[0.2657573]
[0.2656974]
[0.26559532]
[0.2655375]
[0.2654494]
[0.26528284]
[0.26479506]
[0.26460305]
[0.264204]
[0.26405492]
[0.26389202]
[0.26380768]
[0.2637558]
[0.26360458]
[0.2635558]
[0.26309505]
[0.26287556]
[0.26272014]
[0.26267794]
[0.26241466]
[0.26229772]
[0.26218432]
[0.26211423]
[0.26204345]
[0.26173744]
[0.2608158]
[0.2608143]
[0.26062995]
[0.26062834]
[0.26041463]
[0.26027867]
[0.26011232]
[0.26005855]
[0.25980505]
[0.25975206]
[0.25963435]
[0.25947005]
[0.25937703]
[0.25931934]
[0.25911295]
[0.25889874]
[0.25889608]
[0.25871164]
[0.2586818]
[0.2584982]
[0.25828284]
[0.25825396]
[0.25822702]
[0.25812346]
[0.25803834]
[0.25772747]
[0.2577056]
[0.25769597]
[0.25753123]
[0.25753123]
[0.25753123]
[0.25750965]
[0.25742498]
[0.2573093]
[0.25708118]
[0.2568992]
[0.25632155]
[0.25610042]
[0.2560986]
[0.25606295]
[0.25589976]
[0.25560486]
[0.25558886]
[0.2555749]
[0.2554893]
[0.25544536]
[0.25529167]
[0.2552103]
[0.2549721]
[0.25473484]
[0.25455427]
[0.25441113]
[0.25411138]
[0.25398576]
[0.25381052]
[0.25358203]
[0.25358027]
[0.25352368]
[0.25335106]
[0.25328195]
[0.25319502]
[0.2531644]
[0.2531396]
[0.2531323]
[0.25309616]
[0.25263453]
[0.2524779]
[0.25239006]
[0.25228518]
[0.2522803]
[0.252272]
[0.252207]
[0.25206423]
[0.25204778]
[0.25198793]
[0.25186378]
[0.25186166]
[0.25154862]
[0.2515409]
[0.25123903]
[0.25123903]
[0.25122067]
[0.25061938]
[0.25056866]
[0.25052056]
[0.25042224]
[0.25035948]
[0.25021812]
[0.24960051]
[0.24960051]
[0.24933857]
[0.24919531]
[0.24897015]
[0.24896128]
[0.24872279]
[0.24860491]
[0.24860491]
[0.24859378]
[0.24851397]
[0.24851397]
[0.24829274]
[0.24800548]
[0.24800548]
[0.24799126]
[0.24793966]
[0.24772449]
[0.2477101]
[0.24770333]
[0.24750048]
[0.24738343]
[0.2470811]
[0.24697915]
[0.2468845]
[0.24678344]
[0.24677408]
[0.24676533]
[0.24665113]
[0.24659756]
[0.24656126]
[0.2465301]
[0.24645191]
[0.24598676]
[0.24591191]
[0.2458276]
[0.24554883]
[0.24547961]
[0.24547513]
[0.24547513]
[0.24524853]
[0.24509561]
[0.2447891]
[0.24477072]
[0.24460782]
[0.24454804]
[0.24447964]
[0.24444638]
[0.24434787]
[0.24412782]
[0.24400094]
[0.24391249]
[0.24373862]
[0.24370413]
[0.24359375]
[0.24346851]
[0.24343702]
[0.2433697]
[0.2433443]
[0.24323148]
[0.24262273]
[0.24252976]
[0.24229921]
[0.24221112]
[0.24209774]
[0.24202216]
[0.24201445]
[0.2420075]
[0.24193722]
[0.24174325]
[0.24173309]
[0.24157067]
[0.24131043]
[0.24120998]
[0.241043]
[0.2409782]
[0.24096349]
[0.24088266]
[0.24081339]
[0.24055989]
[0.24052788]
[0.24042563]
[0.24031818]
[0.24024087]
[0.24001679]
[0.23993726]
[0.2398047]
[0.23977716]
[0.23974036]
[0.23970237]
[0.23967221]
[0.23966284]
[0.2396564]
[0.23948541]
[0.23940392]
[0.23922701]
[0.2391686]
[0.23915198]
[0.23908208]
[0.23895454]
[0.2388801]
[0.238495]
[0.23836295]
[0.2382752]
[0.23803517]
[0.23786634]
[0.23786634]
[0.2377603]
[0.23754199]
[0.23747396]
[0.23745866]
[0.23743463]
[0.23739775]
[0.23736991]
[0.2371587]
[0.2371376]
[0.23708747]
[0.23708747]
[0.23701255]
[0.23698159]
[0.23695642]
[0.23687577]
[0.23686944]
[0.23670982]
[0.23655106]
[0.23644151]
[0.23620147]
[0.23603529]
[0.23600098]
[0.23565759]
[0.2356083]
[0.23553626]
[0.23537369]
[0.23537138]
[0.23530872]
[0.23510455]
[0.23510353]
[0.23507126]
[0.23467731]
[0.2345843]
[0.23444833]
[0.23444833]
[0.23435527]
[0.23435019]
[0.23434466]
[0.23433447]
[0.23432143]
[0.2342817]
[0.23410846]
[0.23396742]
[0.23388596]
[0.2337442]
[0.2336541]
[0.23362479]
[0.23352145]
[0.2334123]
[0.2334051]
[0.23332997]
[0.23332758]
[0.23328413]
[0.23324959]
[0.23324959]
[0.23324959]
[0.23299049]
[0.23294237]
[0.2328985]
[0.23288776]
[0.23287365]
[0.2325798]
[0.232439]
[0.23240304]
[0.2323838]
[0.23235741]
[0.23234685]
[0.23230174]
[0.23221408]
[0.23198885]
[0.23193401]
[0.23193389]
[0.23192267]
[0.23192267]
[0.23192267]
[0.23182738]
[0.23165973]
[0.23165973]
[0.23147245]
[0.23137191]
[0.23128982]
[0.23125952]
[0.2311621]
[0.23082589]
[0.23080444]
[0.23075525]
[0.23058975]
[0.23056792]
[0.23053826]
[0.23044477]
[0.230202]
[0.23018171]
[0.2301261]
[0.23008293]
[0.22999859]
[0.22998577]
[0.22981344]
[0.22978647]
[0.22970279]
[0.22965625]
[0.22961773]
[0.22961162]
[0.22936808]
[0.22916868]
[0.22892323]
[0.22875029]
[0.22874051]
[0.22874051]
[0.22860123]
[0.22835007]
[0.22828694]
[0.22823977]
[0.22818242]
[0.22804996]
[0.22802536]
[0.22795616]
[0.22781734]
[0.22775201]
[0.22766593]
[0.2274559]
[0.2274207]
[0.22729258]
[0.22727334]
[0.22720414]
[0.22719882]
[0.22715756]
[0.227132]
[0.22712794]
[0.22699746]
[0.22692399]
[0.22685802]
[0.2268474]
[0.22684105]
[0.22684105]
[0.22684105]
[0.2268249]
[0.22670847]
[0.22668752]
[0.22666518]
[0.22666413]
[0.22664206]
[0.22664206]
[0.22661178]
[0.22656651]
[0.2263328]
[0.22618578]
[0.22580221]
[0.22575937]
[0.22572628]
[0.22568195]
[0.22564384]
[0.22548477]
[0.22515638]
[0.22510156]
[0.22502442]
[0.2250236]
[0.22486839]
[0.22486633]
[0.22475505]
[0.22431865]
[0.22430615]
[0.22425945]
[0.22423929]
[0.22407402]
[0.22407067]
[0.22402179]
[0.22402179]
[0.22395842]
[0.22391796]
[0.22387172]
[0.22379972]
[0.22376132]
[0.22369435]
[0.22363111]
[0.22360682]
[0.22360682]
[0.22355539]
[0.22350658]
[0.2234852]
[0.2233188]
[0.22331221]
[0.22329402]
[0.22327074]
[0.22319117]
[0.2228973]
[0.22281484]
[0.22278278]
[0.22272]
[0.22261214]
[0.2225983]
[0.22248207]
[0.222437]
[0.22243676]
[0.22239341]
[0.22229774]
[0.22226912]
[0.22223668]
[0.22220157]
[0.22219138]
[0.22211598]
[0.22208507]
[0.22189464]
[0.2218735]
[0.22180822]
[0.22175306]
[0.22174819]
[0.22166903]
[0.2216477]
[0.22157022]
[0.22150128]
[0.2213609]
[0.22130227]
[0.22123556]
[0.22114727]
[0.22108899]
[0.22101575]
[0.22097361]
[0.2209417]
[0.22092682]
[0.22092088]
[0.22092088]
[0.22091222]
[0.22087811]
[0.22083655]
[0.22073068]
[0.22067821]
[0.2206747]
[0.22060367]
[0.22057253]
[0.22053431]
[0.2204912]
[0.22045277]
[0.22036535]
[0.22030088]
[0.22028913]
[0.22019891]
[0.22010788]
[0.21995738]
[0.21990572]
[0.2198814]
[0.2198062]
[0.21980251]
[0.21972202]
[0.21966745]
[0.21964338]
[0.21961583]
[0.21958898]
[0.21946964]
[0.21932437]
[0.21928513]
[0.2192424]
[0.21909405]
[0.21908031]
[0.2189014]
[0.21889834]
[0.21878953]
[0.21870461]
[0.21867235]
[0.21862167]
[0.21856068]
[0.21854176]
[0.21852563]
[0.21849748]
[0.21848851]
[0.21834993]
[0.21830125]
[0.21824718]
[0.21807617]
[0.21807617]
[0.21805166]
[0.21802628]
[0.21802472]
[0.21802472]
[0.21801549]
[0.2179819]
[0.21784136]
[0.217836]
[0.21783105]
[0.21779682]
[0.21773392]
[0.21771063]
[0.21760811]
[0.21754393]
[0.21750276]
[0.21749793]
[0.21744376]
[0.21724068]
[0.21716702]
[0.21711138]
[0.21707104]
[0.21699189]
[0.2169619]
[0.21695265]
[0.21681821]
[0.21681821]
[0.21681505]
[0.216719]
[0.21662529]
[0.21658146]
[0.21654294]
[0.21652241]
[0.21631548]
[0.21619155]
[0.21611781]
[0.21608482]
[0.21600296]
[0.21600296]
[0.2159357]
[0.21585843]
[0.2158289]
[0.21572651]
[0.21572495]
[0.2156502]
[0.21546555]
[0.2153876]
[0.21538717]
[0.21530159]
[0.21527067]
[0.21516496]
[0.21514472]
[0.21499425]
[0.21498762]
[0.21496987]
[0.21494928]
[0.21494287]
[0.21481629]
[0.21477199]
[0.21471444]
[0.2147056]
[0.2146908]
[0.21468353]
[0.21465808]
[0.21463445]
[0.21462315]
[0.21456587]
[0.21452898]
[0.21449275]
[0.21445973]
[0.21439865]
[0.21435693]
[0.21434198]
[0.21431156]
[0.21422277]
[0.21415207]
[0.21415207]
[0.21404575]
[0.21396868]
[0.21390395]
[0.21389218]
[0.2138253]
[0.21364719]
[0.21355496]
[0.21341722]
[0.21338715]
[0.21329658]
[0.21329658]
[0.2132411]
[0.21322747]
[0.21309334]
[0.21303973]
[0.21299244]
[0.21292816]
[0.21291585]
[0.2128715]
[0.21282269]
[0.21270745]
[0.21268561]
[0.21263713]
[0.21237995]
[0.21226564]
[0.21222906]
[0.21222752]
[0.21219629]
[0.21218592]
[0.21215133]
[0.21208698]
[0.2120377]
[0.2119987]
[0.2119437]
[0.21193402]
[0.2117681]
[0.21169688]
[0.21169408]
[0.21168242]
[0.2116541]
[0.21163556]
[0.21161081]
[0.21161081]
[0.21150509]
[0.21144262]
[0.21133956]
[0.21130995]
[0.21126172]
[0.21122666]
[0.21121831]
[0.21113501]
[0.2111083]
[0.21110539]
[0.2110526]
[0.21098015]
[0.21098012]
[0.21093872]
[0.21092908]
[0.21081312]
[0.21067728]
[0.2106722]
[0.21045563]
[0.21038254]
[0.21031295]
[0.21030767]
[0.21030767]
[0.21029177]
[0.21012676]
[0.21012065]
[0.21008039]
[0.20996876]
[0.2099049]
[0.20986572]
[0.20977052]
[0.20976862]
[0.20969272]
[0.20966949]
[0.2096461]
[0.20945476]
[0.20942318]
[0.20942318]
[0.20929648]
[0.20926411]
[0.20926099]
[0.20919326]
[0.20915549]
[0.20915087]
[0.20914534]
[0.20911404]
[0.20906547]
[0.20894709]
[0.20890045]
[0.20885466]
[0.20882723]
[0.20882723]
[0.2088255]
[0.20878029]
[0.20871745]
[0.20857562]
[0.20849866]
[0.20843126]
[0.20833029]
[0.20827197]
[0.20814973]
[0.20807816]
[0.20804101]
[0.20800193]
[0.20797326]
[0.20796691]
[0.20796521]
[0.20794645]
[0.20782164]
[0.2077489]
[0.20764376]
[0.2076287]
[0.20747858]
[0.20747526]
[0.20745592]
[0.20743151]
[0.20742887]
[0.20741476]
[0.2074085]
[0.20736758]
[0.20731282]
[0.20727909]
[0.20726185]
[0.20724446]
[0.20714675]
[0.20713454]
[0.20706025]
[0.20705901]
[0.20692131]
[0.20692131]
[0.20687473]
[0.20681757]
[0.2067161]
[0.20665711]
[0.20659651]
[0.20645224]
[0.20643127]
[0.20640518]
[0.20634793]
[0.20630737]
[0.20626473]
[0.20619816]
[0.20617518]
[0.20614259]
[0.20612831]
[0.20606172]
[0.20600879]
[0.20599651]
[0.20592462]
[0.20578426]
[0.20576711]
[0.20567277]
[0.20555025]
[0.20553374]
[0.20548987]
[0.20548524]
[0.20544094]
[0.2054032]
[0.20538262]
[0.2051579]
[0.20512255]
[0.20500524]
[0.20495303]
[0.20494351]
[0.20491895]
[0.20488392]
[0.20483048]
[0.20480338]
[0.20478296]
[0.20477876]
[0.2047561]
[0.20470388]
[0.20468199]
[0.20464714]
[0.20463187]
[0.2046252]
[0.20459087]
[0.20455894]
[0.20455894]
[0.2045385]
[0.20449263]
[0.20441577]
[0.20436996]
[0.20432578]
[0.20424177]
[0.20423529]
[0.20420215]
[0.20411]
[0.20404948]
[0.20404309]
[0.20402692]
[0.20402546]
[0.20402546]
[0.20400661]
[0.20400316]
[0.20392266]
[0.20391706]
[0.2039014]
[0.2038168]
[0.2038168]
[0.20372668]
[0.20361376]
[0.20360374]
[0.2035364]
[0.20351167]
[0.20346028]
[0.20340268]
[0.20339593]
[0.20337065]
[0.20325735]
[0.20324048]
[0.20323685]
[0.20317069]
[0.20313516]
[0.20312439]
[0.20309204]
[0.20302378]
[0.20299658]
[0.20298852]
[0.20297426]
[0.20294657]
[0.20294657]
[0.20287202]
[0.20276783]
[0.20275593]
[0.20273356]
[0.20269911]
[0.20266867]
[0.20265222]
[0.20259649]
[0.20254369]
[0.20251732]
[0.20242304]
[0.20234619]
[0.20231223]
[0.2022981]
[0.20227578]
[0.20219477]
[0.20218174]
[0.20214784]
[0.20209973]
[0.20206355]
[0.20201711]
[0.20199406]
[0.20199336]
[0.20198822]
[0.20195828]
[0.20190768]
[0.20187649]
[0.20186853]
[0.2018381]
[0.20183247]
[0.20175907]
[0.20174651]
[0.20174651]
[0.20174651]
[0.20164028]
[0.20144421]
[0.20135184]
[0.20129429]
[0.20126998]
[0.2012594]
[0.20123234]
[0.20118333]
[0.20118333]
[0.20118333]
[0.20116988]
[0.20116545]
[0.20114595]
[0.20114595]
[0.20114265]
[0.20106891]
[0.20103054]
[0.20085196]
[0.20080107]
[0.20069343]
[0.20067461]
[0.20058167]
[0.20058043]
[0.20058043]
[0.20055228]
[0.20055018]
[0.20054628]
[0.20054327]
[0.20050134]
[0.20050058]
[0.20048973]
[0.20048457]
[0.20048131]
[0.20046397]
[0.20045517]
[0.20040333]
[0.20038518]
[0.20038518]
[0.20030649]
[0.20029385]
[0.20024623]
[0.20020638]
[0.20012444]
[0.20012093]
[0.20008448]
[0.20008448]
[0.20008448]
[0.20006798]
[0.199951]
[0.19992432]
[0.19984189]
[0.19983056]
[0.19979489]
[0.19978322]
[0.19974275]
[0.19974275]
[0.199722]
[0.19968288]
[0.19967416]
[0.19963336]
[0.19963062]
[0.19960254]
[0.19960254]
[0.19957983]
[0.1995378]
[0.1993774]
[0.19936785]
[0.19930331]
[0.19929966]
[0.19915071]
[0.19906014]
[0.19895755]
[0.19889188]
[0.19886838]
[0.19884855]
[0.19875373]
[0.19869104]
[0.19868346]
[0.19864273]
[0.19862367]
[0.19841269]
[0.19836774]
[0.19836582]
[0.19830574]
[0.19826435]
[0.19826129]
[0.1982418]
[0.19822516]
[0.19817185]
[0.19811037]
[0.19806293]
[0.1980402]
[0.19797581]
[0.19795309]
[0.19794485]
[0.19786192]
[0.1978424]
[0.19782646]
[0.19768503]
[0.19763462]
[0.19763462]
[0.1975864]
[0.19750763]
[0.19750722]
[0.19731215]
[0.19728135]
[0.19722149]
[0.19720349]
[0.19710961]
[0.1971062]
[0.1970793]
[0.19705006]
[0.19703253]
[0.1969553]
[0.19693093]
[0.19692965]
[0.19687554]
[0.19679631]
[0.19677374]
[0.19676006]
[0.19669434]
[0.1966805]
[0.19667037]
[0.1965566]
[0.19653934]
[0.19652836]
[0.19650728]
[0.19644897]
[0.19637983]
[0.19634907]
[0.19625902]
[0.19619092]
[0.19617343]
[0.19617343]
[0.19616723]
[0.19616102]
[0.19616102]
[0.19611652]
[0.1960692]
[0.19604962]
[0.19602934]
[0.19593653]
[0.19584025]
[0.1957852]
[0.19573367]
[0.19572958]
[0.19568674]
[0.19564821]
[0.19556952]
[0.19556415]
[0.19556157]
[0.19536225]
[0.1953133]
[0.19529442]
[0.19526991]
[0.19520614]
[0.19518833]
[0.19518733]
[0.19514339]
[0.19514339]
[0.19501293]
[0.19499762]
[0.19499762]
[0.19494541]
[0.19493961]
[0.19488177]
[0.19485289]
[0.19468968]
[0.19468968]
[0.19466415]
[0.19460997]
[0.19453561]
[0.19449142]
[0.19448215]
[0.19448215]
[0.1944783]
[0.1944662]
[0.19441766]
[0.19441473]
[0.19436479]
[0.19436479]
[0.19433048]
[0.19433048]
[0.19433048]
[0.19430551]
[0.1943028]
[0.19426946]
[0.1942515]
[0.1942515]
[0.19416726]
[0.19415185]
[0.19414425]
[0.19410941]
[0.19410624]
[0.19410008]
[0.19396311]
[0.19384615]
[0.19372793]
[0.19369014]
[0.19366258]
[0.19360735]
[0.19356665]
[0.19356002]
[0.19352527]
[0.1935127]
[0.1935127]
[0.19349182]
[0.19343601]
[0.1933648]
[0.19328354]
[0.19325727]
[0.19319937]
[0.19317223]
[0.19314511]
[0.1931406]
[0.19311494]
[0.19306917]
[0.19297184]
[0.1929299]
[0.19288293]
[0.19270223]
[0.19268993]
[0.19266579]
[0.19266462]
[0.19257323]
[0.1925639]
[0.19251963]
[0.19251782]
[0.1924907]
[0.19247067]
[0.19244881]
[0.19233458]
[0.19232693]
[0.1923229]
[0.19228083]
[0.19224082]
[0.19223925]
[0.19223614]
[0.19223614]
[0.19206804]
[0.19205806]
[0.19204822]
[0.1920368]
[0.1920368]
[0.1920368]
[0.19202477]
[0.19200872]
[0.19196448]
[0.19187507]
[0.1918693]
[0.19182749]
[0.19182245]
[0.19179855]
[0.19175725]
[0.19167086]
[0.19166118]
[0.1915651]
[0.19155203]
[0.19152215]
[0.19150755]
[0.19149798]
[0.19145848]
[0.19136983]
[0.19135882]
[0.19135882]
[0.19130832]
[0.19128735]
[0.19124207]
[0.19121051]
[0.19114543]
[0.19113414]
[0.19103204]
[0.1910253]
[0.1910137]
[0.19099593]
[0.19098894]
[0.19090801]
[0.19089745]
[0.19088234]
[0.19088133]
[0.19075428]
[0.19071943]
[0.19071943]
[0.19071855]
[0.19062787]
[0.19060051]
[0.19055898]
[0.19055898]
[0.1905438]
[0.19044247]
[0.1904354]
[0.19027457]
[0.1902289]
[0.19022876]
[0.19021763]
[0.19017254]
[0.19015102]
[0.1901439]
[0.19011892]
[0.19010049]
[0.19005962]
[0.1900125]
[0.19000816]
[0.18999727]
[0.18991211]
[0.1899003]
[0.18988362]
[0.1898542]
[0.18984379]
[0.18982325]
[0.18976173]
[0.18975902]
[0.1897452]
[0.18972366]
[0.18966232]
[0.18961903]
[0.18952832]
[0.18947828]
[0.18937826]
[0.18920085]
[0.18920085]
[0.18919419]
[0.18914425]
[0.18914425]
[0.1891255]
[0.18911181]
[0.1890527]
[0.18903403]
[0.18901625]
[0.18901005]
[0.18897903]
[0.18891297]
[0.18890515]
[0.18890193]
[0.18887718]
[0.18884869]
[0.188834]
[0.18878992]
[0.18873334]
[0.18871363]
[0.1886933]
[0.18867724]
[0.1886758]
[0.18866055]
[0.188638]
[0.1886131]
[0.18855093]
[0.18848187]
[0.1884527]
[0.18839392]
[0.18834653]
[0.18829238]
[0.18822733]
[0.18811738]
[0.18799326]
[0.187985]
[0.18794464]
[0.18790855]
[0.18787697]
[0.18783788]
[0.18781596]
[0.18781218]
[0.18775018]
[0.18772997]
[0.18772466]
[0.187522]
[0.18749668]
[0.18747012]
[0.18745796]
[0.18742636]
[0.18737575]
[0.18736868]
[0.18734762]
[0.18732664]
[0.18726674]
[0.18722427]
[0.18716018]
[0.18716018]
[0.18714602]
[0.1871078]
[0.18709888]
[0.18703006]
[0.18698558]
[0.18696503]
[0.18690515]
[0.18690297]
[0.18689334]
[0.18678373]
[0.18675041]
[0.18672737]
[0.18661697]
[0.18660213]
[0.18658815]
[0.18657824]
[0.18655662]
[0.18652211]
[0.1865115]
[0.18644507]
[0.18643732]
[0.18642959]
[0.18628746]
[0.18628746]
[0.18623793]
[0.18623532]
[0.18622214]
[0.18619017]
[0.18609343]
[0.18608488]
[0.18608305]
[0.18604764]
[0.18604729]
[0.18604729]
[0.18604241]
[0.1860348]
[0.18597646]
[0.18595596]
[0.18590985]
[0.18588062]
[0.18586792]
[0.18581077]
[0.18580894]
[0.18573482]
[0.18573223]
[0.18571463]
[0.18570584]
[0.1856733]
[0.18566294]
[0.18563612]
[0.18552715]
[0.18552467]
[0.18550849]
[0.18547659]
[0.1854765]
[0.18546511]
[0.18544175]
[0.18541147]
[0.18535201]
[0.18521622]
[0.18521601]
[0.18519874]
[0.1850967]
[0.18508768]
[0.18506005]
[0.18505515]
[0.18504992]
[0.18492925]
[0.18492289]
[0.18489075]
[0.18482059]
[0.18482059]
[0.1847689]
[0.18475907]
[0.18472059]
[0.18471943]
[0.18467857]
[0.18466935]
[0.18466802]
[0.18463974]
[0.18453483]
[0.1845226]
[0.18444653]
[0.1843539]
[0.18434085]
[0.18433827]
[0.18432136]
[0.1843021]
[0.18428229]
[0.18424216]
[0.18423025]
[0.18412985]
[0.1840854]
[0.18407243]
[0.18402489]
[0.18400495]
[0.18397047]
[0.18394208]
[0.18393804]
[0.18391855]
[0.18391855]
[0.18387255]
[0.18387255]
[0.18385093]
[0.1838493]
[0.18381658]
[0.18381658]
[0.18379855]
[0.18370076]
[0.1836344]
[0.18363416]
[0.18360984]
[0.18357733]
[0.18353982]
[0.18349198]
[0.18344155]
[0.18335028]
[0.18334371]
[0.18328446]
[0.18327121]
[0.18320578]
[0.18319105]
[0.18318462]
[0.18313332]
[0.18307954]
[0.1830757]
[0.18299687]
[0.18295425]
[0.18288665]
[0.18287839]
[0.18286958]
[0.18286556]
[0.1828647]
[0.18283314]
[0.18282358]
[0.18272708]
[0.1827251]
[0.18265033]
[0.182622]
[0.18258642]
[0.18253312]
[0.18247701]
[0.18247506]
[0.18243687]
[0.18243025]
[0.18237543]
[0.18234684]
[0.182298]
[0.18229762]
[0.18226978]
[0.18226978]
[0.18219809]
[0.18217121]
[0.18216254]
[0.1821593]
[0.18214364]
[0.18213166]
[0.18211718]
[0.18211065]
[0.1820893]
[0.18208033]
[0.18202636]
[0.18199109]
[0.18198645]
[0.18197201]
[0.18196929]
[0.18196549]
[0.18196005]
[0.18194725]
[0.18190458]
[0.18190306]
[0.18183127]
[0.18181545]
[0.1818143]
[0.1817669]
[0.18173973]
[0.18173973]
[0.18173973]
[0.18173973]
[0.18172048]
[0.18167858]
[0.18166476]
[0.18164669]
[0.18156737]
[0.18152438]
[0.18150273]
[0.1814483]
[0.18143852]
[0.1814194]
[0.18141916]
[0.18141212]
[0.18140347]
[0.18139791]
[0.18139756]
[0.18139307]
[0.18139239]
[0.18137577]
[0.18135536]
[0.18135037]
[0.18132801]
[0.18132658]
[0.18130694]
[0.1812263]
[0.18122599]
[0.18119913]
[0.18119532]
[0.18113986]
[0.18111977]
[0.18105017]
[0.18105017]
[0.18103823]
[0.18099633]
[0.18099052]
[0.18091148]
[0.18088885]
[0.18084496]
[0.18083304]
[0.18082194]
[0.18066625]
[0.18061402]
[0.18059237]
[0.18056001]
[0.18053924]
[0.18050037]
[0.18050022]
[0.18049401]
[0.18049401]
[0.18049401]
[0.1804555]
[0.1804555]
[0.18040055]
[0.18035088]
[0.180331]
[0.1803119]
[0.18029861]
[0.18025686]
[0.18021023]
[0.1801719]
[0.18013762]
[0.18011613]
[0.18010122]
[0.18006867]
[0.17995058]
[0.17994723]
[0.17994335]
[0.17991856]
[0.17987128]
[0.17986186]
[0.1798541]
[0.17978781]
[0.17978781]
[0.17976108]
[0.17975229]
[0.17973842]
[0.17970148]
[0.17970112]
[0.1796903]
[0.17964357]
[0.17963791]
[0.17961928]
[0.17961928]
[0.17956302]
[0.17952406]
[0.17950784]
[0.17945053]
[0.179416]
[0.17941044]
[0.1793985]
[0.17939247]
[0.17934886]
[0.17933886]
[0.17930411]
[0.17924918]
[0.17923905]
[0.1792334]
[0.17921895]
[0.17921193]
[0.17912301]
[0.17909552]
[0.17900848]
[0.17900553]
[0.17894451]
[0.17891864]
[0.17889357]
[0.17888018]
[0.17884399]
[0.1788209]
[0.17880803]
[0.17878714]
[0.17877568]
[0.17873918]
[0.17873737]
[0.1787333]
[0.1786317]
[0.17861731]
[0.17856821]
[0.17854604]
[0.1784753]
[0.17847392]
[0.17843162]
[0.17842299]
[0.17842299]
[0.17842299]
[0.17839782]
[0.1783174]
[0.17828183]
[0.17825165]
[0.17819282]
[0.17817341]
[0.17817062]
[0.17816441]
[0.17816262]
[0.17809425]
[0.17809089]
[0.17809089]
[0.17806406]
[0.1780482]
[0.17804718]
[0.17801218]
[0.17799106]
[0.17799106]
[0.17789981]
[0.17788212]
[0.17786926]
[0.17783391]
[0.17778225]
[0.17771158]
[0.1776646]
[0.17761412]
[0.17760187]
[0.17752331]
[0.17751956]
[0.17748205]
[0.17747806]
[0.17743962]
[0.17743962]
[0.17743276]
[0.17743234]
[0.17740613]
[0.17733334]
[0.17729974]
[0.17726462]
[0.1772563]
[0.17720398]
[0.1771955]
[0.17718701]
[0.17712659]
[0.17711945]
[0.17709617]
[0.17708509]
[0.17700863]
[0.17699093]
[0.17697494]
[0.17695987]
[0.17693014]
[0.17688648]
[0.17687787]
[0.17681696]
[0.17679308]
[0.17675357]
[0.17673986]
[0.1767107]
[0.17669092]
[0.17669092]
[0.17663206]
[0.17661904]
[0.17659685]
[0.17656495]
[0.17656457]
[0.17655604]
[0.17649397]
[0.17643282]
[0.17642963]
[0.17639884]
[0.17638005]
[0.17637008]
[0.17637008]
[0.17636514]
[0.17627774]
[0.1762328]
[0.17614894]
[0.17609502]
[0.17604248]
[0.17599411]
[0.17597984]
[0.17597966]
[0.17590441]
[0.17588945]
[0.17586197]
[0.17585772]
[0.17585482]
[0.1758528]
[0.17580277]
[0.17576744]
[0.17572738]
[0.1757196]
[0.17569931]
[0.17567126]
[0.17559908]
[0.17559145]
[0.17546245]
[0.17543185]
[0.17542963]
[0.17541578]
[0.17533794]
[0.17520924]
[0.1751856]
[0.17518216]
[0.17513558]
[0.17511144]
[0.17510632]
[0.17505105]
[0.17503853]
[0.175017]
[0.17498623]
[0.17495464]
[0.17491506]
[0.17489319]
[0.17488237]
[0.17485794]
[0.1748401]
[0.17482403]
[0.17480588]
[0.17479108]
[0.17477266]
[0.17475295]
[0.17474371]
[0.17471002]
[0.17463647]
[0.17462069]
[0.17461711]
[0.17460601]
[0.17459385]
[0.17459385]
[0.17457962]
[0.17452596]
[0.17451353]
[0.17448537]
[0.17447987]
[0.17447874]
[0.17437428]
[0.17437176]
[0.17435636]
[0.1743508]
[0.1743286]
[0.1743286]
[0.17431241]
[0.17427503]
[0.17422992]
[0.17422713]
[0.1742093]
[0.17417595]
[0.17417106]
[0.17414935]
[0.17412953]
[0.17412706]
[0.174127]
[0.17410433]
[0.17409971]
[0.17406891]
[0.1740513]
[0.17404534]
[0.17404239]
[0.17401373]
[0.17397763]
[0.17395864]
[0.17394023]
[0.17390226]
[0.17386349]
[0.17384894]
[0.173848]
[0.17378543]
[0.17378543]
[0.17374134]
[0.17373997]
[0.17371984]
[0.17367275]
[0.17359038]
[0.17357807]
[0.17355877]
[0.17351611]
[0.173516]
[0.17350374]
[0.17346993]
[0.17346933]
[0.17346476]
[0.17344624]
[0.1733951]
[0.17339168]
[0.17334695]
[0.17331311]
[0.17328092]
[0.17324002]
[0.17320406]
[0.1731775]
[0.1731606]
[0.17314886]
[0.17308606]
[0.1730107]
[0.17298664]
[0.17298222]
[0.17293276]
[0.17292199]
[0.1729029]
[0.1729029]
[0.17287712]
[0.17285502]
[0.17283836]
[0.17280124]
[0.17279872]
[0.17278114]
[0.17275804]
[0.1727482]
[0.17273273]
[0.17271551]
[0.17270261]
[0.17266396]
[0.1726441]
[0.17263803]
[0.17260061]
[0.17256619]
[0.17255318]
[0.17245238]
[0.17244983]
[0.17236954]
[0.17233525]
[0.17233342]
[0.17227004]
[0.17221192]
[0.17220186]
[0.17218602]
[0.17218062]
[0.17214708]
[0.17213757]
[0.17213757]
[0.17210732]
[0.17203097]
[0.17196779]
[0.17196283]
[0.17195834]
[0.17193305]
[0.17190583]
[0.1718554]
[0.17179006]
[0.17175055]
[0.17175055]
[0.17175055]
[0.17175055]
[0.17168663]
[0.17167991]
[0.17164929]
[0.17161703]
[0.17155074]
[0.1715338]
[0.17151046]
[0.17144057]
[0.17140648]
[0.17140648]
[0.1714036]
[0.17135048]
[0.17135048]
[0.17133605]
[0.17133571]
[0.17132688]
[0.17130092]
[0.17130092]
[0.1712972]
[0.17123926]
[0.1712262]
[0.17120029]
[0.17115624]
[0.1711556]
[0.17114542]
[0.17113549]
[0.17103422]
[0.17102239]
[0.17100751]
[0.17099546]
[0.17098281]
[0.17084645]
[0.17084394]
[0.17081666]
[0.1707963]
[0.1707963]
[0.17073266]
[0.17072321]
[0.17060538]
[0.17056221]
[0.17056139]
[0.17052172]
[0.17049494]
[0.17046839]
[0.17046084]
[0.17045982]
[0.1704139]
[0.17040347]
[0.17037892]
[0.1703704]
[0.17032892]
[0.17032892]
[0.1703071]
[0.17030473]
[0.17030473]
[0.17028566]
[0.1702706]
[0.17024006]
[0.17014752]
[0.17011352]
[0.17010622]
[0.1700589]
[0.16999212]
[0.16996393]
[0.16996346]
[0.16994299]
[0.16994156]
[0.16991702]
[0.1699118]
[0.16987939]
[0.16987763]
[0.16981593]
[0.16975893]
[0.1697561]
[0.16975576]
[0.16974077]
[0.16969405]
[0.16968037]
[0.16967735]
[0.16965532]
[0.16965522]
[0.16963476]
[0.16961955]
[0.16954984]
[0.16954535]
[0.16953059]
[0.16949283]
[0.16945083]
[0.16942786]
[0.16942276]
[0.1694198]
[0.16939534]
[0.16935755]
[0.16935118]
[0.16934991]
[0.16930154]
[0.16929899]
[0.16929728]
[0.16921763]
[0.16918576]
[0.16915227]
[0.16912758]
[0.16907573]
[0.16907573]
[0.16906187]
[0.16904345]
[0.16902854]
[0.16902322]
[0.16900079]
[0.16898394]
[0.16897613]
[0.16896027]
[0.16891776]
[0.168843]
[0.16883771]
[0.16881245]
[0.16876036]
[0.16868971]
[0.16868968]
[0.16867243]
[0.16866398]
[0.16863108]
[0.16862723]
[0.16860943]
[0.16859382]
[0.16858011]
[0.16857843]
[0.1685334]
[0.16852063]
[0.16843854]
[0.16839142]
[0.1683777]
[0.1683519]
[0.16829492]
[0.1682809]
[0.16822165]
[0.16820498]
[0.16820237]
[0.16815701]
[0.16814]
[0.16811876]
[0.16811876]
[0.16809018]
[0.1680708]
[0.16805232]
[0.16803445]
[0.16801645]
[0.16798268]
[0.16797048]
[0.16794994]
[0.16792186]
[0.16791962]
[0.16787836]
[0.16783786]
[0.16782081]
[0.16780873]
[0.16773124]
[0.16773124]
[0.16772076]
[0.16771328]
[0.16764638]
[0.16759841]
[0.16753498]
[0.1675309]
[0.16752744]
[0.1675181]
[0.16741954]
[0.16741285]
[0.16739133]
[0.16738258]
[0.167367]
[0.16735102]
[0.16734111]
[0.16726665]
[0.16726665]
[0.16719122]
[0.16711321]
[0.16711321]
[0.16710316]
[0.16704643]
[0.166981]
[0.16698015]
[0.16697456]
[0.16697161]
[0.1669634]
[0.16694732]
[0.16691752]
[0.16687071]
[0.16676655]
[0.16676609]
[0.16659506]
[0.16658744]
[0.16658744]
[0.16657893]
[0.1665779]
[0.16656108]
[0.16655335]
[0.16655153]
[0.16655153]
[0.16654848]
[0.16647188]
[0.16639468]
[0.1663492]
[0.16632836]
[0.16631262]
[0.16630034]
[0.1662898]
[0.1662361]
[0.16619371]
[0.16619235]
[0.16618393]
[0.16617376]
[0.16613233]
[0.16613233]
[0.16612728]
[0.16611682]
[0.1661093]
[0.16610584]
[0.16609877]
[0.16609481]
[0.16607903]
[0.16606946]
[0.16606034]
[0.16598234]
[0.16597655]
[0.16595699]
[0.16593924]
[0.16592792]
[0.1658787]
[0.16583951]
[0.16583951]
[0.165837]
[0.1658089]
[0.16573636]
[0.16568257]
[0.16567414]
[0.1656482]
[0.16555573]
[0.16555573]
[0.16546564]
[0.16544937]
[0.1654285]
[0.16534942]
[0.16534412]
[0.16533388]
[0.16531855]
[0.16525057]
[0.16523431]
[0.16523297]
[0.16520496]
[0.16516659]
[0.16515075]
[0.16515075]
[0.16515075]
[0.1651126]
[0.16506523]
[0.16505057]
[0.16502652]
[0.16499646]
[0.16499]
[0.16497916]
[0.16497049]
[0.1648945]
[0.1648677]
[0.1648234]
[0.16481388]
[0.16479793]
[0.16476636]
[0.16474406]
[0.16473618]
[0.16472483]
[0.16464496]
[0.16463766]
[0.16462028]
[0.16457772]
[0.16452253]
[0.16449198]
[0.16446292]
[0.16441946]
[0.1643968]
[0.16438866]
[0.16437995]
[0.16437045]
[0.16435225]
[0.16434616]
[0.16434176]
[0.16431493]
[0.16431342]
[0.1642757]
[0.1642364]
[0.16423322]
[0.16421905]
[0.16418462]
[0.16418462]
[0.16418462]
[0.16416608]
[0.16414306]
[0.16412401]
[0.16408902]
[0.16407855]
[0.16404985]
[0.1640488]
[0.1640488]
[0.16402337]
[0.16396447]
[0.16395754]
[0.16394493]
[0.16387454]
[0.16387308]
[0.1637879]
[0.16376285]
[0.16374391]
[0.16374268]
[0.1637415]
[0.16365708]
[0.16365625]
[0.16363913]
[0.16361657]
[0.16361505]
[0.16358116]
[0.16357487]
[0.16355653]
[0.16355395]
[0.1635185]
[0.16351284]
[0.16351265]
[0.16350853]
[0.163489]
[0.16344349]
[0.1634298]
[0.16341965]
[0.16340832]
[0.16340786]
[0.16340649]
[0.16337682]
[0.16335389]
[0.16332857]
[0.16332613]
[0.1632771]
[0.16326046]
[0.1632562]
[0.16325474]
[0.16323498]
[0.16320516]
[0.16319337]
[0.16317958]
[0.1631668]
[0.1631382]
[0.163109]
[0.16310823]
[0.163104]
[0.16305017]
[0.16303071]
[0.16298263]
[0.16294728]
[0.16293879]
[0.1629324]
[0.16292202]
[0.16274683]
[0.1627354]
[0.16273528]
[0.16272917]
[0.16271581]
[0.16271497]
[0.16271365]
[0.16261835]
[0.16259089]
[0.16257772]
[0.16254058]
[0.16253409]
[0.16251801]
[0.16251262]
[0.16243766]
[0.16243565]
[0.1623967]
[0.1623614]
[0.16235873]
[0.16235724]
[0.16234641]
[0.16226576]
[0.16216525]
[0.16216084]
[0.16208972]
[0.16205993]
[0.16204906]
[0.16204783]
[0.16203329]
[0.16203102]
[0.16201678]
[0.16200562]
[0.16199978]
[0.16197678]
[0.16195989]
[0.16192076]
[0.16185026]
[0.16182037]
[0.16176468]
[0.16173233]
[0.16172028]
[0.16171932]
[0.16171458]
[0.16170314]
[0.16169855]
[0.16166843]
[0.1616464]
[0.16156709]
[0.16156709]
[0.16156709]
[0.16156709]
[0.16154543]
[0.16152185]
[0.16132924]
[0.16131568]
[0.16130643]
[0.16125377]
[0.16121472]
[0.16119954]
[0.16116066]
[0.16114725]
[0.16114254]
[0.1611301]
[0.16110833]
[0.16109145]
[0.16108197]
[0.16103087]
[0.1610245]
[0.16099726]
[0.16096789]
[0.16094483]
[0.16092512]
[0.16092151]
[0.16089828]
[0.16087665]
[0.16086501]
[0.16086441]
[0.16083969]
[0.16083707]
[0.16083366]
[0.16079591]
[0.16079314]
[0.16079314]
[0.16076191]
[0.16074611]
[0.1606907]
[0.16068183]
[0.16065791]
[0.16065045]
[0.16061555]
[0.16055068]
[0.16049536]
[0.16049016]
[0.16047075]
[0.16046]
[0.16045438]
[0.16044384]
[0.16042775]
[0.16041204]
[0.16040845]
[0.16038594]
[0.16037673]
[0.16037053]
[0.16036698]
[0.16036132]
[0.16035676]
[0.16033159]
[0.16031317]
[0.16031031]
[0.16028965]
[0.16025102]
[0.16023567]
[0.16022334]
[0.16011211]
[0.16008653]
[0.1600755]
[0.16004767]
[0.16003223]
[0.16002607]
[0.16001794]
[0.16001345]
[0.15992738]
[0.1599084]
[0.1598862]
[0.15985207]
[0.1598486]
[0.15978996]
[0.15977992]
[0.15973024]
[0.15968442]
[0.15965986]
[0.15965784]
[0.15962215]
[0.1595855]
[0.15955655]
[0.15953271]
[0.15950266]
[0.15946296]
[0.15946296]
[0.15940839]
[0.15935878]
[0.15935862]
[0.15935849]
[0.15933946]
[0.15930784]
[0.15930338]
[0.15929978]
[0.15921687]
[0.15915841]
[0.15912396]
[0.15899085]
[0.15898001]
[0.1589786]
[0.15891565]
[0.15889128]
[0.15886858]
[0.15885125]
[0.15884979]
[0.15881838]
[0.15881605]
[0.15881006]
[0.15881006]
[0.15875714]
[0.15873599]
[0.15873599]
[0.15872246]
[0.15869573]
[0.1586368]
[0.158621]
[0.15858652]
[0.15857229]
[0.15856074]
[0.15855712]
[0.15852821]
[0.15851167]
[0.1585069]
[0.15849224]
[0.15846807]
[0.15846375]
[0.15846111]
[0.15845466]
[0.15840863]
[0.15840854]
[0.15839677]
[0.15834278]
[0.15832923]
[0.15827873]
[0.15825069]
[0.15823922]
[0.15816309]
[0.15814455]
[0.15811329]
[0.15804233]
[0.15799384]
[0.15797652]
[0.1579717]
[0.15793301]
[0.15791272]
[0.15780883]
[0.15778118]
[0.15777305]
[0.15777305]
[0.15777305]
[0.15776788]
[0.15775445]
[0.15772961]
[0.15771976]
[0.15767223]
[0.15767163]
[0.15766364]
[0.15763322]
[0.15761384]
[0.15754928]
[0.15754738]
[0.15753195]
[0.15751986]
[0.15751657]
[0.15751018]
[0.15750259]
[0.15746772]
[0.15746772]
[0.1574427]
[0.15743473]
[0.15742041]
[0.1573727]
[0.15734977]
[0.15730248]
[0.15729907]
[0.15724832]
[0.15721901]
[0.15721726]
[0.15712239]
[0.15712239]
[0.15709358]
[0.15709208]
[0.15704016]
[0.15703006]
[0.1570173]
[0.1569342]
[0.15691409]
[0.15689701]
[0.15689485]
[0.15688115]
[0.15687971]
[0.15687443]
[0.15686847]
[0.15684545]
[0.15684108]
[0.15683293]
[0.15681522]
[0.15677924]
[0.15677392]
[0.15672284]
[0.15670961]
[0.15668567]
[0.15668419]
[0.15667574]
[0.15666457]
[0.15665492]
[0.15663376]
[0.15661064]
[0.15655378]
[0.15651688]
[0.15645577]
[0.15643375]
[0.15640344]
[0.15627998]
[0.1562357]
[0.1562191]
[0.15620473]
[0.15618984]
[0.15616895]
[0.15605286]
[0.15604639]
[0.15601538]
[0.15596025]
[0.15595655]
[0.15593597]
[0.1559071]
[0.15589851]
[0.15588194]
[0.15587641]
[0.1557849]
[0.15578102]
[0.15577237]
[0.15576527]
[0.15576304]
[0.15575328]
[0.1557341]
[0.15570539]
[0.15569408]
[0.15569088]
[0.15567574]
[0.15565783]
[0.15562002]
[0.15557596]
[0.15557596]
[0.15555]
[0.15552402]
[0.15549776]
[0.15545714]
[0.15543988]
[0.15543742]
[0.1554258]
[0.15541688]
[0.15539107]
[0.15538809]
[0.15538071]
[0.1553773]
[0.15533948]
[0.15529102]
[0.15528974]
[0.1552888]
[0.15522899]
[0.15522017]
[0.15520473]
[0.15519556]
[0.15518013]
[0.15517668]
[0.15517105]
[0.15515865]
[0.15514453]
[0.155139]
[0.15512481]
[0.15512481]
[0.15510793]
[0.15506232]
[0.15501912]
[0.15501627]
[0.15498812]
[0.15496801]
[0.1549582]
[0.1549571]
[0.15493242]
[0.15490839]
[0.15490095]
[0.15488885]
[0.15484838]
[0.1548191]
[0.15481447]
[0.15481104]
[0.15480831]
[0.15479027]
[0.15474656]
[0.15474254]
[0.15472856]
[0.15470365]
[0.15469146]
[0.15463978]
[0.15459138]
[0.1545788]
[0.15456605]
[0.15450126]
[0.15446068]
[0.15446006]
[0.15438275]
[0.15437499]
[0.15435132]
[0.15434755]
[0.15434326]
[0.1543276]
[0.15425332]
[0.15423277]
[0.15422922]
[0.15418151]
[0.15412037]
[0.15411806]
[0.15407182]
[0.15406002]
[0.15401627]
[0.15401068]
[0.15395632]
[0.1538822]
[0.15384565]
[0.15381968]
[0.15381655]
[0.15378805]
[0.15376538]
[0.15371543]
[0.15371059]
[0.15370218]
[0.15370111]
[0.15369572]
[0.15365082]
[0.15364942]
[0.15360768]
[0.15357347]
[0.15345289]
[0.15343632]
[0.15343517]
[0.15341638]
[0.15338708]
[0.15338176]
[0.15334597]
[0.15324435]
[0.15322387]
[0.15320346]
[0.15319544]
[0.15319492]
[0.1531925]
[0.153153]
[0.15309627]
[0.15305702]
[0.15298744]
[0.15294048]
[0.15293412]
[0.15292776]
[0.15292163]
[0.1529067]
[0.15288055]
[0.15285026]
[0.15284358]
[0.15279531]
[0.15278524]
[0.15276858]
[0.15272336]
[0.15271081]
[0.1526748]
[0.15265357]
[0.15264498]
[0.1526344]
[0.15262716]
[0.1526071]
[0.15259351]
[0.15257119]
[0.15256546]
[0.15255651]
[0.15255624]
[0.15255246]
[0.152499]
[0.15246284]
[0.1524502]
[0.15244487]
[0.15242463]
[0.1524153]
[0.15240264]
[0.15235104]
[0.1523004]
[0.15227914]
[0.15225044]
[0.1522483]
[0.15220553]
[0.15219967]
[0.15216857]
[0.15206209]
[0.15201372]
[0.15200141]
[0.15199296]
[0.15197954]
[0.15196313]
[0.15196036]
[0.15195072]
[0.15190424]
[0.15185316]
[0.15179858]
[0.15179689]
[0.15179224]
[0.15177399]
[0.151758]
[0.151758]
[0.15175794]
[0.15174788]
[0.15172191]
[0.15172014]
[0.1517186]
[0.1517186]
[0.15171719]
[0.1516788]
[0.15162927]
[0.15162602]
[0.15160803]
[0.15156747]
[0.15145676]
[0.15145515]
[0.15144846]
[0.15144086]
[0.15143436]
[0.15143305]
[0.15142836]
[0.15142003]
[0.1513871]
[0.15135166]
[0.15134566]
[0.15134566]
[0.15132852]
[0.15129419]
[0.1512938]
[0.15128767]
[0.1512769]
[0.15127252]
[0.15124406]
[0.15122007]
[0.15117113]
[0.15115315]
[0.1511414]
[0.15114085]
[0.15112233]
[0.15107779]
[0.15107661]
[0.15104061]
[0.15098809]
[0.15095265]
[0.15093736]
[0.15088116]
[0.15085195]
[0.15083034]
[0.15080689]
[0.15080075]
[0.15079358]
[0.15079083]
[0.15076704]
[0.15065706]
[0.15064031]
[0.15063803]
[0.1505816]
[0.15051949]
[0.15043397]
[0.15043113]
[0.15040804]
[0.15038964]
[0.1503626]
[0.15031344]
[0.15016146]
[0.1501541]
[0.1500913]
[0.15008414]
[0.15006658]
[0.15004732]
[0.1500254]
[0.1499801]
[0.14998007]
[0.14997517]
[0.14997517]
[0.14994669]
[0.14991719]
[0.14991564]
[0.14989288]
[0.14984627]
[0.14983347]
[0.14981963]
[0.14970617]
[0.14970617]
[0.14968666]
[0.14965634]
[0.14965607]
[0.14963019]
[0.1496253]
[0.14958212]
[0.14954096]
[0.14954096]
[0.14954081]
[0.14954002]
[0.14951377]
[0.14949894]
[0.14947672]
[0.14945284]
[0.1494458]
[0.14942738]
[0.1494072]
[0.14940214]
[0.14936891]
[0.14935622]
[0.14933674]
[0.1492945]
[0.1492912]
[0.14926599]
[0.14923948]
[0.1491643]
[0.14916411]
[0.14916128]
[0.14913726]
[0.1491249]
[0.14911959]
[0.14910276]
[0.14908235]
[0.14907041]
[0.14905716]
[0.14904016]
[0.14903472]
[0.14903176]
[0.14899282]
[0.14892825]
[0.14891163]
[0.14888415]
[0.14888415]
[0.14887315]
[0.14886282]
[0.1488449]
[0.14883424]
[0.14881131]
[0.14880203]
[0.14876968]
[0.14876588]
[0.14876588]
[0.14870358]
[0.14870031]
[0.14870031]
[0.14865969]
[0.1486542]
[0.14865157]
[0.14860831]
[0.1485647]
[0.14856431]
[0.14855719]
[0.14855368]
[0.148544]
[0.148541]
[0.14849712]
[0.14845979]
[0.1484507]
[0.1484507]
[0.14843126]
[0.1483947]
[0.14831012]
[0.14830582]
[0.14829591]
[0.14829388]
[0.14829357]
[0.14828585]
[0.14827658]
[0.14827453]
[0.14821662]
[0.1482142]
[0.14820266]
[0.1482024]
[0.14819328]
[0.14819223]
[0.14816894]
[0.14811441]
[0.1480817]
[0.14807568]
[0.14807066]
[0.14805451]
[0.14802678]
[0.14802678]
[0.14799978]
[0.14798535]
[0.14792296]
[0.14789177]
[0.14788756]
[0.14784643]
[0.14781281]
[0.14777423]
[0.14776231]
[0.14769225]
[0.14769036]
[0.14764728]
[0.14763129]
[0.1476089]
[0.1476089]
[0.14759432]
[0.14758119]
[0.14755978]
[0.14754723]
[0.14754166]
[0.14749452]
[0.14748022]
[0.14746778]
[0.14746065]
[0.14742519]
[0.14742318]
[0.14739577]
[0.1473855]
[0.147384]
[0.14738256]
[0.14733087]
[0.14727965]
[0.14726564]
[0.14726025]
[0.14721109]
[0.14720806]
[0.14717147]
[0.14717087]
[0.14707804]
[0.1470426]
[0.14703812]
[0.14703692]
[0.14701581]
[0.14696935]
[0.14693068]
[0.14687346]
[0.14687176]
[0.14685132]
[0.14684789]
[0.14683561]
[0.14683561]
[0.14682128]
[0.14680319]
[0.14675272]
[0.14673379]
[0.14671801]
[0.1466959]
[0.14665346]
[0.146653]
[0.14665245]
[0.14661974]
[0.14661902]
[0.14661573]
[0.14660032]
[0.14658126]
[0.14655899]
[0.14655466]
[0.14650796]
[0.14648886]
[0.14648853]
[0.14648719]
[0.14646767]
[0.14646469]
[0.14643744]
[0.14642559]
[0.14642118]
[0.14638051]
[0.1463781]
[0.14636505]
[0.1463567]
[0.14634736]
[0.14634182]
[0.14626439]
[0.14622301]
[0.14622301]
[0.14621551]
[0.1461986]
[0.14619504]
[0.14619015]
[0.14615218]
[0.14610809]
[0.14608906]
[0.1460796]
[0.1460786]
[0.14602233]
[0.14597301]
[0.14597198]
[0.14592722]
[0.14584437]
[0.14583346]
[0.14581387]
[0.14581083]
[0.14580525]
[0.1457804]
[0.14575616]
[0.14573401]
[0.14573392]
[0.14571281]
[0.1457026]
[0.14566708]
[0.14563923]
[0.14561257]
[0.14560926]
[0.14560728]
[0.14558895]
[0.14557059]
[0.14554884]
[0.14554636]
[0.14551155]
[0.14550672]
[0.14549507]
[0.1454567]
[0.14545551]
[0.14543387]
[0.14541657]
[0.14540815]
[0.1453909]
[0.14534737]
[0.14534684]
[0.14530633]
[0.14529152]
[0.14529093]
[0.14519772]
[0.1451839]
[0.14511871]
[0.14509872]
[0.14508446]
[0.14508215]
[0.14502881]
[0.14501421]
[0.14500144]
[0.14498816]
[0.14497247]
[0.14497235]
[0.14496268]
[0.14493877]
[0.14492802]
[0.14491042]
[0.14488755]
[0.14488159]
[0.14486451]
[0.14485624]
[0.14483628]
[0.14479902]
[0.14477555]
[0.14473349]
[0.14472166]
[0.1447212]
[0.14471973]
[0.14471903]
[0.14471307]
[0.14471021]
[0.14469294]
[0.1446915]
[0.1446789]
[0.1446263]
[0.14461254]
[0.14460787]
[0.14460728]
[0.14455642]
[0.144544]
[0.14452071]
[0.14448804]
[0.14445639]
[0.14440349]
[0.14439802]
[0.14439142]
[0.14437905]
[0.1443688]
[0.14429219]
[0.14428806]
[0.14427905]
[0.14427638]
[0.14425577]
[0.14421067]
[0.14420101]
[0.14419807]
[0.14417371]
[0.14411877]
[0.14407831]
[0.14406952]
[0.14406267]
[0.14406255]
[0.14406255]
[0.14405942]
[0.14403462]
[0.14401977]
[0.14400265]
[0.143999]
[0.14394115]
[0.14393653]
[0.1439221]
[0.14389709]
[0.14389408]
[0.14389311]
[0.14388318]
[0.14388049]
[0.1438731]
[0.14382435]
[0.14377335]
[0.14372626]
[0.14372578]
[0.14368466]
[0.14357674]
[0.14356788]
[0.14353848]
[0.14348383]
[0.14347447]
[0.14347321]
[0.14338645]
[0.14337732]
[0.14334176]
[0.1433417]
[0.1433387]
[0.14327374]
[0.14326654]
[0.14326304]
[0.1432537]
[0.143194]
[0.1431465]
[0.14314243]
[0.14312655]
[0.14307648]
[0.14307569]
[0.1430433]
[0.14301586]
[0.1429872]
[0.14296307]
[0.14293411]
[0.14291686]
[0.14277048]
[0.14271188]
[0.14265765]
[0.14265342]
[0.14263369]
[0.14261019]
[0.14260934]
[0.14260593]
[0.14259782]
[0.14259678]
[0.1425605]
[0.14253648]
[0.14253162]
[0.14253104]
[0.14246805]
[0.1424654]
[0.1424531]
[0.14243822]
[0.1424359]
[0.14240149]
[0.1423678]
[0.14232792]
[0.14232281]
[0.14230934]
[0.14227024]
[0.14226119]
[0.142229]
[0.14220569]
[0.14217435]
[0.14216103]
[0.14201698]
[0.14201407]
[0.14197464]
[0.14193729]
[0.1419032]
[0.14188111]
[0.14184965]
[0.14184271]
[0.14183594]
[0.1418076]
[0.14179097]
[0.14177877]
[0.14176275]
[0.14175932]
[0.14175813]
[0.14172478]
[0.14171171]
[0.14166175]
[0.14165871]
[0.1416573]
[0.14164191]
[0.14159054]
[0.14157836]
[0.14154498]
[0.14151749]
[0.14141102]
[0.14140141]
[0.14139996]
[0.1413765]
[0.14137432]
[0.14134462]
[0.14133519]
[0.14132872]
[0.14129505]
[0.14126201]
[0.14125943]
[0.1412522]
[0.14118807]
[0.14117353]
[0.14116706]
[0.14109243]
[0.14108261]
[0.14106841]
[0.14103663]
[0.14099692]
[0.14098334]
[0.14098297]
[0.14095427]
[0.14091906]
[0.14091025]
[0.1409101]
[0.14090301]
[0.14083558]
[0.14080699]
[0.1407533]
[0.14072947]
[0.14072147]
[0.14070514]
[0.14068484]
[0.14062285]
[0.14058192]
[0.1405747]
[0.14057322]
[0.14056855]
[0.14054129]
[0.1405397]
[0.14053313]
[0.1405196]
[0.14050722]
[0.1404784]
[0.14047535]
[0.14043935]
[0.14041151]
[0.14040954]
[0.14040683]
[0.14035851]
[0.14035691]
[0.14034478]
[0.14032823]
[0.14032193]
[0.1403162]
[0.14027956]
[0.14027779]
[0.14020686]
[0.14020224]
[0.14017875]
[0.14017516]
[0.14017287]
[0.1400108]
[0.14000858]
[0.13999268]
[0.13998137]
[0.13997325]
[0.1399502]
[0.1399401]
[0.13992079]
[0.13989982]
[0.13988835]
[0.13982923]
[0.13980283]
[0.13979244]
[0.1397894]
[0.13978289]
[0.13977943]
[0.13977794]
[0.1397657]
[0.13972956]
[0.13970537]
[0.13970451]
[0.1396935]
[0.13968073]
[0.13956971]
[0.13950078]
[0.139495]
[0.13948315]
[0.13947502]
[0.13943993]
[0.13939069]
[0.13938423]
[0.1392701]
[0.13925718]
[0.13921866]
[0.13920492]
[0.13917872]
[0.13917577]
[0.13917293]
[0.1391525]
[0.13913885]
[0.13912873]
[0.13912323]
[0.13911654]
[0.13901559]
[0.13900529]
[0.13892817]
[0.13891014]
[0.13890365]
[0.13888077]
[0.13885985]
[0.13885483]
[0.13885106]
[0.1388475]
[0.13874978]
[0.13869047]
[0.13868834]
[0.13868284]
[0.13866632]
[0.13866387]
[0.13866377]
[0.1386051]
[0.13856116]
[0.13854124]
[0.1385156]
[0.1384952]
[0.13845852]
[0.13841923]
[0.13832587]
[0.1383234]
[0.13826837]
[0.13821621]
[0.13819034]
[0.13813493]
[0.13812827]
[0.13804474]
[0.1379898]
[0.1379403]
[0.13793214]
[0.13793021]
[0.13787584]
[0.13783592]
[0.13783379]
[0.13778079]
[0.13777782]
[0.13777702]
[0.13776723]
[0.13776138]
[0.13775648]
[0.13775598]
[0.13774773]
[0.13774502]
[0.13772047]
[0.13771497]
[0.13764441]
[0.13763998]
[0.13763745]
[0.13760757]
[0.13756508]
[0.1375648]
[0.13755049]
[0.13754138]
[0.13752201]
[0.13749324]
[0.1374608]
[0.13743956]
[0.13743055]
[0.13732001]
[0.1373194]
[0.1372954]
[0.13728619]
[0.13727678]
[0.137275]
[0.13726608]
[0.13725422]
[0.13721004]
[0.13720328]
[0.13719456]
[0.13717467]
[0.13717057]
[0.13716969]
[0.13715191]
[0.13710232]
[0.13709654]
[0.13709287]
[0.1370548]
[0.13703297]
[0.13702746]
[0.13702746]
[0.13700259]
[0.13697237]
[0.13694622]
[0.13692528]
[0.13687156]
[0.13684024]
[0.13682517]
[0.13678332]
[0.13675798]
[0.13673183]
[0.1367295]
[0.13670643]
[0.13665207]
[0.13662697]
[0.13660122]
[0.13658722]
[0.13652205]
[0.13650008]
[0.13641433]
[0.1363794]
[0.13637212]
[0.13636532]
[0.1362772]
[0.13624236]
[0.13623546]
[0.13623327]
[0.13622949]
[0.13620101]
[0.13619453]
[0.13618295]
[0.13616788]
[0.13611102]
[0.13610649]
[0.13608716]
[0.13608314]
[0.13601767]
[0.13600086]
[0.13597083]
[0.13589695]
[0.13587327]
[0.13578112]
[0.13577425]
[0.1357628]
[0.13576156]
[0.13575938]
[0.13566148]
[0.13561738]
[0.13560618]
[0.13556743]
[0.13549654]
[0.135485]
[0.13546473]
[0.13544852]
[0.13540027]
[0.13538939]
[0.1353699]
[0.13536417]
[0.13532028]
[0.13531438]
[0.13530685]
[0.13528585]
[0.13513592]
[0.13513124]
[0.13512999]
[0.13511354]
[0.13507771]
[0.13507663]
[0.13505282]
[0.13502589]
[0.13501962]
[0.1350025]
[0.13498038]
[0.13497987]
[0.13497664]
[0.1349472]
[0.13491602]
[0.1349045]
[0.13490233]
[0.13482836]
[0.13480072]
[0.13479346]
[0.13476402]
[0.13468133]
[0.13463932]
[0.13463841]
[0.13463105]
[0.1345908]
[0.13457723]
[0.1345358]
[0.13453417]
[0.13452606]
[0.13446254]
[0.13443495]
[0.13443296]
[0.13438214]
[0.13438053]
[0.13437542]
[0.1343683]
[0.13426475]
[0.13426471]
[0.1342269]
[0.13421313]
[0.1342023]
[0.13416812]
[0.13414124]
[0.13413002]
[0.13409817]
[0.13409142]
[0.13405615]
[0.1339549]
[0.13394986]
[0.1339383]
[0.13391905]
[0.1338961]
[0.13383652]
[0.13383108]
[0.13381149]
[0.13378985]
[0.1337727]
[0.13372022]
[0.1337119]
[0.13370632]
[0.13369767]
[0.13368417]
[0.13366877]
[0.13366614]
[0.13365059]
[0.1336229]
[0.13360694]
[0.13359508]
[0.13358094]
[0.13356577]
[0.13356373]
[0.13355926]
[0.13352734]
[0.13351616]
[0.13348192]
[0.13347113]
[0.13340566]
[0.1334045]
[0.13339077]
[0.13335083]
[0.13335021]
[0.13334519]
[0.1333296]
[0.13331163]
[0.13329539]
[0.13324311]
[0.1332326]
[0.1332131]
[0.13317752]
[0.13313769]
[0.13313761]
[0.13313285]
[0.1330791]
[0.13306782]
[0.13304119]
[0.13302921]
[0.13301711]
[0.13298184]
[0.13297147]
[0.13295992]
[0.13295607]
[0.13294756]
[0.13292557]
[0.13292521]
[0.13289689]
[0.13286799]
[0.132843]
[0.13279137]
[0.13278711]
[0.13275515]
[0.13275354]
[0.13273749]
[0.13271897]
[0.13269165]
[0.13265945]
[0.1326135]
[0.1326004]
[0.13258252]
[0.13255414]
[0.13254677]
[0.13252267]
[0.13250877]
[0.1324828]
[0.13247375]
[0.13246882]
[0.13233888]
[0.1323288]
[0.13229433]
[0.13226396]
[0.1322582]
[0.13225068]
[0.1321361]
[0.13211784]
[0.13209827]
[0.13208868]
[0.13205472]
[0.13203204]
[0.13203071]
[0.13202745]
[0.13198072]
[0.13195178]
[0.13190487]
[0.1318954]
[0.13189399]
[0.13187036]
[0.131863]
[0.13186277]
[0.1318587]
[0.13184957]
[0.1318488]
[0.13179559]
[0.13177252]
[0.13177133]
[0.13176878]
[0.13170876]
[0.13169324]
[0.13168152]
[0.13165368]
[0.13165265]
[0.1316423]
[0.13161]
[0.13154404]
[0.13154154]
[0.1315405]
[0.13153696]
[0.1315308]
[0.13151442]
[0.13148038]
[0.13145177]
[0.13145109]
[0.13144729]
[0.13142812]
[0.13141231]
[0.13136259]
[0.13134241]
[0.13131069]
[0.131308]
[0.13128382]
[0.13126539]
[0.13124184]
[0.13118255]
[0.13117778]
[0.1311676]
[0.13115042]
[0.13114147]
[0.13113408]
[0.13112816]
[0.13112555]
[0.13112432]
[0.13109219]
[0.13107036]
[0.13102968]
[0.13100624]
[0.13097693]
[0.13090134]
[0.13087595]
[0.13087282]
[0.1308504]
[0.13084616]
[0.13081408]
[0.13075317]
[0.13072224]
[0.13071541]
[0.13070735]
[0.13070102]
[0.13069962]
[0.13068996]
[0.13067822]
[0.130623]
[0.13061996]
[0.13060965]
[0.1305626]
[0.13056101]
[0.13055573]
[0.13054343]
[0.1304328]
[0.13042009]
[0.13040195]
[0.13037762]
[0.13037097]
[0.13029616]
[0.13025914]
[0.13022031]
[0.1302109]
[0.13020469]
[0.13016698]
[0.1301378]
[0.130137]
[0.13013601]
[0.13013282]
[0.1301237]
[0.13010193]
[0.13009617]
[0.13005027]
[0.13001427]
[0.13001238]
[0.13000275]
[0.12999736]
[0.1299968]
[0.12997621]
[0.12996025]
[0.12992689]
[0.12990893]
[0.12990326]
[0.12990306]
[0.12990203]
[0.12988976]
[0.12981841]
[0.12981378]
[0.12979539]
[0.12979071]
[0.1297666]
[0.12968847]
[0.12967525]
[0.12965147]
[0.12962486]
[0.12961382]
[0.12961176]
[0.12960069]
[0.1295196]
[0.12951797]
[0.12945445]
[0.12945445]
[0.12945445]
[0.12944636]
[0.1294422]
[0.12938923]
[0.12938508]
[0.12938447]
[0.12936015]
[0.12935425]
[0.12935388]
[0.12932521]
[0.12932308]
[0.12930022]
[0.12929946]
[0.1292631]
[0.12921941]
[0.12921588]
[0.12920949]
[0.12919857]
[0.12919775]
[0.12917736]
[0.12917647]
[0.12917565]
[0.12917358]
[0.1291722]
[0.1291533]
[0.12912695]
[0.12912461]
[0.12910506]
[0.12909374]
[0.12908545]
[0.12904836]
[0.12904134]
[0.12898743]
[0.12896806]
[0.12893917]
[0.12890407]
[0.12890005]
[0.12883745]
[0.12877351]
[0.12874219]
[0.12874061]
[0.1287229]
[0.12871045]
[0.12870146]
[0.12866564]
[0.12865694]
[0.1286418]
[0.12863573]
[0.12861304]
[0.12856437]
[0.12855044]
[0.12854205]
[0.12853199]
[0.12851304]
[0.12850419]
[0.12838525]
[0.1283424]
[0.12832917]
[0.128278]
[0.12824701]
[0.12822363]
[0.1281982]
[0.12818052]
[0.12816775]
[0.1281571]
[0.1281278]
[0.12811504]
[0.12808631]
[0.12806635]
[0.1280329]
[0.1279784]
[0.1279641]
[0.12794286]
[0.12794238]
[0.12793632]
[0.12792604]
[0.12791766]
[0.1279102]
[0.12790851]
[0.127896]
[0.12787333]
[0.12787233]
[0.1278447]
[0.12783585]
[0.12783463]
[0.12781985]
[0.12781852]
[0.12781365]
[0.12780496]
[0.12778546]
[0.12770852]
[0.1276893]
[0.12766974]
[0.12765911]
[0.12765774]
[0.12764893]
[0.12761568]
[0.12760372]
[0.12756188]
[0.12751707]
[0.12751642]
[0.12750976]
[0.12745234]
[0.1274395]
[0.12741584]
[0.12741363]
[0.1273875]
[0.12736788]
[0.12734534]
[0.12734534]
[0.12732878]
[0.12732178]
[0.12720646]
[0.12719284]
[0.12716316]
[0.1271374]
[0.12711133]
[0.1270715]
[0.12706569]
[0.12705044]
[0.1270376]
[0.12701742]
[0.12701212]
[0.12698764]
[0.12698764]
[0.12692389]
[0.126917]
[0.12689933]
[0.12689045]
[0.1268615]
[0.12673466]
[0.12672392]
[0.12670738]
[0.12670285]
[0.12668635]
[0.12666501]
[0.12662886]
[0.1266223]
[0.12656902]
[0.12653434]
[0.12650019]
[0.12646241]
[0.12640794]
[0.12639228]
[0.12639122]
[0.12634058]
[0.12631153]
[0.12627822]
[0.12626706]
[0.12625866]
[0.12623551]
[0.12623475]
[0.12622662]
[0.1261827]
[0.12611322]
[0.12609608]
[0.12609388]
[0.12607418]
[0.12607418]
[0.1260311]
[0.12602147]
[0.12599792]
[0.12595376]
[0.12594387]
[0.12593566]
[0.12592342]
[0.12586953]
[0.12585159]
[0.12580206]
[0.12576947]
[0.12576102]
[0.12574492]
[0.12574215]
[0.12571752]
[0.12571505]
[0.12571038]
[0.12566406]
[0.12563325]
[0.1256153]
[0.12559809]
[0.12559456]
[0.12556948]
[0.1255232]
[0.12549475]
[0.12548882]
[0.12542836]
[0.12529941]
[0.12527569]
[0.12523982]
[0.12523906]
[0.1251944]
[0.12516154]
[0.1251439]
[0.12504585]
[0.12504412]
[0.12502623]
[0.1250242]
[0.12500672]
[0.12500158]
[0.12499173]
[0.12498307]
[0.12493498]
[0.12492527]
[0.12492131]
[0.12490054]
[0.12481794]
[0.12481511]
[0.12481507]
[0.12480471]
[0.12478725]
[0.12477626]
[0.12476298]
[0.12473873]
[0.12473018]
[0.12470583]
[0.12467487]
[0.1246683]
[0.12466509]
[0.12465236]
[0.12462751]
[0.1246247]
[0.12461935]
[0.1246125]
[0.12459312]
[0.12456267]
[0.12454066]
[0.12453988]
[0.12453812]
[0.12452278]
[0.12449885]
[0.12448569]
[0.12447418]
[0.12445343]
[0.12441921]
[0.12440447]
[0.12439471]
[0.12434542]
[0.12432554]
[0.12432253]
[0.12431984]
[0.12428916]
[0.12427223]
[0.12423879]
[0.12416773]
[0.12416343]
[0.12413643]
[0.1241148]
[0.12408598]
[0.12407367]
[0.12406082]
[0.12406036]
[0.1240301]
[0.12402652]
[0.12400481]
[0.12393929]
[0.12390549]
[0.12387393]
[0.12387023]
[0.12386006]
[0.12383509]
[0.1238347]
[0.12382297]
[0.1237814]
[0.12370211]
[0.12364051]
[0.12361856]
[0.12361805]
[0.12361716]
[0.12359019]
[0.12358599]
[0.12357992]
[0.12353227]
[0.12352901]
[0.12352054]
[0.12350759]
[0.12349594]
[0.12346163]
[0.12344255]
[0.12343498]
[0.12342414]
[0.12340233]
[0.12334134]
[0.12332167]
[0.123321]
[0.12326781]
[0.12320948]
[0.12320657]
[0.12319124]
[0.12315067]
[0.12313557]
[0.12313342]
[0.12313078]
[0.12311096]
[0.12307692]
[0.12305549]
[0.12304705]
[0.12304356]
[0.12303723]
[0.12301677]
[0.12301433]
[0.122973]
[0.12297102]
[0.12296747]
[0.12293696]
[0.12293266]
[0.12292343]
[0.12288892]
[0.12284314]
[0.12281324]
[0.12280776]
[0.12275139]
[0.12275047]
[0.12273558]
[0.12272105]
[0.12269411]
[0.12268753]
[0.12268004]
[0.122673]
[0.12267157]
[0.1225897]
[0.12255716]
[0.12253519]
[0.12251586]
[0.12251371]
[0.12242879]
[0.12240297]
[0.12233935]
[0.12233721]
[0.12232968]
[0.12222838]
[0.12222657]
[0.12212516]
[0.12204355]
[0.12200993]
[0.12200859]
[0.12199251]
[0.12197291]
[0.12197131]
[0.12196789]
[0.12195273]
[0.12192838]
[0.12180512]
[0.12180229]
[0.12179944]
[0.12176929]
[0.12176275]
[0.12176123]
[0.12173553]
[0.12171427]
[0.12167631]
[0.12163964]
[0.12160419]
[0.12158985]
[0.12156291]
[0.12152775]
[0.12143356]
[0.12137377]
[0.12136237]
[0.12134703]
[0.12132441]
[0.1213165]
[0.12130964]
[0.12128817]
[0.12125596]
[0.12123425]
[0.12110559]
[0.12108051]
[0.1210755]
[0.12105875]
[0.12105722]
[0.12105677]
[0.12098839]
[0.12098342]
[0.1209714]
[0.12096164]
[0.12095563]
[0.12095103]
[0.12094118]
[0.12093089]
[0.12091574]
[0.12090018]
[0.12089133]
[0.12085845]
[0.12081786]
[0.12081646]
[0.12072109]
[0.12071659]
[0.12068769]
[0.12066995]
[0.12063391]
[0.1206029]
[0.12051196]
[0.12051142]
[0.12049933]
[0.12048019]
[0.12045678]
[0.12044278]
[0.12042308]
[0.12041894]
[0.12040754]
[0.12037198]
[0.12024531]
[0.12023936]
[0.12023432]
[0.12022263]
[0.12019147]
[0.12018882]
[0.12013205]
[0.12010064]
[0.12009043]
[0.12005945]
[0.12003087]
[0.11995073]
[0.11992161]
[0.11984898]
[0.11984079]
[0.119818]
[0.11980654]
[0.11978955]
[0.1197346]
[0.11966988]
[0.1196633]
[0.11965612]
[0.11963568]
[0.11958205]
[0.1195339]
[0.11950913]
[0.11948857]
[0.11947994]
[0.11945746]
[0.11945225]
[0.11944646]
[0.11943911]
[0.11943032]
[0.11942966]
[0.11942351]
[0.11942276]
[0.11939418]
[0.11938765]
[0.11938322]
[0.11930392]
[0.11930183]
[0.11929009]
[0.11928818]
[0.11927404]
[0.11925487]
[0.11924416]
[0.11923171]
[0.11922673]
[0.11919559]
[0.11918171]
[0.11915934]
[0.11913798]
[0.11913492]
[0.11912421]
[0.11911727]
[0.11909224]
[0.11907877]
[0.11905319]
[0.11905263]
[0.11904497]
[0.11903053]
[0.11890569]
[0.11890271]
[0.11886819]
[0.11881746]
[0.11876632]
[0.11875585]
[0.11872336]
[0.11868795]
[0.11866667]
[0.11862149]
[0.11858354]
[0.1185662]
[0.11855709]
[0.11853476]
[0.11851903]
[0.11851128]
[0.11846651]
[0.118444]
[0.11836226]
[0.11832283]
[0.11832046]
[0.11829164]
[0.11828729]
[0.11828135]
[0.11826106]
[0.118256]
[0.1182231]
[0.11814103]
[0.11814015]
[0.11805382]
[0.1179954]
[0.11792212]
[0.11790273]
[0.11782563]
[0.11782023]
[0.11778065]
[0.11777098]
[0.11775241]
[0.11774067]
[0.11772085]
[0.11769539]
[0.11768796]
[0.11766589]
[0.11765733]
[0.11765593]
[0.11765165]
[0.11762659]
[0.11758413]
[0.11758173]
[0.11753803]
[0.11753228]
[0.11751646]
[0.11750237]
[0.11749026]
[0.11747731]
[0.11747516]
[0.11743822]
[0.11741211]
[0.11739033]
[0.11738206]
[0.11729762]
[0.11723837]
[0.11723767]
[0.11718939]
[0.11716951]
[0.11716804]
[0.11716633]
[0.11710794]
[0.11709557]
[0.11705811]
[0.11704383]
[0.11703304]
[0.11703013]
[0.11702032]
[0.11695035]
[0.11691729]
[0.11690594]
[0.11685539]
[0.11682184]
[0.11679645]
[0.11676881]
[0.11669654]
[0.11668467]
[0.116681]
[0.11662362]
[0.11653119]
[0.11650559]
[0.11649203]
[0.11648197]
[0.11647855]
[0.11644281]
[0.11641203]
[0.1163942]
[0.11636214]
[0.11633309]
[0.1162935]
[0.1162875]
[0.11627246]
[0.11625194]
[0.11622826]
[0.11621381]
[0.11618547]
[0.11614988]
[0.11609577]
[0.1160761]
[0.11600117]
[0.116]
[0.11599757]
[0.115959]
[0.115915]
[0.11591098]
[0.11587461]
[0.1158077]
[0.11576756]
[0.11571178]
[0.11563315]
[0.11562993]
[0.11555636]
[0.1155436]
[0.11554055]
[0.11546736]
[0.11545913]
[0.11531204]
[0.11527807]
[0.11525884]
[0.1152335]
[0.11523178]
[0.11522494]
[0.11522226]
[0.11515167]
[0.11513764]
[0.11510994]
[0.11496418]
[0.11495188]
[0.11494852]
[0.11494024]
[0.11491156]
[0.11489794]
[0.11486629]
[0.11485057]
[0.11480884]
[0.11480142]
[0.11477716]
[0.11476844]
[0.11476771]
[0.11475875]
[0.11471225]
[0.11470493]
[0.11466766]
[0.11466667]
[0.1145569]
[0.11453935]
[0.11453572]
[0.11453406]
[0.11450406]
[0.11444895]
[0.11441145]
[0.11437888]
[0.1143777]
[0.11437104]
[0.11435908]
[0.11435152]
[0.114297]
[0.11428691]
[0.11426955]
[0.11426617]
[0.11426]
[0.11425266]
[0.11421915]
[0.11419842]
[0.11418722]
[0.11413463]
[0.11410742]
[0.11408005]
[0.11406068]
[0.11403362]
[0.11400041]
[0.11394865]
[0.11394831]
[0.11392401]
[0.11389253]
[0.11388044]
[0.11382647]
[0.11382245]
[0.11381465]
[0.11376761]
[0.11374798]
[0.11374544]
[0.11367634]
[0.11365655]
[0.11364665]
[0.11361431]
[0.1135586]
[0.1135583]
[0.11351242]
[0.1135051]
[0.11343285]
[0.11338725]
[0.11336333]
[0.11336333]
[0.1133441]
[0.11331493]
[0.11331045]
[0.11330775]
[0.11315369]
[0.1130915]
[0.11308497]
[0.1130757]
[0.11307522]
[0.11307111]
[0.11305838]
[0.11305726]
[0.11300106]
[0.11298773]
[0.11297511]
[0.11291895]
[0.11289692]
[0.11284583]
[0.11283904]
[0.11283103]
[0.11281146]
[0.11280524]
[0.11278775]
[0.11270316]
[0.11269364]
[0.11268467]
[0.11267903]
[0.11258826]
[0.11257545]
[0.1125256]
[0.11249287]
[0.1124852]
[0.11247278]
[0.11246414]
[0.11243946]
[0.11239698]
[0.11235315]
[0.11227967]
[0.11227849]
[0.11227711]
[0.11219797]
[0.11206195]
[0.11205753]
[0.11202292]
[0.11191634]
[0.11187354]
[0.11181228]
[0.11178233]
[0.11175174]
[0.11174714]
[0.11165314]
[0.11164755]
[0.11162315]
[0.11161803]
[0.11160844]
[0.11151327]
[0.11148112]
[0.11147622]
[0.11146671]
[0.11139723]
[0.11136831]
[0.11136781]
[0.11136259]
[0.11133502]
[0.11133379]
[0.11127921]
[0.11127746]
[0.11126985]
[0.11124195]
[0.11123034]
[0.11121045]
[0.11118248]
[0.1111678]
[0.11112911]
[0.11107997]
[0.11102886]
[0.11095845]
[0.11091323]
[0.11081093]
[0.11075929]
[0.11060005]
[0.11053012]
[0.11048099]
[0.11045998]
[0.11044375]
[0.11044239]
[0.11038996]
[0.11038461]
[0.11037061]
[0.11032399]
[0.11027369]
[0.11024894]
[0.11019306]
[0.11012365]
[0.1101229]
[0.11009321]
[0.10999937]
[0.10996303]
[0.10994747]
[0.10991289]
[0.10989099]
[0.1098434]
[0.10982943]
[0.10977425]
[0.10969946]
[0.10955104]
[0.10953294]
[0.10951059]
[0.10948089]
[0.10945556]
[0.1094375]
[0.1094148]
[0.10939755]
[0.109362]
[0.10926284]
[0.10925128]
[0.10923903]
[0.10922894]
[0.10918781]
[0.10915045]
[0.10911225]
[0.10906532]
[0.10903548]
[0.10899322]
[0.10887473]
[0.10879195]
[0.10865381]
[0.10859174]
[0.10858419]
[0.10857918]
[0.1085778]
[0.10854965]
[0.10853054]
[0.10851353]
[0.10851237]
[0.10850933]
[0.10849711]
[0.10840807]
[0.10836361]
[0.10831805]
[0.10823338]
[0.10820932]
[0.10819535]
[0.10817269]
[0.10814259]
[0.10812597]
[0.10809351]
[0.10808183]
[0.10805719]
[0.10803629]
[0.10796168]
[0.10794714]
[0.10787781]
[0.10786829]
[0.10781482]
[0.10780643]
[0.1077069]
[0.1076768]
[0.10762097]
[0.10758435]
[0.1075407]
[0.10752145]
[0.10751782]
[0.10750956]
[0.10747114]
[0.10746983]
[0.10733626]
[0.10731015]
[0.10729351]
[0.10727257]
[0.10726113]
[0.10724538]
[0.10721221]
[0.10719421]
[0.10717427]
[0.10717153]
[0.10709446]
[0.10709355]
[0.10706116]
[0.10704065]
[0.10700043]
[0.10680779]
[0.10669039]
[0.10667498]
[0.10665336]
[0.10661443]
[0.10652276]
[0.1065184]
[0.10647891]
[0.10639099]
[0.10638089]
[0.10636307]
[0.10634792]
[0.10632315]
[0.10627979]
[0.10623238]
[0.1061842]
[0.10609145]
[0.10607186]
[0.10598061]
[0.10591903]
[0.10591453]
[0.10589017]
[0.10575862]
[0.10569005]
[0.10566672]
[0.10553837]
[0.10553132]
[0.10542817]
[0.10532043]
[0.10525867]
[0.10522547]
[0.10515682]
[0.10514209]
[0.10512947]
[0.10499869]
[0.10497814]
[0.1048971]
[0.10487758]
[0.10480916]
[0.10476986]
[0.10467327]
[0.10464094]
[0.10459925]
[0.10455971]
[0.10438918]
[0.10435878]
[0.10431968]
[0.10430301]
[0.10422011]
[0.10407206]
[0.10404476]
[0.10400845]
[0.10396591]
[0.10392523]
[0.10380945]
[0.10380373]
[0.10375498]
[0.10373575]
[0.10372817]
[0.10369989]
[0.1036353]
[0.10362753]
[0.10353084]
[0.10351478]
[0.10351186]
[0.1033954]
[0.10311949]
[0.10308717]
[0.10307527]
[0.10304358]
[0.10289948]
[0.10289247]
[0.10276312]
[0.10270151]
[0.10262668]
[0.10247887]
[0.10242759]
[0.10242387]
[0.10236561]
[0.10234351]
[0.10234349]
[0.10230561]
[0.10226478]
[0.10221976]
[0.10217614]
[0.10205071]
[0.10193218]
[0.10182745]
[0.10179886]
[0.10177118]
[0.10157572]
[0.10157128]
[0.10148181]
[0.10144575]
[0.10139284]
[0.10139027]
[0.10133991]
[0.10124761]
[0.10122339]
[0.10099185]
[0.1008964]
[0.10079555]
[0.10068563]
[0.10059234]
[0.10052145]
[0.1004492]
[0.10036502]
[0.10036339]
[0.10034535]
[0.10028432]
[0.10026529]
[0.10025574]
[0.10024413]
[0.10017989]
[0.10008223]
[0.09993652]
[0.09986832]
[0.099865]
[0.09983085]
[0.09969128]
[0.09962993]
[0.0995981]
[0.09957521]
[0.09947677]
[0.09946319]
[0.09937257]
[0.09931817]
[0.09921749]
[0.09917872]
[0.09903605]
[0.09881079]
[0.09879933]
[0.09875288]
[0.09873272]
[0.09870747]
[0.09865204]
[0.0986099]
[0.09859859]
[0.09850501]
[0.09849569]
[0.09846793]
[0.09837213]
[0.09828886]
[0.09828416]
[0.09823578]
[0.09808597]
[0.09806711]
[0.09804299]
[0.0979519]
[0.09793952]
[0.09780446]
[0.0977569]
[0.0976465]
[0.09760818]
[0.09753643]
[0.09752396]
[0.0974602]
[0.09743012]
[0.09742377]
[0.09726405]
[0.09725384]
[0.09719572]
[0.09715454]
[0.09703968]
[0.09692276]
[0.09689668]
[0.09687794]
[0.09667614]
[0.09648336]
[0.09632947]
[0.09606088]
[0.09602123]
[0.09598874]
[0.09598816]
[0.09570469]
[0.09564274]
[0.09558198]
[0.09551828]
[0.09543289]
[0.09527963]
[0.09515591]
[0.09514895]
[0.09514871]
[0.09513742]
[0.0950773]
[0.09504465]
[0.09497593]
[0.09495851]
[0.09481608]
[0.09467389]
[0.09459538]
[0.09446606]
[0.0944545]
[0.09428478]
[0.09415047]
[0.09395161]
[0.0939077]
[0.0938772]
[0.09386416]
[0.09382208]
[0.09381459]
[0.0938142]
[0.09373921]
[0.0936842]
[0.09364046]
[0.09356456]
[0.09340592]
[0.09338391]
[0.0933357]
[0.09322316]
[0.09317361]
[0.09305847]
[0.09290328]
[0.09287869]
[0.09284943]
[0.09281]
[0.09279007]
[0.09273706]
[0.09273244]
[0.09261194]
[0.09258231]
[0.09251767]
[0.09249526]
[0.09238785]
[0.09230114]
[0.09221837]
[0.09220037]
[0.09215131]
[0.09212967]
[0.09207773]
[0.09205275]
[0.09187883]
[0.09182674]
[0.09178613]
[0.09177381]
[0.09176096]
[0.09174871]
[0.09168161]
[0.09161335]
[0.09155037]
[0.09151579]
[0.09144549]
[0.09144464]
[0.09133695]
[0.0912647]
[0.09117072]
[0.09110828]
[0.09109008]
[0.0910699]
[0.09105621]
[0.09094489]
[0.09094194]
[0.0908446]
[0.09082552]
[0.09076041]
[0.09073219]
[0.09066087]
[0.09063728]
[0.09032358]
[0.09027743]
[0.09022638]
[0.08950476]
[0.08950466]
[0.08945668]
[0.08919803]
[0.08884177]
[0.08877066]
[0.08870003]
[0.08866033]
[0.08838485]
[0.08821303]
[0.08806377]
[0.08802358]
[0.0879812]
[0.0878823]
[0.0877619]
[0.08770532]
[0.08761609]
[0.08758458]
[0.08749595]
[0.08742099]
[0.08735759]
[0.08725145]
[0.08723845]
[0.08683193]
[0.08662517]
[0.0864768]
[0.08631872]
[0.08629377]
[0.08626353]
[0.08608479]
[0.08603809]
[0.08593294]
[0.08585892]
[0.08583266]
[0.0857944]
[0.08577844]
[0.08569424]
[0.08565499]
[0.08562754]
[0.08548732]
[0.0854579]
[0.08541349]
[0.08520091]
[0.08463247]
[0.08459271]
[0.08444356]
[0.08436861]
[0.08435144]
[0.08428019]
[0.08414999]
[0.08403993]
[0.08391258]
[0.08360409]
[0.08348355]
