[0.41563416]
[0.4012523]
[0.3958236]
[0.39015663]
[0.38949624]
[0.38849756]
[0.38816395]
[0.3873652]
[0.38637373]
[0.37787703]
[0.37721893]
[0.37525338]
[0.37286475]
[0.37250787]
[0.37102512]
[0.36837673]
[0.36819813]
[0.3680147]
[0.36751324]
[0.36668742]
[0.36588764]
[0.36542675]
[0.3649465]
[0.36399934]
[0.36293247]
[0.36202696]
[0.36194074]
[0.36184484]
[0.36157498]
[0.36118674]
[0.3610564]
[0.36033332]
[0.35850278]
[0.3581403]
[0.3570041]
[0.3564248]
[0.35561487]
[0.35525182]
[0.35435233]
[0.3536622]
[0.351996]
[0.35171306]
[0.35113075]
[0.35041338]
[0.3496757]
[0.34951958]
[0.3488669]
[0.34854633]
[0.34797302]
[0.34764406]
[0.34760615]
[0.34717348]
[0.3468887]
[0.34678766]
[0.34663916]
[0.34635812]
[0.34631544]
[0.34621117]
[0.3456355]
[0.34558833]
[0.34546784]
[0.34545916]
[0.34481254]
[0.3446989]
[0.34435314]
[0.34385848]
[0.3437762]
[0.3436373]
[0.3434505]
[0.34324327]
[0.34299028]
[0.3429646]
[0.34292078]
[0.3425584]
[0.34227124]
[0.34187764]
[0.3415468]
[0.34112707]
[0.34093285]
[0.3407499]
[0.34065667]
[0.34016368]
[0.3400248]
[0.33981135]
[0.3397557]
[0.3384752]
[0.33821568]
[0.33770537]
[0.3375512]
[0.3374504]
[0.3374403]
[0.33723542]
[0.3371876]
[0.33717495]
[0.3367003]
[0.33643913]
[0.33521515]
[0.33520135]
[0.33489153]
[0.33462483]
[0.33459723]
[0.334475]
[0.33442014]
[0.33412197]
[0.33395284]
[0.333557]
[0.33350223]
[0.33340263]
[0.33314598]
[0.333066]
[0.33304727]
[0.33303624]
[0.3326271]
[0.33260918]
[0.33240077]
[0.33227354]
[0.332184]
[0.3321619]
[0.3320611]
[0.33186227]
[0.33165497]
[0.3314002]
[0.331349]
[0.3313375]
[0.3312355]
[0.3308462]
[0.3308182]
[0.33050376]
[0.33001918]
[0.3299517]
[0.3298617]
[0.32976416]
[0.32975495]
[0.32965076]
[0.32958618]
[0.3294438]
[0.3293761]
[0.32931873]
[0.32931587]
[0.3291956]
[0.3288648]
[0.3287039]
[0.32865852]
[0.32865438]
[0.3284316]
[0.32842043]
[0.3281293]
[0.32811755]
[0.32795647]
[0.32779148]
[0.3277109]
[0.32750165]
[0.32736358]
[0.3271169]
[0.32703874]
[0.3270205]
[0.32692295]
[0.32660425]
[0.32646906]
[0.32643148]
[0.32641545]
[0.3261971]
[0.32598397]
[0.32596117]
[0.32593024]
[0.32592887]
[0.3256343]
[0.32562023]
[0.3253156]
[0.32523257]
[0.3252186]
[0.32508188]
[0.32498452]
[0.32497802]
[0.32487726]
[0.3248249]
[0.3247401]
[0.3245928]
[0.3245612]
[0.32450187]
[0.3245013]
[0.3243461]
[0.32433924]
[0.32417926]
[0.32401368]
[0.3239562]
[0.3235871]
[0.32349208]
[0.3234038]
[0.3234032]
[0.32318994]
[0.32303303]
[0.32289782]
[0.3228866]
[0.32275957]
[0.3224814]
[0.32230473]
[0.32225946]
[0.32225415]
[0.32214656]
[0.3220417]
[0.3220052]
[0.321912]
[0.3217298]
[0.3216969]
[0.32166377]
[0.32154638]
[0.3214149]
[0.3213767]
[0.32114157]
[0.32107008]
[0.32099715]
[0.3209755]
[0.32096642]
[0.3209334]
[0.32084793]
[0.32084107]
[0.32077703]
[0.3206316]
[0.3205069]
[0.32040644]
[0.3202528]
[0.32011253]
[0.3200734]
[0.32002813]
[0.31998333]
[0.31992832]
[0.3198537]
[0.31983286]
[0.31963325]
[0.31961507]
[0.31951576]
[0.31945282]
[0.31921792]
[0.31917024]
[0.31902215]
[0.31898397]
[0.3189101]
[0.31888583]
[0.3188711]
[0.3188619]
[0.31876194]
[0.3187239]
[0.31863114]
[0.31853506]
[0.31849855]
[0.31833002]
[0.31824172]
[0.31823775]
[0.318186]
[0.31815967]
[0.3181389]
[0.31810027]
[0.3180653]
[0.31802067]
[0.3179778]
[0.3177901]
[0.31773573]
[0.317733]
[0.31772065]
[0.31767505]
[0.31763527]
[0.31759715]
[0.3175577]
[0.31755647]
[0.31752858]
[0.3172401]
[0.31708777]
[0.31708288]
[0.317015]
[0.31689015]
[0.3168396]
[0.31679708]
[0.31679285]
[0.31667578]
[0.31666094]
[0.3165929]
[0.31658742]
[0.3165485]
[0.31646296]
[0.31637254]
[0.31636253]
[0.31616998]
[0.31609476]
[0.31609353]
[0.31607947]
[0.31607726]
[0.31596428]
[0.3158629]
[0.3157824]
[0.31572604]
[0.31562823]
[0.31562436]
[0.31561852]
[0.3156045]
[0.31560293]
[0.31559286]
[0.31556907]
[0.31551623]
[0.31547523]
[0.3154407]
[0.31542695]
[0.3154155]
[0.31530732]
[0.3152857]
[0.31513888]
[0.31510022]
[0.3150234]
[0.31498957]
[0.31487048]
[0.31482932]
[0.31477818]
[0.31459257]
[0.31459257]
[0.31454614]
[0.31446573]
[0.314379]
[0.31436965]
[0.31433415]
[0.3141993]
[0.3141665]
[0.31412917]
[0.31411418]
[0.31400955]
[0.3140066]
[0.31400564]
[0.31400564]
[0.31398293]
[0.31388938]
[0.31384465]
[0.3137875]
[0.3137849]
[0.31377915]
[0.31368503]
[0.31367698]
[0.31361577]
[0.31361565]
[0.31356162]
[0.31351143]
[0.31349725]
[0.31346744]
[0.3134592]
[0.31323987]
[0.31317785]
[0.3131489]
[0.31314632]
[0.31309962]
[0.3130713]
[0.31298754]
[0.3129769]
[0.31297407]
[0.31297407]
[0.31293935]
[0.31290647]
[0.31287032]
[0.31283146]
[0.31279784]
[0.31279695]
[0.31265184]
[0.31262463]
[0.31255075]
[0.3125403]
[0.31246278]
[0.31227595]
[0.31226176]
[0.3122311]
[0.31210694]
[0.31208563]
[0.31202003]
[0.31201598]
[0.31194025]
[0.31194025]
[0.31193882]
[0.31192756]
[0.31182337]
[0.31178296]
[0.311721]
[0.3117144]
[0.31162336]
[0.31133756]
[0.3113245]
[0.31131908]
[0.31126633]
[0.3109758]
[0.31097016]
[0.310892]
[0.31088793]
[0.31085262]
[0.3108522]
[0.31079277]
[0.31073686]
[0.31066975]
[0.31065705]
[0.31064337]
[0.31061205]
[0.31061143]
[0.31057137]
[0.31051496]
[0.31049615]
[0.3104667]
[0.3103873]
[0.31035984]
[0.3103569]
[0.31033376]
[0.31031975]
[0.31021732]
[0.31019613]
[0.31015205]
[0.31014082]
[0.31005797]
[0.31003037]
[0.3100042]
[0.31000403]
[0.30998555]
[0.3099526]
[0.30993947]
[0.3098599]
[0.309801]
[0.3097803]
[0.3097202]
[0.30966985]
[0.3096248]
[0.30962348]
[0.30948836]
[0.30948505]
[0.3094606]
[0.30935594]
[0.3093203]
[0.30931985]
[0.30929533]
[0.3092789]
[0.30919954]
[0.30918068]
[0.3091672]
[0.30910766]
[0.30902758]
[0.3088979]
[0.30883485]
[0.3088222]
[0.30877504]
[0.3087671]
[0.30876562]
[0.3087288]
[0.30864742]
[0.30857518]
[0.30856907]
[0.30853114]
[0.3084916]
[0.30848998]
[0.30848682]
[0.30847594]
[0.3084622]
[0.30842173]
[0.3084091]
[0.30837104]
[0.3083632]
[0.30835226]
[0.3083385]
[0.30831715]
[0.30827677]
[0.30824554]
[0.30819064]
[0.30815628]
[0.30807486]
[0.30806777]
[0.30801108]
[0.30794945]
[0.30783838]
[0.30778396]
[0.3077424]
[0.30768162]
[0.3076543]
[0.3076394]
[0.30754784]
[0.30741698]
[0.30731797]
[0.30729452]
[0.30726078]
[0.30723307]
[0.30723137]
[0.3072028]
[0.30717638]
[0.30708724]
[0.30703834]
[0.30703777]
[0.3070364]
[0.30701375]
[0.30698702]
[0.30697617]
[0.30682853]
[0.30681553]
[0.3068036]
[0.30672184]
[0.30671373]
[0.3066725]
[0.30658135]
[0.3065732]
[0.3065648]
[0.30645922]
[0.30642015]
[0.3063984]
[0.30637324]
[0.3063694]
[0.30627662]
[0.30627376]
[0.30622062]
[0.30620986]
[0.30613825]
[0.306134]
[0.30608624]
[0.30608007]
[0.3060125]
[0.30601203]
[0.3058547]
[0.30584452]
[0.30583042]
[0.3058084]
[0.3057632]
[0.3057632]
[0.3057233]
[0.30571443]
[0.30568936]
[0.30562675]
[0.30555534]
[0.30551553]
[0.30538517]
[0.30537954]
[0.30532554]
[0.30531913]
[0.30530974]
[0.30528516]
[0.30527756]
[0.30526295]
[0.30522472]
[0.30521166]
[0.30518773]
[0.3051295]
[0.3051293]
[0.3051238]
[0.3050361]
[0.30494213]
[0.3048659]
[0.30484527]
[0.3048259]
[0.30482325]
[0.30479345]
[0.30476868]
[0.30473155]
[0.30472788]
[0.30468813]
[0.30468053]
[0.30467615]
[0.3046726]
[0.30466697]
[0.30465627]
[0.30462384]
[0.30460078]
[0.30458593]
[0.30454934]
[0.30451664]
[0.30446622]
[0.304457]
[0.3044337]
[0.30442727]
[0.3043878]
[0.30437225]
[0.30436417]
[0.30436087]
[0.3043557]
[0.30431822]
[0.30424076]
[0.30420017]
[0.30416337]
[0.30411088]
[0.30410212]
[0.30403632]
[0.30399463]
[0.30398035]
[0.3039655]
[0.3038775]
[0.30386746]
[0.30382472]
[0.30382395]
[0.30374148]
[0.30371132]
[0.30369246]
[0.30363774]
[0.30363753]
[0.3036353]
[0.3035503]
[0.30354226]
[0.30351928]
[0.30351928]
[0.30351666]
[0.3034551]
[0.3034332]
[0.30341798]
[0.3033624]
[0.3033271]
[0.30324894]
[0.30320653]
[0.3032037]
[0.3031966]
[0.3031848]
[0.30315802]
[0.30314443]
[0.3031115]
[0.303108]
[0.3030955]
[0.30303314]
[0.30286232]
[0.3028307]
[0.3028253]
[0.30281085]
[0.3027746]
[0.30274886]
[0.30274826]
[0.30248433]
[0.3024637]
[0.30242923]
[0.30242896]
[0.30240086]
[0.30239046]
[0.30238357]
[0.30235896]
[0.30227783]
[0.3022263]
[0.30219355]
[0.30218056]
[0.30216837]
[0.30216068]
[0.30211765]
[0.3021089]
[0.30202326]
[0.3020185]
[0.30196437]
[0.3019543]
[0.3019512]
[0.30193564]
[0.3018834]
[0.3018715]
[0.30186597]
[0.3018612]
[0.30185962]
[0.30185068]
[0.3018363]
[0.30180508]
[0.30179283]
[0.3017796]
[0.30177158]
[0.3017212]
[0.30171284]
[0.30168712]
[0.30167702]
[0.30167395]
[0.30165127]
[0.3016154]
[0.30159596]
[0.30158815]
[0.30158743]
[0.30148107]
[0.30139384]
[0.3013912]
[0.3013319]
[0.30132538]
[0.3012729]
[0.30124018]
[0.30122706]
[0.3012244]
[0.30103925]
[0.30092043]
[0.30088255]
[0.30087963]
[0.30085173]
[0.30084622]
[0.30076456]
[0.30075777]
[0.30070442]
[0.3006669]
[0.30065563]
[0.30050418]
[0.30044356]
[0.30044156]
[0.30041364]
[0.30040246]
[0.3003818]
[0.30037603]
[0.30035737]
[0.30031654]
[0.30031273]
[0.3002851]
[0.3002736]
[0.30022895]
[0.3001972]
[0.30017215]
[0.30014]
[0.30013934]
[0.3001066]
[0.30005947]
[0.3000381]
[0.30001196]
[0.30001053]
[0.29997063]
[0.29993987]
[0.29993793]
[0.2999153]
[0.29989472]
[0.299884]
[0.2998627]
[0.2998566]
[0.29984552]
[0.29981533]
[0.29981473]
[0.29980254]
[0.299792]
[0.29974085]
[0.29970694]
[0.29965362]
[0.2996003]
[0.29959148]
[0.2995431]
[0.299543]
[0.29953218]
[0.29950613]
[0.29950163]
[0.2994931]
[0.29941806]
[0.29939425]
[0.29936716]
[0.29927263]
[0.29924637]
[0.2992134]
[0.29917482]
[0.29915532]
[0.29914168]
[0.29913414]
[0.29912487]
[0.29907635]
[0.29906252]
[0.2990432]
[0.2990409]
[0.29899618]
[0.29898873]
[0.29897228]
[0.29895756]
[0.298915]
[0.2988923]
[0.29886827]
[0.29885843]
[0.2988574]
[0.2988464]
[0.2987973]
[0.298776]
[0.29873246]
[0.2986935]
[0.29868057]
[0.2986648]
[0.2986492]
[0.2986479]
[0.2986473]
[0.2986374]
[0.29862124]
[0.29858413]
[0.2985565]
[0.2985559]
[0.2984887]
[0.29846045]
[0.29840627]
[0.2983554]
[0.29833308]
[0.2983077]
[0.2983029]
[0.29823783]
[0.29822803]
[0.2982186]
[0.29820713]
[0.29820558]
[0.29818323]
[0.29815602]
[0.29813606]
[0.2981159]
[0.29811314]
[0.298061]
[0.29799503]
[0.2979826]
[0.2979442]
[0.2979431]
[0.29792956]
[0.29791138]
[0.2979035]
[0.2979012]
[0.29788354]
[0.2978136]
[0.297797]
[0.29776254]
[0.2977463]
[0.2977447]
[0.29773837]
[0.2977064]
[0.29769123]
[0.29767752]
[0.29766276]
[0.2976287]
[0.2976209]
[0.29760417]
[0.2975977]
[0.29755142]
[0.29753914]
[0.29753914]
[0.29752672]
[0.29750788]
[0.2974751]
[0.2974709]
[0.29745772]
[0.29744303]
[0.29743764]
[0.29740906]
[0.29737067]
[0.29733342]
[0.29726595]
[0.29723817]
[0.29723427]
[0.29722685]
[0.2972185]
[0.29720894]
[0.2971992]
[0.29712766]
[0.29706976]
[0.29706824]
[0.2970573]
[0.29703858]
[0.29702583]
[0.2970226]
[0.29699346]
[0.2969702]
[0.296957]
[0.29691687]
[0.29690674]
[0.29689148]
[0.29684648]
[0.2968069]
[0.29680115]
[0.29679954]
[0.29679617]
[0.2967833]
[0.29677716]
[0.2967371]
[0.29672262]
[0.2967167]
[0.29670283]
[0.29670027]
[0.29668143]
[0.29664972]
[0.2965973]
[0.29659355]
[0.29655826]
[0.296514]
[0.29650822]
[0.29646724]
[0.29646498]
[0.2964369]
[0.29643106]
[0.2964227]
[0.2963785]
[0.29636288]
[0.2963389]
[0.296335]
[0.29631922]
[0.29627427]
[0.29621968]
[0.29621273]
[0.29617572]
[0.29616895]
[0.2961437]
[0.29611856]
[0.2961098]
[0.2961045]
[0.29609534]
[0.29600692]
[0.2960031]
[0.29599842]
[0.2959845]
[0.29596487]
[0.2959617]
[0.29587656]
[0.29578814]
[0.29578757]
[0.2957831]
[0.2957813]
[0.29576716]
[0.29573968]
[0.29573175]
[0.29568064]
[0.29566222]
[0.2956361]
[0.29562083]
[0.29561064]
[0.2956042]
[0.29560181]
[0.2955843]
[0.29556993]
[0.29553616]
[0.29553255]
[0.295503]
[0.295481]
[0.29545796]
[0.29544818]
[0.29542214]
[0.29541516]
[0.29539722]
[0.2953934]
[0.29538676]
[0.29535913]
[0.29533958]
[0.29533437]
[0.2953146]
[0.29525706]
[0.2952002]
[0.29518825]
[0.29510456]
[0.29510382]
[0.29507887]
[0.2950328]
[0.29501426]
[0.29500434]
[0.29499507]
[0.29498026]
[0.29492763]
[0.29491588]
[0.29489362]
[0.29486284]
[0.2948439]
[0.29481298]
[0.29473057]
[0.29472253]
[0.2946875]
[0.29468456]
[0.29462802]
[0.29461524]
[0.29461524]
[0.29461524]
[0.29459056]
[0.29458848]
[0.29453042]
[0.29448777]
[0.29448414]
[0.29447734]
[0.2944541]
[0.29442775]
[0.2944256]
[0.29437602]
[0.29432315]
[0.29432228]
[0.29424447]
[0.29423913]
[0.2942228]
[0.29421502]
[0.2942125]
[0.2941955]
[0.29417968]
[0.29410973]
[0.29410946]
[0.29408205]
[0.29407948]
[0.2940481]
[0.2940368]
[0.2940297]
[0.29402786]
[0.29401174]
[0.2939777]
[0.29396036]
[0.29395536]
[0.29389217]
[0.29388717]
[0.29388347]
[0.29387558]
[0.29387462]
[0.29387185]
[0.29386356]
[0.29386032]
[0.29384628]
[0.29384494]
[0.29384178]
[0.29383975]
[0.29382756]
[0.29380515]
[0.29380122]
[0.29379252]
[0.2937719]
[0.29375628]
[0.29375193]
[0.29374164]
[0.29373506]
[0.29371008]
[0.2936959]
[0.29368526]
[0.29368526]
[0.29365134]
[0.29362994]
[0.29362673]
[0.29361612]
[0.29360425]
[0.29358944]
[0.2935769]
[0.29356998]
[0.2935258]
[0.2935088]
[0.2935064]
[0.29344243]
[0.29343975]
[0.293408]
[0.29335028]
[0.29333356]
[0.29332513]
[0.29332265]
[0.29327494]
[0.29327172]
[0.2932711]
[0.2932711]
[0.29327068]
[0.2932339]
[0.29323024]
[0.29319245]
[0.2931712]
[0.29315132]
[0.29314378]
[0.29312116]
[0.29309955]
[0.29308325]
[0.29305628]
[0.29305336]
[0.2930466]
[0.2930459]
[0.293029]
[0.29302058]
[0.29300344]
[0.29299396]
[0.29298815]
[0.2929467]
[0.29292786]
[0.29290056]
[0.29286504]
[0.29285496]
[0.29282442]
[0.29282442]
[0.29280773]
[0.29277578]
[0.29277483]
[0.29275325]
[0.29275194]
[0.29275194]
[0.2927237]
[0.29271933]
[0.2926939]
[0.29267865]
[0.29259828]
[0.29259777]
[0.29258046]
[0.29257834]
[0.2925551]
[0.29252458]
[0.29251543]
[0.29249933]
[0.2924833]
[0.2924694]
[0.29246426]
[0.29240122]
[0.2923993]
[0.29239428]
[0.29237267]
[0.29232576]
[0.29232398]
[0.29230213]
[0.29230022]
[0.29229698]
[0.292283]
[0.29227215]
[0.292253]
[0.29225016]
[0.29221955]
[0.29221615]
[0.29221615]
[0.2922148]
[0.2922086]
[0.29219022]
[0.29209268]
[0.29209268]
[0.29206863]
[0.29206455]
[0.29206157]
[0.29199082]
[0.29194283]
[0.2919194]
[0.29190186]
[0.2918994]
[0.29189816]
[0.2918959]
[0.29186252]
[0.2918287]
[0.29178497]
[0.29176724]
[0.291723]
[0.29171002]
[0.29165456]
[0.29163706]
[0.2916337]
[0.29163185]
[0.29162052]
[0.29161975]
[0.2916125]
[0.29159868]
[0.2915846]
[0.29156235]
[0.2915331]
[0.29151982]
[0.2914973]
[0.29142264]
[0.29141635]
[0.29141268]
[0.29137808]
[0.29136023]
[0.29135552]
[0.29133484]
[0.29132783]
[0.2912959]
[0.29126507]
[0.29124382]
[0.29122815]
[0.2911946]
[0.29117158]
[0.29115197]
[0.29104096]
[0.29101044]
[0.29100034]
[0.2909543]
[0.29094267]
[0.29094073]
[0.2907911]
[0.29077864]
[0.29075107]
[0.29072493]
[0.29070404]
[0.29069853]
[0.29068607]
[0.29061583]
[0.29061]
[0.29053432]
[0.2905183]
[0.29051748]
[0.29049027]
[0.29047573]
[0.290466]
[0.29044297]
[0.29043785]
[0.29038578]
[0.29036665]
[0.29034346]
[0.29033598]
[0.2903084]
[0.29030785]
[0.29029495]
[0.29029495]
[0.29026958]
[0.29024872]
[0.29019675]
[0.29017887]
[0.29016033]
[0.29012915]
[0.29006428]
[0.29006365]
[0.2900571]
[0.2900555]
[0.2900534]
[0.29002416]
[0.29001734]
[0.290011]
[0.29000342]
[0.28999382]
[0.2899925]
[0.28998902]
[0.28998688]
[0.2899696]
[0.28995943]
[0.28992182]
[0.28991193]
[0.28990188]
[0.28989315]
[0.28984743]
[0.28984597]
[0.28984597]
[0.28984597]
[0.28984073]
[0.2898264]
[0.28981996]
[0.28981036]
[0.28980872]
[0.28980544]
[0.28978923]
[0.2897839]
[0.2897621]
[0.28970486]
[0.28969684]
[0.2896777]
[0.28963357]
[0.28962067]
[0.28959763]
[0.28957942]
[0.28956938]
[0.28953487]
[0.28953022]
[0.28951737]
[0.28950712]
[0.2895068]
[0.28950644]
[0.28949594]
[0.28949502]
[0.28949383]
[0.2894866]
[0.2894428]
[0.28941315]
[0.289409]
[0.28939167]
[0.289381]
[0.2893726]
[0.28936693]
[0.28934458]
[0.28934085]
[0.2893359]
[0.289313]
[0.2892952]
[0.28925756]
[0.28925014]
[0.28924435]
[0.28924435]
[0.28924266]
[0.2892392]
[0.289233]
[0.28922138]
[0.28921768]
[0.28920394]
[0.2891576]
[0.28914413]
[0.28912476]
[0.28912416]
[0.28910834]
[0.28908497]
[0.28906912]
[0.28906912]
[0.28906912]
[0.2890636]
[0.28904954]
[0.28903213]
[0.28902912]
[0.2890272]
[0.28900757]
[0.2889979]
[0.28897497]
[0.288973]
[0.28895447]
[0.28893846]
[0.28893685]
[0.28890887]
[0.28887862]
[0.28882965]
[0.28882438]
[0.2888233]
[0.2888163]
[0.288778]
[0.2887776]
[0.28875184]
[0.28871718]
[0.28869623]
[0.28867394]
[0.28865227]
[0.28863877]
[0.28860858]
[0.2885963]
[0.28856963]
[0.28855595]
[0.2885516]
[0.28855148]
[0.28854167]
[0.2885187]
[0.28851455]
[0.28850293]
[0.28850275]
[0.28850093]
[0.28849065]
[0.2884646]
[0.28844708]
[0.288443]
[0.28834966]
[0.28829077]
[0.28827593]
[0.288271]
[0.28825134]
[0.28825134]
[0.28822812]
[0.28822672]
[0.28820112]
[0.28820017]
[0.2881729]
[0.2881728]
[0.28812823]
[0.2881192]
[0.28811505]
[0.28806567]
[0.28805006]
[0.2880116]
[0.28794283]
[0.2879412]
[0.28788918]
[0.28788516]
[0.28787714]
[0.28785476]
[0.28783372]
[0.28782654]
[0.2877965]
[0.287786]
[0.28775874]
[0.2877356]
[0.28773507]
[0.28772023]
[0.28771952]
[0.2877107]
[0.28768408]
[0.28766844]
[0.2876683]
[0.28765252]
[0.287638]
[0.28762203]
[0.28761715]
[0.2876038]
[0.2876037]
[0.28755036]
[0.28754178]
[0.2875331]
[0.28752872]
[0.2875177]
[0.28749385]
[0.28748348]
[0.28747895]
[0.28746954]
[0.28744555]
[0.28744152]
[0.28740874]
[0.28740203]
[0.2873993]
[0.28737792]
[0.2873686]
[0.2873621]
[0.2873494]
[0.28730118]
[0.28727868]
[0.2872759]
[0.28726235]
[0.28726235]
[0.28725466]
[0.28725234]
[0.28723967]
[0.28722444]
[0.28721935]
[0.28721672]
[0.28721365]
[0.2872095]
[0.28720295]
[0.28717807]
[0.28717753]
[0.2871597]
[0.28713644]
[0.28712612]
[0.2870447]
[0.28700754]
[0.28700346]
[0.28699404]
[0.2869861]
[0.28698486]
[0.28697297]
[0.28694555]
[0.28683764]
[0.28683296]
[0.28682253]
[0.28682253]
[0.28682214]
[0.28681654]
[0.2867935]
[0.28678057]
[0.28674275]
[0.28671882]
[0.28671673]
[0.28669697]
[0.28669083]
[0.28669053]
[0.28668666]
[0.28668553]
[0.28667414]
[0.28667328]
[0.28661573]
[0.28661394]
[0.2865794]
[0.286452]
[0.28639996]
[0.28638932]
[0.28636503]
[0.28632137]
[0.28631645]
[0.28629544]
[0.2862829]
[0.2862672]
[0.28626508]
[0.28626242]
[0.28624845]
[0.28624222]
[0.28623444]
[0.28621835]
[0.28618583]
[0.28616393]
[0.2860717]
[0.2860574]
[0.28603342]
[0.28600934]
[0.2860062]
[0.2860062]
[0.28600028]
[0.28599632]
[0.28597715]
[0.28594518]
[0.28592765]
[0.28591907]
[0.28590456]
[0.2858981]
[0.2858741]
[0.28585795]
[0.28585598]
[0.28584525]
[0.2858369]
[0.28581834]
[0.28581256]
[0.2857921]
[0.28577352]
[0.28573367]
[0.28573203]
[0.2857143]
[0.28570756]
[0.28568265]
[0.2856788]
[0.28567344]
[0.2856687]
[0.28566724]
[0.28564954]
[0.28564623]
[0.28564]
[0.28559244]
[0.2855889]
[0.2855762]
[0.28554195]
[0.28553]
[0.28546727]
[0.28544572]
[0.28543743]
[0.2854039]
[0.28539568]
[0.2853158]
[0.28529987]
[0.28525516]
[0.28523535]
[0.2852264]
[0.28521466]
[0.28517172]
[0.28514874]
[0.28512654]
[0.28509024]
[0.28505555]
[0.28505173]
[0.28502992]
[0.28500634]
[0.2849901]
[0.2849801]
[0.28497773]
[0.28496885]
[0.28496853]
[0.28491664]
[0.28490397]
[0.28488234]
[0.28487656]
[0.2848717]
[0.2848552]
[0.2848348]
[0.2848091]
[0.2848041]
[0.28478435]
[0.28478405]
[0.28478307]
[0.28476915]
[0.28476724]
[0.2847439]
[0.2846864]
[0.28468212]
[0.28462872]
[0.28458104]
[0.2845351]
[0.28452805]
[0.28452173]
[0.2845021]
[0.2844983]
[0.28448054]
[0.2844717]
[0.28446436]
[0.2844586]
[0.28444812]
[0.2844242]
[0.28441888]
[0.28441888]
[0.2844064]
[0.28437388]
[0.2843095]
[0.2842753]
[0.28427488]
[0.28426555]
[0.28425306]
[0.28424627]
[0.28417966]
[0.28417057]
[0.28416085]
[0.28411576]
[0.28410116]
[0.28408492]
[0.28405723]
[0.28405598]
[0.28405344]
[0.28405318]
[0.28405225]
[0.28405216]
[0.28404248]
[0.2840202]
[0.28396988]
[0.2839466]
[0.28393003]
[0.2839272]
[0.28392407]
[0.28387967]
[0.28387576]
[0.28387445]
[0.2838604]
[0.28385934]
[0.28385934]
[0.283835]
[0.2838292]
[0.28382692]
[0.2838084]
[0.2837998]
[0.2837477]
[0.2837397]
[0.28370976]
[0.28370848]
[0.28370148]
[0.2836964]
[0.28365505]
[0.28364718]
[0.2836373]
[0.28361645]
[0.28360724]
[0.2835934]
[0.28359175]
[0.2835908]
[0.2835869]
[0.28358462]
[0.2835755]
[0.28357193]
[0.2835703]
[0.28355643]
[0.28354308]
[0.28347972]
[0.28347796]
[0.283471]
[0.2834708]
[0.28345922]
[0.2834426]
[0.2834374]
[0.28342834]
[0.28341666]
[0.28341424]
[0.28339142]
[0.28338096]
[0.28336275]
[0.28336054]
[0.2833526]
[0.2833366]
[0.28333268]
[0.28328708]
[0.28325266]
[0.28324404]
[0.28324404]
[0.28323266]
[0.28322962]
[0.2832234]
[0.28321958]
[0.2832092]
[0.2832013]
[0.2831574]
[0.28315458]
[0.28314233]
[0.2831142]
[0.28310767]
[0.28310496]
[0.28309533]
[0.28308636]
[0.28307408]
[0.28305846]
[0.2830545]
[0.28304777]
[0.2830267]
[0.28301048]
[0.28300068]
[0.28296706]
[0.28294143]
[0.2829291]
[0.28292215]
[0.2829106]
[0.28288576]
[0.28284094]
[0.28283954]
[0.28282937]
[0.28282526]
[0.2827966]
[0.2827489]
[0.2827481]
[0.28274295]
[0.28274062]
[0.28271937]
[0.28270343]
[0.28267416]
[0.28264675]
[0.28264573]
[0.28262022]
[0.28261065]
[0.28256863]
[0.28256515]
[0.28255576]
[0.28251058]
[0.2824332]
[0.2824264]
[0.28241378]
[0.28226563]
[0.282261]
[0.28224662]
[0.28223822]
[0.28222227]
[0.28222054]
[0.282214]
[0.28220704]
[0.28218597]
[0.28218204]
[0.28217918]
[0.28213745]
[0.28212798]
[0.28210548]
[0.28210443]
[0.28209257]
[0.28206632]
[0.2820658]
[0.2820627]
[0.28204256]
[0.28203487]
[0.28203335]
[0.2820176]
[0.28200698]
[0.2819876]
[0.28197432]
[0.28196025]
[0.28194103]
[0.28191656]
[0.2819095]
[0.2819067]
[0.28187376]
[0.28185764]
[0.2818511]
[0.28184044]
[0.28183773]
[0.28183383]
[0.28182957]
[0.28182918]
[0.28182784]
[0.28181085]
[0.28180623]
[0.2818042]
[0.28180218]
[0.28178433]
[0.28178233]
[0.28177124]
[0.281749]
[0.28172192]
[0.2817185]
[0.28167665]
[0.28167623]
[0.28167623]
[0.28166458]
[0.2816583]
[0.2816338]
[0.28162676]
[0.28160214]
[0.2816021]
[0.28157467]
[0.2815726]
[0.28152794]
[0.28152502]
[0.28151318]
[0.28148395]
[0.28147328]
[0.28142208]
[0.2813977]
[0.28138068]
[0.28137302]
[0.2813656]
[0.28136098]
[0.28133813]
[0.2813221]
[0.28132066]
[0.2813185]
[0.28131652]
[0.28126916]
[0.2812421]
[0.2812252]
[0.2812146]
[0.28120205]
[0.28120133]
[0.28118438]
[0.28113985]
[0.28111148]
[0.28111094]
[0.28110343]
[0.28101987]
[0.2810193]
[0.28100356]
[0.28098133]
[0.28097656]
[0.28096446]
[0.28096446]
[0.2809615]
[0.28092366]
[0.280909]
[0.28090128]
[0.2809]
[0.28088963]
[0.28087398]
[0.28084317]
[0.2808419]
[0.28083542]
[0.28082174]
[0.28081673]
[0.28080118]
[0.28079107]
[0.2807824]
[0.28077462]
[0.2807655]
[0.28075334]
[0.28074697]
[0.28073248]
[0.28072244]
[0.28072244]
[0.28071716]
[0.28070047]
[0.28069386]
[0.28067186]
[0.28065]
[0.28063884]
[0.2806075]
[0.2806039]
[0.2806028]
[0.28060263]
[0.28059387]
[0.2805297]
[0.28050867]
[0.28048956]
[0.28046024]
[0.28045347]
[0.2804214]
[0.2804214]
[0.2804071]
[0.28039342]
[0.28039342]
[0.28039342]
[0.2803638]
[0.28035912]
[0.28031465]
[0.28031123]
[0.28031012]
[0.28030422]
[0.28029892]
[0.2802607]
[0.2802505]
[0.28024787]
[0.280239]
[0.2802126]
[0.2800782]
[0.280053]
[0.28004855]
[0.28002787]
[0.28001064]
[0.28000435]
[0.2799931]
[0.2799925]
[0.2799846]
[0.27996492]
[0.279953]
[0.2799389]
[0.2799317]
[0.27992427]
[0.2798954]
[0.27989298]
[0.2798231]
[0.27977827]
[0.27977693]
[0.2797723]
[0.279767]
[0.2797435]
[0.27973637]
[0.27972913]
[0.27971163]
[0.2797082]
[0.27966484]
[0.2796604]
[0.2796443]
[0.279634]
[0.2796129]
[0.2796052]
[0.2795959]
[0.2795795]
[0.27947265]
[0.27946717]
[0.2794596]
[0.2794569]
[0.2794488]
[0.27943823]
[0.2794341]
[0.27942964]
[0.27941936]
[0.27935728]
[0.27935123]
[0.27933368]
[0.27932727]
[0.2793152]
[0.27930814]
[0.27928257]
[0.27927244]
[0.27926636]
[0.27926037]
[0.2792512]
[0.27923605]
[0.2792321]
[0.27922994]
[0.27922714]
[0.2792217]
[0.27921835]
[0.27921072]
[0.27920553]
[0.27918592]
[0.27917576]
[0.2791665]
[0.27916417]
[0.27915904]
[0.27915815]
[0.27915078]
[0.27914628]
[0.27914327]
[0.2791331]
[0.27912933]
[0.27912933]
[0.27911735]
[0.2791104]
[0.27908954]
[0.27906093]
[0.27902946]
[0.27902755]
[0.27899393]
[0.2789717]
[0.27896586]
[0.27896217]
[0.27894142]
[0.27892864]
[0.27891043]
[0.27890763]
[0.27885115]
[0.27880841]
[0.27880782]
[0.27879995]
[0.27876797]
[0.27875963]
[0.278755]
[0.27872574]
[0.2786998]
[0.2786768]
[0.2786768]
[0.2786768]
[0.27866697]
[0.27865264]
[0.27855858]
[0.2785431]
[0.27854303]
[0.27852908]
[0.2785161]
[0.2784578]
[0.2784578]
[0.27844918]
[0.27844054]
[0.27840865]
[0.27840567]
[0.27840137]
[0.278386]
[0.27837664]
[0.27836695]
[0.27835533]
[0.27832106]
[0.27831316]
[0.27829698]
[0.27829036]
[0.27828154]
[0.27826518]
[0.27824107]
[0.2782186]
[0.27819487]
[0.27819148]
[0.27818662]
[0.2781827]
[0.27817068]
[0.27814922]
[0.27813548]
[0.27812675]
[0.27812013]
[0.2781112]
[0.27804837]
[0.27803585]
[0.27801913]
[0.27795726]
[0.2779098]
[0.27789834]
[0.27787894]
[0.27787113]
[0.2778574]
[0.27785492]
[0.27782935]
[0.27781445]
[0.2778102]
[0.2778081]
[0.27780163]
[0.2777984]
[0.2777948]
[0.2777657]
[0.2777235]
[0.27771875]
[0.27771685]
[0.2777153]
[0.27771315]
[0.2776999]
[0.27767965]
[0.27765107]
[0.27764386]
[0.27762988]
[0.2776242]
[0.27760735]
[0.27758217]
[0.27757502]
[0.27756998]
[0.2775357]
[0.27751154]
[0.27751154]
[0.27748707]
[0.27747586]
[0.27747586]
[0.27747586]
[0.27746224]
[0.2774574]
[0.27744204]
[0.27742037]
[0.27740616]
[0.2774005]
[0.2773912]
[0.27739078]
[0.2773895]
[0.27736506]
[0.2773362]
[0.27732563]
[0.27729142]
[0.27728894]
[0.2772871]
[0.27728483]
[0.27727988]
[0.27727833]
[0.27726454]
[0.27724573]
[0.27723756]
[0.277222]
[0.2772153]
[0.2771964]
[0.27718216]
[0.2771395]
[0.277114]
[0.27709988]
[0.2770951]
[0.2770914]
[0.27707443]
[0.2770719]
[0.27707073]
[0.27700424]
[0.27700245]
[0.27697942]
[0.2769762]
[0.2769693]
[0.27696094]
[0.27695486]
[0.2769307]
[0.27691138]
[0.27690512]
[0.27689546]
[0.2768761]
[0.2768616]
[0.27684793]
[0.2768387]
[0.27682775]
[0.27681288]
[0.27681026]
[0.27680343]
[0.27680165]
[0.27676392]
[0.27675998]
[0.2767113]
[0.27670684]
[0.27669957]
[0.27669412]
[0.2766928]
[0.2766859]
[0.2766781]
[0.27664086]
[0.2766279]
[0.27662286]
[0.2766151]
[0.27660343]
[0.27659187]
[0.27658966]
[0.27657485]
[0.27657178]
[0.27657017]
[0.27653667]
[0.27647847]
[0.27645832]
[0.27641067]
[0.276406]
[0.27640465]
[0.27638066]
[0.2763397]
[0.27633834]
[0.27632293]
[0.27632287]
[0.27629316]
[0.27629292]
[0.2762709]
[0.27625617]
[0.27625582]
[0.27625152]
[0.27621707]
[0.27620244]
[0.27619514]
[0.27616492]
[0.27615446]
[0.27615106]
[0.27614966]
[0.27612716]
[0.27607408]
[0.27607346]
[0.27607134]
[0.27602777]
[0.27602777]
[0.27601105]
[0.27599496]
[0.27599075]
[0.27598837]
[0.27596688]
[0.2759473]
[0.27594388]
[0.27594295]
[0.27594274]
[0.27592808]
[0.2759058]
[0.27590418]
[0.27587286]
[0.2758624]
[0.27585667]
[0.2758507]
[0.27584437]
[0.27582997]
[0.27582]
[0.27579138]
[0.27578813]
[0.275777]
[0.275776]
[0.27576295]
[0.27574047]
[0.27570653]
[0.27568182]
[0.2756718]
[0.27566782]
[0.27566057]
[0.27563125]
[0.2756252]
[0.2756037]
[0.2756018]
[0.2756015]
[0.27559948]
[0.27558342]
[0.27558342]
[0.27555802]
[0.27554938]
[0.27553526]
[0.27552676]
[0.27551302]
[0.27550355]
[0.27549648]
[0.2754762]
[0.2754586]
[0.27545726]
[0.27544308]
[0.27539206]
[0.27539158]
[0.27538204]
[0.27538097]
[0.27537224]
[0.27536178]
[0.27536178]
[0.27535754]
[0.27534825]
[0.27534005]
[0.2753319]
[0.27532357]
[0.2753055]
[0.2753014]
[0.27529702]
[0.27526933]
[0.27526268]
[0.27525792]
[0.2752234]
[0.2752183]
[0.27521014]
[0.27518916]
[0.27516684]
[0.2751658]
[0.2751128]
[0.27511123]
[0.2750821]
[0.2750792]
[0.2750689]
[0.2750556]
[0.27505448]
[0.27499816]
[0.2749783]
[0.2749674]
[0.27496547]
[0.27496216]
[0.27496144]
[0.27494526]
[0.2749438]
[0.2749438]
[0.2749398]
[0.2749377]
[0.27493617]
[0.2749147]
[0.27489945]
[0.27489632]
[0.27488783]
[0.27487436]
[0.27487123]
[0.27487108]
[0.2748685]
[0.27486625]
[0.27485174]
[0.27485076]
[0.2748406]
[0.2748342]
[0.2748169]
[0.27480444]
[0.27478823]
[0.27474344]
[0.27474344]
[0.2747305]
[0.27471766]
[0.27469417]
[0.274692]
[0.27468118]
[0.2746752]
[0.27465066]
[0.27463347]
[0.27461258]
[0.27461258]
[0.27461013]
[0.27460748]
[0.27460703]
[0.27457225]
[0.27456743]
[0.27455983]
[0.27455318]
[0.2745512]
[0.2745453]
[0.2745222]
[0.27451524]
[0.27451444]
[0.2745021]
[0.274488]
[0.27447495]
[0.27447006]
[0.27446586]
[0.2744317]
[0.27440107]
[0.27439797]
[0.2743855]
[0.27438185]
[0.27433535]
[0.2743346]
[0.2743337]
[0.2743229]
[0.27432102]
[0.2742493]
[0.27423912]
[0.27423853]
[0.27423745]
[0.2742118]
[0.2742006]
[0.27418584]
[0.27416486]
[0.27411968]
[0.27411178]
[0.27410623]
[0.27408022]
[0.27407646]
[0.27407473]
[0.27407092]
[0.27406934]
[0.27405882]
[0.27403077]
[0.27402216]
[0.274018]
[0.27400917]
[0.27399093]
[0.27398416]
[0.2739772]
[0.2739635]
[0.2739581]
[0.2739431]
[0.27390793]
[0.27390608]
[0.27390134]
[0.27389202]
[0.2738817]
[0.27388015]
[0.27386883]
[0.273859]
[0.27385896]
[0.2738546]
[0.2738503]
[0.2738008]
[0.27377927]
[0.27374324]
[0.27374244]
[0.2736982]
[0.27367052]
[0.2736359]
[0.2736309]
[0.2736226]
[0.27361804]
[0.27361798]
[0.2735797]
[0.27356902]
[0.27355707]
[0.27354062]
[0.27352405]
[0.2735082]
[0.27347684]
[0.27346373]
[0.27346024]
[0.2734562]
[0.27343318]
[0.2734209]
[0.27339718]
[0.27339432]
[0.27339396]
[0.27338368]
[0.27336502]
[0.27335417]
[0.2733498]
[0.27333638]
[0.27333555]
[0.27329138]
[0.27328902]
[0.27328902]
[0.2732489]
[0.2732477]
[0.27324682]
[0.27324528]
[0.27324435]
[0.27324334]
[0.27321383]
[0.27320844]
[0.2731755]
[0.27314717]
[0.27314457]
[0.27314112]
[0.27313706]
[0.27311027]
[0.27309737]
[0.27306288]
[0.27305892]
[0.27305758]
[0.2730499]
[0.2730413]
[0.2730341]
[0.27302468]
[0.2730097]
[0.27299222]
[0.27298975]
[0.27296498]
[0.2729633]
[0.2729606]
[0.272937]
[0.27291283]
[0.27291042]
[0.272859]
[0.27285796]
[0.27282998]
[0.27282703]
[0.27280447]
[0.27279368]
[0.27275977]
[0.27274197]
[0.2727327]
[0.2726347]
[0.27260986]
[0.27260277]
[0.27258804]
[0.27258122]
[0.27255294]
[0.27254617]
[0.2725435]
[0.27253318]
[0.27252567]
[0.27250317]
[0.2724954]
[0.2724652]
[0.2724544]
[0.27244097]
[0.2724187]
[0.27241474]
[0.27240202]
[0.27238262]
[0.27238193]
[0.27236673]
[0.27236238]
[0.2723516]
[0.27234772]
[0.27234316]
[0.27233875]
[0.272307]
[0.27229756]
[0.2722856]
[0.27228245]
[0.27225733]
[0.27225733]
[0.27222118]
[0.2722144]
[0.27221426]
[0.27217975]
[0.2721565]
[0.2721562]
[0.2721451]
[0.27213797]
[0.27211708]
[0.27211076]
[0.27209735]
[0.27207577]
[0.27206576]
[0.2720452]
[0.27201208]
[0.27196687]
[0.27196681]
[0.27196613]
[0.27196395]
[0.27196035]
[0.27194387]
[0.27192742]
[0.2719271]
[0.27192378]
[0.27191857]
[0.271912]
[0.27190062]
[0.2718965]
[0.2718569]
[0.27185687]
[0.27183872]
[0.27183872]
[0.27183723]
[0.27178073]
[0.27177447]
[0.27176455]
[0.27175024]
[0.2717301]
[0.27172685]
[0.27172324]
[0.27172318]
[0.27169234]
[0.27168855]
[0.27167034]
[0.2716648]
[0.27165547]
[0.2716531]
[0.27164784]
[0.2716374]
[0.27161843]
[0.27160308]
[0.2715676]
[0.27154827]
[0.27154365]
[0.27154145]
[0.27150357]
[0.27148223]
[0.27146947]
[0.2713995]
[0.2713995]
[0.2713892]
[0.27135313]
[0.27133536]
[0.2713197]
[0.27130157]
[0.27128386]
[0.2712804]
[0.27126676]
[0.2712293]
[0.27122468]
[0.27122]
[0.27121747]
[0.27118567]
[0.27117357]
[0.27114275]
[0.27114275]
[0.27113205]
[0.2711223]
[0.27111885]
[0.27110714]
[0.27110714]
[0.27108103]
[0.2710709]
[0.2710675]
[0.27105314]
[0.27105168]
[0.27105045]
[0.2710226]
[0.2710177]
[0.2710103]
[0.27098098]
[0.2709702]
[0.27096587]
[0.2709419]
[0.27093846]
[0.27093557]
[0.27092955]
[0.2709191]
[0.27090377]
[0.27090088]
[0.27088767]
[0.27088767]
[0.27087173]
[0.2708678]
[0.27086607]
[0.27086318]
[0.27084017]
[0.27083978]
[0.27082747]
[0.27082747]
[0.27082106]
[0.27081233]
[0.2708106]
[0.27079114]
[0.27079114]
[0.27079087]
[0.27077925]
[0.2707761]
[0.27077347]
[0.27077073]
[0.2707612]
[0.27074823]
[0.27072734]
[0.2707261]
[0.2706972]
[0.2706969]
[0.27068722]
[0.27067843]
[0.27064785]
[0.27062383]
[0.27059123]
[0.27057657]
[0.27056363]
[0.2705072]
[0.27049762]
[0.2704934]
[0.27048498]
[0.2704757]
[0.27047437]
[0.27047068]
[0.27046865]
[0.27045503]
[0.270448]
[0.27043724]
[0.2704292]
[0.27042297]
[0.27042246]
[0.2703332]
[0.27032256]
[0.27032152]
[0.27032053]
[0.27031717]
[0.2702734]
[0.2702697]
[0.270239]
[0.27020848]
[0.27020037]
[0.27019987]
[0.2701917]
[0.27018568]
[0.270157]
[0.27012253]
[0.27011222]
[0.27010337]
[0.27010304]
[0.270089]
[0.27007142]
[0.27005765]
[0.270049]
[0.270044]
[0.270044]
[0.2699809]
[0.2699788]
[0.2699783]
[0.2699684]
[0.2699591]
[0.2699567]
[0.26991916]
[0.26988405]
[0.26986578]
[0.2698602]
[0.26984045]
[0.269831]
[0.269823]
[0.2698186]
[0.2697983]
[0.26974234]
[0.2697385]
[0.26971874]
[0.26969]
[0.26968032]
[0.26967773]
[0.26966068]
[0.26966068]
[0.26965886]
[0.26962045]
[0.269612]
[0.26960707]
[0.2696006]
[0.26959762]
[0.26958245]
[0.26957846]
[0.26957455]
[0.26955834]
[0.26955593]
[0.26955566]
[0.26953235]
[0.26951635]
[0.2695137]
[0.26950827]
[0.26945522]
[0.2694512]
[0.26944202]
[0.26944077]
[0.26940992]
[0.26939976]
[0.2693886]
[0.2693792]
[0.2693605]
[0.2693599]
[0.26932254]
[0.2693192]
[0.2693192]
[0.26929635]
[0.26926103]
[0.26924324]
[0.26923323]
[0.26923284]
[0.26923218]
[0.26923153]
[0.2692263]
[0.26921582]
[0.26919246]
[0.26917183]
[0.2691511]
[0.26911175]
[0.26910937]
[0.2691073]
[0.26908818]
[0.26907024]
[0.26902807]
[0.26901293]
[0.2690115]
[0.26900283]
[0.26900008]
[0.2689929]
[0.2689929]
[0.26897848]
[0.26897565]
[0.26897317]
[0.2689035]
[0.26888365]
[0.26887533]
[0.2688513]
[0.268827]
[0.26882163]
[0.2688116]
[0.26880574]
[0.26878965]
[0.2687894]
[0.26877907]
[0.26876715]
[0.2687577]
[0.26874033]
[0.26873183]
[0.26872143]
[0.2686891]
[0.2686811]
[0.26868045]
[0.26864776]
[0.26864448]
[0.26862457]
[0.26861557]
[0.26861075]
[0.26861075]
[0.26859042]
[0.26858175]
[0.2685638]
[0.26854622]
[0.26853773]
[0.26853132]
[0.26852298]
[0.26850855]
[0.26847908]
[0.2684746]
[0.26847193]
[0.26846796]
[0.2684561]
[0.2684375]
[0.26840025]
[0.26839048]
[0.26838908]
[0.2683731]
[0.2683518]
[0.2683351]
[0.26831508]
[0.2683121]
[0.26830882]
[0.2683031]
[0.26828477]
[0.26827982]
[0.2682779]
[0.26826486]
[0.26824707]
[0.26824266]
[0.26822147]
[0.26821625]
[0.2681991]
[0.26818404]
[0.26817676]
[0.26817676]
[0.26817527]
[0.26816234]
[0.26816234]
[0.26816168]
[0.26815507]
[0.26814702]
[0.2681427]
[0.26812583]
[0.26811782]
[0.26811582]
[0.26810005]
[0.2680964]
[0.26809287]
[0.26809102]
[0.26809022]
[0.26808482]
[0.26807266]
[0.26805252]
[0.26804274]
[0.26803756]
[0.26803377]
[0.26800886]
[0.2680038]
[0.2680032]
[0.2679693]
[0.26796573]
[0.26796332]
[0.26794127]
[0.26793936]
[0.2679363]
[0.2679053]
[0.26787087]
[0.26786464]
[0.26784357]
[0.2678242]
[0.26781845]
[0.2678142]
[0.26781222]
[0.2678049]
[0.26780483]
[0.26780143]
[0.2678005]
[0.26779795]
[0.26777315]
[0.267767]
[0.26776576]
[0.26774946]
[0.26774642]
[0.26774493]
[0.2677254]
[0.26770902]
[0.2677007]
[0.2676446]
[0.2676214]
[0.26754802]
[0.26754275]
[0.2675251]
[0.26749486]
[0.26749343]
[0.26749343]
[0.26747304]
[0.26747277]
[0.26746777]
[0.26744354]
[0.2674415]
[0.26743317]
[0.26742086]
[0.2674205]
[0.26742002]
[0.26741776]
[0.26741096]
[0.26740387]
[0.26738122]
[0.26737127]
[0.2673557]
[0.26735148]
[0.26731145]
[0.26729897]
[0.26729786]
[0.26728103]
[0.26727325]
[0.26723757]
[0.2672301]
[0.26719585]
[0.26718998]
[0.26718393]
[0.2671797]
[0.26716316]
[0.26715988]
[0.26715598]
[0.26714066]
[0.2671265]
[0.2670938]
[0.26709348]
[0.26709348]
[0.26709166]
[0.26706707]
[0.26705992]
[0.26705346]
[0.26705107]
[0.267045]
[0.26703927]
[0.2670338]
[0.2670146]
[0.26701212]
[0.26700583]
[0.26699865]
[0.26699176]
[0.26698908]
[0.26698697]
[0.26698238]
[0.26697215]
[0.26695046]
[0.2669484]
[0.26694727]
[0.26694334]
[0.2669395]
[0.2669341]
[0.26691067]
[0.26690862]
[0.2669014]
[0.2668969]
[0.2668672]
[0.26686183]
[0.26683065]
[0.26682895]
[0.26681867]
[0.26680908]
[0.2668089]
[0.26678023]
[0.26677725]
[0.26677388]
[0.26677138]
[0.26677138]
[0.26676217]
[0.2667444]
[0.2667149]
[0.26670328]
[0.26669547]
[0.2666922]
[0.26669067]
[0.26666996]
[0.2666693]
[0.26666877]
[0.26666877]
[0.26666307]
[0.26663724]
[0.26660767]
[0.266606]
[0.26656446]
[0.26655996]
[0.2665564]
[0.26653758]
[0.26651382]
[0.26644832]
[0.26639172]
[0.26637495]
[0.26636466]
[0.26635122]
[0.26634687]
[0.26634595]
[0.26633176]
[0.26630166]
[0.26628956]
[0.2662618]
[0.26625326]
[0.26624253]
[0.26623097]
[0.26622596]
[0.2661874]
[0.26616418]
[0.26616418]
[0.26616418]
[0.26613528]
[0.26612872]
[0.26612517]
[0.2661227]
[0.26611903]
[0.26611632]
[0.26611522]
[0.26609156]
[0.26608923]
[0.26603273]
[0.26602608]
[0.26602575]
[0.2660016]
[0.26597375]
[0.26596767]
[0.26596728]
[0.265963]
[0.26594275]
[0.26593864]
[0.26593852]
[0.2659082]
[0.2659021]
[0.2659018]
[0.2659018]
[0.26582676]
[0.26582247]
[0.26581347]
[0.26578858]
[0.2657816]
[0.26577893]
[0.26575685]
[0.26572296]
[0.26569527]
[0.26563275]
[0.2656266]
[0.26561764]
[0.26560816]
[0.26559728]
[0.26557758]
[0.26557297]
[0.265568]
[0.26554105]
[0.26553708]
[0.2655317]
[0.26552472]
[0.26551935]
[0.26550347]
[0.2654679]
[0.26546103]
[0.26545343]
[0.2654428]
[0.26542932]
[0.26541668]
[0.26540574]
[0.26540565]
[0.26533154]
[0.26533154]
[0.26532996]
[0.2653135]
[0.26531106]
[0.26531085]
[0.26531085]
[0.26530632]
[0.26530448]
[0.26527515]
[0.2652687]
[0.26525944]
[0.2652555]
[0.26523566]
[0.26522452]
[0.26521647]
[0.26521218]
[0.26520708]
[0.2652042]
[0.2652027]
[0.26520014]
[0.26519197]
[0.2651688]
[0.26515248]
[0.2651173]
[0.26509234]
[0.26508754]
[0.265087]
[0.26506296]
[0.26505864]
[0.26502198]
[0.26501822]
[0.265012]
[0.26500845]
[0.26500288]
[0.2649655]
[0.264949]
[0.26494676]
[0.26494026]
[0.26493043]
[0.26492837]
[0.26488993]
[0.26488668]
[0.2648584]
[0.2648574]
[0.26485455]
[0.26483884]
[0.26481903]
[0.26481512]
[0.26480493]
[0.2647812]
[0.26477304]
[0.26476133]
[0.26474035]
[0.26473367]
[0.26473063]
[0.26472408]
[0.26467335]
[0.2646472]
[0.26464635]
[0.2646164]
[0.26460102]
[0.264568]
[0.26455325]
[0.2645071]
[0.26450416]
[0.26444355]
[0.26444355]
[0.26443133]
[0.2644116]
[0.26439938]
[0.26439077]
[0.26437506]
[0.2643748]
[0.26435032]
[0.2643445]
[0.264285]
[0.26427802]
[0.264262]
[0.26424962]
[0.26424608]
[0.26421943]
[0.26417655]
[0.26416603]
[0.26414713]
[0.26414242]
[0.2641377]
[0.26413286]
[0.26412296]
[0.2641156]
[0.2641032]
[0.264071]
[0.26405457]
[0.26402703]
[0.26401797]
[0.26399595]
[0.2639946]
[0.26398733]
[0.26394755]
[0.2639417]
[0.26390582]
[0.26390392]
[0.2639]
[0.2638834]
[0.2638798]
[0.26387855]
[0.26386634]
[0.2638573]
[0.26382524]
[0.26381218]
[0.2638093]
[0.2638022]
[0.26378825]
[0.263774]
[0.26373908]
[0.2637371]
[0.26373494]
[0.26370227]
[0.26369655]
[0.26368442]
[0.263667]
[0.26365063]
[0.2636385]
[0.26361987]
[0.26361382]
[0.26357567]
[0.26357067]
[0.26356366]
[0.2635567]
[0.26355463]
[0.26355416]
[0.26355225]
[0.26354262]
[0.26353008]
[0.26349506]
[0.26348498]
[0.26347858]
[0.26347047]
[0.26346987]
[0.26346767]
[0.26344565]
[0.26343232]
[0.26341376]
[0.26340228]
[0.26338986]
[0.26337352]
[0.26337272]
[0.26336414]
[0.26335526]
[0.26334164]
[0.26334128]
[0.26332632]
[0.2633255]
[0.26330945]
[0.2633077]
[0.26326436]
[0.26326436]
[0.2632517]
[0.26323664]
[0.26322195]
[0.26320416]
[0.26319668]
[0.26318884]
[0.26317847]
[0.2631587]
[0.26305535]
[0.26304248]
[0.2630233]
[0.2630083]
[0.26299047]
[0.26296923]
[0.26293564]
[0.2629127]
[0.2628695]
[0.26283994]
[0.2628296]
[0.26281494]
[0.26280966]
[0.26280788]
[0.26280406]
[0.26280105]
[0.2627978]
[0.26276782]
[0.26274195]
[0.26269287]
[0.2626524]
[0.2626474]
[0.26264194]
[0.26260197]
[0.2625931]
[0.26259053]
[0.26259053]
[0.2625721]
[0.26255584]
[0.2625444]
[0.26254228]
[0.26254168]
[0.26253465]
[0.2625334]
[0.26252973]
[0.26252806]
[0.26252806]
[0.2625009]
[0.26246262]
[0.26245087]
[0.26244998]
[0.26244342]
[0.2624418]
[0.2624418]
[0.26243314]
[0.26243278]
[0.26241428]
[0.26240987]
[0.26240593]
[0.26238972]
[0.26238638]
[0.26238284]
[0.26237658]
[0.26232567]
[0.26231912]
[0.2623191]
[0.2623191]
[0.2623084]
[0.2623084]
[0.2623054]
[0.262293]
[0.26225072]
[0.26222715]
[0.2622181]
[0.26220345]
[0.2621766]
[0.26215845]
[0.26214737]
[0.26214716]
[0.26214033]
[0.26213104]
[0.26212683]
[0.26212093]
[0.26210952]
[0.26208335]
[0.26206535]
[0.26205027]
[0.26204848]
[0.26204264]
[0.2620399]
[0.2620286]
[0.2620137]
[0.26199457]
[0.26194546]
[0.26193112]
[0.2619066]
[0.2619064]
[0.26190212]
[0.2618863]
[0.26188445]
[0.26185134]
[0.26184443]
[0.26184395]
[0.26182577]
[0.2618143]
[0.2618037]
[0.2618006]
[0.26176775]
[0.26176667]
[0.2617606]
[0.2617416]
[0.26173058]
[0.2617225]
[0.2617081]
[0.26169202]
[0.26168364]
[0.26162875]
[0.26162875]
[0.2616185]
[0.2616027]
[0.26160243]
[0.26160243]
[0.26159564]
[0.26159048]
[0.26158807]
[0.26157755]
[0.26157618]
[0.2615701]
[0.26156354]
[0.26154613]
[0.2615374]
[0.26149645]
[0.26149073]
[0.26148248]
[0.26142988]
[0.26142147]
[0.26141542]
[0.2614132]
[0.2613597]
[0.26135346]
[0.26135156]
[0.26135054]
[0.2613464]
[0.2613417]
[0.26133156]
[0.26130494]
[0.26130262]
[0.26129055]
[0.26127]
[0.261268]
[0.261264]
[0.26124698]
[0.26124376]
[0.26123348]
[0.2612291]
[0.26122484]
[0.26122463]
[0.2612114]
[0.26121074]
[0.2612085]
[0.26120636]
[0.26119807]
[0.26119554]
[0.26118666]
[0.26116562]
[0.26116338]
[0.2611396]
[0.26103312]
[0.26102737]
[0.2610234]
[0.26101568]
[0.26101264]
[0.26100668]
[0.26098493]
[0.26098317]
[0.2609694]
[0.26094815]
[0.26094574]
[0.26094198]
[0.26093143]
[0.2609267]
[0.26092538]
[0.2609062]
[0.26089054]
[0.2608568]
[0.26084098]
[0.26082504]
[0.2608162]
[0.26080066]
[0.26079285]
[0.26075774]
[0.26075467]
[0.26075098]
[0.26074824]
[0.26072103]
[0.26071626]
[0.26069126]
[0.2606602]
[0.26064387]
[0.26064286]
[0.2606399]
[0.26063764]
[0.26062962]
[0.26062098]
[0.2606126]
[0.26057568]
[0.26054674]
[0.26053828]
[0.26052296]
[0.26051006]
[0.26050335]
[0.2604976]
[0.2604867]
[0.26047125]
[0.26046515]
[0.26041016]
[0.26039773]
[0.2603933]
[0.26038942]
[0.26037893]
[0.26034823]
[0.26034436]
[0.26033044]
[0.26032403]
[0.26032403]
[0.26032007]
[0.26030898]
[0.26030508]
[0.26030225]
[0.26029235]
[0.26028934]
[0.26028594]
[0.26027033]
[0.2602534]
[0.26025283]
[0.26025012]
[0.26022965]
[0.2602244]
[0.26021305]
[0.2602053]
[0.26020253]
[0.2601996]
[0.26019546]
[0.2601683]
[0.26015666]
[0.26013988]
[0.26013494]
[0.26008865]
[0.26008016]
[0.26005164]
[0.260048]
[0.260032]
[0.26002005]
[0.26001558]
[0.26000506]
[0.26000386]
[0.25999656]
[0.25999573]
[0.25996155]
[0.25995928]
[0.25992557]
[0.25991148]
[0.2599106]
[0.25990984]
[0.25989446]
[0.2598935]
[0.25986502]
[0.25986177]
[0.2598502]
[0.25984326]
[0.25982267]
[0.25981236]
[0.25980294]
[0.2597968]
[0.25979343]
[0.2597569]
[0.25973174]
[0.25972635]
[0.25972283]
[0.25971705]
[0.25966123]
[0.25965866]
[0.25965726]
[0.2596435]
[0.259605]
[0.25959003]
[0.2595837]
[0.2595816]
[0.25958055]
[0.25956154]
[0.2595575]
[0.2595451]
[0.25951603]
[0.25951603]
[0.25951275]
[0.2595058]
[0.25948992]
[0.25948313]
[0.25948313]
[0.2594803]
[0.25947753]
[0.2594744]
[0.25945896]
[0.25945896]
[0.25945526]
[0.25945455]
[0.25945404]
[0.25944987]
[0.2594452]
[0.2594441]
[0.2594389]
[0.25943664]
[0.25942498]
[0.25942397]
[0.25941035]
[0.2593861]
[0.25936976]
[0.25936314]
[0.25933802]
[0.25933227]
[0.2592952]
[0.2592805]
[0.25927228]
[0.2592644]
[0.25926346]
[0.25924802]
[0.25924388]
[0.25922093]
[0.25921318]
[0.25920573]
[0.259194]
[0.25915208]
[0.25913623]
[0.25913373]
[0.2591302]
[0.25912738]
[0.25910866]
[0.25910667]
[0.25909197]
[0.25908932]
[0.2590714]
[0.25906146]
[0.25904775]
[0.25903445]
[0.25903052]
[0.25900495]
[0.2590038]
[0.25900048]
[0.2589906]
[0.25896993]
[0.25896868]
[0.25896463]
[0.25892022]
[0.2588981]
[0.2588968]
[0.2588968]
[0.25888628]
[0.25888383]
[0.2588833]
[0.25885335]
[0.25881425]
[0.25880954]
[0.2587988]
[0.25879496]
[0.25874856]
[0.25874713]
[0.25874317]
[0.2587263]
[0.25872624]
[0.25872368]
[0.25871396]
[0.2586864]
[0.25868177]
[0.25867796]
[0.2586589]
[0.25865543]
[0.25862405]
[0.2586211]
[0.2586113]
[0.25860938]
[0.25858793]
[0.25858366]
[0.2585816]
[0.25857696]
[0.2585759]
[0.2585716]
[0.2585452]
[0.25851944]
[0.25850585]
[0.2585048]
[0.25846934]
[0.258463]
[0.25841543]
[0.25839168]
[0.25838986]
[0.2583847]
[0.25838432]
[0.25838143]
[0.25837538]
[0.25836796]
[0.2583612]
[0.258359]
[0.25835505]
[0.2583492]
[0.2583272]
[0.25831482]
[0.258306]
[0.2582934]
[0.25828356]
[0.25828275]
[0.25828168]
[0.25828165]
[0.25827873]
[0.25826365]
[0.25825828]
[0.25821504]
[0.2582141]
[0.25820923]
[0.25818238]
[0.25817046]
[0.2581675]
[0.25816244]
[0.25813985]
[0.25813627]
[0.2580923]
[0.25803438]
[0.25802648]
[0.2580222]
[0.25802186]
[0.25801575]
[0.25801197]
[0.25798017]
[0.25794384]
[0.25790378]
[0.257902]
[0.25789478]
[0.25788537]
[0.25785053]
[0.25784928]
[0.25784928]
[0.25784707]
[0.2578442]
[0.25781006]
[0.25780937]
[0.25780174]
[0.2577858]
[0.25778523]
[0.25778514]
[0.2577384]
[0.25773308]
[0.2577246]
[0.25771454]
[0.2576881]
[0.2576751]
[0.25766358]
[0.25766182]
[0.25766027]
[0.25766003]
[0.25765836]
[0.25764996]
[0.25762925]
[0.2576252]
[0.25761974]
[0.25760946]
[0.25758725]
[0.25756082]
[0.2575556]
[0.25753292]
[0.25752193]
[0.25751448]
[0.25748187]
[0.25747594]
[0.25743362]
[0.25742275]
[0.25741825]
[0.25741324]
[0.25739372]
[0.2573901]
[0.25736335]
[0.25735527]
[0.25734088]
[0.25733626]
[0.25733492]
[0.2573296]
[0.25730127]
[0.25728554]
[0.25727051]
[0.25724402]
[0.25722975]
[0.2572258]
[0.25719845]
[0.2571919]
[0.2571919]
[0.2571919]
[0.2571919]
[0.2571919]
[0.2571919]
[0.2571919]
[0.25718552]
[0.2571838]
[0.2571712]
[0.25716543]
[0.25716448]
[0.2571638]
[0.2571341]
[0.25712204]
[0.2571012]
[0.25709575]
[0.2570892]
[0.25708607]
[0.25708255]
[0.25707775]
[0.2570549]
[0.25705284]
[0.25705034]
[0.25704286]
[0.25699538]
[0.25698543]
[0.25698543]
[0.25698397]
[0.2569766]
[0.25694552]
[0.25690868]
[0.25689358]
[0.25689134]
[0.25688082]
[0.25687897]
[0.25686854]
[0.25686508]
[0.2568575]
[0.25682765]
[0.25680023]
[0.25678742]
[0.25678462]
[0.25674525]
[0.25673932]
[0.25673333]
[0.2567314]
[0.25671288]
[0.2567125]
[0.2567024]
[0.25669745]
[0.25667447]
[0.2566698]
[0.25664842]
[0.25664455]
[0.2566418]
[0.25661638]
[0.2565716]
[0.25656986]
[0.25656277]
[0.2565595]
[0.25655067]
[0.25654796]
[0.25653267]
[0.25651968]
[0.25650573]
[0.2565006]
[0.25648862]
[0.25647914]
[0.25646815]
[0.25644964]
[0.256415]
[0.2563918]
[0.2563874]
[0.2563681]
[0.25635692]
[0.25635195]
[0.2563468]
[0.2563468]
[0.25634336]
[0.25633532]
[0.25633442]
[0.2563109]
[0.25629133]
[0.25628784]
[0.25626302]
[0.25624436]
[0.25624344]
[0.25622424]
[0.25618288]
[0.25617188]
[0.25617188]
[0.2561673]
[0.2561582]
[0.25614485]
[0.25614133]
[0.25614133]
[0.2561377]
[0.25613394]
[0.25613293]
[0.25612795]
[0.2561275]
[0.25611946]
[0.25611407]
[0.25611264]
[0.2561087]
[0.25610387]
[0.25609875]
[0.25609875]
[0.25609794]
[0.25608256]
[0.25606456]
[0.25606158]
[0.25602007]
[0.2560153]
[0.2559982]
[0.25597253]
[0.2559721]
[0.25597107]
[0.2559604]
[0.25595]
[0.25594258]
[0.25594214]
[0.25593528]
[0.25593212]
[0.2559147]
[0.2559002]
[0.25589514]
[0.25588575]
[0.2558839]
[0.255883]
[0.25586736]
[0.2558614]
[0.25584257]
[0.25583112]
[0.2558269]
[0.25582528]
[0.25582138]
[0.25581855]
[0.25581855]
[0.2558048]
[0.25579607]
[0.255782]
[0.25578073]
[0.2557746]
[0.2557602]
[0.25575963]
[0.25575343]
[0.2557329]
[0.25572887]
[0.2557139]
[0.25571254]
[0.25571156]
[0.25571138]
[0.2557109]
[0.25569692]
[0.2556574]
[0.25564584]
[0.25564378]
[0.25564006]
[0.25563636]
[0.25559893]
[0.2555883]
[0.2555842]
[0.2555764]
[0.2555747]
[0.25555637]
[0.25555396]
[0.25554842]
[0.25554052]
[0.25552583]
[0.2555098]
[0.2555076]
[0.2554929]
[0.25548425]
[0.2554685]
[0.25545883]
[0.2554559]
[0.25544515]
[0.25544482]
[0.25544304]
[0.25543636]
[0.25542808]
[0.25542212]
[0.25540566]
[0.25539386]
[0.25539348]
[0.25539324]
[0.25538212]
[0.25538117]
[0.25537646]
[0.25536403]
[0.25534615]
[0.25534502]
[0.2553365]
[0.2553347]
[0.2553327]
[0.25532946]
[0.255325]
[0.25529394]
[0.25529394]
[0.25528243]
[0.255278]
[0.25526437]
[0.2552561]
[0.2552292]
[0.25521377]
[0.25519073]
[0.25519073]
[0.25516716]
[0.25513116]
[0.25513053]
[0.25511423]
[0.2551084]
[0.25508714]
[0.2550774]
[0.2550724]
[0.25507134]
[0.25506955]
[0.25506923]
[0.25503972]
[0.25502306]
[0.2550192]
[0.25501606]
[0.25501448]
[0.25499898]
[0.25498387]
[0.25498068]
[0.25497264]
[0.25496152]
[0.254946]
[0.2548973]
[0.2548592]
[0.25485888]
[0.25480697]
[0.25480032]
[0.25480026]
[0.25479612]
[0.2547753]
[0.25475785]
[0.25475776]
[0.2547353]
[0.25471377]
[0.2547089]
[0.25470158]
[0.25470102]
[0.25469285]
[0.2546713]
[0.25463477]
[0.2546061]
[0.25459692]
[0.25459608]
[0.25458074]
[0.25457767]
[0.2545508]
[0.2545276]
[0.2545184]
[0.2545165]
[0.25451544]
[0.25451544]
[0.25447595]
[0.2544752]
[0.25447473]
[0.25447223]
[0.2544654]
[0.2544523]
[0.2544318]
[0.2544269]
[0.2544239]
[0.25440273]
[0.25439376]
[0.25439173]
[0.25438374]
[0.25437713]
[0.25437537]
[0.2543189]
[0.25430977]
[0.25430796]
[0.25430614]
[0.2542991]
[0.25429732]
[0.2542819]
[0.25426662]
[0.25426197]
[0.2542524]
[0.25424752]
[0.2542101]
[0.25420436]
[0.25418854]
[0.2541723]
[0.2541665]
[0.254164]
[0.25414234]
[0.25411513]
[0.25411296]
[0.25404364]
[0.2540387]
[0.254025]
[0.25401378]
[0.25398985]
[0.25397745]
[0.25389692]
[0.2538584]
[0.253843]
[0.25382936]
[0.25381708]
[0.25376257]
[0.25375673]
[0.25373927]
[0.2537158]
[0.2537069]
[0.2536977]
[0.25368157]
[0.2536524]
[0.2536478]
[0.25364485]
[0.253606]
[0.25360164]
[0.25358793]
[0.25358433]
[0.25356317]
[0.25354618]
[0.25353232]
[0.25351053]
[0.25350323]
[0.25347036]
[0.25346443]
[0.2534643]
[0.2534609]
[0.25344738]
[0.25344676]
[0.25343892]
[0.2534245]
[0.25337633]
[0.2533692]
[0.25336367]
[0.253298]
[0.25328675]
[0.25326508]
[0.2532627]
[0.25325385]
[0.25319743]
[0.25318903]
[0.25316978]
[0.2531264]
[0.2531257]
[0.253118]
[0.25311068]
[0.25310287]
[0.25309992]
[0.25307804]
[0.25307658]
[0.2530611]
[0.25305602]
[0.25304863]
[0.25304025]
[0.25303173]
[0.2530191]
[0.2530191]
[0.2530191]
[0.25300306]
[0.25299618]
[0.25298563]
[0.25297937]
[0.25297362]
[0.25297278]
[0.25296155]
[0.25294012]
[0.25291076]
[0.2529094]
[0.25290716]
[0.2529044]
[0.25290352]
[0.25285614]
[0.25285223]
[0.25284708]
[0.25284708]
[0.25283822]
[0.25282192]
[0.2528203]
[0.25280926]
[0.25279507]
[0.25279203]
[0.25277996]
[0.25276786]
[0.2527561]
[0.25274986]
[0.25274816]
[0.25274742]
[0.25273767]
[0.2527351]
[0.25272408]
[0.25271863]
[0.25271526]
[0.252712]
[0.25270745]
[0.25270414]
[0.25268888]
[0.25268245]
[0.25265115]
[0.2526449]
[0.25262552]
[0.2526139]
[0.25260907]
[0.25259793]
[0.25259033]
[0.25257015]
[0.2525586]
[0.25255775]
[0.25255156]
[0.25254756]
[0.2525435]
[0.25253862]
[0.25253862]
[0.2525074]
[0.25249583]
[0.2524499]
[0.25244352]
[0.25241348]
[0.25240332]
[0.25236517]
[0.25236005]
[0.25235668]
[0.2523543]
[0.25235346]
[0.25233003]
[0.25230297]
[0.25229532]
[0.25229394]
[0.25228238]
[0.25228006]
[0.25225967]
[0.25224456]
[0.25224403]
[0.25223532]
[0.25223142]
[0.2522267]
[0.25222254]
[0.25218406]
[0.25217474]
[0.25216666]
[0.25216028]
[0.25216028]
[0.25216007]
[0.25214225]
[0.2521352]
[0.2521177]
[0.25210127]
[0.25205705]
[0.25205106]
[0.25204912]
[0.25204667]
[0.2520231]
[0.2519914]
[0.25198722]
[0.25197458]
[0.25197345]
[0.25195897]
[0.2519506]
[0.25194716]
[0.25192264]
[0.25190344]
[0.2518854]
[0.2518786]
[0.25185415]
[0.25184906]
[0.25184605]
[0.25183022]
[0.25180954]
[0.25180212]
[0.25179008]
[0.2517773]
[0.25177532]
[0.25177273]
[0.251756]
[0.25173554]
[0.25172094]
[0.25171247]
[0.2516956]
[0.25168577]
[0.2516839]
[0.2516711]
[0.25167057]
[0.2516676]
[0.25166568]
[0.25164506]
[0.25164384]
[0.2516182]
[0.2516156]
[0.25160336]
[0.25157094]
[0.25156832]
[0.25156504]
[0.25155595]
[0.25153998]
[0.25152662]
[0.2515077]
[0.2515004]
[0.25147998]
[0.25145015]
[0.25142434]
[0.25142348]
[0.2514143]
[0.25141415]
[0.25140285]
[0.25139412]
[0.2513846]
[0.25137204]
[0.2513505]
[0.25134355]
[0.25131792]
[0.2512849]
[0.25127107]
[0.2512611]
[0.25125182]
[0.25123543]
[0.2512327]
[0.25122103]
[0.25118926]
[0.2511851]
[0.25118425]
[0.25118098]
[0.25118038]
[0.25116986]
[0.25116178]
[0.25115952]
[0.25115275]
[0.25115132]
[0.25115046]
[0.251148]
[0.25112954]
[0.25112617]
[0.25111774]
[0.25111386]
[0.25110745]
[0.25110206]
[0.25108472]
[0.2510662]
[0.25105944]
[0.25104228]
[0.2510396]
[0.25103527]
[0.2510266]
[0.251024]
[0.25100908]
[0.2510085]
[0.25100315]
[0.25099614]
[0.25097674]
[0.25096542]
[0.25096086]
[0.25095034]
[0.25094968]
[0.2509371]
[0.2509371]
[0.25093657]
[0.25091606]
[0.25091597]
[0.25091556]
[0.25089297]
[0.25086886]
[0.250833]
[0.25082937]
[0.2508268]
[0.25079444]
[0.25075576]
[0.25075397]
[0.25073606]
[0.25073367]
[0.25073123]
[0.25073123]
[0.25073123]
[0.25073123]
[0.25073075]
[0.25072646]
[0.25068015]
[0.2506795]
[0.2506773]
[0.25065574]
[0.2506551]
[0.2506004]
[0.2505674]
[0.25055403]
[0.25053057]
[0.25052473]
[0.25052065]
[0.2505041]
[0.2504614]
[0.2504609]
[0.25045076]
[0.25044292]
[0.25044024]
[0.2504284]
[0.25041935]
[0.2504132]
[0.25040734]
[0.25040555]
[0.250399]
[0.25038508]
[0.25037774]
[0.2503738]
[0.25036782]
[0.25034043]
[0.25033727]
[0.2502999]
[0.25028569]
[0.2502769]
[0.25021717]
[0.250206]
[0.25020126]
[0.2501887]
[0.25018167]
[0.25018036]
[0.25018016]
[0.25014412]
[0.25013873]
[0.25013366]
[0.25013348]
[0.25013295]
[0.25010657]
[0.25009823]
[0.25009802]
[0.2500953]
[0.25003582]
[0.25001833]
[0.25000453]
[0.2499929]
[0.24991894]
[0.24990675]
[0.24989627]
[0.24989472]
[0.24988422]
[0.24987495]
[0.2498597]
[0.24983206]
[0.24980369]
[0.2497965]
[0.24979308]
[0.24974813]
[0.2497409]
[0.24972916]
[0.24970347]
[0.2496638]
[0.24965245]
[0.24964751]
[0.24962413]
[0.24962279]
[0.24962279]
[0.2496069]
[0.24957556]
[0.24956445]
[0.24955311]
[0.24952434]
[0.24951668]
[0.24950106]
[0.2494999]
[0.24949715]
[0.24949014]
[0.24947545]
[0.24945863]
[0.24945319]
[0.24944085]
[0.24943148]
[0.24941273]
[0.24941172]
[0.24940318]
[0.24940099]
[0.24940024]
[0.24939458]
[0.24937399]
[0.24933942]
[0.24933566]
[0.24933459]
[0.24932572]
[0.24932238]
[0.24932104]
[0.24930812]
[0.24929123]
[0.24928808]
[0.2492569]
[0.24923998]
[0.24921894]
[0.2492046]
[0.24918139]
[0.24917658]
[0.2491617]
[0.2491565]
[0.24914138]
[0.24910787]
[0.24910367]
[0.24909042]
[0.24906883]
[0.24906835]
[0.24905379]
[0.24905184]
[0.24905184]
[0.2490367]
[0.24902621]
[0.24901825]
[0.2490111]
[0.24900441]
[0.24896877]
[0.24896556]
[0.24896288]
[0.24896288]
[0.2489477]
[0.24893507]
[0.24892029]
[0.24891126]
[0.24890937]
[0.24890688]
[0.24890487]
[0.24890319]
[0.2488785]
[0.24887528]
[0.24886955]
[0.24886659]
[0.2488319]
[0.2488226]
[0.24879986]
[0.24879022]
[0.24876009]
[0.24873565]
[0.24872538]
[0.24868846]
[0.24867265]
[0.24867089]
[0.24866042]
[0.2486555]
[0.24865367]
[0.24863881]
[0.24862923]
[0.2486279]
[0.2486272]
[0.24861705]
[0.24861075]
[0.24858585]
[0.24857949]
[0.24857609]
[0.248574]
[0.24855654]
[0.24855182]
[0.2485209]
[0.24851121]
[0.24850605]
[0.24849698]
[0.24848796]
[0.2484796]
[0.2484746]
[0.24847178]
[0.24847178]
[0.24844846]
[0.24842875]
[0.24842262]
[0.24840997]
[0.24838305]
[0.2483507]
[0.24831605]
[0.24826288]
[0.24823458]
[0.24820817]
[0.2482055]
[0.24820112]
[0.2481971]
[0.24818666]
[0.24814413]
[0.24814059]
[0.24813841]
[0.24813439]
[0.24812981]
[0.24812852]
[0.2481228]
[0.24811281]
[0.24810131]
[0.24810019]
[0.24809268]
[0.2480896]
[0.24808294]
[0.24806958]
[0.24805136]
[0.24801686]
[0.24801308]
[0.24800268]
[0.24799812]
[0.247946]
[0.24793491]
[0.24793078]
[0.24790917]
[0.24787578]
[0.24785438]
[0.24785058]
[0.24783383]
[0.24783108]
[0.24781385]
[0.24780823]
[0.24780372]
[0.24779154]
[0.24777858]
[0.24777418]
[0.24777365]
[0.24776918]
[0.2477124]
[0.24770766]
[0.24770145]
[0.24769203]
[0.24768811]
[0.24766366]
[0.24763656]
[0.24762665]
[0.24762438]
[0.24759507]
[0.24758238]
[0.24758025]
[0.24757946]
[0.24757203]
[0.2475363]
[0.24749187]
[0.24743776]
[0.24742736]
[0.24741524]
[0.24741332]
[0.24740228]
[0.24739015]
[0.24738674]
[0.24738674]
[0.2473799]
[0.24737962]
[0.24736366]
[0.24735974]
[0.24735726]
[0.24734643]
[0.24732631]
[0.24732237]
[0.24731185]
[0.24727583]
[0.24726449]
[0.24725477]
[0.24723534]
[0.24721695]
[0.24720626]
[0.2471962]
[0.24718644]
[0.24717417]
[0.2471684]
[0.2471684]
[0.24716535]
[0.24716194]
[0.24712783]
[0.24712573]
[0.24712573]
[0.2471249]
[0.24712151]
[0.24711053]
[0.2470685]
[0.24702415]
[0.24699162]
[0.2469694]
[0.24696259]
[0.2469618]
[0.24692616]
[0.24689403]
[0.24688724]
[0.24688503]
[0.24686632]
[0.24679993]
[0.24679597]
[0.24679519]
[0.24677631]
[0.24676336]
[0.24675733]
[0.24675332]
[0.24674565]
[0.24674234]
[0.24671726]
[0.24670371]
[0.24669628]
[0.24667832]
[0.2466635]
[0.24665879]
[0.24665238]
[0.24664977]
[0.24664815]
[0.24663013]
[0.24660175]
[0.24658722]
[0.24653488]
[0.24647856]
[0.24646361]
[0.24645618]
[0.24645023]
[0.24643831]
[0.24640013]
[0.24635667]
[0.24634838]
[0.24634376]
[0.24629831]
[0.24622321]
[0.24621858]
[0.24620913]
[0.24620055]
[0.24620055]
[0.24619581]
[0.24619566]
[0.24616621]
[0.24607274]
[0.24606387]
[0.24604687]
[0.24600257]
[0.2459981]
[0.2459655]
[0.24595511]
[0.24594334]
[0.24594098]
[0.24593951]
[0.24592806]
[0.24592619]
[0.24590436]
[0.2458765]
[0.24583736]
[0.24575068]
[0.24574716]
[0.24568915]
[0.24568553]
[0.24568109]
[0.24566811]
[0.24565896]
[0.2456496]
[0.24563211]
[0.24562861]
[0.24560416]
[0.24560103]
[0.24559362]
[0.24558295]
[0.24556114]
[0.2455377]
[0.24553727]
[0.24553603]
[0.24551451]
[0.24547425]
[0.24543686]
[0.24539907]
[0.24534613]
[0.24532317]
[0.24531043]
[0.24529086]
[0.24527718]
[0.24527551]
[0.24525842]
[0.24522507]
[0.2452159]
[0.24520995]
[0.24518487]
[0.24517615]
[0.24514852]
[0.24514712]
[0.2451424]
[0.24513844]
[0.24511316]
[0.24511163]
[0.24510618]
[0.24509057]
[0.24504031]
[0.24502786]
[0.24501838]
[0.24501505]
[0.24497986]
[0.2449658]
[0.24495928]
[0.24492143]
[0.24492143]
[0.24488522]
[0.24488334]
[0.24487138]
[0.24487093]
[0.24487093]
[0.2448624]
[0.2448205]
[0.24481282]
[0.2448041]
[0.24479307]
[0.24478215]
[0.24472903]
[0.24468796]
[0.24468048]
[0.24468048]
[0.24465376]
[0.24465376]
[0.24465376]
[0.24463995]
[0.24460223]
[0.24458474]
[0.24458311]
[0.24456654]
[0.2445531]
[0.24453737]
[0.24449962]
[0.24447078]
[0.2444689]
[0.2444391]
[0.2444391]
[0.24443698]
[0.24443254]
[0.24441625]
[0.24441239]
[0.24440964]
[0.24440798]
[0.24440673]
[0.24440673]
[0.24436885]
[0.24435325]
[0.24435325]
[0.24435325]
[0.24430935]
[0.24430218]
[0.24428397]
[0.24424368]
[0.24422465]
[0.24420409]
[0.24418513]
[0.24417102]
[0.2441652]
[0.24415463]
[0.24413863]
[0.24411711]
[0.24410583]
[0.24410532]
[0.24409683]
[0.24407557]
[0.2440607]
[0.24405296]
[0.24405052]
[0.24401423]
[0.24397233]
[0.24397029]
[0.24396995]
[0.24396053]
[0.24394934]
[0.2439216]
[0.2438696]
[0.2438588]
[0.24385664]
[0.24380958]
[0.24379924]
[0.24379325]
[0.24377106]
[0.24375808]
[0.24374613]
[0.24374568]
[0.24373676]
[0.24370271]
[0.24370056]
[0.24365659]
[0.24365565]
[0.24364983]
[0.24362661]
[0.24362661]
[0.24360706]
[0.24358758]
[0.24355379]
[0.24355379]
[0.24352185]
[0.24352075]
[0.24345379]
[0.24345379]
[0.24342681]
[0.24342388]
[0.24341492]
[0.24341287]
[0.24340741]
[0.24339339]
[0.2433926]
[0.24337396]
[0.24335092]
[0.24332562]
[0.24332176]
[0.24330044]
[0.24329531]
[0.2432773]
[0.24322313]
[0.24319994]
[0.24319066]
[0.24317648]
[0.24316162]
[0.2431416]
[0.24313971]
[0.24313416]
[0.24312875]
[0.24311976]
[0.24309365]
[0.24305569]
[0.24303101]
[0.24296436]
[0.24295533]
[0.24294919]
[0.2429401]
[0.24291621]
[0.24291568]
[0.24290228]
[0.24288338]
[0.2428415]
[0.24280827]
[0.24279273]
[0.24277082]
[0.242766]
[0.24274455]
[0.24272677]
[0.24272677]
[0.24271002]
[0.24269402]
[0.24266548]
[0.24266548]
[0.24266548]
[0.24266024]
[0.24264055]
[0.24263023]
[0.24251692]
[0.24249157]
[0.2424881]
[0.24247183]
[0.24240373]
[0.24240182]
[0.24239634]
[0.24239236]
[0.24239236]
[0.24237661]
[0.24237095]
[0.24236692]
[0.24235989]
[0.24235398]
[0.24232651]
[0.2423139]
[0.2423139]
[0.24230884]
[0.24223277]
[0.2422042]
[0.24219853]
[0.24217795]
[0.24216597]
[0.24215043]
[0.24212879]
[0.24211963]
[0.24206716]
[0.24205211]
[0.24201979]
[0.24200094]
[0.24200007]
[0.24199219]
[0.24199054]
[0.24196313]
[0.24191211]
[0.2418911]
[0.2418881]
[0.24182546]
[0.24178788]
[0.24171987]
[0.24171436]
[0.24170785]
[0.24168116]
[0.24165662]
[0.24164857]
[0.24164657]
[0.24162658]
[0.24161266]
[0.24161266]
[0.2416108]
[0.24160253]
[0.24160253]
[0.24157198]
[0.24154289]
[0.24154289]
[0.24154009]
[0.24150215]
[0.24145566]
[0.24145554]
[0.24143675]
[0.2414362]
[0.24141936]
[0.24139129]
[0.24138723]
[0.24133623]
[0.24131899]
[0.24120599]
[0.24120428]
[0.24117798]
[0.24115892]
[0.24115196]
[0.24112718]
[0.24112396]
[0.24109274]
[0.24109186]
[0.24106666]
[0.24102472]
[0.24101052]
[0.24097197]
[0.24092504]
[0.24091765]
[0.2408927]
[0.24088693]
[0.24087836]
[0.24085605]
[0.24084258]
[0.24081595]
[0.2407406]
[0.2407375]
[0.2407267]
[0.24072592]
[0.24072382]
[0.2407218]
[0.24069916]
[0.2406702]
[0.24063717]
[0.24062875]
[0.2405983]
[0.24059513]
[0.24057868]
[0.24057531]
[0.24057159]
[0.24056281]
[0.24055707]
[0.24053945]
[0.24050587]
[0.24050364]
[0.24048033]
[0.24047576]
[0.24045388]
[0.24044791]
[0.24044684]
[0.24043413]
[0.24039292]
[0.24034087]
[0.24034087]
[0.24028814]
[0.24028556]
[0.24028502]
[0.24027336]
[0.2402601]
[0.24024022]
[0.24021958]
[0.24018915]
[0.24016778]
[0.24014011]
[0.24013689]
[0.24011584]
[0.24010934]
[0.24010761]
[0.24010187]
[0.24009153]
[0.24008323]
[0.24002811]
[0.2400104]
[0.23998372]
[0.2399784]
[0.2399634]
[0.2399573]
[0.23994508]
[0.23993954]
[0.23991877]
[0.23986301]
[0.23985821]
[0.2398257]
[0.23981759]
[0.23980346]
[0.23971348]
[0.23966002]
[0.23964828]
[0.23961514]
[0.23959346]
[0.23959346]
[0.23959291]
[0.23959081]
[0.23949343]
[0.23944612]
[0.23942]
[0.23939526]
[0.23935436]
[0.23932119]
[0.23921187]
[0.23916742]
[0.23916511]
[0.23914167]
[0.23912182]
[0.23911946]
[0.2391094]
[0.2390956]
[0.23907025]
[0.23903003]
[0.23902655]
[0.23899688]
[0.23899496]
[0.23898588]
[0.23895518]
[0.23894724]
[0.238929]
[0.2388539]
[0.23883991]
[0.2388221]
[0.23878917]
[0.2387805]
[0.23872456]
[0.23872456]
[0.23871137]
[0.23869057]
[0.23869012]
[0.23866235]
[0.23866142]
[0.23863617]
[0.2386142]
[0.23861375]
[0.23861061]
[0.23856208]
[0.23856094]
[0.238544]
[0.23851801]
[0.2385154]
[0.23848633]
[0.2384828]
[0.23847903]
[0.23844875]
[0.23844518]
[0.23839262]
[0.2383905]
[0.23835701]
[0.23831484]
[0.23829833]
[0.23823427]
[0.23822445]
[0.23821338]
[0.23817243]
[0.23816659]
[0.23816074]
[0.23810163]
[0.2380847]
[0.23807341]
[0.23800294]
[0.23796414]
[0.23796141]
[0.23795284]
[0.2379319]
[0.23786493]
[0.23778558]
[0.2377567]
[0.23770714]
[0.23767805]
[0.23765871]
[0.23765744]
[0.23763402]
[0.23762679]
[0.23761834]
[0.2375446]
[0.23753244]
[0.23753244]
[0.23742653]
[0.23741484]
[0.23739456]
[0.23737627]
[0.23737627]
[0.23733689]
[0.2373004]
[0.2373004]
[0.2372079]
[0.23712006]
[0.23709667]
[0.23702852]
[0.23702413]
[0.23692061]
[0.23689261]
[0.23688287]
[0.23688287]
[0.23686805]
[0.23683436]
[0.23683065]
[0.23680645]
[0.23680632]
[0.23680201]
[0.23671827]
[0.23670816]
[0.23668814]
[0.23662591]
[0.23660743]
[0.23660743]
[0.23657873]
[0.23655838]
[0.23655838]
[0.23653843]
[0.23650017]
[0.23648894]
[0.23625626]
[0.23616314]
[0.23615302]
[0.23607609]
[0.23599833]
[0.2359463]
[0.2358322]
[0.23574474]
[0.23568985]
[0.23558863]
[0.23545045]
[0.23545045]
[0.23545045]
[0.2353088]
[0.23522465]
[0.23521054]
[0.23512228]
[0.23508868]
[0.23495269]
[0.23494211]
[0.23486541]
[0.23483787]
[0.2347695]
[0.23475525]
[0.23436868]
[0.23427998]
[0.23426154]
[0.23421341]
[0.23420885]
[0.23408419]
[0.23402157]
[0.23402148]
[0.2340205]
[0.2340106]
[0.2339385]
[0.23389687]
[0.23369044]
[0.23361598]
[0.23359174]
[0.2334457]
[0.23322244]
[0.23298027]
[0.2329202]
[0.23291595]
[0.23257786]
[0.23210014]
[0.23204726]
[0.23183858]
[0.23181538]
[0.23156892]
[0.23143971]
[0.23101865]
[0.23096246]
[0.23091017]
[0.23091017]
[0.23080814]
[0.23044]
[0.23027954]
[0.22998442]
[0.22998442]
[0.22998346]
[0.22977218]
[0.22965409]
[0.22868533]
[0.22720501]
