0.39886442
0.38119867
0.37056813
0.36979523
0.36813366
0.35086688
0.34899724
0.34602004
0.34563568
0.34519553
0.34229636
0.34052724
0.34051785
0.33989084
0.33837143
0.3371506
0.33508006
0.33362052
0.33242494
0.33238998
0.33173886
0.33092988
0.33077353
0.32995555
0.3299155
0.3298686
0.32795596
0.32730186
0.32723573
0.3264891
0.32566673
0.32520702
0.32442817
0.3242778
0.32392916
0.32353765
0.32353583
0.3232084
0.32303783
0.32122478
0.32118827
0.3211243
0.32079658
0.3206851
0.3197578
0.31896463
0.31804094
0.31799042
0.31716123
0.31683066
0.31641892
0.31636566
0.31611654
0.31576222
0.31566128
0.3154288
0.3152337
0.31474045
0.31458926
0.31432825
0.3141459
0.31404155
0.3139979
0.31388474
0.3137087
0.31368083
0.31236255
0.31192476
0.3115837
0.31152484
0.31127882
0.31117186
0.31111425
0.3105801
0.3105665
0.31022123
0.3091451
0.30912957
0.30899534
0.30825895
0.30737683
0.30735478
0.3073473
0.30708122
0.3065453
0.30590138
0.3057517
0.30563545
0.30559993
0.3054518
0.30525407
0.30517
0.30498958
0.3048039
0.30473936
0.3044624
0.3042161
0.30407014
0.3040526
0.30386963
0.30364355
0.3034808
0.30345565
0.30340123
0.30322003
0.3032119
0.30315822
0.30314142
0.30304825
0.30273676
0.30234748
0.30223817
0.30171213
0.30157742
0.301468
0.30137074
0.3008643
0.3003101
0.30016494
0.2999491
0.29975703
0.29970336
0.29970336
0.29935294
0.29929098
0.29917756
0.29900727
0.29900074
0.2988924
0.2988057
0.29861626
0.29845998
0.2983404
0.29828802
0.2982873
0.2980592
0.29793182
0.29790345
0.29785818
0.2977062
0.29747802
0.297164
0.29698923
0.2964294
0.29641965
0.29634368
0.29581675
0.29578215
0.295541
0.29512364
0.29508406
0.29505855
0.29477957
0.29380223
0.29370034
0.29353228
0.29315522
0.29313827
0.29311776
0.2927195
0.29271588
0.29251733
0.29217812
0.29203692
0.29202953
0.2918398
0.29176354
0.29166037
0.29165336
0.29150647
0.29150647
0.29133525
0.29127893
0.2911804
0.291113
0.29093057
0.29066792
0.2905534
0.29023474
0.2901412
0.29011917
0.29011813
0.2900195
0.2899612
0.28986928
0.2896877
0.28961027
0.28959513
0.28944808
0.28943568
0.28941858
0.28941792
0.28928927
0.2890964
0.2890853
0.28884694
0.28878623
0.28872725
0.28871074
0.2886318
0.2886318
0.2886193
0.2885955
0.2883502
0.28830117
0.28827187
0.28819874
0.28812516
0.28807825
0.28806984
0.2880674
0.28805536
0.28798604
0.28794065
0.28789195
0.28781798
0.2877346
0.28773323
0.28766102
0.28758293
0.28757954
0.2874709
0.28744525
0.28740394
0.28732052
0.28729445
0.28727335
0.2872469
0.28718397
0.28706482
0.28706333
0.28703004
0.28702927
0.28702673
0.2869685
0.2869122
0.28646836
0.2864434
0.28634343
0.2863292
0.286215
0.28606185
0.28605604
0.28605604
0.28595892
0.28586814
0.28582343
0.28581
0.28580952
0.2856972
0.28559947
0.28557318
0.28553444
0.28549302
0.2853531
0.28531954
0.28503102
0.28500524
0.28490216
0.28486955
0.28486744
0.2848502
0.28482857
0.28476763
0.2847491
0.2847416
0.28472316
0.28468606
0.2845422
0.28431168
0.28426552
0.28405833
0.28398034
0.28387386
0.28386998
0.2837425
0.28370783
0.28369537
0.28349626
0.28347474
0.28309253
0.28283894
0.28283632
0.28282654
0.2827714
0.28275186
0.2826943
0.28253856
0.28246117
0.28230795
0.28223196
0.28223196
0.28220218
0.2821423
0.28212783
0.282125
0.2819667
0.28184393
0.28184345
0.28178638
0.2817518
0.28172627
0.2816928
0.2816144
0.28160438
0.28158873
0.28145334
0.28144157
0.28123266
0.28114027
0.2810504
0.28103
0.28102803
0.2809169
0.28084764
0.28084567
0.28082213
0.28082106
0.28081697
0.28072724
0.28072536
0.2807079
0.28058428
0.28058317
0.2805031
0.2804623
0.2804369
0.2804125
0.28041074
0.28037715
0.28037107
0.28036946
0.2803475
0.28026992
0.28020853
0.28018975
0.2801543
0.2800993
0.2800211
0.2799482
0.27984747
0.27980804
0.27974874
0.2796869
0.2794645
0.27932683
0.27919486
0.27913538
0.2791214
0.27907148
0.27905032
0.27901712
0.2789936
0.27895844
0.27887866
0.27886704
0.27886054
0.27875784
0.27874544
0.27861816
0.27858835
0.2783835
0.27827293
0.27826896
0.27826276
0.2782572
0.27825353
0.27822712
0.2781114
0.27809265
0.27803442
0.27803186
0.27793056
0.27788988
0.27782577
0.27780616
0.27779397
0.2776923
0.27760378
0.2775297
0.27751777
0.2774693
0.27741903
0.2774181
0.2773973
0.2773739
0.27735338
0.27732444
0.2773105
0.27730477
0.27723902
0.27723694
0.2772244
0.27720997
0.27716073
0.27713808
0.27704185
0.27701458
0.27699593
0.2769633
0.27689403
0.2768848
0.27677864
0.2767547
0.27655336
0.2764489
0.27640787
0.2763727
0.27635592
0.27629328
0.27626988
0.27626407
0.27626148
0.27625147
0.2762382
0.27621976
0.276182
0.2761545
0.27614206
0.27613238
0.27613205
0.27609807
0.27595833
0.27595192
0.27594584
0.27590203
0.27589792
0.27588102
0.27577835
0.2757683
0.27576178
0.27575615
0.27574873
0.2756724
0.27565914
0.2756402
0.27559474
0.27558768
0.27558413
0.27555344
0.27553952
0.2755273
0.27546382
0.27543753
0.27540848
0.27540505
0.2754019
0.2753892
0.27533504
0.27528453
0.2752726
0.27526632
0.27518266
0.27512673
0.27512586
0.27499765
0.2749385
0.27492213
0.27485308
0.2748359
0.27482802
0.27481794
0.27472377
0.27467903
0.2746745
0.27465466
0.27458066
0.27448606
0.27440953
0.2743849
0.27422395
0.27420464
0.27412024
0.2739919
0.2739629
0.27392316
0.27391088
0.27390027
0.27369848
0.27369758
0.27365896
0.2736531
0.27360204
0.27358517
0.27352172
0.27342236
0.2732986
0.27316692
0.2731653
0.27315217
0.27314967
0.27313465
0.2731145
0.27306068
0.27305454
0.2730013
0.27296394
0.27295572
0.27284494
0.2727847
0.2727666
0.27274218
0.27271107
0.27264684
0.2726461
0.27255386
0.2725522
0.27253705
0.27253702
0.27249497
0.27242804
0.27240187
0.27236712
0.27225244
0.27216193
0.27214122
0.27213362
0.27213037
0.27211875
0.27207458
0.27204508
0.2720171
0.27190882
0.27190882
0.27189633
0.27188408
0.27188194
0.27181524
0.27179152
0.27177328
0.27174413
0.2717118
0.27165452
0.27164465
0.27157116
0.27156004
0.27153215
0.27152175
0.2715152
0.27150247
0.27148464
0.27146548
0.27143815
0.27143267
0.27139565
0.2713925
0.27137724
0.27137724
0.27135235
0.27134228
0.27133667
0.27131882
0.2712913
0.27115345
0.27111116
0.27108884
0.2710494
0.27098286
0.2709269
0.27092597
0.27091408
0.27089474
0.27087975
0.27087304
0.2708552
0.27084467
0.2708245
0.27076614
0.27076405
0.27072906
0.27069476
0.27068666
0.27066982
0.27066827
0.2706496
0.27062875
0.27062702
0.27061498
0.27061036
0.27059102
0.27058533
0.27052546
0.2704928
0.27046898
0.27043137
0.27041346
0.2703696
0.27034876
0.27034307
0.27030247
0.2702831
0.2702606
0.27024037
0.2701611
0.2701228
0.2701012
0.2701002
0.27004308
0.27003133
0.27000457
0.2699572
0.26991177
0.26990172
0.26987484
0.26981708
0.26979214
0.2697746
0.26975778
0.26972613
0.2697246
0.26964834
0.26961613
0.2695876
0.2695756
0.2695398
0.2694623
0.26945877
0.26942748
0.26937792
0.26934966
0.26933455
0.2693261
0.269321
0.26927647
0.26927587
0.26923844
0.26918006
0.26913592
0.26906857
0.2690562
0.26898667
0.26898322
0.26896632
0.26882613
0.26881436
0.2687929
0.26878512
0.2687784
0.2687289
0.2687268
0.26872468
0.26871067
0.26870018
0.26869112
0.2686887
0.26867113
0.2686668
0.26864746
0.2686416
0.26863846
0.26863456
0.26862222
0.26860294
0.26857477
0.26857147
0.2685686
0.2685433
0.2685428
0.26853308
0.26851907
0.26850274
0.26847288
0.26846975
0.26842344
0.2684122
0.26838917
0.26834098
0.26832035
0.26828346
0.26828277
0.2682779
0.26826233
0.26825553
0.26823735
0.26820993
0.26817542
0.2681636
0.26813713
0.26813668
0.26811612
0.26809764
0.26807508
0.26805675
0.26800352
0.2679626
0.26791844
0.26790175
0.26790175
0.26785633
0.26784885
0.26783362
0.26777983
0.26777744
0.26774532
0.26769674
0.2676866
0.26764685
0.2676462
0.26762763
0.26762632
0.26754078
0.26752323
0.26750925
0.26750287
0.2675005
0.2674791
0.2674764
0.2674764
0.26743484
0.2673798
0.26736155
0.2673248
0.2673192
0.26730758
0.26730758
0.26728886
0.26727027
0.26718652
0.26717556
0.26716322
0.26710063
0.26708806
0.26704845
0.2670223
0.2670011
0.26698148
0.26692852
0.26691714
0.26689008
0.26686865
0.26685482
0.26685482
0.266851
0.2667892
0.26678246
0.26675203
0.2667212
0.2667212
0.26670665
0.26669496
0.26667228
0.26667085
0.26662138
0.2665997
0.26656392
0.26656392
0.26655227
0.26651883
0.26651078
0.26649952
0.26649305
0.26647756
0.26646793
0.26636282
0.26630428
0.26626292
0.26624882
0.26623875
0.26619178
0.2661825
0.26616132
0.26611024
0.26609936
0.2660835
0.2660245
0.26601094
0.26600367
0.26598856
0.2659884
0.26597953
0.2659381
0.26592663
0.2658868
0.2658519
0.26582333
0.2657939
0.2657701
0.26575926
0.26573667
0.26572698
0.26570055
0.26569894
0.26565495
0.26562172
0.26561502
0.26560688
0.26558846
0.26554066
0.265538
0.26551968
0.265519
0.2655088
0.26550657
0.26542455
0.2654176
0.26541314
0.26538035
0.26536864
0.26536378
0.2653579
0.26535633
0.26534083
0.2653311
0.26524982
0.26524308
0.2651958
0.26518488
0.26518065
0.26515135
0.26514623
0.26510933
0.26510254
0.26510185
0.26510185
0.26505134
0.26499677
0.26498106
0.26496926
0.26496387
0.2649549
0.26493955
0.26493135
0.26492217
0.26488057
0.26488003
0.26485795
0.26483944
0.26481837
0.26481384
0.26481122
0.26479486
0.2647884
0.26475865
0.26475382
0.26475
0.26474425
0.26472113
0.26472062
0.26471582
0.26468244
0.2646773
0.26460895
0.26460513
0.26458463
0.26456717
0.2645545
0.26454693
0.26453647
0.26449338
0.26448885
0.26448607
0.26446933
0.26444647
0.26444364
0.2644017
0.26439974
0.26436684
0.2643382
0.2643129
0.2643095
0.2642593
0.26420957
0.2641998
0.26419112
0.26411363
0.26411015
0.26409602
0.26408178
0.26408142
0.2640594
0.26402432
0.26401463
0.26399648
0.26397175
0.2639531
0.2639229
0.263892
0.26388037
0.26387772
0.2638307
0.26383018
0.26382694
0.26378423
0.26378006
0.26376817
0.26376203
0.26372686
0.26367897
0.26367188
0.26367134
0.26365086
0.26365006
0.2635509
0.26354614
0.26347104
0.26347017
0.26346317
0.2634591
0.26345703
0.26344457
0.2634117
0.2633789
0.26337522
0.26324445
0.2632419
0.26318946
0.26317143
0.2631646
0.2631519
0.26311466
0.26310575
0.26310438
0.26306042
0.26301262
0.26296598
0.26294002
0.26293364
0.26291654
0.26289502
0.26287863
0.26285276
0.26284155
0.26282245
0.26280794
0.26278996
0.26277393
0.26276907
0.26276386
0.26275948
0.26274207
0.26268774
0.26266968
0.26265073
0.26258793
0.26256126
0.26251128
0.26248962
0.2624797
0.2624781
0.26247567
0.26246735
0.26245514
0.2624454
0.26243365
0.26240703
0.26239443
0.26236355
0.26226184
0.26224238
0.2622328
0.26219898
0.2621541
0.2621086
0.2620934
0.26206478
0.26206023
0.2620187
0.26201653
0.26201266
0.26197448
0.26197392
0.26196223
0.26194772
0.26194423
0.26194087
0.2619309
0.2618992
0.26189184
0.26188245
0.26180908
0.26180828
0.2618015
0.2617734
0.26176077
0.2617594
0.26175487
0.26172435
0.26165625
0.26165193
0.26164564
0.26163337
0.26158008
0.26157585
0.26155144
0.2615436
0.26152506
0.26151705
0.26151463
0.26148397
0.26146376
0.26145983
0.26145196
0.26145107
0.26142862
0.26140913
0.26137254
0.2613674
0.2613566
0.2613565
0.26134884
0.26134247
0.2613279
0.26131493
0.2613027
0.26130268
0.2612896
0.26127556
0.26126772
0.26124874
0.26123232
0.26119137
0.26116773
0.2611542
0.26111656
0.26111105
0.26110002
0.26104483
0.26102883
0.26102883
0.26099247
0.26099223
0.26097503
0.26097098
0.26095486
0.26091793
0.2609029
0.2608847
0.26086926
0.26086277
0.26084495
0.26082715
0.2608238
0.26082245
0.26081747
0.2608134
0.26080945
0.26077887
0.26077655
0.26075208
0.26072037
0.26068658
0.26066887
0.26066777
0.26064995
0.26064733
0.26060134
0.26059714
0.26058486
0.26050022
0.2604977
0.2604274
0.26042467
0.26041347
0.26039252
0.26035544
0.2603464
0.26034325
0.2603318
0.26032603
0.2603071
0.26023853
0.2602291
0.26022875
0.26020688
0.26019427
0.26018006
0.26016784
0.26016784
0.2601503
0.26013425
0.26012412
0.26008198
0.2600687
0.26005915
0.26005772
0.26005772
0.2600471
0.26001722
0.25997958
0.25993943
0.25993943
0.25993437
0.2599313
0.25991106
0.2599085
0.2599046
0.25989267
0.2598863
0.25986227
0.25984436
0.25984073
0.2598184
0.25978553
0.2597705
0.25976387
0.25966802
0.25964612
0.25962716
0.25961992
0.25960863
0.25954348
0.25954044
0.25952038
0.25951096
0.25951096
0.25950113
0.25945207
0.25944912
0.259438
0.2594121
0.25939924
0.25935718
0.25935706
0.25935072
0.2593198
0.25931582
0.25931573
0.25929776
0.25929776
0.2592835
0.2592663
0.2592595
0.25925356
0.25923273
0.25918454
0.25917575
0.2591633
0.25914302
0.2591336
0.25911853
0.25911254
0.2591002
0.25909963
0.25908336
0.25907558
0.2590504
0.2590353
0.25900555
0.2589866
0.2589763
0.25896648
0.2589366
0.25891694
0.25889993
0.25889656
0.2588684
0.25886792
0.2588673
0.25886208
0.25885698
0.25885046
0.2588111
0.2587739
0.25873885
0.25872466
0.258709
0.25865775
0.25865775
0.258651
0.2586206
0.25858435
0.2585596
0.25855836
0.2585459
0.25853476
0.25853467
0.25851592
0.25848758
0.25848424
0.2584642
0.25844765
0.2584424
0.25842458
0.25842458
0.25839886
0.25839615
0.25839594
0.25838524
0.2583796
0.2583674
0.2583536
0.2583082
0.25829133
0.25828058
0.258265
0.25825116
0.2582485
0.25822875
0.2582243
0.25820106
0.25819862
0.25819302
0.25817746
0.25815275
0.25813472
0.25809628
0.25805306
0.2580472
0.2580458
0.25801414
0.25801107
0.25801107
0.25801098
0.25800318
0.2579933
0.2579902
0.25797883
0.25797856
0.2579722
0.25796717
0.25794867
0.25794753
0.25794563
0.25792715
0.2579259
0.25792065
0.25789773
0.2578835
0.25786567
0.25786275
0.25781193
0.2577918
0.25777087
0.25775692
0.25774643
0.25774226
0.2577006
0.25768778
0.25767764
0.25761074
0.2576082
0.25754076
0.25754052
0.25749758
0.25745234
0.2574483
0.25742486
0.2574248
0.25741822
0.25740615
0.25740173
0.25737965
0.25737604
0.25737005
0.2573664
0.25736603
0.25731996
0.2573066
0.2572986
0.25729772
0.2572652
0.25724295
0.2572358
0.2572308
0.25722438
0.2572222
0.25722173
0.2571819
0.25718135
0.25715116
0.25713083
0.2571297
0.2571042
0.25703052
0.25701025
0.25700733
0.25700516
0.25699204
0.2569796
0.25690532
0.25686488
0.2568469
0.25682262
0.25681505
0.25681505
0.25680155
0.25679076
0.25678033
0.25677562
0.25676182
0.25673488
0.25673294
0.25669566
0.25669172
0.25668752
0.25667605
0.25666916
0.256663
0.25663608
0.25663427
0.25663015
0.25661275
0.25661153
0.25660226
0.256586
0.25656953
0.25656694
0.2565669
0.25656635
0.2565361
0.2565247
0.25649157
0.25646347
0.2564616
0.2564593
0.2564334
0.25643182
0.25642323
0.25642037
0.25638917
0.25636315
0.25636193
0.25635403
0.2562543
0.25624937
0.2562089
0.2562026
0.25617424
0.25617313
0.25615972
0.25615147
0.25611427
0.2561017
0.25608665
0.2560853
0.25604725
0.25603735
0.256036
0.25602105
0.25601327
0.25601026
0.25600988
0.25599676
0.2559707
0.2559702
0.255967
0.25596324
0.25596315
0.25594285
0.25592571
0.25591862
0.25591075
0.2558739
0.25587127
0.2558651
0.25583866
0.25583625
0.25581357
0.2558031
0.25579268
0.25576437
0.25574216
0.25572988
0.2556976
0.25569448
0.25567546
0.25566563
0.25566244
0.25564218
0.25558317
0.25557095
0.25555718
0.25552893
0.2555254
0.2555168
0.2555105
0.25549677
0.25548804
0.2554757
0.25545374
0.25543523
0.25543377
0.25542358
0.2554067
0.25539592
0.25539127
0.25536582
0.2553549
0.25535
0.25534818
0.2553341
0.25532398
0.25530255
0.25521386
0.25521237
0.25520727
0.25520664
0.25517616
0.25517598
0.2551276
0.25511724
0.25508898
0.25507322
0.255052
0.25502178
0.25501758
0.25499752
0.25498733
0.254973
0.2549679
0.25495815
0.25495708
0.2549306
0.25492173
0.25488755
0.25488666
0.25488633
0.25488117
0.25486976
0.2548651
0.25484034
0.25483623
0.2548283
0.25482616
0.25479934
0.25479305
0.2547857
0.25477085
0.25476885
0.25476685
0.25475636
0.25474486
0.2547139
0.25470454
0.25470454
0.2547025
0.25469255
0.25467864
0.25467864
0.2546663
0.2546589
0.2546227
0.2546167
0.25461215
0.25459656
0.2545949
0.2545921
0.25457945
0.25455365
0.25451866
0.25451353
0.25450897
0.25450867
0.25450492
0.2544843
0.2544218
0.25442162
0.25441915
0.25438386
0.2543769
0.25436336
0.25435847
0.2543313
0.25431934
0.25429013
0.25428173
0.25427735
0.25427553
0.254266
0.25424016
0.25423425
0.25422865
0.2542241
0.2542154
0.25421327
0.25421098
0.25419444
0.25419182
0.25417855
0.25417492
0.25416374
0.25416058
0.25414702
0.2541386
0.25413352
0.25412673
0.25412673
0.25412506
0.25412127
0.254094
0.2540887
0.25408635
0.2540329
0.25402224
0.25401616
0.2540015
0.25397256
0.25396547
0.25396353
0.2539412
0.25392663
0.25390086
0.2538978
0.25384372
0.253829
0.25379512
0.25379065
0.25379005
0.25378427
0.25377965
0.25377265
0.25376588
0.25374088
0.25371563
0.2537117
0.25368428
0.25368297
0.25365666
0.25364974
0.25362802
0.2536163
0.25360584
0.2535931
0.25358853
0.25357988
0.25355595
0.2535346
0.25353178
0.2534832
0.25346506
0.25343907
0.253409
0.25339735
0.2533624
0.25332162
0.25331506
0.25328663
0.2532734
0.25326502
0.25325546
0.25324503
0.25322264
0.25318944
0.2531886
0.25317264
0.25313857
0.25311244
0.2531025
0.25310218
0.25310206
0.25306892
0.25306588
0.25303826
0.25302196
0.25301096
0.25300837
0.25297427
0.25297296
0.2529484
0.2529258
0.25288805
0.252864
0.25286078
0.25285614
0.25285065
0.25284398
0.2528419
0.25283012
0.2528163
0.25281549
0.2528038
0.252781
0.25275844
0.25274065
0.25270733
0.25269493
0.25263304
0.25261652
0.25257555
0.25256023
0.25255772
0.25255224
0.2525229
0.2525229
0.25251526
0.25251395
0.25251395
0.25247106
0.25245106
0.25244582
0.25242618
0.2524213
0.25240344
0.25238895
0.2523865
0.25237983
0.2523756
0.25236002
0.2523557
0.252354
0.2523318
0.252331
0.2523282
0.25230643
0.2523045
0.25230262
0.25230232
0.25229037
0.25228065
0.25227258
0.25219995
0.25218174
0.25217375
0.25216198
0.25215948
0.25213477
0.25211594
0.25210032
0.25209007
0.25209
0.25206062
0.25201464
0.25201362
0.2520002
0.25198936
0.2519731
0.2519658
0.25194415
0.25194094
0.25194058
0.2519361
0.25191554
0.25191474
0.2519023
0.25190103
0.25189933
0.25189772
0.25187188
0.25186446
0.25186053
0.25185746
0.25185204
0.2518473
0.25184682
0.25184014
0.25184014
0.2518278
0.25182423
0.25181642
0.25181434
0.25179687
0.25177112
0.25176972
0.25176892
0.25175753
0.25175336
0.25175112
0.25173318
0.25172612
0.25171766
0.25170377
0.2516936
0.2516855
0.25167856
0.25166643
0.2516539
0.25165382
0.25164625
0.25164568
0.251645
0.2516227
0.2516215
0.25161716
0.25161058
0.25160393
0.25158834
0.25158516
0.25157344
0.25157115
0.25155276
0.25155002
0.2515346
0.25150916
0.25150752
0.25146264
0.25144523
0.25143453
0.2514234
0.25142118
0.25141788
0.25140825
0.25140178
0.25139314
0.25134557
0.25134084
0.25131792
0.25128487
0.25127375
0.25124246
0.25123298
0.251229
0.25122243
0.25120848
0.25120488
0.2511978
0.25118652
0.25117368
0.25116882
0.25115728
0.25114343
0.25113976
0.25113237
0.25111845
0.2511166
0.25110418
0.25110027
0.25109783
0.25109005
0.25106707
0.25106654
0.25104052
0.25103682
0.2510347
0.2510297
0.25102344
0.25101835
0.25097826
0.2509738
0.2509645
0.25093126
0.25092307
0.25091526
0.25091347
0.25090185
0.2508752
0.250852
0.2508506
0.25081542
0.25081238
0.25081012
0.25079075
0.25078583
0.25078434
0.25078255
0.25077018
0.2507601
0.25071737
0.25071388
0.2507056
0.25070485
0.25070256
0.25066343
0.2506377
0.25063026
0.25062862
0.25062642
0.25062498
0.2506186
0.25055915
0.2505569
0.25055593
0.25053987
0.25051966
0.25051475
0.25051168
0.2505099
0.25050092
0.25044468
0.25042814
0.2504191
0.25040516
0.25038972
0.25037035
0.25037026
0.25036266
0.25035658
0.25034964
0.25034106
0.2503302
0.25028366
0.250253
0.25024864
0.2502393
0.25019473
0.25015187
0.2501384
0.25012407
0.25012037
0.2501155
0.2501137
0.2501069
0.25010613
0.25008705
0.250087
0.2500823
0.2500769
0.25007042
0.2500357
0.2500357
0.25000036
0.24997944
0.24995355
0.24994273
0.24992944
0.24992742
0.2499161
0.24991196
0.24990836
0.24990128
0.24989788
0.24989255
0.2498798
0.24986897
0.24986787
0.24986158
0.2498545
0.24982777
0.24982285
0.24982265
0.24980283
0.24977562
0.24976091
0.24974379
0.24973743
0.24973495
0.24971797
0.24971776
0.2496784
0.24967085
0.24966295
0.24965002
0.24964853
0.24964745
0.24964535
0.24964081
0.24964072
0.24963522
0.2496291
0.24960761
0.24960318
0.24960318
0.24960147
0.24958798
0.24958171
0.2495619
0.24954438
0.24953867
0.24953316
0.24951991
0.24951656
0.2495124
0.24951047
0.24949804
0.24946079
0.24943028
0.24939819
0.2493954
0.24939036
0.24938384
0.2493592
0.2493555
0.249334
0.24933296
0.2493312
0.2493276
0.24930546
0.2492915
0.24928948
0.24928445
0.24927327
0.24927075
0.24926385
0.24924317
0.24924263
0.24923933
0.2492379
0.24922499
0.24922223
0.2492156
0.2492156
0.24921183
0.24919797
0.24919368
0.24919309
0.24918252
0.24916998
0.24916644
0.24914439
0.24913676
0.24910131
0.24908309
0.24908225
0.24906006
0.24905664
0.24905536
0.24904877
0.24904566
0.2490425
0.24904019
0.24902405
0.2490166
0.2490069
0.24899188
0.24898909
0.24896841
0.24896687
0.24894278
0.24894217
0.2489356
0.24891397
0.24891368
0.24891193
0.2489109
0.2489109
0.24888653
0.2488784
0.24887356
0.24886273
0.24885617
0.24885328
0.24883842
0.24883491
0.2488232
0.24881758
0.24880786
0.2488063
0.24880256
0.24880256
0.24879615
0.24879326
0.2487834
0.24877508
0.24875483
0.24875483
0.2487373
0.24871878
0.24871442
0.24871388
0.24869327
0.24868587
0.24866882
0.24866623
0.2486642
0.24865653
0.24864013
0.24863604
0.24863528
0.24862121
0.24859837
0.24859165
0.24858081
0.24856411
0.24855606
0.24855094
0.24850422
0.24850199
0.24849424
0.24848838
0.2484703
0.24846494
0.24845247
0.24841447
0.24840964
0.24840547
0.2483998
0.24839944
0.24836549
0.24833067
0.24832332
0.24830556
0.24827534
0.24826984
0.24824418
0.24822833
0.24822362
0.2482107
0.24820708
0.24819471
0.24819353
0.24819277
0.24817239
0.24816921
0.24816488
0.24812703
0.24810651
0.24810481
0.24810427
0.24810427
0.24810085
0.2480984
0.2480974
0.24808502
0.24804376
0.24804324
0.24801108
0.24799871
0.24799351
0.24799351
0.2479616
0.24795854
0.24793585
0.2479125
0.24790156
0.2478874
0.24788679
0.24781515
0.24779336
0.24779336
0.24777117
0.24776866
0.24776608
0.24773048
0.24773026
0.24772364
0.24770461
0.24769467
0.24767908
0.24767761
0.24767317
0.24765202
0.24764267
0.24763252
0.24763167
0.24762416
0.24760559
0.24760453
0.24760371
0.24758612
0.2475825
0.24756765
0.24755631
0.2475479
0.24753901
0.2475294
0.24751313
0.2475079
0.24750012
0.24750012
0.24749297
0.24748684
0.24748339
0.24745849
0.24743965
0.24743004
0.24742949
0.24742879
0.24742374
0.24741668
0.247413
0.24741156
0.24738312
0.24738017
0.24734609
0.24734588
0.24733675
0.2473348
0.24730058
0.24728356
0.24728356
0.24725078
0.24724537
0.24721937
0.24721415
0.24721389
0.24721171
0.24720381
0.24719705
0.24719547
0.24718924
0.24718656
0.24717933
0.2471739
0.24716724
0.24716218
0.24715969
0.24714164
0.24713668
0.24709405
0.2470938
0.24708384
0.24707979
0.24707505
0.2470708
0.2470597
0.24704207
0.24702613
0.24700442
0.24698342
0.24698342
0.24694668
0.24694043
0.24693014
0.24692482
0.24690177
0.2468988
0.2468966
0.24689369
0.24688846
0.24687645
0.2468759
0.2468682
0.24686165
0.2468543
0.24685352
0.24685323
0.24683806
0.24681331
0.24680227
0.24680214
0.24678628
0.24678528
0.24678232
0.24676774
0.24676685
0.24676615
0.24675785
0.24675675
0.24675639
0.24673718
0.24670656
0.24669605
0.24669555
0.24669282
0.24666828
0.2466142
0.24660411
0.24659774
0.24659762
0.24658881
0.24658069
0.24657348
0.2465499
0.24654868
0.24654868
0.24654868
0.24653405
0.24651533
0.24651015
0.24648844
0.24644957
0.24644688
0.2464423
0.24643132
0.24642721
0.24642672
0.24642046
0.24641232
0.24640504
0.24639168
0.24638462
0.24637999
0.24636228
0.24636158
0.24635771
0.24633305
0.24633218
0.24632865
0.24632697
0.24631427
0.24631424
0.24630818
0.24630667
0.24629626
0.24629347
0.24628606
0.24627002
0.24625249
0.24624847
0.2462453
0.2462357
0.24623303
0.24621795
0.24621621
0.24620326
0.24617939
0.24617673
0.24616419
0.24616216
0.24615078
0.24612753
0.24611254
0.24610378
0.2460977
0.24609561
0.24609518
0.24607182
0.24606082
0.24605456
0.24604055
0.24603328
0.24599986
0.24598272
0.24597435
0.245967
0.2459617
0.24595597
0.2459543
0.24595419
0.2459499
0.24594715
0.24591747
0.24590032
0.2459002
0.24589962
0.24588348
0.24587697
0.24585192
0.24584739
0.24584273
0.24582563
0.24581523
0.24580592
0.24577282
0.24576534
0.24574864
0.24570918
0.24568634
0.24566095
0.24565835
0.24565244
0.24564311
0.24563344
0.24563143
0.24563065
0.24562395
0.2456198
0.24561808
0.24561808
0.245616
0.24561137
0.2456087
0.24559449
0.24558385
0.24558301
0.24557741
0.24556686
0.24555205
0.24553704
0.24553704
0.24552684
0.24551111
0.24550283
0.2454922
0.24548778
0.24547948
0.24547859
0.24546318
0.24544244
0.24544038
0.24543707
0.24541429
0.24539477
0.24539223
0.24538724
0.24537966
0.24537179
0.24537088
0.24536626
0.24536611
0.24534842
0.24532034
0.24530624
0.24530251
0.24530153
0.24529746
0.24529545
0.24529324
0.24529092
0.24528782
0.24528019
0.2452631
0.24524066
0.24522552
0.24522337
0.24521968
0.24520361
0.2452025
0.24520035
0.24519393
0.24519101
0.2451853
0.24518251
0.2451812
0.24517833
0.24516097
0.24515945
0.24515672
0.24515629
0.24514355
0.24513455
0.24512738
0.24512431
0.24510695
0.2451003
0.24507633
0.24506585
0.24505992
0.2450442
0.24503498
0.24503498
0.24503034
0.24502528
0.24502394
0.24501437
0.24501057
0.244996
0.24499059
0.24495707
0.24495436
0.24494998
0.24493316
0.24492492
0.24492283
0.24492203
0.2449188
0.24491344
0.2449003
0.24490015
0.24489163
0.24486063
0.24483044
0.24481079
0.2448087
0.24480607
0.24479426
0.24477993
0.24477486
0.24475758
0.24475713
0.24475352
0.24474935
0.24474898
0.24472255
0.24470647
0.24470407
0.24470143
0.24466078
0.24465445
0.24464805
0.24464631
0.24463989
0.24463134
0.24463025
0.24462974
0.24462672
0.24460611
0.24459198
0.24458243
0.24457672
0.24456477
0.24454986
0.2445374
0.24453668
0.24453565
0.24453156
0.24452375
0.24452163
0.24451196
0.24447317
0.24444441
0.24440157
0.24439882
0.24438754
0.24438025
0.24434417
0.24433395
0.24429195
0.2442683
0.24426524
0.24424762
0.24424762
0.24424562
0.2442401
0.24423829
0.24421957
0.24420609
0.24419428
0.24418859
0.24418704
0.24417993
0.24417086
0.24416663
0.24415806
0.24414872
0.24413115
0.2441292
0.24411818
0.24410264
0.24410264
0.24408998
0.24408625
0.24407461
0.2440733
0.24406938
0.24406277
0.2440624
0.2440624
0.24406129
0.2440575
0.24404848
0.24404126
0.24403593
0.24402525
0.2440121
0.24398434
0.2439662
0.24395667
0.2439424
0.24393976
0.24393901
0.24392031
0.24389572
0.24389566
0.24389231
0.24386549
0.24386474
0.24386135
0.24384809
0.24383521
0.24383144
0.2438127
0.24380301
0.24378401
0.2437828
0.24377906
0.24377716
0.24376716
0.24374007
0.24373718
0.24373004
0.24372141
0.24372132
0.24369776
0.2436966
0.2436966
0.2436878
0.24367414
0.24366766
0.24366568
0.24365786
0.24365005
0.24364479
0.2436437
0.24362831
0.24362786
0.2436199
0.24361175
0.2436001
0.24359158
0.2435774
0.2435677
0.24355039
0.24354388
0.243532
0.243532
0.24351001
0.24344516
0.24343894
0.24342611
0.2434152
0.24341413
0.24340363
0.24338834
0.2433869
0.24338232
0.24336459
0.24336182
0.24333732
0.24332392
0.24331868
0.24331588
0.24330056
0.24330021
0.24327707
0.24327108
0.24326792
0.2432668
0.2432668
0.2432663
0.24326085
0.2432532
0.24322781
0.24322288
0.24321024
0.24321
0.24321
0.24319571
0.24319007
0.2431612
0.24314936
0.24314614
0.24314544
0.24314427
0.24314287
0.24313568
0.24313408
0.24312843
0.2431247
0.24311818
0.24311091
0.24310392
0.24310392
0.24308628
0.24307312
0.24306312
0.24306138
0.24305749
0.24304171
0.24304067
0.24303684
0.24302329
0.24302155
0.24301273
0.24297296
0.24296188
0.24294846
0.24293467
0.24289717
0.24286889
0.2428496
0.24284218
0.24282792
0.24282387
0.24282244
0.24282229
0.24280976
0.24280614
0.24280393
0.24280316
0.24278204
0.24278204
0.24274455
0.24273677
0.24272399
0.24272335
0.24272278
0.24271329
0.24268211
0.24267133
0.24266672
0.24266104
0.24264567
0.24264196
0.24263828
0.24262303
0.24257845
0.24257775
0.24257702
0.24254975
0.24254194
0.24252045
0.24251889
0.24251457
0.24250293
0.24248712
0.24247704
0.24246858
0.24246629
0.24245153
0.2424424
0.24243753
0.24241967
0.24241382
0.24241376
0.24241133
0.24239017
0.24236712
0.24236253
0.24234368
0.24234009
0.24233206
0.2423118
0.24229193
0.2422907
0.24228096
0.24227348
0.24225792
0.24224693
0.24223675
0.24215068
0.24214783
0.24214634
0.24212962
0.2421233
0.24210815
0.24206911
0.24206191
0.24205297
0.24204534
0.24204154
0.24203707
0.2420326
0.24201056
0.24200803
0.24200523
0.2419734
0.24196848
0.24196254
0.24194771
0.24192673
0.24192427
0.24189073
0.2418881
0.24188344
0.24186629
0.2418623
0.24185708
0.2418461
0.24184242
0.24182764
0.24182133
0.24181592
0.24180843
0.24178074
0.24177974
0.24177094
0.24176525
0.24172841
0.24172679
0.24171688
0.2417141
0.24170779
0.24168353
0.2416728
0.2416586
0.24165747
0.24164298
0.24163254
0.24162965
0.24162766
0.24162655
0.24157982
0.2415466
0.24154465
0.2415425
0.24153817
0.24153274
0.2415313
0.24152529
0.24152385
0.2415224
0.24151044
0.24149391
0.2414931
0.24148852
0.24148248
0.24148013
0.24147862
0.24144123
0.24144086
0.24143665
0.24143665
0.24142972
0.24142739
0.2414196
0.24140568
0.24137361
0.24136451
0.24134667
0.24133156
0.24132854
0.24129352
0.24128284
0.24126272
0.24125507
0.2412086
0.24120006
0.24119756
0.24119756
0.24119756
0.24118368
0.24118008
0.241166
0.2411639
0.24115965
0.24115804
0.24115804
0.2411508
0.24114315
0.2410959
0.24108723
0.24108116
0.24107939
0.24105766
0.24105735
0.24105631
0.24105063
0.24104477
0.24103001
0.24101993
0.24100256
0.24098533
0.2409845
0.2409845
0.2409812
0.24097517
0.24095674
0.24095523
0.24094583
0.24092376
0.24089673
0.24089557
0.24089037
0.24087974
0.24085025
0.2408217
0.24081285
0.2408102
0.24078228
0.24076912
0.2407677
0.2407417
0.24074137
0.24074137
0.24073242
0.24073203
0.24071887
0.2407178
0.24071619
0.24069522
0.24068026
0.2406657
0.24066503
0.24066263
0.24065988
0.24065416
0.24064933
0.2406461
0.24064463
0.24064386
0.24063797
0.24063091
0.24060415
0.24060391
0.24059899
0.2405906
0.24057649
0.240571
0.24056734
0.24054182
0.24052145
0.24052112
0.24052112
0.24051175
0.24051172
0.24050848
0.24050835
0.24049914
0.24049067
0.2404864
0.24048615
0.24048226
0.24046014
0.24044953
0.24043214
0.2404164
0.24040689
0.24037758
0.24037462
0.24036512
0.24036077
0.24035928
0.24035357
0.24034233
0.2403395
0.2403395
0.2403381
0.24032573
0.24031298
0.24030268
0.24028982
0.24027683
0.24026813
0.24023764
0.24022673
0.24022461
0.24022079
0.2402173
0.24020956
0.24019344
0.24019344
0.2401914
0.24014573
0.24013728
0.24013409
0.2401308
0.24010319
0.24009693
0.24007504
0.24006829
0.24006455
0.24005423
0.24004619
0.24003877
0.24002028
0.24001923
0.24001382
0.2400047
0.23996769
0.23996717
0.23996593
0.23993292
0.23993012
0.23985828
0.2398488
0.23982853
0.23982756
0.23982471
0.23981796
0.23980494
0.23980428
0.23979443
0.23978402
0.23977596
0.2397738
0.23975675
0.23975469
0.23975235
0.23974875
0.23974444
0.23974334
0.23973559
0.23973134
0.23971854
0.23970914
0.23970169
0.23969585
0.23965885
0.23965774
0.2396548
0.23964973
0.23963217
0.23962913
0.23961419
0.23961043
0.23960994
0.23960797
0.23959696
0.2395896
0.23958947
0.23958607
0.23958093
0.23956758
0.23955993
0.23955542
0.23954839
0.23954576
0.23953348
0.23951887
0.23950459
0.23949297
0.2394843
0.23947604
0.23945072
0.23944487
0.2394395
0.23943642
0.23943615
0.2394341
0.23942617
0.23939714
0.23939592
0.23938888
0.23938619
0.23938186
0.23937917
0.23936751
0.23936741
0.23936544
0.23934908
0.23932758
0.23929432
0.23924294
0.23922892
0.23922357
0.23922248
0.23920666
0.23918483
0.23917392
0.2391431
0.2391431
0.23913819
0.23913606
0.2391252
0.23911667
0.23911646
0.23911199
0.23910983
0.23909912
0.23908511
0.23905459
0.23905447
0.23905396
0.239052
0.23904361
0.23904125
0.23903687
0.23903652
0.23903362
0.23903319
0.23903151
0.2390099
0.23899542
0.23899312
0.23899272
0.23897773
0.2389437
0.2389437
0.23892713
0.23891349
0.23889561
0.23888347
0.2388752
0.23883578
0.23882903
0.23882659
0.23881775
0.23878759
0.23876959
0.23876959
0.2387678
0.23874871
0.23874643
0.23874643
0.2387404
0.2387372
0.23872015
0.23869567
0.23868556
0.2386756
0.2386756
0.23864631
0.23864053
0.23863617
0.23863402
0.2386074
0.23859489
0.23859489
0.23859462
0.23857842
0.23857804
0.23857734
0.23856793
0.23855461
0.23855232
0.23853765
0.23851544
0.23850521
0.23850264
0.2384904
0.23848835
0.23848492
0.23848297
0.23846638
0.23846503
0.23846503
0.23845854
0.2384506
0.23844843
0.23844756
0.23844208
0.23843883
0.23843665
0.23842804
0.23840511
0.23840326
0.23840213
0.23839831
0.23839048
0.23837157
0.23836051
0.23835309
0.2383469
0.23833743
0.23833488
0.2383319
0.23832875
0.23830974
0.23830901
0.23829499
0.23828445
0.23827742
0.2382445
0.23821473
0.23821473
0.23821293
0.2382064
0.23820397
0.2381928
0.23818173
0.23818173
0.23817772
0.23817466
0.2381523
0.23814616
0.23814121
0.23814078
0.23813502
0.23812614
0.23812498
0.23812358
0.23811877
0.23810677
0.2381025
0.23808497
0.23807141
0.23806427
0.23805946
0.23805135
0.2380261
0.23800918
0.23799852
0.237997
0.23799579
0.23799
0.23797847
0.23797402
0.2379669
0.23796049
0.23794898
0.23794883
0.23793806
0.23793177
0.23789921
0.2378953
0.23786862
0.2378309
0.23779914
0.23779695
0.23778798
0.23778252
0.23777932
0.23777746
0.23775484
0.23775373
0.23775037
0.23775002
0.23774773
0.23774527
0.23774184
0.23773117
0.23770483
0.2377044
0.23767583
0.23767106
0.23765887
0.23764898
0.2376325
0.23761924
0.23761731
0.23759875
0.23756446
0.23755573
0.23752148
0.23750284
0.23749208
0.23748663
0.23747928
0.23745438
0.23744057
0.23743793
0.2374296
0.23742527
0.2374045
0.23738606
0.23738192
0.23738001
0.23737517
0.2373657
0.23734976
0.23732935
0.23731278
0.23729621
0.2372957
0.23729001
0.23728563
0.23727484
0.23727484
0.2372715
0.23726434
0.23724322
0.23723944
0.23723482
0.23722038
0.23720151
0.23720084
0.23716217
0.23715922
0.23714857
0.23712848
0.2371224
0.23711029
0.23708318
0.23707455
0.2370714
0.23706003
0.23705636
0.23705287
0.237052
0.23704763
0.23704256
0.23702554
0.23702534
0.23701207
0.23701046
0.23700657
0.23699744
0.23698084
0.23697345
0.23693743
0.23693635
0.23693591
0.23692352
0.23690236
0.23689136
0.23689063
0.23689063
0.23688953
0.23688246
0.23687944
0.23687936
0.23687287
0.23686604
0.2368635
0.23685253
0.23684777
0.23684585
0.23684488
0.23681316
0.23677982
0.23677664
0.23676977
0.23676403
0.23675197
0.23673847
0.23672597
0.23668686
0.23668423
0.23668306
0.23668279
0.23668279
0.23666628
0.23666303
0.23666024
0.23665059
0.23663957
0.23663269
0.2366226
0.23660392
0.23656584
0.23652533
0.23650262
0.23649056
0.2364862
0.23648103
0.23646198
0.23645371
0.23645206
0.23642252
0.23642045
0.23641944
0.23641667
0.23639937
0.23639743
0.23639277
0.23638666
0.23637342
0.23637217
0.23636639
0.23635247
0.2363249
0.23631702
0.23631296
0.23631053
0.23630542
0.23630388
0.23629573
0.23629285
0.23628679
0.2362711
0.2362711
0.23625979
0.23624614
0.23624268
0.23623307
0.23622078
0.23621194
0.23620957
0.236203
0.23617369
0.2361685
0.2361463
0.23612699
0.23612328
0.23612306
0.23611243
0.23609962
0.23609887
0.23606746
0.2360641
0.23605624
0.23605447
0.23603173
0.23602562
0.2359712
0.23596312
0.23594645
0.23594157
0.23593459
0.23593211
0.23591909
0.23590969
0.2359
0.23588827
0.23588806
0.23588541
0.23588021
0.23587793
0.2358766
0.23587337
0.23585097
0.23580675
0.23580675
0.23580393
0.23580137
0.2357848
0.23576745
0.2357412
0.23572843
0.23570184
0.23568775
0.23566587
0.23565291
0.23564579
0.23564485
0.23564355
0.23563892
0.235625
0.23562033
0.23560847
0.23559678
0.2355921
0.23559153
0.23558705
0.2355844
0.23557833
0.23556793
0.23556532
0.23555352
0.23554496
0.2355294
0.23552045
0.23552045
0.2355182
0.23550339
0.2354555
0.23544942
0.23542508
0.23541316
0.23539454
0.23539342
0.23538047
0.2353707
0.23536143
0.23535876
0.23534967
0.23534815
0.23534584
0.23534584
0.23530284
0.2352817
0.2352599
0.23523389
0.23522165
0.23520882
0.23517433
0.23517005
0.23516755
0.2351632
0.2351556
0.2351391
0.23513506
0.23512234
0.23510154
0.23510109
0.23510109
0.23508453
0.2350562
0.23504351
0.23503132
0.23500203
0.23499805
0.23497765
0.2349578
0.2349514
0.23494074
0.23493925
0.23493448
0.23492353
0.23492292
0.2349103
0.23490885
0.2348949
0.23488879
0.23488463
0.23488088
0.23486386
0.23486386
0.23486078
0.23486039
0.23485805
0.23484933
0.23484161
0.23484161
0.23483485
0.23483467
0.23482697
0.23481257
0.2347947
0.23479316
0.23479262
0.23478718
0.2347274
0.23472564
0.23472488
0.23472488
0.23472248
0.23469812
0.23468708
0.23467922
0.23467436
0.23467387
0.23466612
0.23466517
0.23465803
0.2346366
0.23461522
0.23459831
0.23458186
0.23457827
0.23456502
0.23456208
0.23455498
0.23455158
0.23454902
0.2345406
0.23453936
0.23453188
0.23451364
0.234506
0.23450275
0.23449992
0.23448162
0.23444398
0.23441504
0.23441043
0.23440297
0.23439749
0.23439682
0.23439682
0.23438749
0.23438565
0.23437722
0.23437722
0.23431766
0.2343145
0.23431364
0.2343042
0.23430406
0.23429887
0.23429601
0.23428579
0.23427558
0.23426168
0.2342572
0.23423049
0.23421715
0.23416677
0.23415217
0.23415013
0.23414521
0.23414463
0.23414399
0.23414192
0.23412785
0.23411173
0.234098
0.23409519
0.23407927
0.2340701
0.2340701
0.23406634
0.23405999
0.2340579
0.23398097
0.23397215
0.23396865
0.23394896
0.23394717
0.23394717
0.23394024
0.23393732
0.23393331
0.23392686
0.2339182
0.23390615
0.2338847
0.23388413
0.23385328
0.23383708
0.2338158
0.23376228
0.23374452
0.2337294
0.23371859
0.23370977
0.23370601
0.2336994
0.23368838
0.23367864
0.23367232
0.23366758
0.23365086
0.23365003
0.2336014
0.23359439
0.23358752
0.23357138
0.23355214
0.23355214
0.23355205
0.23354296
0.23353201
0.23352744
0.23352161
0.23352051
0.23351756
0.23350361
0.23349984
0.23349717
0.23345275
0.23344685
0.23343173
0.23343173
0.23343089
0.23342705
0.23340794
0.23336278
0.23334777
0.23334606
0.23333116
0.23331702
0.23330727
0.23328133
0.23328133
0.23328067
0.23326898
0.23325756
0.23325263
0.23323716
0.23323716
0.23321296
0.23320226
0.23319599
0.23318216
0.23318079
0.23317042
0.23316692
0.23316272
0.23316272
0.23312591
0.23309834
0.23309834
0.23307344
0.23307076
0.23307076
0.23306923
0.23306775
0.23306413
0.23306257
0.23306136
0.23305869
0.23304781
0.2330396
0.23303683
0.23300704
0.2330056
0.2330056
0.23299538
0.23298445
0.23297946
0.23297946
0.23297676
0.23297252
0.2329718
0.23297027
0.23296644
0.2329564
0.23294877
0.23293619
0.23293559
0.23293506
0.23293425
0.23293182
0.23292755
0.23292667
0.23291576
0.2328862
0.23287964
0.23285727
0.2328301
0.23281933
0.23280625
0.2327963
0.23279591
0.23278819
0.23278292
0.2327637
0.2327531
0.23275308
0.23274742
0.2327266
0.23272642
0.23272464
0.23269278
0.23266645
0.23265344
0.23264544
0.23262928
0.23261967
0.23260327
0.23260313
0.23259787
0.23259342
0.23256639
0.23256128
0.23255663
0.23255125
0.2325391
0.23252498
0.23251912
0.23251697
0.2325169
0.23250909
0.23250476
0.23249938
0.23247585
0.23246226
0.23244837
0.23243423
0.23243059
0.23242132
0.2324068
0.23239966
0.2323762
0.23237208
0.2323538
0.23235042
0.2323277
0.23231088
0.23229297
0.23228267
0.23227866
0.2322712
0.23226224
0.23225433
0.23223822
0.23223753
0.23223642
0.23223612
0.23222649
0.23221482
0.23221359
0.23220827
0.23219836
0.23218293
0.2321785
0.23214222
0.23212804
0.23212317
0.23208633
0.2320842
0.2320763
0.2320628
0.23205325
0.23205201
0.23201206
0.23200335
0.23200098
0.23197968
0.23197691
0.23196763
0.23193607
0.23193443
0.23193151
0.23193151
0.23193134
0.23191814
0.23191588
0.23189314
0.23189236
0.23187137
0.23186685
0.23186347
0.23186265
0.23184432
0.23182702
0.23182471
0.23181911
0.23180543
0.23180373
0.23179992
0.23178306
0.2317631
0.2317236
0.23171163
0.23169525
0.23168936
0.23168936
0.2316892
0.23167856
0.23167677
0.23167677
0.23167129
0.2316683
0.23164685
0.2316304
0.23162544
0.23161648
0.23159164
0.23157167
0.23154117
0.231539
0.2315238
0.23151483
0.23151165
0.23150894
0.23150003
0.23149632
0.23148242
0.23148178
0.23144977
0.23143654
0.231436
0.23143335
0.23141389
0.23138869
0.23138347
0.23136984
0.23134641
0.23134585
0.2313384
0.23133154
0.23131454
0.23131318
0.23131263
0.23131229
0.23130888
0.2312982
0.23128518
0.23126934
0.23126929
0.23123974
0.23123558
0.23122694
0.23122655
0.23122571
0.23121653
0.23121592
0.23119038
0.23118687
0.23118325
0.23117606
0.2311755
0.2311755
0.2311703
0.231141
0.23113234
0.23112358
0.23111866
0.23110463
0.2311037
0.23109956
0.23107204
0.23105451
0.23105422
0.23105375
0.23103924
0.23103514
0.23102354
0.23101382
0.23100685
0.23093626
0.23093598
0.23087765
0.23087686
0.23085237
0.23085043
0.23084655
0.23084235
0.23083061
0.23081626
0.2308128
0.23079002
0.2307537
0.23074815
0.23074391
0.2307366
0.23072772
0.23072149
0.2306941
0.23067842
0.23067644
0.23067565
0.23067446
0.2306716
0.23067114
0.23066886
0.2306634
0.23065285
0.23065285
0.23064491
0.23063043
0.23062992
0.23060091
0.23059586
0.23059586
0.23054925
0.23054346
0.23052877
0.23051609
0.23049897
0.23047797
0.23047797
0.23044355
0.23044269
0.23042583
0.23042382
0.23041137
0.23040633
0.2304043
0.23039502
0.23038264
0.23037875
0.23036513
0.23036265
0.23035802
0.23033755
0.23033588
0.23031259
0.23029478
0.23029242
0.2302877
0.23028553
0.23028389
0.23028198
0.2302589
0.23025432
0.23025021
0.23024724
0.23023704
0.2302342
0.23022898
0.23020375
0.23017944
0.23017259
0.23017259
0.23013064
0.23012254
0.23012246
0.23011869
0.23011807
0.2301101
0.23010822
0.23010585
0.23008706
0.23008014
0.230057
0.2300371
0.23003335
0.23002604
0.23001231
0.23001194
0.22998999
0.22998923
0.22996381
0.22995412
0.22995247
0.22993878
0.22993852
0.22993386
0.22990343
0.22990112
0.22989303
0.22988947
0.22988337
0.22986539
0.22986539
0.22986266
0.22985828
0.22984679
0.22982745
0.22982162
0.22980285
0.22976847
0.2297584
0.22974356
0.22974205
0.2297169
0.22971557
0.22970241
0.22969083
0.22968706
0.22967888
0.2296724
0.2296304
0.22961693
0.22960155
0.22959337
0.22958645
0.22957143
0.22957022
0.2295647
0.22955409
0.22952278
0.22952233
0.22952068
0.22951148
0.22950089
0.22950082
0.22947553
0.22946653
0.22944772
0.22944431
0.2294343
0.2294102
0.22940905
0.22940095
0.2293952
0.22938506
0.22938506
0.22938177
0.22937898
0.22937898
0.22937082
0.22936243
0.2293513
0.22934312
0.2293412
0.2293343
0.2293207
0.22931877
0.22930846
0.22929795
0.22929089
0.22928898
0.22927262
0.22926986
0.22926211
0.22924669
0.22920549
0.22919874
0.22919226
0.22916198
0.22915363
0.22915234
0.22913133
0.22910535
0.22910044
0.22908628
0.22904517
0.22903624
0.22902636
0.22902268
0.22900307
0.22898474
0.22898348
0.22895898
0.22894298
0.22892153
0.22891632
0.22891252
0.22890954
0.22888221
0.22888006
0.22887751
0.22885808
0.22885296
0.2288524
0.2288319
0.2288262
0.22882172
0.22880605
0.22880314
0.2288029
0.22879636
0.22878355
0.22877537
0.22877163
0.22875705
0.22874787
0.22872005
0.22867523
0.22865582
0.22865015
0.22860353
0.22858459
0.22857718
0.22857484
0.2285704
0.22853379
0.2285274
0.22852291
0.22850667
0.22849956
0.22849801
0.2284766
0.22846898
0.22846746
0.22846326
0.22846122
0.22843608
0.22842768
0.22841717
0.22841628
0.22840743
0.22840375
0.22838803
0.22837758
0.22836338
0.22833474
0.2283253
0.22831333
0.22830652
0.22830637
0.22829342
0.22827749
0.2282662
0.22824565
0.22823367
0.22817706
0.22817141
0.2281491
0.22811957
0.2280948
0.22809342
0.22808479
0.22807784
0.22807221
0.22805929
0.22804187
0.22804019
0.22804019
0.22802328
0.22802268
0.22800161
0.22799234
0.22799195
0.2279846
0.22796193
0.2279565
0.22794843
0.22794144
0.22794142
0.22788821
0.2278634
0.22785464
0.22784352
0.2278264
0.22782357
0.22782151
0.22781779
0.22780009
0.22779348
0.2277906
0.22776721
0.22776474
0.22775511
0.22773795
0.22773172
0.22773086
0.22773086
0.22773086
0.22772922
0.22771156
0.22771156
0.22770663
0.22767457
0.22766559
0.22761016
0.22760041
0.227589
0.22757812
0.2275766
0.22755997
0.22754753
0.22754385
0.2275361
0.22753176
0.22750458
0.22748592
0.22747721
0.22747366
0.2274625
0.2274625
0.22744401
0.22743365
0.22743365
0.22743365
0.22741503
0.22741134
0.22739759
0.22738911
0.22735725
0.22734669
0.22734345
0.22733814
0.22733644
0.22729161
0.22728486
0.227276
0.22727577
0.22727562
0.22726019
0.22724812
0.22723995
0.2272312
0.22722861
0.22716787
0.22715594
0.22714745
0.22713773
0.22712669
0.22710475
0.22709906
0.22707379
0.22703966
0.22703667
0.22702797
0.227009
0.22699705
0.2269742
0.2269703
0.2269697
0.22696841
0.22695796
0.22694996
0.2269447
0.22693871
0.22691126
0.22690755
0.22690392
0.22689597
0.22688887
0.22684754
0.22683707
0.22680607
0.22678389
0.22677638
0.22676049
0.22675742
0.22675149
0.22675061
0.22673269
0.22669075
0.22666483
0.22664778
0.22664523
0.22663806
0.22662692
0.22662452
0.22661854
0.2265898
0.22652812
0.22651747
0.22649641
0.22649597
0.22649299
0.22648814
0.22648413
0.2264688
0.22645831
0.22642016
0.22641127
0.2263926
0.22638111
0.2263412
0.22633715
0.2263311
0.226325
0.22631273
0.22628242
0.22626738
0.22625737
0.22625737
0.22624707
0.22623625
0.22621202
0.22620359
0.22619963
0.22619812
0.22619097
0.22619046
0.2261871
0.22618309
0.22615615
0.22615202
0.22612795
0.22610445
0.22609456
0.22608311
0.22606139
0.22605646
0.22603892
0.22602342
0.22602284
0.22602239
0.22601946
0.22601382
0.22600155
0.22598411
0.22598377
0.22598173
0.22595681
0.22594233
0.2259359
0.22593123
0.22586428
0.22584914
0.22581188
0.22580275
0.22575851
0.22575101
0.22571737
0.22571506
0.2257101
0.22568202
0.22567376
0.22566818
0.22564706
0.22563744
0.22563253
0.22560865
0.2256052
0.22560497
0.22560246
0.22559778
0.22558798
0.2255878
0.22558506
0.22556299
0.22554408
0.22554168
0.22552742
0.22551529
0.22550976
0.2255084
0.22546335
0.22546181
0.22545704
0.22544427
0.2254053
0.22539939
0.22539106
0.2253806
0.2253767
0.22537558
0.2253693
0.22534606
0.22532693
0.22531047
0.22530599
0.22527434
0.22526725
0.22526592
0.22526535
0.22521985
0.22521195
0.22521187
0.22521129
0.22520803
0.22519243
0.22518505
0.22517693
0.22515282
0.22512494
0.22510622
0.22510478
0.22510357
0.22507796
0.22507018
0.22505106
0.22504051
0.22503927
0.22503884
0.22503331
0.2250311
0.22502239
0.2250151
0.2250146
0.22501239
0.22500513
0.22498411
0.22498162
0.224972
0.224972
0.22493947
0.2249332
0.22489879
0.22489487
0.22489126
0.22489093
0.22488052
0.22485563
0.22483562
0.2248053
0.22480255
0.22478321
0.22475292
0.22473122
0.22472927
0.22470972
0.22470091
0.224678
0.22465777
0.22465613
0.2246467
0.22464213
0.22463183
0.22462969
0.22462295
0.22461927
0.22459973
0.22459961
0.22459856
0.22456588
0.22456346
0.22455145
0.22452825
0.22451688
0.22450686
0.22450645
0.22449857
0.22449352
0.22447905
0.22447905
0.22445834
0.22444549
0.22443466
0.22443129
0.22440964
0.2244093
0.22440486
0.2243963
0.22438967
0.22438967
0.22436738
0.22433217
0.22431943
0.2243165
0.22428863
0.22428493
0.22426473
0.22424433
0.22423315
0.22422677
0.22422105
0.224207
0.2241868
0.22416298
0.22416252
0.22415742
0.22413453
0.22412378
0.22409296
0.22409037
0.22402842
0.22401334
0.22401018
0.22400635
0.2240048
0.22394644
0.22393394
0.22393335
0.22391634
0.22390692
0.22389106
0.22387926
0.22387053
0.22385663
0.22380954
0.22380522
0.2238045
0.22378303
0.22376314
0.22375901
0.22375315
0.2237506
0.22371177
0.22371086
0.22368309
0.22367956
0.22360985
0.22360271
0.22350536
0.22350477
0.22348939
0.22348939
0.22348548
0.22343357
0.22341387
0.22336999
0.22336471
0.22332822
0.22327179
0.2232323
0.22321516
0.22320426
0.22318165
0.22316666
0.22316219
0.22316065
0.2231509
0.22313406
0.22313201
0.22312784
0.22311367
0.22309399
0.22309399
0.22309117
0.223069
0.223069
0.22305073
0.22304855
0.22300936
0.22299656
0.22295505
0.2229481
0.22294496
0.22293232
0.22291768
0.2229145
0.22286579
0.2228648
0.22284444
0.22281769
0.22281091
0.22278246
0.22278237
0.22276694
0.22273293
0.22272073
0.22270325
0.2226999
0.22268644
0.22264646
0.22260322
0.22257236
0.22256637
0.222543
0.22254021
0.22252059
0.22252055
0.22251828
0.22251415
0.2225077
0.2225077
0.22248346
0.22247303
0.22245951
0.22245888
0.2224549
0.22241248
0.22239307
0.22237058
0.22236456
0.2223644
0.22235811
0.22234869
0.22234705
0.22232147
0.22231781
0.22230716
0.22229256
0.2222801
0.22227369
0.22225896
0.22224474
0.22223772
0.22223358
0.22221313
0.2222127
0.22220542
0.22220372
0.22219585
0.22219446
0.22219142
0.22217259
0.22216925
0.22214456
0.22213824
0.2221164
0.22209533
0.22205305
0.22205055
0.22204085
0.22202049
0.22201787
0.22201139
0.22199062
0.22199048
0.22198972
0.2219751
0.2219751
0.22196275
0.22193588
0.22190459
0.22187993
0.22184844
0.22184844
0.22184137
0.22180855
0.22178015
0.22175382
0.22175208
0.22171964
0.22171882
0.22170356
0.22166817
0.22166775
0.22166441
0.22165011
0.22163607
0.22163358
0.22161816
0.22161186
0.22158511
0.22156744
0.22156301
0.22155647
0.22155595
0.22151211
0.22147855
0.22147733
0.22145852
0.22145627
0.22143777
0.22142993
0.22142105
0.22141525
0.22141194
0.22140288
0.22140227
0.22138217
0.22137855
0.22131124
0.2213019
0.22127478
0.22122864
0.22121696
0.22119896
0.22119075
0.22118868
0.221182
0.22116809
0.2211469
0.22113174
0.22112711
0.22111832
0.22111352
0.22106625
0.22104771
0.22104403
0.22103752
0.22103395
0.22102049
0.22100362
0.22095686
0.22095086
0.22094622
0.22094509
0.22093068
0.22092558
0.22090347
0.22089943
0.22089556
0.2208772
0.2208757
0.22084144
0.22081216
0.22080548
0.22077557
0.2207736
0.22077036
0.22076976
0.22076973
0.22073781
0.2207357
0.22073267
0.220702
0.2207015
0.22069813
0.2206951
0.22068283
0.22067684
0.22067223
0.22065687
0.22065446
0.22064453
0.22063477
0.22061242
0.22058587
0.22058241
0.22057894
0.22056516
0.2205617
0.22055995
0.22055152
0.22053616
0.22053264
0.22053139
0.22049642
0.22049499
0.22047924
0.22046995
0.22041285
0.22039664
0.22039478
0.22039177
0.22038554
0.22037065
0.22036158
0.22034769
0.22033583
0.22033064
0.22033034
0.2203175
0.22031632
0.22030032
0.2202841
0.22028022
0.22027765
0.22027135
0.22026908
0.22025795
0.22024715
0.22019419
0.2201927
0.22015934
0.22011864
0.22010449
0.22008674
0.22003202
0.220028
0.22002748
0.22001244
0.22000837
0.21999647
0.21998881
0.21998215
0.21997786
0.21997635
0.21995527
0.2199232
0.21992236
0.21991013
0.21989101
0.21982425
0.21980709
0.21979758
0.21978842
0.21976957
0.21974474
0.21974385
0.21973503
0.21972479
0.21972251
0.21971974
0.21971689
0.21968359
0.21968359
0.2196649
0.21958189
0.21957926
0.21955188
0.21953155
0.21951917
0.21949793
0.21949475
0.21948859
0.2194634
0.2194444
0.2194415
0.2194367
0.21934043
0.21934
0.21933906
0.21933559
0.21931452
0.21931426
0.2192913
0.21928926
0.21927086
0.21925962
0.21925893
0.21925555
0.21924774
0.21924746
0.21916118
0.21915472
0.21914299
0.2191332
0.21912856
0.21905464
0.21905395
0.2190388
0.21901831
0.21901451
0.2190106
0.21900947
0.21900836
0.21900463
0.21898364
0.21897498
0.21896078
0.21894729
0.21894221
0.21892759
0.21892366
0.21892123
0.21891022
0.21891022
0.21889505
0.21886334
0.21883115
0.21881315
0.21881221
0.21881221
0.21880664
0.21880664
0.21880339
0.21876942
0.2187674
0.21876088
0.21875417
0.21874025
0.21873404
0.21872647
0.21870142
0.21869081
0.21869081
0.21869043
0.21867463
0.2186746
0.2186385
0.21860237
0.21857633
0.21857335
0.21855883
0.21855503
0.21852544
0.21852076
0.21850912
0.21847345
0.21844245
0.21843632
0.21842767
0.21842767
0.21841666
0.21837975
0.21837147
0.21833938
0.21833938
0.21831734
0.21831734
0.21829793
0.21829793
0.21825223
0.2182508
0.2182492
0.2182113
0.21820897
0.2182033
0.21818213
0.21814498
0.218138
0.21813735
0.21813713
0.21812178
0.21811451
0.21805938
0.21804063
0.21804063
0.21801743
0.21798371
0.21796541
0.2179164
0.21791136
0.21788071
0.21787426
0.21786235
0.21784012
0.2178216
0.2178216
0.2178216
0.21781111
0.21777117
0.21777101
0.21774562
0.21773906
0.21773906
0.21772368
0.21768075
0.21764919
0.21761945
0.21759312
0.21758147
0.21749803
0.21748576
0.217482
0.21748146
0.21747686
0.21745701
0.217405
0.21735826
0.21733235
0.2173271
0.21732326
0.21731938
0.21730496
0.21729106
0.21725634
0.21725303
0.21724617
0.2172296
0.21721138
0.21716082
0.21715066
0.2171234
0.21709657
0.21708347
0.2170448
0.21700692
0.21698634
0.21696182
0.21694909
0.21694444
0.21692124
0.2169212
0.21688561
0.21688455
0.21688268
0.21687934
0.21686572
0.21684009
0.21683511
0.21678746
0.21675721
0.21675453
0.21673274
0.21668896
0.21668752
0.21665743
0.21665259
0.21664232
0.21663833
0.21657416
0.21656063
0.21653976
0.21653613
0.21648835
0.21648192
0.21646671
0.21643972
0.21643744
0.21643329
0.21643189
0.2164273
0.21638611
0.21634114
0.2163276
0.21632057
0.21629573
0.21628806
0.21626098
0.21624972
0.21619934
0.21619277
0.21614963
0.21612804
0.21609065
0.21608627
0.21607779
0.21607487
0.21607313
0.21606518
0.21605588
0.21600787
0.21599148
0.21596114
0.21595663
0.21594772
0.2159381
0.2159213
0.21585262
0.21582934
0.2157955
0.21579398
0.21578972
0.21566816
0.21565002
0.21563391
0.21561171
0.21560736
0.21560457
0.21556187
0.2155338
0.21552777
0.215518
0.21551178
0.2154743
0.21545687
0.21541663
0.21537562
0.21537042
0.21537042
0.21534908
0.2153466
0.2153286
0.21532464
0.21530123
0.21529505
0.21529418
0.21529211
0.2152863
0.21527328
0.21526372
0.21525894
0.21523552
0.21518017
0.21514533
0.21514088
0.2151378
0.21512637
0.21508281
0.21506631
0.21505952
0.21505162
0.214992
0.214992
0.21497874
0.21494913
0.21493405
0.2149315
0.21492985
0.2149067
0.21488507
0.21484378
0.21479952
0.21475285
0.21473335
0.21472792
0.21463963
0.21458551
0.21458429
0.21457836
0.21453956
0.2144948
0.21445456
0.21440788
0.2143729
0.2143325
0.21432498
0.2143175
0.21425995
0.21413122
0.21410283
0.21406588
0.2140352
0.214029
0.2140276
0.21400109
0.21396464
0.21391906
0.21388833
0.21388833
0.21386412
0.21383238
0.21376066
0.21374272
0.21374066
0.21373156
0.21373156
0.21364257
0.21363585
0.2135962
0.2135739
0.21351735
0.21349956
0.21348278
0.2134825
0.21347935
0.21347548
0.21347234
0.21347234
0.21347234
0.21345153
0.21344583
0.21335937
0.21334423
0.2133224
0.21330148
0.21329935
0.21328491
0.21328177
0.21314988
0.21314819
0.21309419
0.21308067
0.2130224
0.21300453
0.21298917
0.21292461
0.21291728
0.2127988
0.21268345
0.21264419
0.21263732
0.21263349
0.21255368
0.21242537
0.21234716
0.212297
0.2122856
0.21225856
0.21221426
0.21217833
0.21207003
0.21199855
0.21196471
0.21194349
0.21179447
0.21179174
0.21177815
0.21177672
0.21176174
0.21174614
0.21170531
0.21168326
0.21143901
0.21132712
0.2113162
0.2113162
0.21128285
0.21126927
0.21126431
0.21125351
0.21124448
0.21124065
0.21122661
0.21108074
0.21107097
0.21086958
0.2108662
0.2108577
0.21083109
0.21078658
0.21073577
0.21070662
0.21053222
0.2105095
0.21044731
0.21041736
0.21037088
0.21034709
0.21032763
0.21022546
0.21019037
0.21010974
0.21006952
0.20998512
0.20990956
0.20985018
0.20982209
0.20972958
0.20971844
0.20954356
0.20950884
0.20934214
0.20904921
0.20898448
0.20895319
0.20871766
0.20866765
0.2085674
0.20838562
0.20823507
0.20806295
0.20777218
0.20710076
0.20672531
0.20664267
0.20633626
0.20627421
0.20626922
0.20620729
0.20576668
0.20546837
0.20379953
0.2033155
