[0.6211939]
[0.6195021]
[0.6182631]
[0.61767215]
[0.61765933]
[0.61585104]
[0.6136581]
[0.6101678]
[0.6024393]
[0.60011154]
[0.60005903]
[0.5979045]
[0.5925485]
[0.5870303]
[0.58111227]
[0.5775512]
[0.5770105]
[0.570485]
[0.5704052]
[0.56769747]
[0.5663609]
[0.5626197]
[0.5608075]
[0.5605324]
[0.5598796]
[0.55658656]
[0.55425614]
[0.5529944]
[0.5516947]
[0.55051905]
[0.5491186]
[0.5468352]
[0.54608625]
[0.54535484]
[0.545022]
[0.54325974]
[0.54282176]
[0.5420966]
[0.5415634]
[0.54077953]
[0.5396261]
[0.53818357]
[0.53534186]
[0.5341375]
[0.5336549]
[0.5329452]
[0.53161085]
[0.53159875]
[0.5315097]
[0.5314217]
[0.530401]
[0.53035]
[0.53024244]
[0.530198]
[0.5300455]
[0.52971816]
[0.5295453]
[0.5295057]
[0.52896065]
[0.5282904]
[0.5281429]
[0.5261288]
[0.524688]
[0.52441484]
[0.52135575]
[0.52053744]
[0.5200321]
[0.5192103]
[0.5189718]
[0.5184683]
[0.51786125]
[0.5176755]
[0.5173005]
[0.5166586]
[0.51568377]
[0.5154448]
[0.51474726]
[0.51464605]
[0.513904]
[0.5131036]
[0.51270866]
[0.51193684]
[0.51115924]
[0.5107854]
[0.5106128]
[0.510018]
[0.510018]
[0.50993073]
[0.5096394]
[0.5092626]
[0.50918037]
[0.50869906]
[0.50826967]
[0.5082646]
[0.50814533]
[0.5080963]
[0.5078222]
[0.50764483]
[0.50757563]
[0.5072858]
[0.5070037]
[0.5064939]
[0.50637484]
[0.50616986]
[0.50562775]
[0.50509495]
[0.5038581]
[0.5030459]
[0.5029785]
[0.50276875]
[0.5019792]
[0.5009172]
[0.50029886]
[0.49979398]
[0.49944273]
[0.49927852]
[0.4991258]
[0.49888527]
[0.49888432]
[0.49885404]
[0.49864617]
[0.49614796]
[0.4956468]
[0.49558783]
[0.4952087]
[0.49384505]
[0.4937439]
[0.49363965]
[0.49282345]
[0.49218488]
[0.49198028]
[0.49181876]
[0.49146092]
[0.49099463]
[0.49077895]
[0.48973933]
[0.48968023]
[0.48946467]
[0.48935458]
[0.48932168]
[0.4887667]
[0.48788393]
[0.48785704]
[0.48767063]
[0.4875611]
[0.48752803]
[0.48718858]
[0.48718745]
[0.4864776]
[0.48535052]
[0.4852465]
[0.4850461]
[0.48473418]
[0.48464882]
[0.4843767]
[0.4840913]
[0.48300707]
[0.4826981]
[0.48265]
[0.48172328]
[0.48170394]
[0.48134437]
[0.48116067]
[0.48096994]
[0.48059595]
[0.4802449]
[0.47994378]
[0.47901914]
[0.47829983]
[0.47823602]
[0.4780835]
[0.4777094]
[0.47763935]
[0.4756971]
[0.47455516]
[0.47454652]
[0.4745231]
[0.47424152]
[0.47405607]
[0.4732587]
[0.47307673]
[0.47268763]
[0.47266155]
[0.4723393]
[0.47227567]
[0.47216764]
[0.47214842]
[0.47195226]
[0.47168255]
[0.4716441]
[0.47141662]
[0.47134796]
[0.46998432]
[0.46981758]
[0.46958604]
[0.4678845]
[0.46614897]
[0.4654947]
[0.46533772]
[0.4652245]
[0.46445107]
[0.46433052]
[0.46397415]
[0.46314543]
[0.46304232]
[0.46280968]
[0.46224862]
[0.4619663]
[0.4612492]
[0.46099007]
[0.46081945]
[0.4607703]
[0.45978066]
[0.459629]
[0.45953453]
[0.45894602]
[0.45888606]
[0.45888606]
[0.45857486]
[0.45682162]
[0.45678267]
[0.4561957]
[0.4558175]
[0.45559943]
[0.45529172]
[0.4541668]
[0.45322308]
[0.45317274]
[0.4530106]
[0.45292395]
[0.45254746]
[0.4523012]
[0.45212504]
[0.45197096]
[0.4519389]
[0.45109183]
[0.45074704]
[0.44950816]
[0.44911867]
[0.44900742]
[0.44884485]
[0.44845796]
[0.44844335]
[0.4478691]
[0.4477405]
[0.4473012]
[0.44453987]
[0.4437304]
[0.44306082]
[0.442781]
[0.44244698]
[0.4419734]
[0.44177815]
[0.43971157]
[0.4386096]
[0.4378433]
[0.4372101]
[0.43633923]
[0.43581966]
[0.43524358]
[0.43523094]
[0.43482476]
[0.4347795]
[0.4345975]
[0.43368667]
[0.43307146]
[0.43294066]
[0.43278128]
[0.43236986]
[0.43167]
[0.4313413]
[0.43004292]
[0.42989868]
[0.42958972]
[0.42957973]
[0.42952374]
[0.42887604]
[0.42875198]
[0.42868918]
[0.427682]
[0.4273426]
[0.42709488]
[0.4267975]
[0.42499533]
[0.42346048]
[0.4233981]
[0.42305496]
[0.4228277]
[0.42268068]
[0.4215909]
[0.4211141]
[0.42108962]
[0.4209982]
[0.4208569]
[0.42083523]
[0.41944936]
[0.41934875]
[0.41781774]
[0.41749555]
[0.41562602]
[0.41376805]
[0.4133548]
[0.4131045]
[0.41232055]
[0.41218895]
[0.41198263]
[0.41193062]
[0.41180387]
[0.41050866]
[0.41049716]
[0.4103246]
[0.4099842]
[0.40946704]
[0.4089828]
[0.40891233]
[0.40877813]
[0.40869766]
[0.4081617]
[0.4079805]
[0.4079235]
[0.40772155]
[0.40722856]
[0.40662342]
[0.40651977]
[0.4064407]
[0.40611908]
[0.4053269]
[0.40519226]
[0.40512463]
[0.40483525]
[0.4046818]
[0.40414706]
[0.40371078]
[0.40155312]
[0.40049362]
[0.40018925]
[0.39969233]
[0.3992991]
[0.39900464]
[0.39847246]
[0.3978871]
[0.3975887]
[0.39758116]
[0.3974511]
[0.3964838]
[0.39612412]
[0.3958373]
[0.39543742]
[0.39527866]
[0.39446518]
[0.3942779]
[0.39406192]
[0.39374602]
[0.3935133]
[0.3931777]
[0.39293474]
[0.39254102]
[0.3914404]
[0.39101058]
[0.39055452]
[0.39035228]
[0.39035228]
[0.38992763]
[0.3895998]
[0.38883662]
[0.38878778]
[0.38846943]
[0.38846377]
[0.3883214]
[0.38796875]
[0.38762352]
[0.38680524]
[0.38651907]
[0.3863974]
[0.3855215]
[0.38545293]
[0.3853921]
[0.3853084]
[0.38505414]
[0.38497823]
[0.3849763]
[0.38488293]
[0.3844909]
[0.3844644]
[0.3844517]
[0.3835873]
[0.38347757]
[0.383253]
[0.3832245]
[0.381734]
[0.38155684]
[0.3809898]
[0.38058418]
[0.38044164]
[0.38043192]
[0.38029292]
[0.3802661]
[0.3800954]
[0.37996316]
[0.37995118]
[0.37969565]
[0.37909245]
[0.3790826]
[0.379076]
[0.37887618]
[0.37798876]
[0.3779706]
[0.37787387]
[0.37745836]
[0.37710464]
[0.37703907]
[0.37629247]
[0.37611908]
[0.37600654]
[0.37581116]
[0.37572205]
[0.37572205]
[0.37572205]
[0.37572205]
[0.37570795]
[0.37569627]
[0.37563184]
[0.37553594]
[0.37552813]
[0.37518546]
[0.37510243]
[0.374836]
[0.37482858]
[0.37470856]
[0.37465012]
[0.37373927]
[0.37338555]
[0.3733772]
[0.37316296]
[0.3730711]
[0.37259254]
[0.372539]
[0.37248784]
[0.3723725]
[0.37189385]
[0.3713337]
[0.371038]
[0.3707983]
[0.3704249]
[0.37010357]
[0.37009767]
[0.37001172]
[0.36976188]
[0.3696669]
[0.3696511]
[0.36959642]
[0.36928287]
[0.36920923]
[0.36920235]
[0.36907718]
[0.3688372]
[0.36871883]
[0.3686978]
[0.3682638]
[0.36820555]
[0.36807123]
[0.3675255]
[0.3673473]
[0.36695835]
[0.36685783]
[0.36639562]
[0.36589202]
[0.3657777]
[0.36565423]
[0.36563632]
[0.3655122]
[0.3654939]
[0.3654147]
[0.3653515]
[0.3653439]
[0.36523077]
[0.36518335]
[0.3649963]
[0.36499205]
[0.364724]
[0.3644574]
[0.3639778]
[0.36343244]
[0.36199278]
[0.36191708]
[0.36161098]
[0.36154824]
[0.36148483]
[0.36120698]
[0.36116233]
[0.36113486]
[0.36083555]
[0.36072725]
[0.36033502]
[0.36017922]
[0.36010906]
[0.35982236]
[0.3593178]
[0.35922784]
[0.3589993]
[0.35889637]
[0.35884535]
[0.35869062]
[0.3584671]
[0.3581711]
[0.35804263]
[0.35799652]
[0.3577723]
[0.35773084]
[0.3576007]
[0.3575136]
[0.3571381]
[0.35702217]
[0.35695675]
[0.35687423]
[0.35640296]
[0.35640022]
[0.3563085]
[0.35622758]
[0.3561942]
[0.35597965]
[0.35595912]
[0.355819]
[0.3556296]
[0.35539955]
[0.35525373]
[0.35511655]
[0.354901]
[0.3547834]
[0.35439476]
[0.3543536]
[0.3538106]
[0.3537157]
[0.35317305]
[0.35308984]
[0.35286734]
[0.35282287]
[0.35282162]
[0.35271224]
[0.35263196]
[0.3525693]
[0.3525644]
[0.3525058]
[0.35248467]
[0.35240486]
[0.35240486]
[0.35219136]
[0.35193464]
[0.35190085]
[0.351855]
[0.35176042]
[0.35159492]
[0.35150665]
[0.35119694]
[0.35119694]
[0.35116473]
[0.35100457]
[0.35076496]
[0.3504489]
[0.35021618]
[0.35015732]
[0.34991005]
[0.34950802]
[0.34939727]
[0.34939352]
[0.34938103]
[0.34927443]
[0.34921855]
[0.34905493]
[0.34904498]
[0.34903976]
[0.34897017]
[0.34885666]
[0.34883893]
[0.34878892]
[0.34873277]
[0.34864762]
[0.348529]
[0.34843373]
[0.34835938]
[0.34833398]
[0.34830356]
[0.3482182]
[0.3480152]
[0.34790593]
[0.34787455]
[0.3477109]
[0.34770393]
[0.34760118]
[0.34759092]
[0.34758767]
[0.34733105]
[0.34728616]
[0.34715253]
[0.3471066]
[0.34707758]
[0.34703213]
[0.34702444]
[0.34702078]
[0.34701398]
[0.34699127]
[0.34690142]
[0.3466618]
[0.34653905]
[0.3464352]
[0.34627995]
[0.34619123]
[0.34612134]
[0.34602746]
[0.3460165]
[0.34590286]
[0.34581667]
[0.34575567]
[0.34559456]
[0.34535325]
[0.34518924]
[0.34515193]
[0.3451016]
[0.34488174]
[0.34474102]
[0.34453443]
[0.34450457]
[0.34443027]
[0.34440845]
[0.3443075]
[0.34430018]
[0.34422362]
[0.34420687]
[0.3441224]
[0.34407339]
[0.34407195]
[0.34402382]
[0.34381616]
[0.34368894]
[0.3434615]
[0.34342128]
[0.34336367]
[0.34317914]
[0.343033]
[0.34298232]
[0.34293774]
[0.34290227]
[0.3427991]
[0.3425135]
[0.3422288]
[0.341964]
[0.3419504]
[0.34193802]
[0.34105512]
[0.34102264]
[0.3409812]
[0.34089065]
[0.34082985]
[0.3405999]
[0.34053752]
[0.34028253]
[0.34021583]
[0.340138]
[0.34009087]
[0.34009087]
[0.34004873]
[0.34001562]
[0.34001395]
[0.33997658]
[0.3398971]
[0.3398247]
[0.33981726]
[0.33962873]
[0.33959335]
[0.33959106]
[0.3393296]
[0.3390423]
[0.33882096]
[0.33877146]
[0.33870134]
[0.33869702]
[0.33854628]
[0.33847082]
[0.33825922]
[0.3382172]
[0.33815783]
[0.33805576]
[0.3378033]
[0.337746]
[0.33758163]
[0.33758163]
[0.33758163]
[0.33752492]
[0.3374657]
[0.3374653]
[0.33742487]
[0.3372582]
[0.33722875]
[0.3371507]
[0.33712286]
[0.33691517]
[0.3366857]
[0.3366396]
[0.33660132]
[0.33652914]
[0.3364966]
[0.33630648]
[0.33625335]
[0.33623928]
[0.33610186]
[0.33608535]
[0.33603558]
[0.3360341]
[0.33603063]
[0.33575156]
[0.3357393]
[0.33571807]
[0.33547235]
[0.33546117]
[0.33527562]
[0.33527413]
[0.33523718]
[0.33517724]
[0.33517364]
[0.33517364]
[0.33514166]
[0.33512956]
[0.33512342]
[0.33507654]
[0.33501506]
[0.3346938]
[0.33455217]
[0.33442384]
[0.33436495]
[0.33433312]
[0.3341913]
[0.3341823]
[0.33416575]
[0.33411393]
[0.334107]
[0.3340755]
[0.33389494]
[0.33383545]
[0.33378115]
[0.33374894]
[0.33371943]
[0.3336842]
[0.3336743]
[0.33350274]
[0.33348525]
[0.33323985]
[0.33317506]
[0.33317393]
[0.33301723]
[0.3329915]
[0.33285055]
[0.33276504]
[0.33273026]
[0.3326515]
[0.3325579]
[0.33247054]
[0.3323977]
[0.33236617]
[0.33232194]
[0.33229437]
[0.33219108]
[0.33210665]
[0.33205912]
[0.33193624]
[0.3318973]
[0.3318032]
[0.33172557]
[0.33168584]
[0.3315997]
[0.33147326]
[0.33144635]
[0.33143714]
[0.33122474]
[0.33112133]
[0.3311097]
[0.331098]
[0.33102235]
[0.33100832]
[0.330993]
[0.33098987]
[0.33096948]
[0.3309321]
[0.33063605]
[0.33060995]
[0.330552]
[0.33053908]
[0.33043748]
[0.33035383]
[0.3303038]
[0.33015198]
[0.330096]
[0.33002093]
[0.33000147]
[0.32995027]
[0.3299081]
[0.3298203]
[0.32980165]
[0.3297452]
[0.32972485]
[0.32969403]
[0.3295522]
[0.32954094]
[0.32951948]
[0.32943958]
[0.32942113]
[0.32931992]
[0.32931826]
[0.32931292]
[0.32911712]
[0.32911497]
[0.32907712]
[0.32906505]
[0.32902235]
[0.32897723]
[0.32897195]
[0.3288985]
[0.32885036]
[0.32880685]
[0.32879585]
[0.32867557]
[0.32835597]
[0.3282139]
[0.32804766]
[0.32802045]
[0.32801947]
[0.32787362]
[0.32784572]
[0.32781416]
[0.32775825]
[0.3277334]
[0.3277056]
[0.32767552]
[0.32767498]
[0.32763]
[0.3275961]
[0.32755828]
[0.32753018]
[0.3273794]
[0.3272808]
[0.32724908]
[0.32716045]
[0.3271525]
[0.3271273]
[0.32705468]
[0.32699257]
[0.32691178]
[0.32690465]
[0.32687095]
[0.32662967]
[0.326553]
[0.32654384]
[0.32653224]
[0.32641697]
[0.32641375]
[0.32627773]
[0.32627773]
[0.32625514]
[0.32620314]
[0.32618982]
[0.32618573]
[0.32600933]
[0.32597616]
[0.32593766]
[0.3259297]
[0.32582214]
[0.32582214]
[0.32575527]
[0.32575324]
[0.32559806]
[0.32557186]
[0.32550806]
[0.32549238]
[0.32546982]
[0.32544664]
[0.32542038]
[0.3253635]
[0.32534042]
[0.3253237]
[0.32531288]
[0.32530499]
[0.32526773]
[0.32520843]
[0.32508832]
[0.32495627]
[0.32490298]
[0.3247436]
[0.32472667]
[0.32472515]
[0.32468778]
[0.32467926]
[0.32459855]
[0.32459855]
[0.32458532]
[0.32458505]
[0.32458356]
[0.3245534]
[0.32447505]
[0.3243979]
[0.32438058]
[0.3242246]
[0.3242246]
[0.32414916]
[0.32414916]
[0.3241343]
[0.32410917]
[0.32399723]
[0.32391074]
[0.32390085]
[0.3238764]
[0.32380825]
[0.32377285]
[0.32372478]
[0.32370916]
[0.32369596]
[0.32361463]
[0.32359877]
[0.323568]
[0.32354313]
[0.32354313]
[0.3235301]
[0.32336098]
[0.32329512]
[0.32327637]
[0.3232671]
[0.32325384]
[0.3231201]
[0.3231198]
[0.3231167]
[0.3231107]
[0.32301852]
[0.32293612]
[0.32272363]
[0.32272157]
[0.32257643]
[0.32256958]
[0.32255623]
[0.32248637]
[0.3222634]
[0.3222516]
[0.32218626]
[0.32218114]
[0.3221483]
[0.32214585]
[0.3221388]
[0.32201457]
[0.32189223]
[0.32187676]
[0.32186154]
[0.32185432]
[0.32183012]
[0.32179588]
[0.3217593]
[0.32169288]
[0.3216822]
[0.32159707]
[0.32157013]
[0.32141662]
[0.3213581]
[0.32134458]
[0.3212853]
[0.3212723]
[0.32125103]
[0.32119024]
[0.32115692]
[0.32111812]
[0.3210703]
[0.3210605]
[0.32101962]
[0.32101962]
[0.3210155]
[0.32094854]
[0.3209371]
[0.3209044]
[0.32079622]
[0.3207612]
[0.32069802]
[0.3206859]
[0.32065168]
[0.32064843]
[0.32061157]
[0.3206021]
[0.32059762]
[0.32059428]
[0.3205647]
[0.32052553]
[0.32044223]
[0.320423]
[0.3203712]
[0.32031837]
[0.3202569]
[0.3201203]
[0.32006142]
[0.32005638]
[0.3200186]
[0.32000616]
[0.31994647]
[0.31993794]
[0.3198625]
[0.31983438]
[0.31977165]
[0.31969878]
[0.3196817]
[0.31959346]
[0.31949624]
[0.31932572]
[0.3192803]
[0.31926247]
[0.31925204]
[0.3191921]
[0.31911784]
[0.31903246]
[0.31897426]
[0.31889796]
[0.31887794]
[0.318865]
[0.31883675]
[0.31879815]
[0.31879815]
[0.31877565]
[0.31870598]
[0.3185935]
[0.3185844]
[0.31854331]
[0.31853655]
[0.31848398]
[0.31847683]
[0.3184758]
[0.3184055]
[0.318402]
[0.31839228]
[0.31836656]
[0.31831226]
[0.3182896]
[0.31827575]
[0.3182101]
[0.31816316]
[0.31809345]
[0.31803071]
[0.31799316]
[0.31793505]
[0.31792936]
[0.31791863]
[0.31787142]
[0.31784]
[0.3178042]
[0.31775084]
[0.31771767]
[0.31756034]
[0.31755295]
[0.31754953]
[0.3174985]
[0.317465]
[0.3174505]
[0.3174411]
[0.31741902]
[0.31739014]
[0.31734976]
[0.31732807]
[0.31729457]
[0.31729257]
[0.31721243]
[0.31718767]
[0.31717393]
[0.31714502]
[0.316955]
[0.31689864]
[0.3168967]
[0.3168425]
[0.31677628]
[0.31663054]
[0.31662863]
[0.31662226]
[0.31661198]
[0.31653288]
[0.31635463]
[0.3163241]
[0.31632355]
[0.3162728]
[0.31627232]
[0.31616908]
[0.31597087]
[0.3159186]
[0.3158933]
[0.31589037]
[0.31586918]
[0.3158207]
[0.31580424]
[0.31580406]
[0.3157936]
[0.31576362]
[0.3156847]
[0.31565318]
[0.31563753]
[0.31563416]
[0.31563413]
[0.31562838]
[0.31559595]
[0.31555182]
[0.31551495]
[0.31539053]
[0.31537902]
[0.31525216]
[0.31522644]
[0.31519392]
[0.31518003]
[0.31514385]
[0.31510198]
[0.31504786]
[0.3150246]
[0.31502095]
[0.31491694]
[0.3148744]
[0.31482178]
[0.3147396]
[0.3145772]
[0.31454885]
[0.3145286]
[0.314483]
[0.3144369]
[0.31441605]
[0.31439182]
[0.3143086]
[0.3143086]
[0.31425515]
[0.31425032]
[0.31421265]
[0.3141144]
[0.3141144]
[0.31404254]
[0.31403792]
[0.31402078]
[0.3140043]
[0.31397006]
[0.31394237]
[0.31392315]
[0.31391498]
[0.3139049]
[0.31387118]
[0.3138466]
[0.3137552]
[0.31375057]
[0.31363395]
[0.3136327]
[0.31361684]
[0.31358194]
[0.31350407]
[0.31349882]
[0.3134928]
[0.3134864]
[0.31346205]
[0.3134528]
[0.31344125]
[0.31341794]
[0.31340432]
[0.3133804]
[0.31335998]
[0.31333795]
[0.31327808]
[0.31326753]
[0.31325638]
[0.31321928]
[0.31321898]
[0.3131959]
[0.31315178]
[0.31312785]
[0.31311572]
[0.31310472]
[0.31310472]
[0.31308186]
[0.31308186]
[0.31306967]
[0.31300917]
[0.31297278]
[0.3129578]
[0.31291777]
[0.31291503]
[0.3129058]
[0.31289905]
[0.31287682]
[0.31280708]
[0.31278056]
[0.3127749]
[0.312731]
[0.3127184]
[0.31256434]
[0.31251988]
[0.31251895]
[0.3124952]
[0.3124952]
[0.31247568]
[0.31246072]
[0.31240526]
[0.31238553]
[0.3123501]
[0.3123301]
[0.31226128]
[0.31224874]
[0.3122439]
[0.31223124]
[0.31213003]
[0.31202248]
[0.312001]
[0.31199715]
[0.3119454]
[0.31190664]
[0.31185737]
[0.3118131]
[0.31177908]
[0.31172666]
[0.31171086]
[0.31170484]
[0.31170213]
[0.31169334]
[0.3115953]
[0.3115863]
[0.31151617]
[0.3115062]
[0.31148595]
[0.31145406]
[0.3114302]
[0.31138217]
[0.3113294]
[0.31131727]
[0.3113119]
[0.31130326]
[0.31128326]
[0.3112773]
[0.31121153]
[0.3111913]
[0.31118488]
[0.31117585]
[0.31110495]
[0.31103402]
[0.31101516]
[0.3110104]
[0.31099495]
[0.3109344]
[0.3109168]
[0.31090897]
[0.31087205]
[0.31078953]
[0.3107572]
[0.31062976]
[0.31061655]
[0.31059718]
[0.31055102]
[0.31053203]
[0.31051576]
[0.3105051]
[0.3105029]
[0.31047067]
[0.31045103]
[0.31043705]
[0.3104205]
[0.3104179]
[0.31037194]
[0.31037194]
[0.3103636]
[0.31034923]
[0.3103476]
[0.31033248]
[0.3103206]
[0.31020275]
[0.31018913]
[0.3101676]
[0.31008872]
[0.31006366]
[0.31001443]
[0.30993688]
[0.30989042]
[0.30984762]
[0.3098082]
[0.309791]
[0.30975428]
[0.30973217]
[0.30970153]
[0.3096978]
[0.3096677]
[0.30960053]
[0.30959305]
[0.30952716]
[0.30949703]
[0.30946818]
[0.30943954]
[0.30942738]
[0.30942333]
[0.30940017]
[0.3093863]
[0.30935526]
[0.3093354]
[0.30925187]
[0.30917555]
[0.30910757]
[0.30905053]
[0.30901495]
[0.3089906]
[0.30895054]
[0.30892727]
[0.30889195]
[0.30883795]
[0.30878082]
[0.3087616]
[0.30875707]
[0.3086766]
[0.3086494]
[0.3086162]
[0.30857736]
[0.30854505]
[0.3084916]
[0.30848512]
[0.30848277]
[0.3084313]
[0.30839664]
[0.3083871]
[0.30838683]
[0.30835503]
[0.30827588]
[0.3082647]
[0.30812457]
[0.30810615]
[0.30800113]
[0.30797377]
[0.30789486]
[0.30786055]
[0.3078572]
[0.3078572]
[0.3078541]
[0.30780804]
[0.30779535]
[0.30775663]
[0.30774352]
[0.30773816]
[0.30770433]
[0.30764714]
[0.30764455]
[0.30762997]
[0.30760232]
[0.3075995]
[0.30759418]
[0.3075792]
[0.30751744]
[0.30749148]
[0.30747738]
[0.30743486]
[0.30740812]
[0.30740803]
[0.30738553]
[0.3073722]
[0.30734608]
[0.30728835]
[0.30724782]
[0.3072395]
[0.30721363]
[0.30720088]
[0.30716744]
[0.30712107]
[0.3071019]
[0.3070539]
[0.30703917]
[0.30703482]
[0.30699664]
[0.30695018]
[0.30694655]
[0.30692598]
[0.30692506]
[0.30690977]
[0.30689764]
[0.30688274]
[0.30682775]
[0.30682403]
[0.306811]
[0.30679595]
[0.3067395]
[0.30665126]
[0.30662566]
[0.30658802]
[0.3065501]
[0.30649415]
[0.30647382]
[0.30647042]
[0.30646807]
[0.30642045]
[0.30633286]
[0.30631652]
[0.30631444]
[0.30631396]
[0.30628252]
[0.30626652]
[0.306263]
[0.30618086]
[0.30614802]
[0.30614132]
[0.3060638]
[0.30601838]
[0.30601838]
[0.30582482]
[0.30582413]
[0.30579782]
[0.30574232]
[0.30572778]
[0.30572668]
[0.30569953]
[0.30568612]
[0.3056087]
[0.3055982]
[0.30555898]
[0.30552757]
[0.30551958]
[0.3055168]
[0.30551225]
[0.30550987]
[0.30550674]
[0.30544823]
[0.30537024]
[0.30529562]
[0.3052942]
[0.30527768]
[0.3052715]
[0.30527145]
[0.30526078]
[0.3052353]
[0.30520093]
[0.305142]
[0.30511555]
[0.30508897]
[0.30507672]
[0.30505958]
[0.30502793]
[0.30494112]
[0.30491287]
[0.30491078]
[0.30489823]
[0.30488706]
[0.30485243]
[0.3048258]
[0.30480045]
[0.30476794]
[0.30474624]
[0.304728]
[0.30468607]
[0.3046779]
[0.3046779]
[0.30464178]
[0.30463144]
[0.30457115]
[0.30447352]
[0.30446205]
[0.3044428]
[0.30443594]
[0.30438447]
[0.304361]
[0.3043211]
[0.3042723]
[0.30422175]
[0.30417544]
[0.30405095]
[0.30404443]
[0.3040441]
[0.30402374]
[0.3040128]
[0.30401084]
[0.30399197]
[0.30394167]
[0.3039405]
[0.3039147]
[0.30390525]
[0.3038965]
[0.30389503]
[0.30384386]
[0.30382803]
[0.3037961]
[0.30376202]
[0.3037617]
[0.30371705]
[0.30371243]
[0.30362767]
[0.30362618]
[0.30359432]
[0.30353817]
[0.30353293]
[0.30347]
[0.30344728]
[0.30343896]
[0.30340007]
[0.30339798]
[0.30339533]
[0.30328882]
[0.30324996]
[0.30324697]
[0.30320248]
[0.30319822]
[0.30319113]
[0.30316767]
[0.3031434]
[0.30301917]
[0.30300677]
[0.30299377]
[0.3028934]
[0.30287898]
[0.30287728]
[0.3028707]
[0.30286914]
[0.30286813]
[0.3028577]
[0.3028279]
[0.30281094]
[0.30280897]
[0.30279642]
[0.30278867]
[0.30278063]
[0.30275095]
[0.30273938]
[0.30268463]
[0.30267912]
[0.30266336]
[0.30263656]
[0.30263156]
[0.30263072]
[0.30262852]
[0.3026174]
[0.30252564]
[0.3024433]
[0.30241355]
[0.30239776]
[0.30237004]
[0.30231526]
[0.3023073]
[0.30221018]
[0.30218676]
[0.30216753]
[0.3021539]
[0.30214486]
[0.3021426]
[0.30212685]
[0.30212307]
[0.30212307]
[0.3021227]
[0.30211732]
[0.3021113]
[0.30210122]
[0.30207402]
[0.30205247]
[0.3020455]
[0.30200982]
[0.301995]
[0.30198494]
[0.30193117]
[0.30190298]
[0.30187917]
[0.301848]
[0.30183405]
[0.30177808]
[0.3017693]
[0.30171424]
[0.301692]
[0.30169025]
[0.30164278]
[0.30164033]
[0.30163825]
[0.30162168]
[0.30161217]
[0.30159408]
[0.3015652]
[0.3015576]
[0.30149886]
[0.30149624]
[0.30146906]
[0.3014502]
[0.3014094]
[0.30138156]
[0.30134654]
[0.3013421]
[0.30132073]
[0.30129442]
[0.30129147]
[0.30125612]
[0.30124393]
[0.3011617]
[0.30112103]
[0.3011202]
[0.30109304]
[0.30106604]
[0.30100706]
[0.30099285]
[0.30094296]
[0.30093527]
[0.30088693]
[0.30087185]
[0.30086195]
[0.30084825]
[0.30080315]
[0.300803]
[0.3008004]
[0.30079055]
[0.30074623]
[0.30069557]
[0.30068818]
[0.3006812]
[0.30067912]
[0.3006693]
[0.30065888]
[0.3006305]
[0.30061024]
[0.30054834]
[0.30054536]
[0.30054054]
[0.30052084]
[0.30048463]
[0.3004804]
[0.3004799]
[0.30046976]
[0.30042824]
[0.30041265]
[0.30037653]
[0.30033946]
[0.30031216]
[0.3002929]
[0.30028605]
[0.30028045]
[0.30021715]
[0.30021715]
[0.3001566]
[0.3001566]
[0.30015105]
[0.30014005]
[0.3001057]
[0.3000846]
[0.3000498]
[0.3000093]
[0.30000594]
[0.29999548]
[0.2999809]
[0.29995263]
[0.29994467]
[0.2999436]
[0.29992118]
[0.2998969]
[0.29986653]
[0.2998542]
[0.29983696]
[0.2998337]
[0.29981875]
[0.29981408]
[0.29977655]
[0.2997703]
[0.29972473]
[0.29972172]
[0.29971936]
[0.2996889]
[0.299513]
[0.29951078]
[0.29942077]
[0.29940632]
[0.29938397]
[0.29937527]
[0.29935873]
[0.29928523]
[0.2992774]
[0.299261]
[0.2992299]
[0.29918313]
[0.29916325]
[0.29916102]
[0.29909772]
[0.2990617]
[0.29905403]
[0.29899725]
[0.29898822]
[0.2989869]
[0.29898086]
[0.29894954]
[0.2988721]
[0.2988617]
[0.2988499]
[0.2988187]
[0.2987996]
[0.2987936]
[0.29877886]
[0.29877886]
[0.29877827]
[0.29873595]
[0.29872105]
[0.2987123]
[0.29869667]
[0.29863685]
[0.29859865]
[0.29851714]
[0.29851297]
[0.29850888]
[0.29848847]
[0.29848334]
[0.29843894]
[0.29838353]
[0.29836342]
[0.29834503]
[0.29833728]
[0.29832506]
[0.29829767]
[0.29815546]
[0.2981242]
[0.2981099]
[0.29810628]
[0.2980578]
[0.29800263]
[0.29795727]
[0.29794744]
[0.29789248]
[0.2978453]
[0.29783398]
[0.2978244]
[0.29778913]
[0.29772004]
[0.2977146]
[0.2977146]
[0.2977146]
[0.29767162]
[0.29766387]
[0.29765317]
[0.29763108]
[0.297621]
[0.29760194]
[0.29757777]
[0.29757094]
[0.29757035]
[0.29756624]
[0.29756612]
[0.29754192]
[0.2975251]
[0.2974999]
[0.29748443]
[0.29746708]
[0.29744554]
[0.29744032]
[0.2974308]
[0.29740953]
[0.29735133]
[0.29733917]
[0.29733917]
[0.29733917]
[0.29732874]
[0.2973175]
[0.29731396]
[0.29728663]
[0.2972795]
[0.2972655]
[0.29721358]
[0.29721358]
[0.29720208]
[0.2971957]
[0.29710093]
[0.29706258]
[0.297044]
[0.29703614]
[0.29702586]
[0.29700565]
[0.29698247]
[0.29691282]
[0.29689568]
[0.2968456]
[0.29683498]
[0.2967969]
[0.29666016]
[0.29665726]
[0.29664707]
[0.29659873]
[0.29651365]
[0.29648915]
[0.29648343]
[0.29645604]
[0.2964521]
[0.29640934]
[0.29639035]
[0.29638714]
[0.29636598]
[0.2963317]
[0.2962793]
[0.29627925]
[0.296239]
[0.29622796]
[0.29619405]
[0.29615548]
[0.29613125]
[0.29602218]
[0.29596165]
[0.29594383]
[0.29593816]
[0.2958629]
[0.29583216]
[0.29582822]
[0.2958202]
[0.29581988]
[0.29581988]
[0.29581168]
[0.29578513]
[0.295771]
[0.2957538]
[0.29574123]
[0.29570588]
[0.2956992]
[0.29568398]
[0.2956785]
[0.2956518]
[0.29559994]
[0.295586]
[0.29558527]
[0.29555517]
[0.2955436]
[0.29552507]
[0.29551062]
[0.29548168]
[0.29545695]
[0.29545677]
[0.29543728]
[0.29537126]
[0.29535076]
[0.29529172]
[0.29527152]
[0.29526246]
[0.2952394]
[0.29522178]
[0.29521415]
[0.29517344]
[0.2951528]
[0.2951303]
[0.2950786]
[0.29500285]
[0.29498687]
[0.2949797]
[0.29494235]
[0.29493144]
[0.29487425]
[0.29476514]
[0.29475334]
[0.29474697]
[0.29467958]
[0.29463628]
[0.2946296]
[0.2946148]
[0.2946054]
[0.29459807]
[0.2945857]
[0.2945656]
[0.29454783]
[0.294543]
[0.29454058]
[0.2945128]
[0.294512]
[0.29449877]
[0.29447222]
[0.2944284]
[0.29442236]
[0.29436418]
[0.29435176]
[0.29433554]
[0.29432923]
[0.29426098]
[0.2942554]
[0.2942416]
[0.29422516]
[0.2941862]
[0.29415148]
[0.2941439]
[0.29412976]
[0.29411414]
[0.29409474]
[0.2940682]
[0.29403064]
[0.2939455]
[0.29394042]
[0.2939364]
[0.29392484]
[0.29391855]
[0.29391646]
[0.29376492]
[0.29370055]
[0.2936137]
[0.2936137]
[0.29359883]
[0.2935973]
[0.29357892]
[0.293519]
[0.29349282]
[0.29343972]
[0.29343882]
[0.2934296]
[0.29341716]
[0.29340744]
[0.2933965]
[0.29337734]
[0.2933666]
[0.29336503]
[0.29335478]
[0.29330257]
[0.29328525]
[0.29327554]
[0.2932332]
[0.29316399]
[0.2931611]
[0.2931274]
[0.29310414]
[0.29305655]
[0.2930426]
[0.29301956]
[0.2929922]
[0.29299203]
[0.2929809]
[0.29296395]
[0.2929626]
[0.2929498]
[0.29293525]
[0.2929171]
[0.29290473]
[0.2928548]
[0.29283652]
[0.2928177]
[0.2928069]
[0.29278284]
[0.29275855]
[0.29275185]
[0.29275125]
[0.29274815]
[0.29272708]
[0.29271966]
[0.29270807]
[0.29267985]
[0.29264912]
[0.29264864]
[0.2926246]
[0.29261398]
[0.29258928]
[0.2925799]
[0.2925753]
[0.29255006]
[0.29253232]
[0.29253232]
[0.29251155]
[0.2925033]
[0.29249805]
[0.29249063]
[0.29231787]
[0.29231727]
[0.29229233]
[0.29225725]
[0.2922341]
[0.2922061]
[0.2921945]
[0.29215524]
[0.29213843]
[0.2921338]
[0.29207253]
[0.2920512]
[0.29204154]
[0.29194748]
[0.29194275]
[0.29190364]
[0.29178962]
[0.29177552]
[0.29174843]
[0.29172662]
[0.29172662]
[0.29172346]
[0.2916904]
[0.29167637]
[0.2916738]
[0.29167244]
[0.2916289]
[0.29159704]
[0.2915964]
[0.29158062]
[0.2915725]
[0.29154408]
[0.29154408]
[0.29152972]
[0.2914913]
[0.29148206]
[0.29147008]
[0.2914675]
[0.2914581]
[0.2913209]
[0.2913209]
[0.2913094]
[0.29130003]
[0.2912997]
[0.29127753]
[0.29124525]
[0.29119897]
[0.2911668]
[0.29115045]
[0.29114518]
[0.2911402]
[0.29113352]
[0.29112774]
[0.29111642]
[0.29111132]
[0.2910945]
[0.2910745]
[0.29106948]
[0.29102755]
[0.2909968]
[0.29099178]
[0.29097727]
[0.29084122]
[0.2908142]
[0.29078922]
[0.2907864]
[0.29069668]
[0.29066324]
[0.29065052]
[0.29061782]
[0.29060254]
[0.2905934]
[0.29059204]
[0.29058957]
[0.2905765]
[0.29055905]
[0.29055476]
[0.2905538]
[0.29052183]
[0.29051438]
[0.290504]
[0.29050145]
[0.29047492]
[0.29046902]
[0.29046044]
[0.2904497]
[0.29043734]
[0.29042652]
[0.29042652]
[0.29041928]
[0.29041725]
[0.29041138]
[0.2903819]
[0.29038045]
[0.29037425]
[0.29035813]
[0.2903557]
[0.29034096]
[0.29031205]
[0.29031065]
[0.29030964]
[0.29027432]
[0.2902479]
[0.29014608]
[0.29012185]
[0.2901074]
[0.29010454]
[0.29008114]
[0.29007328]
[0.29007056]
[0.29006857]
[0.2900664]
[0.29005057]
[0.2900048]
[0.2899927]
[0.2899918]
[0.2899791]
[0.2899766]
[0.28996894]
[0.28996018]
[0.28994286]
[0.28992382]
[0.28990877]
[0.28987512]
[0.28987104]
[0.28985202]
[0.28983825]
[0.28983134]
[0.28982773]
[0.28981742]
[0.28981742]
[0.28981313]
[0.2897647]
[0.28974742]
[0.28971717]
[0.2896892]
[0.28968424]
[0.28967127]
[0.28964102]
[0.2896343]
[0.28962782]
[0.28961343]
[0.2895971]
[0.28956452]
[0.28955227]
[0.28954792]
[0.28952405]
[0.28951082]
[0.28950784]
[0.2894529]
[0.2893778]
[0.28937155]
[0.28936663]
[0.28935716]
[0.2892953]
[0.28929186]
[0.2892913]
[0.2892872]
[0.28928518]
[0.28922278]
[0.28922278]
[0.28920612]
[0.28919402]
[0.28914124]
[0.28912097]
[0.28909475]
[0.28908306]
[0.28899848]
[0.28898737]
[0.28898183]
[0.28895202]
[0.28893268]
[0.28888837]
[0.28883424]
[0.2888242]
[0.28882065]
[0.28880462]
[0.2888024]
[0.28879884]
[0.28875035]
[0.28874707]
[0.2887097]
[0.28870782]
[0.28850442]
[0.28849542]
[0.28847235]
[0.28846556]
[0.28846073]
[0.28844965]
[0.2884481]
[0.28844684]
[0.28841648]
[0.28839672]
[0.2883944]
[0.28836915]
[0.28827432]
[0.28823936]
[0.2882074]
[0.28818363]
[0.28814107]
[0.28812817]
[0.28810796]
[0.28810152]
[0.28804162]
[0.2880235]
[0.2880191]
[0.28800443]
[0.28799266]
[0.28795102]
[0.28794235]
[0.28790194]
[0.28786334]
[0.28785792]
[0.28785267]
[0.2878457]
[0.28780934]
[0.2877976]
[0.2877976]
[0.2877976]
[0.28779536]
[0.28779536]
[0.2877717]
[0.28777006]
[0.28774193]
[0.2877394]
[0.28769153]
[0.28764698]
[0.28763965]
[0.2876138]
[0.28758606]
[0.2875733]
[0.2875401]
[0.28753892]
[0.28751025]
[0.28749576]
[0.28748882]
[0.28744802]
[0.28744802]
[0.28737032]
[0.28735408]
[0.2873515]
[0.28734913]
[0.28734854]
[0.287316]
[0.28731215]
[0.28727818]
[0.28725326]
[0.28725195]
[0.2872173]
[0.28721404]
[0.28719643]
[0.28716806]
[0.2871581]
[0.28714597]
[0.28711155]
[0.28708443]
[0.28707227]
[0.28705785]
[0.28705364]
[0.28705284]
[0.2870467]
[0.28704014]
[0.2870213]
[0.28701538]
[0.28698674]
[0.28698128]
[0.28694975]
[0.28691748]
[0.28690964]
[0.28688598]
[0.28680205]
[0.28679526]
[0.28676355]
[0.28673968]
[0.2867269]
[0.28670496]
[0.28670186]
[0.2866992]
[0.28665936]
[0.28656557]
[0.2865461]
[0.28654563]
[0.28654563]
[0.28653362]
[0.28649727]
[0.2864859]
[0.2864771]
[0.2864648]
[0.28643534]
[0.28643513]
[0.28642493]
[0.28640974]
[0.2863859]
[0.28635025]
[0.28634244]
[0.28628132]
[0.2862714]
[0.28625795]
[0.28621703]
[0.28621703]
[0.28621376]
[0.28620443]
[0.286153]
[0.28612113]
[0.28611624]
[0.28609893]
[0.286094]
[0.286094]
[0.28606468]
[0.28601143]
[0.28601027]
[0.28600845]
[0.28600344]
[0.2859998]
[0.2859834]
[0.2859525]
[0.28587934]
[0.28587094]
[0.28587037]
[0.28585544]
[0.2858337]
[0.2858168]
[0.28579727]
[0.2857838]
[0.285757]
[0.2857335]
[0.28567958]
[0.28567228]
[0.28564012]
[0.28561375]
[0.2855865]
[0.2855786]
[0.2854914]
[0.2854794]
[0.28546846]
[0.28543773]
[0.28539738]
[0.28536636]
[0.28533742]
[0.28530052]
[0.2852883]
[0.2852785]
[0.2852685]
[0.28526303]
[0.28521207]
[0.28517622]
[0.28516588]
[0.28514177]
[0.28505278]
[0.28503427]
[0.28502682]
[0.28501424]
[0.28500625]
[0.28500018]
[0.2849615]
[0.28494087]
[0.28493783]
[0.28493425]
[0.28491125]
[0.2848879]
[0.2848618]
[0.28483728]
[0.28483382]
[0.28480148]
[0.28477663]
[0.28477234]
[0.28474256]
[0.28473526]
[0.28473294]
[0.28472584]
[0.28471616]
[0.2847138]
[0.28467524]
[0.28465235]
[0.28464895]
[0.28464246]
[0.28460357]
[0.28459877]
[0.2845738]
[0.28456935]
[0.28452376]
[0.28451842]
[0.28449568]
[0.28446698]
[0.28444445]
[0.28443956]
[0.28442743]
[0.28440797]
[0.28440583]
[0.28437236]
[0.28431872]
[0.28430772]
[0.28429058]
[0.28427157]
[0.28424355]
[0.2842294]
[0.28419244]
[0.28418064]
[0.28418064]
[0.28405353]
[0.28402737]
[0.2840198]
[0.28401965]
[0.28400362]
[0.28400204]
[0.28399676]
[0.28396058]
[0.2839103]
[0.2839093]
[0.28387076]
[0.2838153]
[0.28378496]
[0.28374183]
[0.28374183]
[0.2837399]
[0.28373224]
[0.28372496]
[0.28370142]
[0.2836942]
[0.28368253]
[0.28363463]
[0.2836233]
[0.2835998]
[0.28359947]
[0.28358442]
[0.28354746]
[0.2835125]
[0.28347197]
[0.2834522]
[0.28344434]
[0.28342545]
[0.28341037]
[0.2834061]
[0.28339627]
[0.28335866]
[0.28331274]
[0.28327432]
[0.28326762]
[0.28326008]
[0.28324032]
[0.28323352]
[0.28322953]
[0.2832159]
[0.28320986]
[0.28310943]
[0.28310528]
[0.2830487]
[0.28303066]
[0.28300923]
[0.2830048]
[0.2829985]
[0.28299844]
[0.28298444]
[0.28297344]
[0.28296056]
[0.2829493]
[0.28294447]
[0.28294414]
[0.28288022]
[0.28287917]
[0.28285038]
[0.28283772]
[0.282784]
[0.2827404]
[0.28272936]
[0.28272602]
[0.28270656]
[0.28268608]
[0.2826768]
[0.28266433]
[0.2826331]
[0.2826241]
[0.28255197]
[0.28254327]
[0.28254172]
[0.28250685]
[0.28250512]
[0.2824327]
[0.2824296]
[0.28242415]
[0.28235617]
[0.28235617]
[0.28235108]
[0.2823317]
[0.2823295]
[0.28231832]
[0.2822369]
[0.28221253]
[0.28220266]
[0.28217968]
[0.2821534]
[0.28215146]
[0.28213716]
[0.28213692]
[0.28211796]
[0.28209293]
[0.2820907]
[0.28204566]
[0.28204295]
[0.28204295]
[0.2820335]
[0.28203064]
[0.28201848]
[0.28201824]
[0.2819819]
[0.28197363]
[0.2819354]
[0.281933]
[0.28192642]
[0.28189224]
[0.28188986]
[0.28184363]
[0.2818418]
[0.2818193]
[0.28181463]
[0.2818005]
[0.2817337]
[0.28172034]
[0.28169665]
[0.28165257]
[0.28162307]
[0.2816183]
[0.28159076]
[0.28155276]
[0.2815419]
[0.2815403]
[0.28148556]
[0.28147942]
[0.2814213]
[0.28140202]
[0.28136626]
[0.28136405]
[0.28135234]
[0.28133366]
[0.2813121]
[0.28130186]
[0.28130168]
[0.28129736]
[0.28127605]
[0.2812749]
[0.2812564]
[0.2812554]
[0.28124124]
[0.2812411]
[0.2812283]
[0.28122735]
[0.28121117]
[0.28118888]
[0.28112945]
[0.28112736]
[0.28108433]
[0.2810837]
[0.28108248]
[0.2810692]
[0.28104123]
[0.28103217]
[0.2810274]
[0.28101492]
[0.28098398]
[0.2809528]
[0.28088427]
[0.28087038]
[0.2808487]
[0.280843]
[0.28082466]
[0.2808157]
[0.2808051]
[0.2808051]
[0.28077927]
[0.2807051]
[0.28064114]
[0.28061882]
[0.28060076]
[0.28057528]
[0.2805621]
[0.28052253]
[0.28044906]
[0.28042558]
[0.2804127]
[0.28036326]
[0.28028387]
[0.28027755]
[0.2802251]
[0.2802087]
[0.2802035]
[0.28020144]
[0.28020102]
[0.2801354]
[0.2801354]
[0.28008607]
[0.28002816]
[0.28000355]
[0.2799875]
[0.2799543]
[0.2799444]
[0.27992243]
[0.27989268]
[0.27988973]
[0.2798867]
[0.27987725]
[0.27978542]
[0.27978393]
[0.27974796]
[0.27972713]
[0.27971387]
[0.27970597]
[0.27968675]
[0.27966523]
[0.27965376]
[0.27964377]
[0.27963617]
[0.27962852]
[0.27955887]
[0.27954158]
[0.27951956]
[0.27951327]
[0.27948657]
[0.27948523]
[0.27945906]
[0.2794196]
[0.2794057]
[0.2793581]
[0.27928767]
[0.27927852]
[0.2792582]
[0.2792475]
[0.27921006]
[0.2791703]
[0.27911395]
[0.27910474]
[0.2790728]
[0.2790723]
[0.27907166]
[0.27906796]
[0.2790468]
[0.279023]
[0.27896795]
[0.27895662]
[0.2789208]
[0.27890912]
[0.27889785]
[0.27889755]
[0.27887934]
[0.27884153]
[0.27884153]
[0.27882755]
[0.27882]
[0.27881378]
[0.27879363]
[0.2787811]
[0.2787356]
[0.27867183]
[0.27866474]
[0.27866325]
[0.27864632]
[0.27864182]
[0.27863777]
[0.2786298]
[0.2786298]
[0.27861136]
[0.27857834]
[0.27857053]
[0.27854216]
[0.27850977]
[0.27848566]
[0.27848032]
[0.27845857]
[0.27843803]
[0.27842793]
[0.2784155]
[0.27838537]
[0.27838537]
[0.27838466]
[0.27833268]
[0.2782462]
[0.2782361]
[0.2782361]
[0.27823338]
[0.27813128]
[0.278111]
[0.27810216]
[0.2780969]
[0.27801454]
[0.27800912]
[0.27796474]
[0.27792388]
[0.27785376]
[0.27785054]
[0.27783617]
[0.27782097]
[0.2777992]
[0.27779016]
[0.27779016]
[0.27774042]
[0.2777375]
[0.2777123]
[0.27769503]
[0.27768323]
[0.27767968]
[0.2776621]
[0.2776443]
[0.27763402]
[0.27757433]
[0.27756438]
[0.2775597]
[0.27754405]
[0.2775325]
[0.27751982]
[0.2775056]
[0.277496]
[0.27746055]
[0.27744272]
[0.27742645]
[0.27741942]
[0.27741173]
[0.2774093]
[0.2773908]
[0.27737704]
[0.2773136]
[0.27730533]
[0.2773022]
[0.27727062]
[0.27721402]
[0.27721235]
[0.2772091]
[0.2771708]
[0.27716288]
[0.2771249]
[0.27712137]
[0.27710888]
[0.2770764]
[0.27705127]
[0.2770128]
[0.27700597]
[0.27700415]
[0.2770038]
[0.27700087]
[0.27699837]
[0.27697638]
[0.2769669]
[0.27693498]
[0.27693278]
[0.27692226]
[0.27688468]
[0.27684346]
[0.27678168]
[0.27675402]
[0.27672485]
[0.2767077]
[0.27670255]
[0.27670172]
[0.27667865]
[0.27667174]
[0.27664223]
[0.27662724]
[0.2766193]
[0.27657622]
[0.27657506]
[0.27657148]
[0.27655602]
[0.2765543]
[0.27654275]
[0.2765241]
[0.27648774]
[0.27648258]
[0.27645993]
[0.27642834]
[0.27642196]
[0.27638304]
[0.27637136]
[0.27635425]
[0.27632856]
[0.27629322]
[0.27626696]
[0.2762575]
[0.27622136]
[0.27618474]
[0.27614903]
[0.27613732]
[0.27607635]
[0.27604955]
[0.27603954]
[0.27598473]
[0.27595142]
[0.27593523]
[0.27593267]
[0.27592415]
[0.275923]
[0.27586347]
[0.27582765]
[0.27578965]
[0.27574968]
[0.2757059]
[0.27570364]
[0.27568817]
[0.2756698]
[0.2756599]
[0.2756503]
[0.27561185]
[0.27559543]
[0.27551726]
[0.27550066]
[0.27547905]
[0.27546945]
[0.27544847]
[0.2754468]
[0.2753898]
[0.2753635]
[0.27532697]
[0.27532634]
[0.27532554]
[0.275304]
[0.27528024]
[0.27524298]
[0.27522722]
[0.27521652]
[0.27516562]
[0.27513787]
[0.27509773]
[0.27507794]
[0.27506262]
[0.27502182]
[0.27499828]
[0.27497992]
[0.27496952]
[0.27491826]
[0.27489614]
[0.27489346]
[0.274864]
[0.27483606]
[0.27480456]
[0.2747467]
[0.2747184]
[0.27468607]
[0.27468008]
[0.27468008]
[0.27465522]
[0.27465072]
[0.27463078]
[0.27460265]
[0.27460018]
[0.27458403]
[0.2745788]
[0.27457187]
[0.27453935]
[0.27453908]
[0.2745248]
[0.27452275]
[0.27450076]
[0.27449366]
[0.27448168]
[0.27445707]
[0.27442348]
[0.27442348]
[0.27441075]
[0.27439559]
[0.27439174]
[0.2743869]
[0.27437696]
[0.27434278]
[0.27429342]
[0.2742897]
[0.27422696]
[0.27421203]
[0.27420676]
[0.27417102]
[0.27416605]
[0.27413788]
[0.27413645]
[0.27412516]
[0.27410096]
[0.27407092]
[0.27402216]
[0.2739504]
[0.2739311]
[0.2739311]
[0.2739311]
[0.273901]
[0.27385792]
[0.2738252]
[0.2738233]
[0.27380675]
[0.2737809]
[0.27377823]
[0.2737568]
[0.27373442]
[0.27373442]
[0.273727]
[0.27370137]
[0.2736681]
[0.27365875]
[0.2736529]
[0.27365178]
[0.27362454]
[0.27359173]
[0.273589]
[0.27357292]
[0.27356657]
[0.27355617]
[0.27352488]
[0.27349025]
[0.2734505]
[0.27341142]
[0.2734105]
[0.27337807]
[0.27336198]
[0.27333945]
[0.2733348]
[0.27332908]
[0.27330288]
[0.27325115]
[0.2732048]
[0.27316666]
[0.27315456]
[0.27310452]
[0.27308342]
[0.2730832]
[0.27306864]
[0.27304617]
[0.2730381]
[0.273033]
[0.27301362]
[0.27300978]
[0.27299887]
[0.27295843]
[0.27293092]
[0.27292034]
[0.2729035]
[0.2729035]
[0.272874]
[0.27287188]
[0.27285624]
[0.27281958]
[0.2728131]
[0.27281114]
[0.27280536]
[0.27273962]
[0.27273062]
[0.2727164]
[0.2727008]
[0.27269557]
[0.2726855]
[0.27267262]
[0.2726718]
[0.27265584]
[0.27262813]
[0.27261165]
[0.27258706]
[0.2725775]
[0.27257097]
[0.27256992]
[0.27249768]
[0.2724919]
[0.27245605]
[0.27243817]
[0.27243403]
[0.27243176]
[0.27236512]
[0.27235404]
[0.27234727]
[0.2723428]
[0.27233163]
[0.2723316]
[0.27232942]
[0.27229902]
[0.2722457]
[0.27223372]
[0.27221397]
[0.27220938]
[0.27218205]
[0.27215865]
[0.2721111]
[0.27209005]
[0.27209005]
[0.27208284]
[0.27204648]
[0.27204314]
[0.27201718]
[0.272005]
[0.2719907]
[0.2719711]
[0.27196607]
[0.271954]
[0.27195016]
[0.271912]
[0.27189797]
[0.27182284]
[0.27180222]
[0.2717749]
[0.27175692]
[0.27174744]
[0.2717435]
[0.27173635]
[0.2717284]
[0.27168402]
[0.27162725]
[0.27161714]
[0.27160254]
[0.27157578]
[0.27157357]
[0.27152994]
[0.27152961]
[0.271526]
[0.27150926]
[0.27150926]
[0.2715031]
[0.27149323]
[0.271487]
[0.2714515]
[0.27143648]
[0.27141547]
[0.27141547]
[0.27139497]
[0.27139294]
[0.2713919]
[0.27136824]
[0.27133757]
[0.27127072]
[0.27125844]
[0.2712325]
[0.2712099]
[0.27120015]
[0.27114806]
[0.27112433]
[0.27110928]
[0.2710795]
[0.27107555]
[0.2710594]
[0.2710406]
[0.27098274]
[0.27095842]
[0.2709538]
[0.27087864]
[0.27087292]
[0.2708683]
[0.27084553]
[0.2707579]
[0.27073017]
[0.27066466]
[0.27066004]
[0.27065507]
[0.27065235]
[0.27063888]
[0.2706311]
[0.270591]
[0.27056566]
[0.2705154]
[0.2705138]
[0.27046967]
[0.27040982]
[0.27039677]
[0.27035636]
[0.27034906]
[0.27032888]
[0.27032602]
[0.27032104]
[0.27023047]
[0.27020195]
[0.2701568]
[0.27015108]
[0.27013776]
[0.27012458]
[0.27005178]
[0.27005178]
[0.27004308]
[0.27004033]
[0.2700123]
[0.270008]
[0.2699834]
[0.2699767]
[0.26995787]
[0.26994565]
[0.26994085]
[0.26994082]
[0.2699083]
[0.2699034]
[0.2698879]
[0.26983464]
[0.26981848]
[0.26980507]
[0.2697801]
[0.26973078]
[0.26973078]
[0.26973078]
[0.26970232]
[0.26967603]
[0.26966575]
[0.26964676]
[0.26963115]
[0.26961738]
[0.2696118]
[0.2696004]
[0.26953954]
[0.2695367]
[0.26947787]
[0.26947716]
[0.2694697]
[0.2694425]
[0.26943895]
[0.26941898]
[0.26941356]
[0.26938203]
[0.26933998]
[0.26931003]
[0.26925024]
[0.26923886]
[0.26922917]
[0.2691306]
[0.2691301]
[0.26909417]
[0.26909313]
[0.26909313]
[0.26907715]
[0.26907355]
[0.26904497]
[0.2689932]
[0.2689344]
[0.26888847]
[0.26885268]
[0.2688429]
[0.2688219]
[0.2687881]
[0.26870847]
[0.26866615]
[0.26862347]
[0.26862007]
[0.26859462]
[0.26857516]
[0.26856172]
[0.26854008]
[0.26850682]
[0.268469]
[0.26844287]
[0.26842105]
[0.2684144]
[0.26841432]
[0.26838762]
[0.2683579]
[0.26819998]
[0.26819727]
[0.26818556]
[0.2681785]
[0.2681766]
[0.26817164]
[0.26813966]
[0.26810646]
[0.26810327]
[0.26805165]
[0.26800603]
[0.26800582]
[0.26800162]
[0.26794493]
[0.2679409]
[0.26793098]
[0.26792282]
[0.26791814]
[0.26787606]
[0.26786533]
[0.26786184]
[0.2678416]
[0.2678358]
[0.26782325]
[0.2678114]
[0.26779962]
[0.26779905]
[0.26778522]
[0.26777676]
[0.26774105]
[0.26773146]
[0.26772746]
[0.26765308]
[0.26762733]
[0.26760668]
[0.26758522]
[0.26758268]
[0.26756364]
[0.26751357]
[0.26751357]
[0.26748702]
[0.26748553]
[0.26747474]
[0.26744646]
[0.26739115]
[0.2673715]
[0.2672831]
[0.26721513]
[0.26721418]
[0.26717776]
[0.2671692]
[0.26714015]
[0.2671237]
[0.26710698]
[0.267021]
[0.26701126]
[0.26700157]
[0.26699266]
[0.26698387]
[0.26695085]
[0.2669501]
[0.2669501]
[0.2669259]
[0.26691204]
[0.26690397]
[0.26689354]
[0.2668875]
[0.26685897]
[0.26682076]
[0.26681614]
[0.26677814]
[0.26676443]
[0.26669946]
[0.26662603]
[0.2665842]
[0.26658106]
[0.26654834]
[0.26654693]
[0.26654693]
[0.26645747]
[0.26645035]
[0.26643497]
[0.2664122]
[0.26639175]
[0.2663855]
[0.26634282]
[0.26633874]
[0.2663357]
[0.26632994]
[0.2663128]
[0.2663128]
[0.26628843]
[0.2662833]
[0.2662781]
[0.26625374]
[0.266234]
[0.26619908]
[0.26613668]
[0.26612583]
[0.26611286]
[0.26604488]
[0.2660349]
[0.26602274]
[0.26601142]
[0.26600897]
[0.26598346]
[0.26596144]
[0.2659374]
[0.26592866]
[0.2658894]
[0.26587895]
[0.26586547]
[0.26585862]
[0.265855]
[0.26584864]
[0.26584288]
[0.2658238]
[0.26581568]
[0.26576495]
[0.26574525]
[0.26573575]
[0.26571992]
[0.2656803]
[0.26567996]
[0.2656277]
[0.26562068]
[0.2656127]
[0.2655687]
[0.26556024]
[0.26554775]
[0.26554182]
[0.2655119]
[0.2654991]
[0.26548064]
[0.26546702]
[0.26544777]
[0.26543817]
[0.2654345]
[0.26535228]
[0.26532316]
[0.265293]
[0.26526436]
[0.2652597]
[0.26522884]
[0.26520023]
[0.26517433]
[0.2651737]
[0.26513642]
[0.2651175]
[0.2651011]
[0.26505587]
[0.2650251]
[0.26501283]
[0.26500684]
[0.2650005]
[0.26499787]
[0.2649941]
[0.2649443]
[0.2649238]
[0.26487985]
[0.26485857]
[0.26482466]
[0.26479712]
[0.26478216]
[0.2647414]
[0.26472777]
[0.26472366]
[0.26471534]
[0.26471534]
[0.26470104]
[0.26467848]
[0.2646635]
[0.2646464]
[0.26464117]
[0.26463544]
[0.264614]
[0.2646071]
[0.26458812]
[0.26457796]
[0.26457736]
[0.26457077]
[0.26456162]
[0.2645338]
[0.2645059]
[0.26449564]
[0.26449442]
[0.26445028]
[0.26440698]
[0.26439393]
[0.26438686]
[0.26438665]
[0.2643801]
[0.26433828]
[0.26431653]
[0.26431647]
[0.26426217]
[0.26425916]
[0.26424357]
[0.2642059]
[0.26419917]
[0.26415232]
[0.2641425]
[0.26413837]
[0.26412487]
[0.26409408]
[0.26404777]
[0.2640352]
[0.26402012]
[0.26390636]
[0.26387212]
[0.26386896]
[0.26382965]
[0.26382795]
[0.26382563]
[0.26379427]
[0.26376978]
[0.26369]
[0.26369]
[0.26366618]
[0.26360452]
[0.26357946]
[0.26352182]
[0.26351082]
[0.2635089]
[0.2635052]
[0.26350442]
[0.26350442]
[0.26350012]
[0.2634981]
[0.26348257]
[0.2633737]
[0.26334077]
[0.26329443]
[0.26329324]
[0.26329166]
[0.26324657]
[0.26320767]
[0.26319423]
[0.26318368]
[0.2631728]
[0.26317188]
[0.26317188]
[0.2631466]
[0.26310495]
[0.26309493]
[0.26308554]
[0.26302958]
[0.2630238]
[0.2630163]
[0.26294762]
[0.2629413]
[0.26293185]
[0.26292852]
[0.26292306]
[0.26290175]
[0.26290175]
[0.26283285]
[0.2628325]
[0.26280707]
[0.26280624]
[0.2627796]
[0.26277143]
[0.2627704]
[0.26275375]
[0.26273414]
[0.26272988]
[0.2627289]
[0.26272547]
[0.26268235]
[0.26261896]
[0.26259837]
[0.2625671]
[0.2625393]
[0.26253438]
[0.26245996]
[0.26245224]
[0.2624436]
[0.2624436]
[0.26240426]
[0.26240426]
[0.26239753]
[0.26236427]
[0.26233503]
[0.26232505]
[0.2623217]
[0.26228848]
[0.26228616]
[0.26227784]
[0.2622758]
[0.2622757]
[0.2622535]
[0.2622529]
[0.2622252]
[0.2622149]
[0.26216775]
[0.26215154]
[0.26214296]
[0.26206326]
[0.26205066]
[0.26205033]
[0.2619902]
[0.2619805]
[0.26197726]
[0.2619527]
[0.26194]
[0.26188815]
[0.26188698]
[0.26188445]
[0.2618397]
[0.26178965]
[0.26178965]
[0.26175147]
[0.261735]
[0.261714]
[0.26165056]
[0.26164728]
[0.26163185]
[0.26163185]
[0.26159918]
[0.26159817]
[0.2615475]
[0.26147276]
[0.26146534]
[0.26144892]
[0.2614412]
[0.2613951]
[0.26136467]
[0.26136416]
[0.26135492]
[0.26135293]
[0.2613417]
[0.26134136]
[0.26133937]
[0.26133627]
[0.26133245]
[0.26130512]
[0.26129684]
[0.2612324]
[0.2612273]
[0.26116794]
[0.2611638]
[0.26108938]
[0.26108268]
[0.26106325]
[0.26104346]
[0.26104268]
[0.26099828]
[0.2609981]
[0.2609678]
[0.26094604]
[0.26094034]
[0.26092222]
[0.26085693]
[0.26083222]
[0.26082504]
[0.260823]
[0.26079667]
[0.26076937]
[0.2607629]
[0.26076043]
[0.26073852]
[0.26072997]
[0.26070347]
[0.26068476]
[0.2606536]
[0.2606355]
[0.26063395]
[0.26063192]
[0.26059872]
[0.26059297]
[0.26049805]
[0.26047587]
[0.26043957]
[0.26041958]
[0.26039648]
[0.26037705]
[0.26035026]
[0.26034382]
[0.26028946]
[0.26020622]
[0.26020265]
[0.26017925]
[0.26016125]
[0.26014245]
[0.26013094]
[0.2600078]
[0.26000407]
[0.25999567]
[0.25998682]
[0.25998256]
[0.2599722]
[0.25996554]
[0.2599311]
[0.25991246]
[0.25989127]
[0.25988373]
[0.2598673]
[0.25982055]
[0.2598078]
[0.25975832]
[0.25974905]
[0.2597367]
[0.25971648]
[0.25971344]
[0.25970858]
[0.25958723]
[0.25954807]
[0.25941634]
[0.25940028]
[0.25938267]
[0.2593749]
[0.25936973]
[0.2593681]
[0.25935686]
[0.25934187]
[0.25933328]
[0.25933048]
[0.25929642]
[0.25929233]
[0.25926402]
[0.2592377]
[0.25923136]
[0.25919026]
[0.25915945]
[0.25915015]
[0.2590869]
[0.2590815]
[0.25907576]
[0.2590522]
[0.25905043]
[0.25903225]
[0.25901222]
[0.25900954]
[0.25896764]
[0.25896227]
[0.25895417]
[0.25893158]
[0.25891986]
[0.25888887]
[0.2588815]
[0.25885496]
[0.25885093]
[0.2588492]
[0.25883967]
[0.258821]
[0.25879547]
[0.25871858]
[0.25868082]
[0.258675]
[0.25862515]
[0.25862515]
[0.25862378]
[0.25862065]
[0.25858894]
[0.25858516]
[0.25857875]
[0.25856125]
[0.25854513]
[0.25854513]
[0.25850603]
[0.2584907]
[0.25848773]
[0.25848722]
[0.25848368]
[0.25848177]
[0.25840956]
[0.25839823]
[0.25836593]
[0.25833854]
[0.2583321]
[0.25829408]
[0.258252]
[0.25822976]
[0.25821546]
[0.25818333]
[0.25817814]
[0.25815365]
[0.25813708]
[0.25812486]
[0.2580877]
[0.25808558]
[0.25807166]
[0.2580687]
[0.2580561]
[0.25805393]
[0.25803745]
[0.2580067]
[0.25798467]
[0.25797838]
[0.25796998]
[0.25794393]
[0.25792852]
[0.25792056]
[0.25790876]
[0.25790155]
[0.257872]
[0.25787097]
[0.25786063]
[0.2578452]
[0.2577344]
[0.25772926]
[0.25771573]
[0.2577146]
[0.25769684]
[0.2576872]
[0.25761804]
[0.2576142]
[0.2576087]
[0.2575967]
[0.25756478]
[0.25755343]
[0.2575276]
[0.25749817]
[0.25749612]
[0.25748128]
[0.25748128]
[0.25748074]
[0.25744927]
[0.25744328]
[0.25743338]
[0.2574009]
[0.25738755]
[0.2573528]
[0.25733867]
[0.25733167]
[0.2573051]
[0.25729924]
[0.25726977]
[0.25726315]
[0.25722942]
[0.25722772]
[0.25720352]
[0.25716895]
[0.25715232]
[0.25715134]
[0.25714073]
[0.25713423]
[0.25712606]
[0.25712457]
[0.2570892]
[0.25703394]
[0.25700933]
[0.25700286]
[0.25693694]
[0.25693542]
[0.25692457]
[0.25690317]
[0.25687963]
[0.256812]
[0.25679597]
[0.25676128]
[0.25675187]
[0.25673747]
[0.25673136]
[0.25668442]
[0.25667232]
[0.25666204]
[0.25666025]
[0.256633]
[0.2566282]
[0.2566141]
[0.25658596]
[0.2565798]
[0.25656715]
[0.25654933]
[0.25651935]
[0.25650212]
[0.25649396]
[0.2564685]
[0.25646353]
[0.25646132]
[0.2564584]
[0.25643873]
[0.25643185]
[0.25640905]
[0.256396]
[0.25639084]
[0.25639063]
[0.25638545]
[0.25637802]
[0.25636145]
[0.25633445]
[0.25632516]
[0.25629544]
[0.2562795]
[0.25627667]
[0.25626692]
[0.2562467]
[0.25623313]
[0.25620484]
[0.25619307]
[0.25618696]
[0.2561829]
[0.25613892]
[0.2561363]
[0.25609562]
[0.25608626]
[0.25607038]
[0.25606263]
[0.25605774]
[0.25605774]
[0.2560489]
[0.256038]
[0.25603044]
[0.2560254]
[0.25601804]
[0.2560091]
[0.25600654]
[0.25600654]
[0.255963]
[0.25595516]
[0.25594056]
[0.25592878]
[0.2559269]
[0.25591367]
[0.25591168]
[0.25591105]
[0.25590876]
[0.25580654]
[0.25579524]
[0.2557617]
[0.25575152]
[0.25574988]
[0.255736]
[0.25572643]
[0.25572398]
[0.25567898]
[0.2556708]
[0.2556556]
[0.2556523]
[0.25561956]
[0.25559032]
[0.2555822]
[0.25555494]
[0.2555512]
[0.2555498]
[0.25554883]
[0.25554872]
[0.25551847]
[0.25551486]
[0.25549868]
[0.25548592]
[0.25546506]
[0.25544694]
[0.25544214]
[0.25541058]
[0.2554024]
[0.25538293]
[0.2553686]
[0.25529358]
[0.25527567]
[0.25526068]
[0.25525793]
[0.2552433]
[0.25522673]
[0.25522643]
[0.2552226]
[0.25520185]
[0.2551979]
[0.2551929]
[0.2551543]
[0.25514215]
[0.25513572]
[0.25512287]
[0.25511214]
[0.25509757]
[0.2550803]
[0.255076]
[0.25504342]
[0.25500828]
[0.25500572]
[0.25494733]
[0.2549453]
[0.25493893]
[0.25493118]
[0.2549305]
[0.25488898]
[0.25488144]
[0.25485894]
[0.25484598]
[0.25482765]
[0.25480062]
[0.25478953]
[0.25477433]
[0.2547723]
[0.2547457]
[0.2547441]
[0.25474352]
[0.25473762]
[0.25470144]
[0.2547008]
[0.25469068]
[0.25469068]
[0.2546862]
[0.25467703]
[0.25466713]
[0.25465605]
[0.25463414]
[0.25463408]
[0.25463206]
[0.2546034]
[0.2545986]
[0.25457987]
[0.25455645]
[0.2545519]
[0.25454867]
[0.25450957]
[0.25449955]
[0.25449902]
[0.25448048]
[0.25446063]
[0.2544293]
[0.25442258]
[0.25442156]
[0.25442016]
[0.25440747]
[0.2543652]
[0.25434205]
[0.25433588]
[0.25431877]
[0.25430408]
[0.25427955]
[0.25426686]
[0.25423476]
[0.25422412]
[0.25421473]
[0.25417247]
[0.25415704]
[0.25413075]
[0.25410154]
[0.25408933]
[0.25407785]
[0.25405025]
[0.25403783]
[0.2540259]
[0.25401542]
[0.25399303]
[0.25397307]
[0.2539614]
[0.25393033]
[0.2539292]
[0.25392714]
[0.25391707]
[0.2538756]
[0.25387532]
[0.25386986]
[0.2538673]
[0.25386637]
[0.25385725]
[0.25385523]
[0.25384647]
[0.25381255]
[0.25380838]
[0.25377458]
[0.2537609]
[0.25371686]
[0.25370628]
[0.25368112]
[0.25367174]
[0.2536636]
[0.25365525]
[0.25363207]
[0.25362903]
[0.2536281]
[0.25362313]
[0.25357085]
[0.25354967]
[0.25352982]
[0.25352812]
[0.2534982]
[0.25348884]
[0.25348705]
[0.25344962]
[0.25344142]
[0.25343692]
[0.2534301]
[0.2534029]
[0.25339645]
[0.25338307]
[0.25337934]
[0.25335503]
[0.2533533]
[0.25334784]
[0.25334695]
[0.25332254]
[0.25331748]
[0.25330395]
[0.25330186]
[0.25330114]
[0.25326666]
[0.25324586]
[0.25322688]
[0.253219]
[0.25321072]
[0.2532003]
[0.25319874]
[0.25316545]
[0.25314364]
[0.2531227]
[0.25312018]
[0.25312018]
[0.25312018]
[0.25311336]
[0.2530974]
[0.25308535]
[0.2530616]
[0.25305766]
[0.25303012]
[0.2530256]
[0.25302547]
[0.25302455]
[0.25302455]
[0.25300902]
[0.25300902]
[0.25300902]
[0.25300658]
[0.2530049]
[0.252895]
[0.2528668]
[0.25285265]
[0.25285196]
[0.25283542]
[0.25283128]
[0.2528302]
[0.25281525]
[0.25280455]
[0.2527987]
[0.2527902]
[0.25277954]
[0.25277475]
[0.25277033]
[0.25275606]
[0.25275588]
[0.25275472]
[0.2527397]
[0.2527241]
[0.25272205]
[0.25271925]
[0.25270143]
[0.25267377]
[0.25267276]
[0.252668]
[0.25264475]
[0.25264052]
[0.25263458]
[0.2526136]
[0.2526014]
[0.25259817]
[0.25259316]
[0.2525921]
[0.25258937]
[0.2525754]
[0.25256443]
[0.25254717]
[0.25254658]
[0.25253817]
[0.2525251]
[0.2524868]
[0.25247946]
[0.25245225]
[0.25244582]
[0.25243694]
[0.25243393]
[0.252402]
[0.25239414]
[0.25237435]
[0.25234294]
[0.25232965]
[0.25231448]
[0.25230932]
[0.25228187]
[0.25227833]
[0.25225946]
[0.2522582]
[0.252256]
[0.25223994]
[0.2521592]
[0.25214967]
[0.2521217]
[0.25208384]
[0.25204024]
[0.25204024]
[0.2520322]
[0.25200644]
[0.25199068]
[0.25197983]
[0.2519745]
[0.25196096]
[0.25193796]
[0.25193492]
[0.25192857]
[0.25189406]
[0.2518747]
[0.2518747]
[0.2518423]
[0.25181544]
[0.25180125]
[0.25180125]
[0.25179464]
[0.25178522]
[0.25177693]
[0.25177136]
[0.25175747]
[0.2517054]
[0.25169218]
[0.25168535]
[0.25167975]
[0.25163555]
[0.25163448]
[0.25162244]
[0.2515814]
[0.2515706]
[0.2515675]
[0.25156367]
[0.25155103]
[0.25154668]
[0.251541]
[0.25153342]
[0.25152624]
[0.2515061]
[0.25149295]
[0.25147533]
[0.25147393]
[0.2514496]
[0.2514428]
[0.25142953]
[0.2514261]
[0.25142053]
[0.25140217]
[0.25139967]
[0.25137135]
[0.2513687]
[0.25135484]
[0.2513398]
[0.25133896]
[0.25133425]
[0.25131875]
[0.2512987]
[0.2512979]
[0.25124902]
[0.2512375]
[0.25123653]
[0.2512329]
[0.25123158]
[0.25118902]
[0.25116202]
[0.25112554]
[0.25112027]
[0.25105375]
[0.25103363]
[0.25100815]
[0.2510072]
[0.2510069]
[0.25099534]
[0.25099152]
[0.2509803]
[0.2509762]
[0.25097546]
[0.25096]
[0.25095713]
[0.25094688]
[0.25093108]
[0.25092122]
[0.25088373]
[0.25087017]
[0.25084606]
[0.2508425]
[0.2508384]
[0.2507977]
[0.25078684]
[0.2507802]
[0.25074536]
[0.25073925]
[0.2507128]
[0.25070894]
[0.25070179]
[0.25067738]
[0.25067613]
[0.2506729]
[0.25066566]
[0.2506538]
[0.2506437]
[0.2506134]
[0.2506104]
[0.25059995]
[0.2505946]
[0.2505946]
[0.2505799]
[0.2505764]
[0.25055045]
[0.2505303]
[0.25051916]
[0.25051305]
[0.2505032]
[0.2505001]
[0.25049514]
[0.2504869]
[0.25048417]
[0.25039157]
[0.2503895]
[0.25036073]
[0.2503569]
[0.25035387]
[0.25034893]
[0.25030878]
[0.25030196]
[0.25030026]
[0.25029477]
[0.2502841]
[0.25027502]
[0.2502734]
[0.25027087]
[0.25026545]
[0.25026146]
[0.25025713]
[0.25023848]
[0.2502293]
[0.25022268]
[0.250221]
[0.25020644]
[0.25020257]
[0.2501937]
[0.25018454]
[0.25017202]
[0.25016972]
[0.25016916]
[0.25015858]
[0.25014272]
[0.2501392]
[0.25012726]
[0.250111]
[0.2501026]
[0.25005925]
[0.25004438]
[0.25002724]
[0.2500124]
[0.25000304]
[0.24998313]
[0.24997416]
[0.24996838]
[0.24995317]
[0.24995314]
[0.24994977]
[0.24991378]
[0.24987873]
[0.24983649]
[0.24981935]
[0.24980034]
[0.24978828]
[0.24978025]
[0.24977766]
[0.24975589]
[0.2497452]
[0.2497426]
[0.24973397]
[0.24973397]
[0.24973376]
[0.24972112]
[0.24971238]
[0.24970001]
[0.249699]
[0.249699]
[0.24969487]
[0.24967156]
[0.2496666]
[0.24966583]
[0.24966493]
[0.24964948]
[0.24964222]
[0.2495949]
[0.24956706]
[0.24956547]
[0.24953108]
[0.24952485]
[0.24948871]
[0.24948509]
[0.24946117]
[0.24945177]
[0.2494459]
[0.2494354]
[0.24943028]
[0.24940911]
[0.24940659]
[0.24940465]
[0.24939315]
[0.24938853]
[0.24938853]
[0.249382]
[0.24935514]
[0.24935205]
[0.24934594]
[0.24932781]
[0.24931736]
[0.24931023]
[0.24930273]
[0.24928889]
[0.24927887]
[0.24921243]
[0.24920316]
[0.2492013]
[0.24917805]
[0.24917577]
[0.24915884]
[0.24915627]
[0.24910894]
[0.24909876]
[0.24909675]
[0.24906178]
[0.2490509]
[0.24905048]
[0.24904983]
[0.24904874]
[0.24904469]
[0.24902819]
[0.2489969]
[0.24898644]
[0.24896657]
[0.24896525]
[0.24893631]
[0.24893554]
[0.24892461]
[0.24892323]
[0.24891256]
[0.24886996]
[0.24886149]
[0.24885353]
[0.24882106]
[0.24878941]
[0.2487467]
[0.24874416]
[0.24874032]
[0.24873775]
[0.24871731]
[0.24870996]
[0.24869929]
[0.248673]
[0.24866977]
[0.24865782]
[0.24865305]
[0.24865182]
[0.2485956]
[0.24859372]
[0.24858709]
[0.24857304]
[0.24856538]
[0.24855341]
[0.24854769]
[0.2485325]
[0.24852844]
[0.24852413]
[0.24851424]
[0.24850431]
[0.24850148]
[0.24849038]
[0.2484832]
[0.24848144]
[0.24846877]
[0.24845995]
[0.248459]
[0.24844429]
[0.24844237]
[0.24842446]
[0.24841368]
[0.24840927]
[0.24840182]
[0.24839973]
[0.24839708]
[0.24839014]
[0.24838887]
[0.24838226]
[0.2483724]
[0.24837187]
[0.24836381]
[0.24836338]
[0.24835719]
[0.24834701]
[0.24834575]
[0.24833249]
[0.24833049]
[0.2483145]
[0.24829803]
[0.24828827]
[0.24828127]
[0.24827588]
[0.24827163]
[0.24826229]
[0.24825415]
[0.24822077]
[0.24820209]
[0.2481973]
[0.24816349]
[0.24814352]
[0.24813923]
[0.24811353]
[0.24811323]
[0.24811038]
[0.24809395]
[0.2480896]
[0.24808379]
[0.24807449]
[0.24803758]
[0.24800813]
[0.24800454]
[0.24800454]
[0.24799624]
[0.24799106]
[0.24798211]
[0.24797434]
[0.24796957]
[0.24796733]
[0.24795602]
[0.24795517]
[0.24793667]
[0.24792893]
[0.24791847]
[0.24788973]
[0.24787581]
[0.24787387]
[0.24785796]
[0.24784982]
[0.24781904]
[0.2478174]
[0.2478052]
[0.24777713]
[0.24775045]
[0.24774502]
[0.2477344]
[0.2477306]
[0.24772592]
[0.24771693]
[0.24770309]
[0.24770275]
[0.24770008]
[0.24769795]
[0.24769364]
[0.24768683]
[0.24768683]
[0.24767514]
[0.24767384]
[0.24766366]
[0.24765126]
[0.2476502]
[0.24762599]
[0.24761301]
[0.2475917]
[0.24758779]
[0.24758437]
[0.24757247]
[0.24756812]
[0.24756484]
[0.24755564]
[0.2475389]
[0.24753872]
[0.24753475]
[0.24752522]
[0.24752487]
[0.24751918]
[0.24751629]
[0.24750997]
[0.24749494]
[0.24749254]
[0.2474819]
[0.2474819]
[0.24747711]
[0.24747507]
[0.24745652]
[0.24745603]
[0.24744923]
[0.24743189]
[0.24743144]
[0.24742775]
[0.24742219]
[0.24737678]
[0.24737678]
[0.24737392]
[0.24736388]
[0.2473591]
[0.2473591]
[0.24733089]
[0.24729916]
[0.24729872]
[0.24729152]
[0.24724601]
[0.2472252]
[0.24722461]
[0.24720031]
[0.24717583]
[0.2471756]
[0.24716878]
[0.24716878]
[0.24716878]
[0.2471456]
[0.24713716]
[0.24713115]
[0.24712233]
[0.24712154]
[0.2471209]
[0.24709575]
[0.24707536]
[0.24706785]
[0.2470607]
[0.24704278]
[0.24704278]
[0.24704278]
[0.24704278]
[0.24704278]
[0.24702083]
[0.2470096]
[0.2470068]
[0.2470025]
[0.24700186]
[0.2469993]
[0.2469853]
[0.24696946]
[0.24695532]
[0.24693118]
[0.2469227]
[0.2469217]
[0.24690877]
[0.2468763]
[0.2468755]
[0.24687323]
[0.24687079]
[0.2468689]
[0.24682967]
[0.24682806]
[0.24682806]
[0.24682806]
[0.24681915]
[0.2467996]
[0.24678788]
[0.24677882]
[0.24677001]
[0.24676459]
[0.2467626]
[0.24675994]
[0.2467457]
[0.24673447]
[0.24672577]
[0.24672277]
[0.24672164]
[0.24671395]
[0.24670768]
[0.24669454]
[0.24669312]
[0.24667352]
[0.24667208]
[0.24665645]
[0.24665545]
[0.24664298]
[0.24663323]
[0.24663132]
[0.24662465]
[0.24662018]
[0.24660856]
[0.24659283]
[0.24656744]
[0.24653564]
[0.24651657]
[0.24650006]
[0.24649322]
[0.24648935]
[0.24648212]
[0.2464787]
[0.2464715]
[0.2464715]
[0.24646941]
[0.24645875]
[0.24641702]
[0.24641308]
[0.24640206]
[0.24640206]
[0.24638763]
[0.24638492]
[0.24637626]
[0.24637528]
[0.24636349]
[0.24635424]
[0.24634789]
[0.24634205]
[0.2463345]
[0.24632727]
[0.24632008]
[0.24627711]
[0.24625674]
[0.24623893]
[0.24623041]
[0.2462187]
[0.24619985]
[0.24619953]
[0.24619806]
[0.24619783]
[0.24615778]
[0.24615778]
[0.24613945]
[0.24612978]
[0.24610919]
[0.24610884]
[0.24610706]
[0.24610405]
[0.24609804]
[0.2460868]
[0.24608646]
[0.24607766]
[0.24605435]
[0.2460435]
[0.24604231]
[0.24603426]
[0.24603313]
[0.24603045]
[0.24602395]
[0.2459977]
[0.24599504]
[0.24598797]
[0.24597742]
[0.24597178]
[0.24596703]
[0.24591999]
[0.24590951]
[0.24589153]
[0.24588999]
[0.24587664]
[0.2458612]
[0.24586087]
[0.24585263]
[0.24584705]
[0.24584427]
[0.24584019]
[0.24582721]
[0.24582405]
[0.24581376]
[0.24578965]
[0.24578913]
[0.24577628]
[0.24577576]
[0.2457186]
[0.24571776]
[0.2457108]
[0.24570797]
[0.24570096]
[0.24568687]
[0.24565482]
[0.24565203]
[0.24562763]
[0.24562141]
[0.2456173]
[0.24560939]
[0.24553348]
[0.2455252]
[0.24549438]
[0.24549438]
[0.24549039]
[0.24548686]
[0.24548267]
[0.24547747]
[0.24546473]
[0.24545968]
[0.24541895]
[0.24540775]
[0.24538988]
[0.24538176]
[0.24534172]
[0.24532776]
[0.24532236]
[0.24531175]
[0.24530903]
[0.24530679]
[0.2453041]
[0.24527842]
[0.24526924]
[0.24526685]
[0.24525185]
[0.24521409]
[0.24520479]
[0.24520087]
[0.24517308]
[0.24516807]
[0.24516355]
[0.24514163]
[0.24510804]
[0.24506268]
[0.24505328]
[0.24503127]
[0.24502152]
[0.24500813]
[0.24500532]
[0.24500386]
[0.24499714]
[0.24498929]
[0.24498792]
[0.2449735]
[0.2449609]
[0.24494843]
[0.24494843]
[0.24493372]
[0.24493207]
[0.2449236]
[0.24490976]
[0.24489082]
[0.24487916]
[0.24486583]
[0.24486166]
[0.24481967]
[0.2448129]
[0.24481232]
[0.24480738]
[0.2447611]
[0.2447562]
[0.2447295]
[0.24471971]
[0.24471429]
[0.24470344]
[0.24466652]
[0.2446569]
[0.24463458]
[0.24462853]
[0.24462613]
[0.24460931]
[0.2445923]
[0.24457182]
[0.24455222]
[0.24454387]
[0.24453914]
[0.24453914]
[0.24453774]
[0.24453387]
[0.2445291]
[0.24451989]
[0.24451296]
[0.24449095]
[0.24448523]
[0.2444799]
[0.2444295]
[0.24442466]
[0.24438623]
[0.2443807]
[0.24437772]
[0.24434195]
[0.24433215]
[0.24432586]
[0.24431832]
[0.24431379]
[0.24429914]
[0.24429598]
[0.24426045]
[0.2442593]
[0.24425831]
[0.24425043]
[0.24425043]
[0.24423794]
[0.24421595]
[0.244211]
[0.24421006]
[0.24420646]
[0.2441903]
[0.24418706]
[0.24416296]
[0.24416171]
[0.24415874]
[0.24412626]
[0.24412626]
[0.24412194]
[0.24408771]
[0.24408771]
[0.2440789]
[0.2440789]
[0.24406509]
[0.24405709]
[0.24405563]
[0.24405412]
[0.24401815]
[0.2440174]
[0.24401358]
[0.24400571]
[0.24400474]
[0.24397942]
[0.24394158]
[0.24391054]
[0.24389617]
[0.24388784]
[0.24388784]
[0.24388784]
[0.24387164]
[0.24385105]
[0.2438502]
[0.24383]
[0.24380697]
[0.24379387]
[0.24376939]
[0.24376436]
[0.24374855]
[0.24374843]
[0.24374741]
[0.24374525]
[0.243738]
[0.24372913]
[0.24372913]
[0.24372913]
[0.24371661]
[0.2437034]
[0.24369834]
[0.24369776]
[0.2436913]
[0.24367289]
[0.24366742]
[0.2436462]
[0.24364342]
[0.24362837]
[0.24362704]
[0.24361937]
[0.24361892]
[0.24360612]
[0.24357902]
[0.24357735]
[0.24354824]
[0.24354824]
[0.24353981]
[0.2435378]
[0.24352819]
[0.24349605]
[0.24347532]
[0.24346748]
[0.24346732]
[0.24346426]
[0.2434456]
[0.24343368]
[0.24341646]
[0.2434064]
[0.24339631]
[0.24339171]
[0.24338256]
[0.24337809]
[0.24337597]
[0.24336775]
[0.24335383]
[0.24335206]
[0.2433311]
[0.24332862]
[0.24332862]
[0.24332754]
[0.24332452]
[0.24331072]
[0.24330865]
[0.24330439]
[0.24329217]
[0.24329217]
[0.24323346]
[0.2431976]
[0.24319218]
[0.24318792]
[0.2431838]
[0.24318273]
[0.24318162]
[0.24318033]
[0.24317975]
[0.24317752]
[0.24317425]
[0.24317189]
[0.2431555]
[0.24314259]
[0.243137]
[0.24313089]
[0.24312533]
[0.24310763]
[0.24309935]
[0.24308363]
[0.24307641]
[0.24306041]
[0.24304828]
[0.24302459]
[0.24301551]
[0.2430136]
[0.2430131]
[0.24300453]
[0.24299379]
[0.24298623]
[0.24296413]
[0.24293827]
[0.24293827]
[0.24291109]
[0.24290794]
[0.24286884]
[0.24286467]
[0.24285433]
[0.2428221]
[0.24282171]
[0.24281164]
[0.24280944]
[0.24280465]
[0.24280287]
[0.2427873]
[0.24278712]
[0.24277912]
[0.2427588]
[0.24275866]
[0.2427474]
[0.24274644]
[0.24274531]
[0.24272817]
[0.24272154]
[0.24269885]
[0.24269132]
[0.24266729]
[0.24265558]
[0.24265218]
[0.24264668]
[0.24262865]
[0.24262436]
[0.24261792]
[0.24260372]
[0.24258156]
[0.24254927]
[0.24253784]
[0.24252458]
[0.24251193]
[0.24250716]
[0.24250175]
[0.24250175]
[0.24248344]
[0.24242996]
[0.24242152]
[0.24242026]
[0.24241273]
[0.2424106]
[0.24238028]
[0.24238008]
[0.24237639]
[0.24237123]
[0.24236989]
[0.24235578]
[0.24234283]
[0.24232419]
[0.24230585]
[0.24228768]
[0.24225716]
[0.24225241]
[0.24222493]
[0.24222493]
[0.24218851]
[0.24217856]
[0.24217403]
[0.24217112]
[0.24210715]
[0.24210185]
[0.24210095]
[0.24209927]
[0.2420882]
[0.24208322]
[0.24202193]
[0.2420187]
[0.24195467]
[0.2419356]
[0.24192639]
[0.241925]
[0.24190685]
[0.24188638]
[0.24188036]
[0.24188036]
[0.24187064]
[0.24185714]
[0.24184214]
[0.24182524]
[0.24182005]
[0.24178292]
[0.24177137]
[0.24176301]
[0.24175343]
[0.24175343]
[0.24172518]
[0.24170862]
[0.24164203]
[0.24163663]
[0.2416251]
[0.24160255]
[0.24160239]
[0.24159601]
[0.24154381]
[0.241539]
[0.24153787]
[0.24153307]
[0.24151689]
[0.24151327]
[0.2414941]
[0.24149352]
[0.24147914]
[0.24147612]
[0.24147011]
[0.24145387]
[0.24143209]
[0.24142258]
[0.24141786]
[0.24139923]
[0.24137582]
[0.24122544]
[0.24119101]
[0.24115324]
[0.24112909]
[0.24110769]
[0.24110672]
[0.24110511]
[0.24107501]
[0.24107501]
[0.24104239]
[0.24103999]
[0.24100901]
[0.240962]
[0.24095568]
[0.24094248]
[0.24092783]
[0.24090722]
[0.2409037]
[0.24090248]
[0.24088566]
[0.24087936]
[0.24087852]
[0.24085763]
[0.2408545]
[0.24084526]
[0.24082433]
[0.2407836]
[0.24077858]
[0.24076986]
[0.2407495]
[0.24073704]
[0.24073704]
[0.24073038]
[0.24072608]
[0.24070269]
[0.240697]
[0.240697]
[0.24068998]
[0.2406878]
[0.24066857]
[0.24064049]
[0.24063076]
[0.24063076]
[0.24062403]
[0.24059138]
[0.24059051]
[0.24059051]
[0.24055453]
[0.24055067]
[0.2405415]
[0.2405415]
[0.2404676]
[0.24043225]
[0.2404199]
[0.24041289]
[0.2403719]
[0.24035405]
[0.24034429]
[0.24033873]
[0.24033873]
[0.24028502]
[0.2402787]
[0.24018024]
[0.24017887]
[0.24016623]
[0.24015354]
[0.24013695]
[0.24013096]
[0.2400637]
[0.23997577]
[0.23993781]
[0.23989643]
[0.23988277]
[0.23987997]
[0.2398348]
[0.23982069]
[0.2398082]
[0.23979113]
[0.23978564]
[0.23976308]
[0.23976034]
[0.2396563]
[0.23965293]
[0.239634]
[0.23958267]
[0.23953594]
[0.2395042]
[0.2394818]
[0.23946652]
[0.23945285]
[0.23941037]
[0.23940696]
[0.23938599]
[0.23938493]
[0.23935145]
[0.23933885]
[0.23932381]
[0.23928136]
[0.23925428]
[0.23921195]
[0.23907778]
[0.2390681]
[0.23903924]
[0.23884742]
[0.23876646]
[0.23860209]
[0.23859555]
[0.23847389]
[0.23844415]
[0.23844191]
[0.23837101]
[0.2383676]
[0.23818564]
[0.23814632]
[0.23813328]
[0.237883]
[0.23765]
[0.23756921]
[0.23754561]
[0.23730284]
[0.2372871]
[0.2372135]
[0.23710205]
[0.23695877]
[0.23678659]
[0.23648235]
[0.2362097]
[0.23616853]
[0.23594695]
[0.23593268]
