[0.693198]
[0.6579774]
[0.6568157]
[0.63169336]
[0.628845]
[0.5681202]
[0.5658033]
[0.52727616]
[0.5263772]
[0.5162195]
[0.514546]
[0.51435757]
[0.51373714]
[0.5136974]
[0.50517863]
[0.5031565]
[0.502538]
[0.49990228]
[0.48898646]
[0.48379362]
[0.48185086]
[0.47031316]
[0.46773905]
[0.46621644]
[0.4656512]
[0.46418178]
[0.46286163]
[0.46110705]
[0.45984715]
[0.4582906]
[0.45006353]
[0.45000055]
[0.44906014]
[0.4452926]
[0.443783]
[0.4413065]
[0.4381003]
[0.43576923]
[0.4350472]
[0.43235916]
[0.431731]
[0.42764068]
[0.42633507]
[0.41976163]
[0.4136151]
[0.41139954]
[0.41078004]
[0.4087206]
[0.40865022]
[0.40805262]
[0.40768996]
[0.407507]
[0.40614015]
[0.39658976]
[0.3950445]
[0.39471477]
[0.39332387]
[0.39286223]
[0.39122605]
[0.3902252]
[0.39019334]
[0.38943958]
[0.38919243]
[0.3867739]
[0.38605466]
[0.3853785]
[0.3848699]
[0.3847099]
[0.3846283]
[0.3845085]
[0.3834266]
[0.3802451]
[0.3793543]
[0.37820482]
[0.37805924]
[0.3775916]
[0.37705284]
[0.3747881]
[0.3727147]
[0.37234202]
[0.3721113]
[0.3694123]
[0.3677967]
[0.36633766]
[0.3660325]
[0.36440945]
[0.36435208]
[0.36263126]
[0.36216396]
[0.36085367]
[0.36074388]
[0.3593539]
[0.35883576]
[0.35877526]
[0.35839042]
[0.35707673]
[0.35704368]
[0.35454068]
[0.35368747]
[0.35284215]
[0.35157567]
[0.35107726]
[0.35074243]
[0.35067463]
[0.34840563]
[0.34776628]
[0.34722728]
[0.3465995]
[0.34542552]
[0.3452917]
[0.34457725]
[0.344084]
[0.3437663]
[0.3421647]
[0.34211412]
[0.3418404]
[0.34119818]
[0.3411602]
[0.34087577]
[0.3401383]
[0.3400617]
[0.3400405]
[0.33997026]
[0.3399634]
[0.33990356]
[0.33862957]
[0.3366272]
[0.33610383]
[0.3360857]
[0.33603406]
[0.33597028]
[0.33560216]
[0.33380628]
[0.33259594]
[0.33160654]
[0.33111617]
[0.3308854]
[0.33016658]
[0.33012617]
[0.32967713]
[0.32859734]
[0.32834005]
[0.3279596]
[0.3275676]
[0.32628095]
[0.32509378]
[0.32393208]
[0.32374236]
[0.32342276]
[0.32322368]
[0.32263756]
[0.3223721]
[0.32212046]
[0.3213211]
[0.3203027]
[0.3196655]
[0.3196325]
[0.31913668]
[0.31913197]
[0.3185765]
[0.31855047]
[0.31768757]
[0.3170794]
[0.31631735]
[0.31586206]
[0.31586206]
[0.3153887]
[0.31496972]
[0.31449962]
[0.31430003]
[0.31425908]
[0.31333318]
[0.31311747]
[0.31291577]
[0.31259775]
[0.3125024]
[0.31233826]
[0.31206498]
[0.3119763]
[0.31189856]
[0.3117569]
[0.3117569]
[0.3091336]
[0.30835858]
[0.3081789]
[0.3081789]
[0.308008]
[0.3074891]
[0.3072019]
[0.307098]
[0.30691338]
[0.30665368]
[0.30634907]
[0.30628905]
[0.30620798]
[0.3056881]
[0.30525815]
[0.30477422]
[0.30464303]
[0.30428183]
[0.30426574]
[0.30425555]
[0.30367717]
[0.30318186]
[0.3025382]
[0.30253112]
[0.30223477]
[0.3021146]
[0.30207846]
[0.3013598]
[0.30109286]
[0.3004242]
[0.30013838]
[0.29959968]
[0.2994184]
[0.29908305]
[0.29855427]
[0.2970251]
[0.2966558]
[0.29661447]
[0.29637742]
[0.29618758]
[0.29581594]
[0.2951246]
[0.29414028]
[0.29401046]
[0.2938303]
[0.29358014]
[0.2929228]
[0.2920463]
[0.29184154]
[0.2916239]
[0.29068443]
[0.29059806]
[0.290514]
[0.29035482]
[0.28931227]
[0.2893072]
[0.2889845]
[0.2871077]
[0.28685609]
[0.28627592]
[0.28577563]
[0.28562284]
[0.28562126]
[0.28554124]
[0.28537565]
[0.28514165]
[0.2846624]
[0.28458092]
[0.28425577]
[0.28415686]
[0.283866]
[0.2838288]
[0.28375417]
[0.283572]
[0.2833724]
[0.2827266]
[0.282208]
[0.28174207]
[0.28173164]
[0.2815053]
[0.2811164]
[0.28099412]
[0.28058556]
[0.28057757]
[0.28039962]
[0.27983907]
[0.27979943]
[0.27954453]
[0.27939257]
[0.27918637]
[0.279106]
[0.278969]
[0.27837393]
[0.27804178]
[0.27789137]
[0.27787986]
[0.27785245]
[0.27750248]
[0.27742553]
[0.27732244]
[0.27721405]
[0.2769988]
[0.2764894]
[0.27589256]
[0.27588263]
[0.27569824]
[0.2755464]
[0.2753975]
[0.27512786]
[0.27504775]
[0.27474055]
[0.27458185]
[0.27452552]
[0.27427882]
[0.27393425]
[0.27370107]
[0.27321205]
[0.2730224]
[0.27280858]
[0.27279356]
[0.27271137]
[0.27220327]
[0.2720649]
[0.27179337]
[0.27167207]
[0.27167103]
[0.27154133]
[0.27136615]
[0.27119908]
[0.27067113]
[0.27063772]
[0.2705813]
[0.2703549]
[0.27023825]
[0.27007458]
[0.26999402]
[0.26980585]
[0.26973978]
[0.26973978]
[0.26907566]
[0.26907557]
[0.2689106]
[0.26833215]
[0.268183]
[0.26803085]
[0.2679211]
[0.26772738]
[0.2677095]
[0.26723412]
[0.26706323]
[0.26671618]
[0.26663482]
[0.26659206]
[0.26640284]
[0.26634327]
[0.26614675]
[0.26607636]
[0.26541933]
[0.26515856]
[0.26484475]
[0.2646572]
[0.26460996]
[0.26434916]
[0.2640883]
[0.26379657]
[0.26368678]
[0.2634872]
[0.26333869]
[0.26311037]
[0.26301995]
[0.26248735]
[0.26248372]
[0.26210302]
[0.26199162]
[0.26197067]
[0.26176548]
[0.2617564]
[0.2616901]
[0.26126108]
[0.26116103]
[0.2610514]
[0.26070637]
[0.26060596]
[0.26053712]
[0.2604493]
[0.26036587]
[0.26032153]
[0.25997463]
[0.25975883]
[0.25969958]
[0.2594237]
[0.259351]
[0.25923258]
[0.25907657]
[0.25846475]
[0.25834274]
[0.25822788]
[0.25814587]
[0.25813326]
[0.2580605]
[0.2579494]
[0.25785336]
[0.25765607]
[0.25721297]
[0.25720862]
[0.25714457]
[0.25686404]
[0.25675592]
[0.2563191]
[0.25618738]
[0.2560499]
[0.25596976]
[0.2559314]
[0.2555998]
[0.25554672]
[0.25516328]
[0.2550789]
[0.25489515]
[0.25487643]
[0.25460756]
[0.25460503]
[0.25456184]
[0.25448284]
[0.2542929]
[0.25421053]
[0.254004]
[0.2539211]
[0.25372374]
[0.25372374]
[0.25363764]
[0.25342253]
[0.25335374]
[0.25293612]
[0.252891]
[0.2527472]
[0.25265047]
[0.25245774]
[0.2523982]
[0.2519351]
[0.2518976]
[0.25174567]
[0.25161168]
[0.25144085]
[0.25142995]
[0.2512254]
[0.25112933]
[0.25111508]
[0.2508679]
[0.25082073]
[0.25071853]
[0.25069553]
[0.25042585]
[0.25042585]
[0.24993952]
[0.24916992]
[0.24829939]
[0.2479956]
[0.2477993]
[0.24779576]
[0.24776526]
[0.2474629]
[0.24738635]
[0.24737993]
[0.24719156]
[0.24671738]
[0.24653478]
[0.24648862]
[0.24648862]
[0.24639803]
[0.24638413]
[0.24636048]
[0.24631737]
[0.24620803]
[0.24613556]
[0.24597141]
[0.2457127]
[0.2456121]
[0.24550839]
[0.24524543]
[0.24516658]
[0.24498518]
[0.24478547]
[0.2440269]
[0.24361552]
[0.2434648]
[0.24340637]
[0.24335903]
[0.2432444]
[0.24321195]
[0.24317935]
[0.24316359]
[0.24309076]
[0.24293101]
[0.24284156]
[0.24283202]
[0.24252798]
[0.24232323]
[0.24211241]
[0.24186556]
[0.24154145]
[0.24151358]
[0.2413714]
[0.24130587]
[0.24108377]
[0.24097939]
[0.24030918]
[0.24030918]
[0.24013145]
[0.2398911]
[0.23977882]
[0.23951277]
[0.23945263]
[0.2394089]
[0.23889874]
[0.23881859]
[0.23879306]
[0.2386985]
[0.23863964]
[0.23859313]
[0.23859313]
[0.23857781]
[0.23845722]
[0.23844588]
[0.2383059]
[0.23812369]
[0.2379512]
[0.23754229]
[0.23746826]
[0.23739772]
[0.23730472]
[0.23719305]
[0.23699018]
[0.23691198]
[0.23688494]
[0.23678973]
[0.2367568]
[0.23668359]
[0.23622057]
[0.23606057]
[0.2356859]
[0.23560318]
[0.23557523]
[0.23547152]
[0.23546906]
[0.23500504]
[0.23494859]
[0.23493397]
[0.2344838]
[0.23445314]
[0.23432942]
[0.2341359]
[0.23407026]
[0.23405631]
[0.23402685]
[0.23391888]
[0.23391035]
[0.23376827]
[0.23360918]
[0.23359586]
[0.2334353]
[0.23337156]
[0.23314849]
[0.23291686]
[0.23289935]
[0.23266053]
[0.23264517]
[0.23259744]
[0.23258789]
[0.23257546]
[0.23246002]
[0.23221178]
[0.23221044]
[0.23218644]
[0.23215349]
[0.23184884]
[0.2318394]
[0.23123698]
[0.23123698]
[0.23116753]
[0.23115648]
[0.23105477]
[0.23099437]
[0.23091276]
[0.2309094]
[0.230835]
[0.23082371]
[0.23078269]
[0.23069322]
[0.23049408]
[0.23035552]
[0.23035552]
[0.23027247]
[0.23022114]
[0.23018818]
[0.23004642]
[0.2300265]
[0.22984241]
[0.22979403]
[0.22979015]
[0.2297118]
[0.2296118]
[0.2294934]
[0.22941221]
[0.22940569]
[0.22937383]
[0.22929277]
[0.22928983]
[0.22922587]
[0.22916694]
[0.2291101]
[0.22909778]
[0.22899365]
[0.22899365]
[0.22898017]
[0.22896877]
[0.22892563]
[0.22890688]
[0.2288865]
[0.2288219]
[0.2287797]
[0.22854759]
[0.22847915]
[0.2278113]
[0.2277087]
[0.22769262]
[0.2276827]
[0.2275011]
[0.22726072]
[0.22725351]
[0.22717574]
[0.2271363]
[0.2271217]
[0.22660992]
[0.22653742]
[0.22650579]
[0.22646984]
[0.22642535]
[0.2263815]
[0.22632003]
[0.22622703]
[0.22622062]
[0.22622009]
[0.22617342]
[0.22606511]
[0.22605368]
[0.22604425]
[0.22577041]
[0.2257589]
[0.22573192]
[0.22542335]
[0.22532126]
[0.22503236]
[0.22503196]
[0.22495611]
[0.22483933]
[0.22478554]
[0.22475374]
[0.22463845]
[0.22457263]
[0.22432773]
[0.22425672]
[0.22418581]
[0.22405306]
[0.22405113]
[0.22401373]
[0.22401373]
[0.22397803]
[0.22397803]
[0.22389582]
[0.22380932]
[0.22378907]
[0.22371683]
[0.22364052]
[0.22363803]
[0.22357321]
[0.22335799]
[0.22323436]
[0.2232024]
[0.22316739]
[0.22294195]
[0.22292991]
[0.22289823]
[0.222702]
[0.22269441]
[0.22267805]
[0.22240536]
[0.2222645]
[0.22220115]
[0.2218461]
[0.22183174]
[0.22153802]
[0.22127652]
[0.22123541]
[0.22118172]
[0.22108842]
[0.2210442]
[0.22075689]
[0.22071168]
[0.22061935]
[0.22060843]
[0.2205742]
[0.22052361]
[0.22045524]
[0.2203442]
[0.22007589]
[0.21982375]
[0.21966113]
[0.21965508]
[0.21958794]
[0.21946408]
[0.21944009]
[0.21943884]
[0.21942759]
[0.2188305]
[0.21878228]
[0.21877779]
[0.21874371]
[0.21870393]
[0.21851006]
[0.21838222]
[0.21826757]
[0.21826726]
[0.21825863]
[0.21824323]
[0.21821383]
[0.21810758]
[0.21810758]
[0.21808536]
[0.21805076]
[0.21803404]
[0.2179935]
[0.2179737]
[0.21780595]
[0.21775192]
[0.21765554]
[0.21733318]
[0.21733318]
[0.21698473]
[0.21693982]
[0.21693605]
[0.21683383]
[0.21682319]
[0.21674977]
[0.21671519]
[0.2166893]
[0.21658479]
[0.21650915]
[0.21631189]
[0.21630478]
[0.21628635]
[0.21625239]
[0.2159184]
[0.21576482]
[0.21573405]
[0.21563227]
[0.21552919]
[0.21545132]
[0.21544315]
[0.21543057]
[0.2153785]
[0.2153511]
[0.21532245]
[0.21512994]
[0.21511436]
[0.21506453]
[0.21500123]
[0.21485993]
[0.21475925]
[0.2147535]
[0.21468687]
[0.21465246]
[0.2145426]
[0.21450286]
[0.21443005]
[0.21438596]
[0.21422629]
[0.21410307]
[0.21408279]
[0.21405466]
[0.2140273]
[0.21396951]
[0.2138992]
[0.21371649]
[0.21364465]
[0.21361817]
[0.21361817]
[0.21358053]
[0.21357574]
[0.21357125]
[0.21357101]
[0.21348856]
[0.21346946]
[0.21344915]
[0.2133007]
[0.21326916]
[0.21326777]
[0.2131967]
[0.21317407]
[0.2131301]
[0.21306111]
[0.21292695]
[0.21271396]
[0.21255907]
[0.21255453]
[0.21236001]
[0.21228375]
[0.21219237]
[0.2121814]
[0.21215439]
[0.21203566]
[0.21193504]
[0.21185085]
[0.2118459]
[0.2118293]
[0.21173988]
[0.21170527]
[0.21168847]
[0.21166113]
[0.21157192]
[0.21153824]
[0.21149851]
[0.2113721]
[0.21130122]
[0.21128091]
[0.21127062]
[0.21114458]
[0.21108893]
[0.21107996]
[0.21083242]
[0.21082677]
[0.2107675]
[0.21075355]
[0.21070556]
[0.21065576]
[0.21054517]
[0.21054517]
[0.21049608]
[0.21044703]
[0.2102869]
[0.2102164]
[0.2102164]
[0.2102164]
[0.21014869]
[0.21001029]
[0.21000701]
[0.20995562]
[0.20994323]
[0.20993605]
[0.20990992]
[0.20990907]
[0.2098807]
[0.2097736]
[0.20975798]
[0.20972888]
[0.20971645]
[0.20969406]
[0.20966162]
[0.20964858]
[0.20953733]
[0.20951644]
[0.20943324]
[0.2093132]
[0.20930041]
[0.20929997]
[0.20916869]
[0.20916556]
[0.20916301]
[0.20915425]
[0.20914048]
[0.20913965]
[0.20907006]
[0.20904721]
[0.20898342]
[0.20896171]
[0.20891227]
[0.20889883]
[0.20889169]
[0.20869648]
[0.20868292]
[0.20846735]
[0.20842455]
[0.20823713]
[0.20814355]
[0.2081374]
[0.20799136]
[0.20799136]
[0.20797193]
[0.20766166]
[0.20755665]
[0.20753928]
[0.20746492]
[0.20715992]
[0.20714036]
[0.20713979]
[0.20705079]
[0.20693548]
[0.20689975]
[0.20689698]
[0.206848]
[0.20684518]
[0.20680659]
[0.20676862]
[0.20672372]
[0.2066088]
[0.20659117]
[0.2063208]
[0.2063185]
[0.20630006]
[0.20620567]
[0.20619816]
[0.20614761]
[0.20611936]
[0.20596068]
[0.20591852]
[0.20582232]
[0.20574647]
[0.20565943]
[0.20565769]
[0.20564671]
[0.20558046]
[0.20555308]
[0.20554371]
[0.20553495]
[0.20544697]
[0.20530327]
[0.20529628]
[0.20525695]
[0.205217]
[0.20520262]
[0.2051667]
[0.20507236]
[0.20505479]
[0.2047936]
[0.20475724]
[0.2047258]
[0.20471242]
[0.2047034]
[0.20469913]
[0.20469879]
[0.20469879]
[0.20459494]
[0.20459494]
[0.20452484]
[0.20452099]
[0.20449738]
[0.20449553]
[0.20445597]
[0.20427848]
[0.20425233]
[0.20415357]
[0.20410655]
[0.20408364]
[0.20407468]
[0.20397025]
[0.2039634]
[0.20391682]
[0.20384932]
[0.20380308]
[0.20378149]
[0.20376684]
[0.20360968]
[0.20360771]
[0.20356901]
[0.20356901]
[0.20353387]
[0.20345528]
[0.20344645]
[0.20344076]
[0.2032204]
[0.20318079]
[0.20316038]
[0.20315886]
[0.20310912]
[0.20307882]
[0.20307848]
[0.20304546]
[0.20302159]
[0.20301537]
[0.20299767]
[0.2029832]
[0.20294221]
[0.20293604]
[0.20293012]
[0.2029135]
[0.20287974]
[0.20287062]
[0.20284148]
[0.20277114]
[0.20275533]
[0.2027535]
[0.20272605]
[0.20261857]
[0.20240982]
[0.2023753]
[0.20223458]
[0.20219147]
[0.20217976]
[0.20209804]
[0.2020898]
[0.20190807]
[0.20189138]
[0.20184577]
[0.20175044]
[0.20171013]
[0.20170431]
[0.20168246]
[0.20164452]
[0.20158601]
[0.20154199]
[0.20153198]
[0.20149285]
[0.20147131]
[0.20137571]
[0.20134589]
[0.2013056]
[0.2011577]
[0.20111519]
[0.20110297]
[0.20089398]
[0.20086971]
[0.20082684]
[0.20077659]
[0.20075764]
[0.20065622]
[0.20063698]
[0.20047493]
[0.20045885]
[0.20038374]
[0.2003589]
[0.20028968]
[0.20028968]
[0.20019788]
[0.20012261]
[0.20010614]
[0.19986527]
[0.19985951]
[0.19977021]
[0.1997264]
[0.19970639]
[0.1995328]
[0.19953234]
[0.19952145]
[0.19947188]
[0.19946042]
[0.19945936]
[0.19936143]
[0.19923447]
[0.19913608]
[0.19902533]
[0.19892028]
[0.19882159]
[0.19874701]
[0.1986205]
[0.19860898]
[0.19858877]
[0.19847743]
[0.19846752]
[0.19846687]
[0.1984376]
[0.19838911]
[0.19834876]
[0.1982927]
[0.19825253]
[0.19824995]
[0.19815348]
[0.19809261]
[0.1980783]
[0.19805247]
[0.19801138]
[0.19791251]
[0.19789676]
[0.19789544]
[0.19782598]
[0.19780529]
[0.197545]
[0.19752158]
[0.19749093]
[0.19742478]
[0.19741724]
[0.19736546]
[0.19725166]
[0.1970725]
[0.19706373]
[0.1969809]
[0.19696072]
[0.19677046]
[0.19671738]
[0.19666904]
[0.1966428]
[0.19657391]
[0.19653828]
[0.19653216]
[0.19653216]
[0.19649759]
[0.19639768]
[0.19639443]
[0.19599266]
[0.19588888]
[0.19588868]
[0.19586633]
[0.19586633]
[0.19581895]
[0.19576836]
[0.19571674]
[0.19570264]
[0.19565742]
[0.1955036]
[0.19532178]
[0.19525994]
[0.19525273]
[0.19518998]
[0.19516103]
[0.19513486]
[0.19505751]
[0.194967]
[0.19483823]
[0.19480518]
[0.19480518]
[0.19479765]
[0.19479601]
[0.19479452]
[0.19478805]
[0.19478308]
[0.19472411]
[0.19458802]
[0.1944543]
[0.19437455]
[0.19436975]
[0.19436173]
[0.19436173]
[0.19435057]
[0.19433314]
[0.19433296]
[0.19432119]
[0.19425493]
[0.19423252]
[0.19418894]
[0.19406283]
[0.19402602]
[0.19401048]
[0.19398047]
[0.19381131]
[0.19373935]
[0.19373266]
[0.19370086]
[0.19369769]
[0.19360495]
[0.19355057]
[0.19349998]
[0.19348533]
[0.19346634]
[0.1934548]
[0.19345102]
[0.19332415]
[0.19325899]
[0.19321892]
[0.19310328]
[0.1930729]
[0.19304912]
[0.19302703]
[0.19299658]
[0.19294125]
[0.1928804]
[0.19280793]
[0.19280152]
[0.19271202]
[0.19270854]
[0.19267252]
[0.19245479]
[0.19245479]
[0.1923014]
[0.19229798]
[0.19229302]
[0.19227865]
[0.19213834]
[0.19202453]
[0.19198963]
[0.19191006]
[0.19174959]
[0.19171]
[0.19167866]
[0.1916042]
[0.19156513]
[0.19152722]
[0.19149546]
[0.19146185]
[0.19132985]
[0.19128852]
[0.19122101]
[0.19121036]
[0.19121015]
[0.19116314]
[0.19110402]
[0.19104597]
[0.19101535]
[0.19100857]
[0.19087318]
[0.19086806]
[0.19085981]
[0.19079615]
[0.19078088]
[0.19075902]
[0.1907421]
[0.19067706]
[0.19066453]
[0.19065489]
[0.1906226]
[0.190567]
[0.19055231]
[0.19053465]
[0.19046168]
[0.19036597]
[0.19035597]
[0.19032276]
[0.19031967]
[0.19029737]
[0.19029105]
[0.19027011]
[0.19023599]
[0.19022556]
[0.19020493]
[0.19018152]
[0.19010653]
[0.1900824]
[0.19006711]
[0.18998611]
[0.18990739]
[0.18971933]
[0.189656]
[0.18963024]
[0.18959703]
[0.18955551]
[0.18949834]
[0.18942872]
[0.18939492]
[0.18933128]
[0.18921527]
[0.18919533]
[0.18918596]
[0.18917617]
[0.1891306]
[0.1890806]
[0.18906155]
[0.1890613]
[0.1890613]
[0.18904093]
[0.18893726]
[0.18892257]
[0.188909]
[0.18886793]
[0.1887984]
[0.1887403]
[0.18872337]
[0.1887211]
[0.1886776]
[0.18865483]
[0.18860771]
[0.18850867]
[0.18849358]
[0.18846062]
[0.18832245]
[0.18830824]
[0.18830824]
[0.18827967]
[0.18822874]
[0.18819794]
[0.1881753]
[0.18816885]
[0.18813123]
[0.18798739]
[0.18794002]
[0.18788813]
[0.18788704]
[0.18757132]
[0.18749242]
[0.18746708]
[0.18742114]
[0.1873273]
[0.1872984]
[0.18729134]
[0.1871732]
[0.18717141]
[0.18717141]
[0.1871354]
[0.18706633]
[0.1870267]
[0.18698367]
[0.18695185]
[0.18694802]
[0.1868467]
[0.18684262]
[0.18680005]
[0.18674913]
[0.18674842]
[0.18670802]
[0.18667209]
[0.18663134]
[0.18658434]
[0.1864695]
[0.18642494]
[0.18639284]
[0.18638638]
[0.18638638]
[0.18635984]
[0.1863209]
[0.18621892]
[0.18616177]
[0.18613192]
[0.18612176]
[0.18607922]
[0.18603487]
[0.18600118]
[0.18598372]
[0.18595599]
[0.18591471]
[0.18591064]
[0.18590276]
[0.18581258]
[0.18577959]
[0.18575794]
[0.18572031]
[0.18572031]
[0.18563795]
[0.18563022]
[0.18560012]
[0.18550315]
[0.18547896]
[0.18546455]
[0.18537852]
[0.18536434]
[0.18532258]
[0.18532258]
[0.18523037]
[0.18519478]
[0.18514898]
[0.18512468]
[0.18507005]
[0.18500918]
[0.18484491]
[0.18482535]
[0.18482128]
[0.18480809]
[0.18479678]
[0.18479344]
[0.18479323]
[0.18477386]
[0.1847681]
[0.18471074]
[0.18469304]
[0.18466423]
[0.18464123]
[0.18461752]
[0.18454108]
[0.18452471]
[0.1844994]
[0.18444549]
[0.18444186]
[0.18439007]
[0.18437728]
[0.18424]
[0.18416992]
[0.18416189]
[0.18410598]
[0.18410166]
[0.18407162]
[0.1840594]
[0.1840594]
[0.18398286]
[0.18398286]
[0.183716]
[0.18370192]
[0.18351248]
[0.18350388]
[0.18349908]
[0.18342683]
[0.18342683]
[0.1834109]
[0.18339594]
[0.18336059]
[0.18334118]
[0.1832792]
[0.18321113]
[0.18319497]
[0.18319179]
[0.18315302]
[0.18311357]
[0.1831068]
[0.1830993]
[0.18305452]
[0.18298116]
[0.18295103]
[0.18288344]
[0.18287864]
[0.18287648]
[0.18284108]
[0.18282448]
[0.1827731]
[0.1827628]
[0.18261336]
[0.18258488]
[0.18256599]
[0.18250896]
[0.18249598]
[0.1823616]
[0.18235782]
[0.18217427]
[0.1821534]
[0.18211412]
[0.18207446]
[0.18207024]
[0.18205187]
[0.18200108]
[0.18187982]
[0.1818168]
[0.18178818]
[0.18178752]
[0.18175665]
[0.18173052]
[0.18169808]
[0.18164349]
[0.18160422]
[0.18151304]
[0.18148406]
[0.1814371]
[0.18139972]
[0.18139476]
[0.1813702]
[0.18132669]
[0.18131867]
[0.181261]
[0.18115014]
[0.1810367]
[0.18094978]
[0.18093053]
[0.1808846]
[0.1808656]
[0.18086281]
[0.18084288]
[0.18068968]
[0.18067712]
[0.18054718]
[0.18051434]
[0.18049642]
[0.18049037]
[0.18048817]
[0.18048246]
[0.1804225]
[0.18040043]
[0.18036614]
[0.1802908]
[0.18025623]
[0.18025623]
[0.18019615]
[0.18015184]
[0.1801393]
[0.18010075]
[0.18009254]
[0.18004213]
[0.18004102]
[0.18002427]
[0.17997842]
[0.17988345]
[0.17988329]
[0.17981647]
[0.17981227]
[0.17977352]
[0.17973483]
[0.1796952]
[0.17968126]
[0.1795902]
[0.17958854]
[0.17955777]
[0.17951845]
[0.17950505]
[0.17949344]
[0.17949344]
[0.17940037]
[0.17936464]
[0.17936365]
[0.17936082]
[0.1792998]
[0.17929265]
[0.17926693]
[0.17910282]
[0.17908725]
[0.17906013]
[0.17906013]
[0.17893077]
[0.17884406]
[0.17884074]
[0.17883138]
[0.1788303]
[0.17880793]
[0.17872074]
[0.17866121]
[0.17864884]
[0.1785928]
[0.17850174]
[0.17849545]
[0.17848709]
[0.17844427]
[0.17843826]
[0.17841789]
[0.1784066]
[0.1784016]
[0.17836973]
[0.1782985]
[0.1782427]
[0.17822272]
[0.178142]
[0.17812245]
[0.17809433]
[0.1780635]
[0.1780635]
[0.17806001]
[0.1780209]
[0.17795298]
[0.17793939]
[0.17789708]
[0.17784688]
[0.17780584]
[0.17777736]
[0.17774393]
[0.17771868]
[0.17766812]
[0.17764525]
[0.17761521]
[0.17760594]
[0.17753787]
[0.1774695]
[0.1774694]
[0.17745012]
[0.17741486]
[0.17740415]
[0.17734459]
[0.17732519]
[0.17730814]
[0.17730016]
[0.1772917]
[0.17728022]
[0.17727637]
[0.1772546]
[0.17723148]
[0.17708106]
[0.17704743]
[0.17704573]
[0.1769929]
[0.17698443]
[0.17681889]
[0.17681889]
[0.17680176]
[0.17674048]
[0.17670777]
[0.17662576]
[0.1765705]
[0.1764884]
[0.17648263]
[0.17642155]
[0.17639811]
[0.17637414]
[0.17631845]
[0.17629789]
[0.17625801]
[0.17625032]
[0.17622398]
[0.17617342]
[0.17615713]
[0.17614852]
[0.17612453]
[0.17604743]
[0.17595936]
[0.17592987]
[0.17591874]
[0.17590863]
[0.17587382]
[0.17586637]
[0.1758401]
[0.17579746]
[0.17578109]
[0.17574638]
[0.17559698]
[0.17559691]
[0.1755508]
[0.17546038]
[0.17546038]
[0.17541814]
[0.17537878]
[0.17534626]
[0.17527299]
[0.17526652]
[0.17514603]
[0.17512622]
[0.1750629]
[0.17504998]
[0.17504427]
[0.17495927]
[0.17492273]
[0.17491122]
[0.17489192]
[0.17487353]
[0.17481482]
[0.1748107]
[0.1748079]
[0.1748013]
[0.17479748]
[0.17478429]
[0.17473494]
[0.17463309]
[0.17459083]
[0.17457385]
[0.17448516]
[0.17436637]
[0.17436405]
[0.17433652]
[0.1743206]
[0.174225]
[0.17420724]
[0.17418851]
[0.17417277]
[0.17416492]
[0.17410272]
[0.1740767]
[0.17405261]
[0.1740246]
[0.17398709]
[0.1738891]
[0.17380649]
[0.17380649]
[0.17369506]
[0.17368801]
[0.17366353]
[0.17360602]
[0.17353322]
[0.17347136]
[0.17343332]
[0.17342804]
[0.17342706]
[0.17340618]
[0.17335889]
[0.17330231]
[0.17329623]
[0.17325716]
[0.17323968]
[0.1732031]
[0.17318095]
[0.17313282]
[0.17313029]
[0.1730691]
[0.17303585]
[0.17300405]
[0.17300232]
[0.17300232]
[0.17290105]
[0.17286697]
[0.17284839]
[0.17282271]
[0.17277418]
[0.17275533]
[0.17273442]
[0.17273432]
[0.1727135]
[0.17258093]
[0.1725507]
[0.17252803]
[0.17252333]
[0.17250481]
[0.17250402]
[0.17248857]
[0.17247152]
[0.17244893]
[0.17239791]
[0.17238179]
[0.1723376]
[0.17232515]
[0.17229071]
[0.17228936]
[0.17226242]
[0.17217575]
[0.17214812]
[0.17209591]
[0.17202494]
[0.17200999]
[0.1719986]
[0.17197183]
[0.17195913]
[0.17195913]
[0.17195913]
[0.17192893]
[0.17191704]
[0.1719045]
[0.17187142]
[0.17184544]
[0.17183769]
[0.17178562]
[0.17174546]
[0.1716332]
[0.17161244]
[0.17159605]
[0.17158467]
[0.17157625]
[0.17150359]
[0.17148545]
[0.1714841]
[0.17148098]
[0.1714654]
[0.17145686]
[0.1714316]
[0.1714121]
[0.1713701]
[0.1713326]
[0.17133191]
[0.17132664]
[0.17131907]
[0.17129035]
[0.17128102]
[0.17126264]
[0.17123988]
[0.17123026]
[0.17121977]
[0.17119926]
[0.17119022]
[0.17118935]
[0.17118706]
[0.17115715]
[0.17114359]
[0.17112175]
[0.17108043]
[0.17107008]
[0.17104988]
[0.1710412]
[0.1710375]
[0.17103209]
[0.17096023]
[0.17092739]
[0.17092422]
[0.17087252]
[0.17086409]
[0.17084554]
[0.1708054]
[0.17078966]
[0.17078297]
[0.17078228]
[0.17071031]
[0.17062744]
[0.1706267]
[0.17059398]
[0.170565]
[0.17053305]
[0.17034866]
[0.17034677]
[0.17027347]
[0.17024867]
[0.17023385]
[0.17021255]
[0.17019287]
[0.170156]
[0.17010087]
[0.17009552]
[0.17009474]
[0.17007704]
[0.17004265]
[0.16998656]
[0.1699521]
[0.16992317]
[0.16988644]
[0.16983381]
[0.16980685]
[0.16980268]
[0.16979387]
[0.16975416]
[0.16971998]
[0.16967654]
[0.16964322]
[0.16959125]
[0.16956599]
[0.16955216]
[0.16949679]
[0.16949119]
[0.16949074]
[0.16945738]
[0.16927874]
[0.16926898]
[0.16926862]
[0.16926025]
[0.16925976]
[0.16922577]
[0.16911204]
[0.16900186]
[0.16897693]
[0.16886066]
[0.16884936]
[0.16880012]
[0.16878085]
[0.16876546]
[0.16875295]
[0.16874783]
[0.16871998]
[0.16867758]
[0.16859612]
[0.16856694]
[0.16853413]
[0.16851185]
[0.16847368]
[0.16845982]
[0.16843943]
[0.16842197]
[0.16837226]
[0.16824707]
[0.16814418]
[0.16806446]
[0.16805449]
[0.16790617]
[0.16789614]
[0.16783336]
[0.16781339]
[0.16780797]
[0.16780743]
[0.16778241]
[0.16777089]
[0.16774067]
[0.16772178]
[0.16771205]
[0.16770893]
[0.16769601]
[0.16764411]
[0.16763163]
[0.16761391]
[0.16760565]
[0.16759767]
[0.16755907]
[0.16754213]
[0.16749711]
[0.16748112]
[0.16747557]
[0.16741063]
[0.16741063]
[0.1673647]
[0.16731328]
[0.1672826]
[0.1672454]
[0.16721764]
[0.16715446]
[0.16707957]
[0.16704792]
[0.16703203]
[0.16702121]
[0.1669894]
[0.1669238]
[0.1669219]
[0.16689411]
[0.16687919]
[0.1668668]
[0.16681129]
[0.16673006]
[0.16672297]
[0.16670173]
[0.16670136]
[0.1666741]
[0.16666067]
[0.16665614]
[0.16656625]
[0.16656075]
[0.16652331]
[0.16652331]
[0.16646516]
[0.16645822]
[0.16641554]
[0.16638182]
[0.16632135]
[0.16631216]
[0.166187]
[0.16618244]
[0.16617143]
[0.16613121]
[0.16606048]
[0.16606048]
[0.16604881]
[0.16604881]
[0.16602951]
[0.16599788]
[0.16599227]
[0.16599227]
[0.16599013]
[0.16597532]
[0.1659308]
[0.16592452]
[0.16590592]
[0.1658686]
[0.16586797]
[0.16586742]
[0.16581728]
[0.16580488]
[0.16578707]
[0.16578421]
[0.16578421]
[0.16562824]
[0.16556396]
[0.16553304]
[0.16552655]
[0.16541754]
[0.16540961]
[0.16534987]
[0.16533524]
[0.16532156]
[0.16531998]
[0.1653128]
[0.16530092]
[0.16529733]
[0.16529727]
[0.16514657]
[0.16511606]
[0.165091]
[0.1650897]
[0.16508697]
[0.16502172]
[0.16491638]
[0.16491427]
[0.16483623]
[0.16483623]
[0.16481493]
[0.16478816]
[0.16474949]
[0.16474536]
[0.16471276]
[0.1646125]
[0.16460648]
[0.16456962]
[0.16454953]
[0.16454953]
[0.16445732]
[0.16435945]
[0.16432595]
[0.16432595]
[0.16424884]
[0.1642008]
[0.1641823]
[0.1641595]
[0.16414921]
[0.16413674]
[0.16408196]
[0.16407914]
[0.16407914]
[0.16405037]
[0.16401754]
[0.16401054]
[0.16398558]
[0.16394393]
[0.16392343]
[0.16390467]
[0.16390142]
[0.16388401]
[0.16384952]
[0.16384952]
[0.16380112]
[0.16379021]
[0.16378708]
[0.16377437]
[0.16376176]
[0.1637225]
[0.16366649]
[0.16361718]
[0.16359082]
[0.16356574]
[0.16351143]
[0.16350996]
[0.16344756]
[0.1632834]
[0.1632834]
[0.16325882]
[0.16322535]
[0.16320816]
[0.16319208]
[0.16317485]
[0.16304831]
[0.16302831]
[0.16301015]
[0.16300222]
[0.1629697]
[0.16295409]
[0.16284277]
[0.16284128]
[0.1627781]
[0.16275984]
[0.1627547]
[0.16271809]
[0.16270728]
[0.16265112]
[0.16265112]
[0.1626283]
[0.16259006]
[0.16258197]
[0.16255198]
[0.16254298]
[0.16250898]
[0.16250372]
[0.16246025]
[0.16242996]
[0.16242784]
[0.16242002]
[0.16233966]
[0.16233383]
[0.16232462]
[0.16230866]
[0.16230083]
[0.16228473]
[0.16228469]
[0.16228053]
[0.16223693]
[0.1622277]
[0.16222656]
[0.16222292]
[0.1622051]
[0.16220018]
[0.16213211]
[0.16209199]
[0.16208519]
[0.16202216]
[0.16200478]
[0.16200231]
[0.1619965]
[0.16199352]
[0.16194376]
[0.1618232]
[0.16182023]
[0.16181147]
[0.1618044]
[0.16173682]
[0.16170228]
[0.16170222]
[0.1616749]
[0.16163586]
[0.16162443]
[0.16162443]
[0.16150883]
[0.16149938]
[0.16149022]
[0.16149008]
[0.16148466]
[0.16147107]
[0.16146345]
[0.16145773]
[0.16145773]
[0.16145702]
[0.1613739]
[0.16137369]
[0.16135018]
[0.16129869]
[0.16125461]
[0.16125461]
[0.16124964]
[0.16123514]
[0.16123514]
[0.16121642]
[0.16119671]
[0.16118957]
[0.16114165]
[0.1611302]
[0.16109054]
[0.16109054]
[0.16108274]
[0.16108133]
[0.16106747]
[0.16106193]
[0.16103669]
[0.16101032]
[0.16100936]
[0.16099738]
[0.16097645]
[0.16097645]
[0.1609639]
[0.16089654]
[0.16087317]
[0.16085325]
[0.16084254]
[0.16082315]
[0.16078655]
[0.16075997]
[0.16075997]
[0.16071263]
[0.16070615]
[0.16070296]
[0.16070093]
[0.1606846]
[0.16061638]
[0.16055259]
[0.16054079]
[0.16048048]
[0.16044451]
[0.16041899]
[0.1604062]
[0.16033627]
[0.1603298]
[0.16020767]
[0.16016918]
[0.16012135]
[0.16009755]
[0.16006815]
[0.16004576]
[0.16002925]
[0.16002898]
[0.16002588]
[0.1600189]
[0.16000268]
[0.1599791]
[0.15995978]
[0.15991177]
[0.15989383]
[0.159856]
[0.159856]
[0.15984625]
[0.15982702]
[0.15976544]
[0.15975694]
[0.1597243]
[0.15966696]
[0.15962633]
[0.1596146]
[0.15960427]
[0.15958813]
[0.15958616]
[0.15949129]
[0.15948732]
[0.15948732]
[0.15938284]
[0.15934937]
[0.15931928]
[0.1592757]
[0.1592553]
[0.15921336]
[0.15920429]
[0.15918638]
[0.15915234]
[0.15915067]
[0.159087]
[0.15906769]
[0.15906194]
[0.15904476]
[0.15901844]
[0.15901682]
[0.15886743]
[0.15882048]
[0.15879738]
[0.1587503]
[0.15870352]
[0.15869795]
[0.15868773]
[0.1586576]
[0.15859482]
[0.1585736]
[0.15854624]
[0.15853167]
[0.1585175]
[0.15847948]
[0.15845269]
[0.15840074]
[0.15837213]
[0.15836604]
[0.15832168]
[0.15829791]
[0.15828899]
[0.15828392]
[0.15826075]
[0.15819858]
[0.1581741]
[0.1581316]
[0.15810668]
[0.15803653]
[0.15802535]
[0.15801978]
[0.15797655]
[0.15791342]
[0.15787417]
[0.15784387]
[0.15783876]
[0.15783234]
[0.15782967]
[0.1577721]
[0.15774469]
[0.1577067]
[0.15764864]
[0.1576273]
[0.1576022]
[0.15758076]
[0.15755403]
[0.15753229]
[0.15751947]
[0.15749454]
[0.15748574]
[0.15747973]
[0.15747753]
[0.15746722]
[0.1574127]
[0.15737051]
[0.15729193]
[0.15727344]
[0.15719125]
[0.15718544]
[0.15716657]
[0.1571529]
[0.15714788]
[0.15712577]
[0.15710746]
[0.1571021]
[0.15709256]
[0.15708265]
[0.15707546]
[0.15707546]
[0.15706512]
[0.15704483]
[0.15701738]
[0.1569608]
[0.1569488]
[0.1569313]
[0.15688677]
[0.15688677]
[0.15688677]
[0.15686813]
[0.15682894]
[0.15678896]
[0.1567872]
[0.15677361]
[0.15671459]
[0.15671435]
[0.15670972]
[0.1566839]
[0.15660056]
[0.15656492]
[0.15650782]
[0.15650633]
[0.15650524]
[0.15649296]
[0.15647909]
[0.15647395]
[0.15646751]
[0.15641156]
[0.15640184]
[0.15639234]
[0.1563904]
[0.15638372]
[0.15635252]
[0.15632805]
[0.15632482]
[0.15631966]
[0.15630127]
[0.1562603]
[0.15624608]
[0.15622577]
[0.15621257]
[0.1561815]
[0.1561815]
[0.15617022]
[0.15615946]
[0.15615608]
[0.1561065]
[0.15609638]
[0.1560691]
[0.15606223]
[0.15601842]
[0.15597974]
[0.15596382]
[0.15594994]
[0.15586103]
[0.15586103]
[0.15586103]
[0.15583143]
[0.15580268]
[0.15577157]
[0.15575822]
[0.15574703]
[0.15573454]
[0.15564269]
[0.15563902]
[0.15563224]
[0.15561047]
[0.1555956]
[0.15557824]
[0.15555231]
[0.15550785]
[0.15549566]
[0.15547885]
[0.15547304]
[0.15547082]
[0.15547082]
[0.15547082]
[0.1554473]
[0.15540831]
[0.15536644]
[0.15534821]
[0.15533346]
[0.15532571]
[0.15531604]
[0.15528692]
[0.15517637]
[0.15516256]
[0.15514724]
[0.15514188]
[0.15513101]
[0.15511869]
[0.1551135]
[0.15505171]
[0.15504308]
[0.15502909]
[0.15502909]
[0.15502165]
[0.1550056]
[0.15500547]
[0.15496558]
[0.15494928]
[0.1549328]
[0.15491584]
[0.15486856]
[0.1548491]
[0.15484653]
[0.15480903]
[0.15478864]
[0.15478402]
[0.15470241]
[0.15464956]
[0.15449995]
[0.15449995]
[0.15449257]
[0.15448791]
[0.15446383]
[0.15443829]
[0.15440212]
[0.15434222]
[0.15432197]
[0.15431793]
[0.15431793]
[0.1543048]
[0.15429573]
[0.15429573]
[0.15429573]
[0.15426788]
[0.15426576]
[0.15425646]
[0.15424281]
[0.15423547]
[0.15421556]
[0.15418795]
[0.15418376]
[0.15418376]
[0.15415302]
[0.1541034]
[0.15408121]
[0.15407825]
[0.15406586]
[0.15406449]
[0.15404648]
[0.15394294]
[0.15394033]
[0.15392707]
[0.15388234]
[0.15382408]
[0.15382333]
[0.15382318]
[0.15369423]
[0.15369366]
[0.15365602]
[0.15364315]
[0.15360995]
[0.15360995]
[0.15356879]
[0.15354533]
[0.15354264]
[0.1535405]
[0.1535405]
[0.15350859]
[0.15344875]
[0.15343861]
[0.15343861]
[0.15341118]
[0.15337464]
[0.15337215]
[0.15336008]
[0.15335545]
[0.15335408]
[0.1533063]
[0.15321694]
[0.15312268]
[0.15308407]
[0.15308407]
[0.15301938]
[0.15299596]
[0.15299273]
[0.15297449]
[0.1529534]
[0.1529411]
[0.15293795]
[0.1529374]
[0.15287851]
[0.15284468]
[0.15284419]
[0.15284032]
[0.1527334]
[0.15266319]
[0.1526193]
[0.15259512]
[0.1525879]
[0.15258189]
[0.15257874]
[0.152567]
[0.152567]
[0.15252076]
[0.15249938]
[0.15247905]
[0.15247905]
[0.15239346]
[0.15238442]
[0.15234575]
[0.15233442]
[0.15232876]
[0.1522851]
[0.15219411]
[0.15218158]
[0.15214321]
[0.15213633]
[0.15203308]
[0.15198639]
[0.15189952]
[0.15187067]
[0.15183659]
[0.15183032]
[0.1518127]
[0.1517654]
[0.1517534]
[0.15174682]
[0.15168424]
[0.15168358]
[0.15167585]
[0.15166958]
[0.15164052]
[0.15162122]
[0.15158921]
[0.15157788]
[0.15157503]
[0.15157051]
[0.1515683]
[0.15156291]
[0.15151986]
[0.15150762]
[0.15145947]
[0.15143012]
[0.15143012]
[0.151357]
[0.15135604]
[0.15134741]
[0.15132953]
[0.15128125]
[0.15119042]
[0.15116663]
[0.15114059]
[0.15112537]
[0.15111016]
[0.15110934]
[0.15102933]
[0.15102716]
[0.15099165]
[0.15091236]
[0.15090993]
[0.15089665]
[0.15088466]
[0.15086888]
[0.15084615]
[0.15078597]
[0.15075424]
[0.15072441]
[0.15071812]
[0.15063322]
[0.15062958]
[0.15061663]
[0.15060426]
[0.15060264]
[0.1505737]
[0.15056017]
[0.15050136]
[0.15049577]
[0.15044549]
[0.1504303]
[0.1503983]
[0.15038285]
[0.15038285]
[0.15037791]
[0.15034384]
[0.15034045]
[0.15030059]
[0.15029255]
[0.15029044]
[0.15025379]
[0.15024662]
[0.15019597]
[0.15019457]
[0.1501706]
[0.15017042]
[0.15016639]
[0.15013143]
[0.15012617]
[0.15011969]
[0.15007111]
[0.15003999]
[0.15001693]
[0.14999975]
[0.14999922]
[0.14998974]
[0.14996022]
[0.14994107]
[0.14989048]
[0.14987604]
[0.14987463]
[0.14986466]
[0.14985722]
[0.14981659]
[0.1497799]
[0.14977759]
[0.14977238]
[0.14970316]
[0.14967443]
[0.14966705]
[0.14961408]
[0.14956169]
[0.14956018]
[0.14955318]
[0.14948376]
[0.14945866]
[0.1494292]
[0.14938454]
[0.14928678]
[0.14928678]
[0.14927357]
[0.14926149]
[0.14926122]
[0.14921792]
[0.14914282]
[0.14910664]
[0.14905685]
[0.14904386]
[0.14896905]
[0.14894067]
[0.14892729]
[0.14890662]
[0.1488703]
[0.14886548]
[0.14885415]
[0.14882036]
[0.14878713]
[0.14878444]
[0.14877073]
[0.14876898]
[0.14873825]
[0.14873007]
[0.14867708]
[0.14867045]
[0.14864388]
[0.148614]
[0.14848147]
[0.1484762]
[0.14846218]
[0.14842491]
[0.14833482]
[0.14832543]
[0.14828706]
[0.1482692]
[0.1482692]
[0.14826676]
[0.14826652]
[0.14825003]
[0.14821294]
[0.14811511]
[0.14811511]
[0.14810579]
[0.14807785]
[0.14806473]
[0.14803623]
[0.14803141]
[0.14803141]
[0.14801571]
[0.14799653]
[0.14795877]
[0.14793684]
[0.14789754]
[0.14789075]
[0.14780982]
[0.14780036]
[0.14776473]
[0.14773962]
[0.14772035]
[0.14770505]
[0.14769018]
[0.14768955]
[0.14766222]
[0.14765619]
[0.14765066]
[0.14764725]
[0.14762817]
[0.14762472]
[0.14761634]
[0.14758916]
[0.1475814]
[0.14754818]
[0.14753851]
[0.14749879]
[0.14744037]
[0.14740773]
[0.14737669]
[0.14737165]
[0.14734071]
[0.1472903]
[0.14728606]
[0.14728375]
[0.1472017]
[0.1472017]
[0.14717224]
[0.14713892]
[0.14710534]
[0.14709285]
[0.14707676]
[0.14707676]
[0.14704189]
[0.14701362]
[0.14701362]
[0.14700009]
[0.14697725]
[0.14695112]
[0.14688039]
[0.1468249]
[0.14680783]
[0.14680739]
[0.14676103]
[0.14670514]
[0.14663962]
[0.14662357]
[0.14661731]
[0.1466033]
[0.14657566]
[0.14654392]
[0.14643255]
[0.14639638]
[0.14639245]
[0.14639215]
[0.14637285]
[0.14635183]
[0.14632234]
[0.14630376]
[0.14625224]
[0.14624475]
[0.14622778]
[0.1462248]
[0.14621975]
[0.14615475]
[0.14614499]
[0.14613026]
[0.14610375]
[0.14608163]
[0.14608032]
[0.14604865]
[0.14601146]
[0.14597566]
[0.14596446]
[0.14593852]
[0.14589103]
[0.14588961]
[0.14588895]
[0.14588621]
[0.14586623]
[0.14584541]
[0.14584005]
[0.14581932]
[0.14580378]
[0.1457995]
[0.1457801]
[0.14571863]
[0.14571774]
[0.14569163]
[0.14568119]
[0.14567916]
[0.14567003]
[0.14566174]
[0.14560787]
[0.1455861]
[0.14548889]
[0.14545275]
[0.14541474]
[0.14539798]
[0.14535554]
[0.14535554]
[0.1452992]
[0.14523712]
[0.1452293]
[0.14520936]
[0.14518613]
[0.14517121]
[0.14514479]
[0.14512953]
[0.14512214]
[0.14510503]
[0.14508878]
[0.14503318]
[0.14503318]
[0.14493607]
[0.14490472]
[0.14486931]
[0.14486575]
[0.14483918]
[0.14479436]
[0.14479353]
[0.1447231]
[0.14468089]
[0.14458345]
[0.14456673]
[0.14456351]
[0.14456154]
[0.14450862]
[0.14449449]
[0.14448941]
[0.14446944]
[0.1444677]
[0.14446075]
[0.14440309]
[0.14440309]
[0.1443853]
[0.14438282]
[0.14437416]
[0.14434795]
[0.14430508]
[0.14427459]
[0.14426051]
[0.14422543]
[0.14420907]
[0.14419669]
[0.14416565]
[0.1441516]
[0.14414623]
[0.14414623]
[0.14409406]
[0.14401542]
[0.14400694]
[0.14398071]
[0.14393944]
[0.14390686]
[0.14388868]
[0.14388572]
[0.14388424]
[0.1438185]
[0.143758]
[0.14370467]
[0.14369956]
[0.1436432]
[0.14364253]
[0.14362036]
[0.14354569]
[0.14353622]
[0.14351729]
[0.143496]
[0.14346437]
[0.14346279]
[0.14344409]
[0.14342342]
[0.14339782]
[0.14335115]
[0.14323449]
[0.14321929]
[0.14319307]
[0.14318861]
[0.14313509]
[0.14311334]
[0.14309187]
[0.14308679]
[0.14307776]
[0.14303839]
[0.14303511]
[0.14303502]
[0.14302722]
[0.14302565]
[0.14299473]
[0.14297101]
[0.14295079]
[0.14289857]
[0.14288595]
[0.14287864]
[0.14286079]
[0.14276722]
[0.14275911]
[0.14274131]
[0.14271261]
[0.14271261]
[0.1427073]
[0.14269382]
[0.14269055]
[0.14265493]
[0.14259456]
[0.14259456]
[0.14258932]
[0.14258675]
[0.14255954]
[0.14254403]
[0.14254129]
[0.14252464]
[0.14248349]
[0.14244923]
[0.14244044]
[0.14239015]
[0.14236782]
[0.14236782]
[0.14236473]
[0.14235978]
[0.14232695]
[0.14232695]
[0.14222173]
[0.14222173]
[0.14220564]
[0.14218548]
[0.14216574]
[0.14214835]
[0.1421448]
[0.14201592]
[0.14201513]
[0.14200595]
[0.14196168]
[0.14195368]
[0.14193691]
[0.14193533]
[0.14193323]
[0.14191905]
[0.14189357]
[0.14184329]
[0.14184104]
[0.14178894]
[0.14178775]
[0.14177534]
[0.14177261]
[0.1417667]
[0.14172661]
[0.1417131]
[0.14167708]
[0.14165911]
[0.14165679]
[0.14163917]
[0.141638]
[0.14160931]
[0.14159271]
[0.14156628]
[0.14155228]
[0.14153896]
[0.14151837]
[0.14151447]
[0.14150807]
[0.14147988]
[0.14147049]
[0.14146343]
[0.14145882]
[0.14141913]
[0.1414152]
[0.14135458]
[0.14134903]
[0.14134166]
[0.1413095]
[0.14121018]
[0.14120829]
[0.14117339]
[0.14115983]
[0.14113824]
[0.14106861]
[0.14103955]
[0.14101318]
[0.14100635]
[0.1410048]
[0.14100446]
[0.1409619]
[0.14091456]
[0.14090924]
[0.14089891]
[0.14087066]
[0.140818]
[0.14076021]
[0.14072855]
[0.14070243]
[0.14067234]
[0.14060849]
[0.14059867]
[0.14057049]
[0.1405598]
[0.14055215]
[0.14055215]
[0.14052421]
[0.1404613]
[0.14045456]
[0.14042978]
[0.14040314]
[0.1403563]
[0.14035566]
[0.14035562]
[0.14033602]
[0.14031874]
[0.14031874]
[0.14030407]
[0.14028274]
[0.14025024]
[0.1402438]
[0.14022195]
[0.14021721]
[0.14020729]
[0.14020126]
[0.14019556]
[0.14015788]
[0.14010943]
[0.14008358]
[0.14004211]
[0.13994406]
[0.1398239]
[0.13981952]
[0.13979663]
[0.13974114]
[0.13967663]
[0.13962999]
[0.13962427]
[0.13961387]
[0.13961384]
[0.1396135]
[0.13960636]
[0.13960408]
[0.13957882]
[0.13956621]
[0.13953622]
[0.13944012]
[0.13937803]
[0.1393569]
[0.13934092]
[0.1392657]
[0.13923158]
[0.13922626]
[0.13920592]
[0.13918805]
[0.13916495]
[0.13913938]
[0.1391035]
[0.13908505]
[0.13907619]
[0.13906953]
[0.13906732]
[0.1389699]
[0.13895807]
[0.13895807]
[0.13894343]
[0.13893598]
[0.13887319]
[0.1388712]
[0.13885717]
[0.13883272]
[0.13881014]
[0.1387271]
[0.13871574]
[0.1387052]
[0.13869862]
[0.13857076]
[0.13855994]
[0.1385578]
[0.1385536]
[0.1385396]
[0.13853703]
[0.13849942]
[0.13847838]
[0.13843116]
[0.13840245]
[0.13836038]
[0.13835832]
[0.13833255]
[0.1382987]
[0.13824965]
[0.13824268]
[0.13821787]
[0.13816535]
[0.13815017]
[0.13812497]
[0.13810709]
[0.13809668]
[0.13809142]
[0.13808131]
[0.1380804]
[0.13807958]
[0.13807678]
[0.1380674]
[0.13806206]
[0.13802709]
[0.13802625]
[0.13798413]
[0.13789783]
[0.1378556]
[0.13785528]
[0.13784903]
[0.1377726]
[0.13774824]
[0.13773052]
[0.13773052]
[0.13773052]
[0.1377199]
[0.1377197]
[0.13771868]
[0.13767971]
[0.1376694]
[0.13764322]
[0.13762262]
[0.13758561]
[0.13755396]
[0.13751762]
[0.13748781]
[0.13746707]
[0.13746335]
[0.13744706]
[0.13744316]
[0.13743569]
[0.13742891]
[0.1374233]
[0.13741614]
[0.13740814]
[0.13737522]
[0.13736822]
[0.13733955]
[0.1373194]
[0.1373005]
[0.13728946]
[0.13728711]
[0.13728575]
[0.13728574]
[0.1372348]
[0.1372203]
[0.13719343]
[0.13717559]
[0.13717423]
[0.13708092]
[0.1370785]
[0.13707054]
[0.13706481]
[0.13706382]
[0.13705418]
[0.13704236]
[0.13703123]
[0.13702245]
[0.13700867]
[0.13700022]
[0.13697925]
[0.13687666]
[0.13687521]
[0.136867]
[0.13686502]
[0.13685201]
[0.13683404]
[0.13681932]
[0.13681872]
[0.13680443]
[0.13678889]
[0.13677144]
[0.13677013]
[0.1367426]
[0.13670938]
[0.136651]
[0.13664408]
[0.13660719]
[0.13660088]
[0.13660088]
[0.13659789]
[0.13659489]
[0.1365826]
[0.13657878]
[0.1365528]
[0.13653105]
[0.13645928]
[0.13645296]
[0.13645068]
[0.13642624]
[0.13642468]
[0.13638659]
[0.13637453]
[0.13634306]
[0.13634306]
[0.13631971]
[0.13631769]
[0.1363055]
[0.1363027]
[0.136299]
[0.13626514]
[0.136244]
[0.13621566]
[0.13620241]
[0.13620225]
[0.13615449]
[0.13614997]
[0.13611624]
[0.1361119]
[0.13610056]
[0.13609979]
[0.13607271]
[0.13606082]
[0.13601291]
[0.1360012]
[0.13596086]
[0.13594498]
[0.13592793]
[0.13583532]
[0.13581885]
[0.1357971]
[0.13578378]
[0.13576965]
[0.1357633]
[0.13575043]
[0.13573821]
[0.13572778]
[0.13572156]
[0.1356776]
[0.13566983]
[0.13565983]
[0.13564965]
[0.13560611]
[0.13559473]
[0.13559473]
[0.13559344]
[0.1355833]
[0.13557307]
[0.1355506]
[0.13554357]
[0.13554107]
[0.13553871]
[0.13550206]
[0.13548927]
[0.13543577]
[0.13543287]
[0.13542427]
[0.13540535]
[0.13537203]
[0.13534836]
[0.13531469]
[0.13529134]
[0.13523105]
[0.1351593]
[0.13514732]
[0.1351311]
[0.13511612]
[0.13509162]
[0.1350821]
[0.1350697]
[0.13498864]
[0.1349863]
[0.13493817]
[0.13491905]
[0.1349045]
[0.13486385]
[0.1348522]
[0.13482723]
[0.13477461]
[0.13477147]
[0.13474558]
[0.13472311]
[0.13466962]
[0.13466714]
[0.13466714]
[0.13458322]
[0.13453275]
[0.13451993]
[0.13450621]
[0.13448606]
[0.1344813]
[0.13446231]
[0.134445]
[0.13442782]
[0.13441798]
[0.13440716]
[0.13438559]
[0.13437748]
[0.13437448]
[0.13437061]
[0.13434753]
[0.13431183]
[0.13429241]
[0.13424952]
[0.13420075]
[0.13414598]
[0.13410316]
[0.13407928]
[0.13407497]
[0.13404717]
[0.13403496]
[0.1340294]
[0.13399412]
[0.13396388]
[0.13396148]
[0.13391231]
[0.13386878]
[0.13385656]
[0.13383263]
[0.13383263]
[0.13383263]
[0.13382898]
[0.13375103]
[0.1337429]
[0.1337429]
[0.13371576]
[0.13369831]
[0.1336982]
[0.1336648]
[0.13363172]
[0.13360581]
[0.13359833]
[0.13358748]
[0.1335811]
[0.1335783]
[0.13357578]
[0.13349211]
[0.13349107]
[0.13345902]
[0.13345037]
[0.13343024]
[0.13340515]
[0.13337655]
[0.13334946]
[0.13334839]
[0.13326487]
[0.13325815]
[0.13324389]
[0.1332055]
[0.13320215]
[0.13317727]
[0.13317727]
[0.13314174]
[0.13313901]
[0.13312829]
[0.1331214]
[0.13304758]
[0.13304119]
[0.13303871]
[0.1330165]
[0.13296966]
[0.13296314]
[0.13292442]
[0.13290584]
[0.13288416]
[0.13287887]
[0.13287887]
[0.1328721]
[0.13281484]
[0.1328093]
[0.1327815]
[0.13274097]
[0.1326905]
[0.13263962]
[0.1326143]
[0.1326079]
[0.13260405]
[0.13258152]
[0.13257693]
[0.13255282]
[0.13243358]
[0.13241987]
[0.13238513]
[0.13237473]
[0.1323615]
[0.13234058]
[0.13233714]
[0.13223216]
[0.13222912]
[0.13222869]
[0.13221554]
[0.13221079]
[0.13219811]
[0.1321733]
[0.13216937]
[0.13214266]
[0.13213742]
[0.13208999]
[0.13208576]
[0.13206607]
[0.13206361]
[0.13205951]
[0.13203831]
[0.13203476]
[0.13201946]
[0.13200434]
[0.13200372]
[0.1319876]
[0.13198027]
[0.13189434]
[0.13188101]
[0.13188079]
[0.13179488]
[0.1317543]
[0.13172597]
[0.13170783]
[0.13164963]
[0.13161613]
[0.1316067]
[0.13160028]
[0.13157636]
[0.13153784]
[0.13152574]
[0.13152508]
[0.13148932]
[0.13148664]
[0.13142948]
[0.13136478]
[0.13133588]
[0.13133098]
[0.13132152]
[0.13123032]
[0.13121282]
[0.1312089]
[0.13118556]
[0.13110985]
[0.13105166]
[0.13104716]
[0.13101745]
[0.13101535]
[0.13101535]
[0.13098694]
[0.13097453]
[0.13087639]
[0.1308331]
[0.13082178]
[0.1308195]
[0.13080193]
[0.13080068]
[0.13079269]
[0.13077454]
[0.13066737]
[0.13065644]
[0.13064688]
[0.13063993]
[0.13061339]
[0.13052161]
[0.13047846]
[0.13044052]
[0.13040437]
[0.13039817]
[0.13039817]
[0.13038887]
[0.13036786]
[0.13032903]
[0.13028617]
[0.13028567]
[0.13027084]
[0.1302493]
[0.1302383]
[0.13022548]
[0.13018574]
[0.13018407]
[0.13016571]
[0.13013914]
[0.13009149]
[0.12997115]
[0.1299691]
[0.12996122]
[0.12994069]
[0.12989406]
[0.1298934]
[0.1298855]
[0.12988344]
[0.12987153]
[0.12982143]
[0.12979661]
[0.12978914]
[0.12978204]
[0.12978134]
[0.1297734]
[0.12976655]
[0.1297449]
[0.12974216]
[0.12973873]
[0.12971108]
[0.12970579]
[0.12970442]
[0.12967218]
[0.12965652]
[0.129634]
[0.12960316]
[0.12959385]
[0.12958626]
[0.12957384]
[0.12957093]
[0.12955143]
[0.12951519]
[0.12949659]
[0.12949057]
[0.12948503]
[0.12944521]
[0.1293976]
[0.1293976]
[0.12938578]
[0.1293811]
[0.12937102]
[0.12930971]
[0.12923391]
[0.12921363]
[0.12916811]
[0.12912445]
[0.12910569]
[0.12910366]
[0.12909552]
[0.1290927]
[0.12906106]
[0.12903538]
[0.12901866]
[0.12900329]
[0.12897342]
[0.12896734]
[0.12895355]
[0.12892064]
[0.12886025]
[0.12879844]
[0.12875725]
[0.12874524]
[0.12873209]
[0.12872815]
[0.12870958]
[0.12869415]
[0.12869415]
[0.1286736]
[0.128672]
[0.12864496]
[0.12860927]
[0.12853687]
[0.1284778]
[0.12846202]
[0.1284537]
[0.12845063]
[0.12844817]
[0.12843147]
[0.12840532]
[0.12838194]
[0.1283658]
[0.12834743]
[0.12830938]
[0.12824944]
[0.12823288]
[0.12818304]
[0.12817512]
[0.1281734]
[0.12817313]
[0.12814847]
[0.1281018]
[0.12810165]
[0.12808535]
[0.12807672]
[0.12805557]
[0.12805557]
[0.12803955]
[0.12802553]
[0.1280189]
[0.12801597]
[0.12801597]
[0.12801597]
[0.12799439]
[0.12799415]
[0.12799042]
[0.1279602]
[0.12794575]
[0.12792902]
[0.12792684]
[0.12790528]
[0.12788261]
[0.12788261]
[0.12787804]
[0.1278628]
[0.12785648]
[0.12781379]
[0.12780212]
[0.12776808]
[0.12773605]
[0.12773503]
[0.12770268]
[0.12769891]
[0.12766655]
[0.1276416]
[0.12761676]
[0.1276111]
[0.12760179]
[0.12759511]
[0.12759377]
[0.12758954]
[0.12753864]
[0.12748697]
[0.12746838]
[0.12743768]
[0.1274252]
[0.12741044]
[0.12733288]
[0.12731464]
[0.12731464]
[0.1273136]
[0.12730677]
[0.12728865]
[0.12723005]
[0.12721354]
[0.1271859]
[0.12716523]
[0.12712757]
[0.127117]
[0.12709025]
[0.12704045]
[0.12699747]
[0.12699027]
[0.12696953]
[0.12696643]
[0.12695071]
[0.12693192]
[0.12688997]
[0.12685342]
[0.12685195]
[0.12684853]
[0.12682205]
[0.12681282]
[0.12678689]
[0.12677367]
[0.12670076]
[0.12668191]
[0.12666263]
[0.12662718]
[0.12660229]
[0.12658198]
[0.12656981]
[0.12654823]
[0.12642439]
[0.1264183]
[0.12641676]
[0.12636119]
[0.12635005]
[0.12633137]
[0.12631437]
[0.12631032]
[0.12618233]
[0.12616321]
[0.12614118]
[0.12610345]
[0.12608875]
[0.12608695]
[0.12607381]
[0.12606654]
[0.12600312]
[0.12596172]
[0.12593229]
[0.12592919]
[0.12591954]
[0.1258869]
[0.12586842]
[0.12581044]
[0.1257567]
[0.1257089]
[0.12570015]
[0.12569702]
[0.12567365]
[0.12565982]
[0.12562038]
[0.12558529]
[0.12556069]
[0.12552713]
[0.12548128]
[0.12541677]
[0.12537605]
[0.12535648]
[0.12534393]
[0.12528409]
[0.12525672]
[0.12524202]
[0.12522477]
[0.12522025]
[0.12520099]
[0.1251815]
[0.12514557]
[0.12510711]
[0.12508002]
[0.12505646]
[0.12504423]
[0.12504302]
[0.12503543]
[0.12501274]
[0.12500688]
[0.12497402]
[0.12495939]
[0.12492184]
[0.12492]
[0.12490286]
[0.12484653]
[0.12479606]
[0.1247155]
[0.12471141]
[0.12471141]
[0.12469833]
[0.1246872]
[0.12467454]
[0.12466467]
[0.12466289]
[0.12465748]
[0.12464651]
[0.12462221]
[0.12460124]
[0.12451909]
[0.12450626]
[0.1244847]
[0.12448213]
[0.12447216]
[0.12440826]
[0.12439397]
[0.12437964]
[0.12437845]
[0.12435804]
[0.12435213]
[0.12429865]
[0.12426476]
[0.12424737]
[0.12424692]
[0.12417424]
[0.12414888]
[0.12412927]
[0.1241252]
[0.1241161]
[0.12411122]
[0.12410264]
[0.12405468]
[0.12402024]
[0.12399168]
[0.12391287]
[0.1238884]
[0.12386006]
[0.12384741]
[0.12384741]
[0.12381344]
[0.12379663]
[0.12377889]
[0.12368131]
[0.12365426]
[0.12363281]
[0.12363147]
[0.12360927]
[0.12360272]
[0.12359922]
[0.12359697]
[0.12358039]
[0.12357667]
[0.12352514]
[0.12352204]
[0.12351559]
[0.12350485]
[0.12350485]
[0.12349211]
[0.12345484]
[0.12344604]
[0.12343368]
[0.12340634]
[0.1233846]
[0.12336693]
[0.12329543]
[0.12320609]
[0.12320352]
[0.1231764]
[0.12317273]
[0.12315958]
[0.12314939]
[0.12311188]
[0.1230734]
[0.1230457]
[0.12304356]
[0.12303527]
[0.1229931]
[0.12298486]
[0.12298229]
[0.12296599]
[0.12295771]
[0.12291845]
[0.12289938]
[0.12289754]
[0.12289046]
[0.12287371]
[0.12285829]
[0.12274584]
[0.12273122]
[0.12268112]
[0.12267791]
[0.12262214]
[0.12262058]
[0.12259318]
[0.12256636]
[0.12253035]
[0.12252247]
[0.12250252]
[0.122495]
[0.1224523]
[0.12240583]
[0.12240322]
[0.12235583]
[0.12233856]
[0.12231638]
[0.12230926]
[0.12228193]
[0.12227324]
[0.12227134]
[0.1222609]
[0.12225123]
[0.12222789]
[0.12221365]
[0.12219337]
[0.12217059]
[0.12213574]
[0.12212924]
[0.1220579]
[0.12204878]
[0.12204024]
[0.12201329]
[0.12201182]
[0.12198325]
[0.12196712]
[0.12190723]
[0.12186011]
[0.12185057]
[0.12181643]
[0.12178968]
[0.1217679]
[0.12175678]
[0.12173564]
[0.12171856]
[0.12166518]
[0.12165368]
[0.12161585]
[0.1215978]
[0.12154129]
[0.12153821]
[0.12150264]
[0.12148849]
[0.12148172]
[0.12147003]
[0.12144502]
[0.12140807]
[0.12140112]
[0.12139971]
[0.12136187]
[0.12135231]
[0.12133482]
[0.12133425]
[0.12132727]
[0.12131985]
[0.12129328]
[0.12129238]
[0.1212904]
[0.12128643]
[0.12127259]
[0.12127052]
[0.12124213]
[0.12118006]
[0.12117685]
[0.12117468]
[0.12116498]
[0.12112377]
[0.12111104]
[0.12110437]
[0.12110073]
[0.12110048]
[0.12106098]
[0.12100764]
[0.12099417]
[0.12098981]
[0.12096088]
[0.12094503]
[0.12094474]
[0.12094408]
[0.12091193]
[0.12090412]
[0.12089703]
[0.1208945]
[0.1208945]
[0.12088756]
[0.12085739]
[0.12083824]
[0.12081752]
[0.12081537]
[0.12078273]
[0.12078112]
[0.12077267]
[0.12074301]
[0.12073157]
[0.120694]
[0.12067266]
[0.12066102]
[0.12065218]
[0.12060311]
[0.12057781]
[0.12050624]
[0.12050476]
[0.12048944]
[0.12043747]
[0.12042035]
[0.12041578]
[0.12039852]
[0.12037956]
[0.12036784]
[0.12035471]
[0.12033647]
[0.12032966]
[0.12030318]
[0.12029148]
[0.12027012]
[0.12021708]
[0.12020128]
[0.12018631]
[0.1201551]
[0.12011253]
[0.12011059]
[0.12000068]
[0.1199823]
[0.11995255]
[0.11994525]
[0.1199063]
[0.11987704]
[0.11984175]
[0.11983161]
[0.11980604]
[0.11980267]
[0.11980054]
[0.11976187]
[0.11968634]
[0.11966748]
[0.1195789]
[0.1195733]
[0.11954205]
[0.11953175]
[0.11952654]
[0.11950638]
[0.11950393]
[0.11946687]
[0.11944621]
[0.11943389]
[0.11940008]
[0.11937131]
[0.11935417]
[0.11935262]
[0.11935177]
[0.11934946]
[0.11932173]
[0.11931343]
[0.11929841]
[0.11925853]
[0.11924224]
[0.11923154]
[0.1192031]
[0.11917309]
[0.11914364]
[0.1191101]
[0.11906791]
[0.11904968]
[0.11904833]
[0.11904773]
[0.11904123]
[0.1190322]
[0.11898943]
[0.11898713]
[0.11897314]
[0.118876]
[0.11886058]
[0.11884914]
[0.11883609]
[0.118806]
[0.11878594]
[0.1187316]
[0.1186663]
[0.11865314]
[0.11863389]
[0.11863359]
[0.11860936]
[0.11860633]
[0.11858728]
[0.11856266]
[0.11851265]
[0.11849376]
[0.11848852]
[0.11844286]
[0.11839902]
[0.1183888]
[0.11838741]
[0.1183578]
[0.11835332]
[0.11834501]
[0.11830137]
[0.11829699]
[0.11827175]
[0.11824427]
[0.11823827]
[0.1182187]
[0.11812051]
[0.11810012]
[0.11809616]
[0.11806956]
[0.11798764]
[0.11797328]
[0.11796678]
[0.11795958]
[0.11795467]
[0.11792018]
[0.11791533]
[0.11790255]
[0.11787239]
[0.11786374]
[0.11783726]
[0.11782242]
[0.11781974]
[0.11771122]
[0.11769371]
[0.11766936]
[0.11765633]
[0.11762803]
[0.11762723]
[0.11762188]
[0.11760937]
[0.11760655]
[0.11759974]
[0.11757904]
[0.11755648]
[0.11752775]
[0.11751795]
[0.11745611]
[0.11744443]
[0.11742476]
[0.11735814]
[0.1172739]
[0.1172589]
[0.11721976]
[0.11717129]
[0.11714648]
[0.11713933]
[0.11709338]
[0.11706804]
[0.11705779]
[0.1170366]
[0.11703638]
[0.11703492]
[0.11701539]
[0.11701407]
[0.11699881]
[0.11698005]
[0.11697327]
[0.11693729]
[0.11693116]
[0.11691012]
[0.11690193]
[0.11684714]
[0.1168227]
[0.11681426]
[0.1168054]
[0.11673564]
[0.11670066]
[0.11668749]
[0.11668617]
[0.11667434]
[0.11660883]
[0.1165527]
[0.11652113]
[0.11652064]
[0.11651857]
[0.11650655]
[0.11647033]
[0.11645342]
[0.11643034]
[0.11629964]
[0.11628444]
[0.11624529]
[0.11620646]
[0.11619348]
[0.11612954]
[0.11612242]
[0.11610648]
[0.11607502]
[0.11604054]
[0.11603078]
[0.11586895]
[0.11584998]
[0.1158445]
[0.1158371]
[0.11583383]
[0.11582487]
[0.11577807]
[0.1157126]
[0.11571224]
[0.11567451]
[0.11564588]
[0.11562207]
[0.11560404]
[0.1155787]
[0.1155706]
[0.11555617]
[0.1155491]
[0.11551487]
[0.1155095]
[0.11550499]
[0.11547812]
[0.11545152]
[0.11543625]
[0.11542301]
[0.11537373]
[0.11536425]
[0.11535035]
[0.11534992]
[0.11528562]
[0.11522228]
[0.11519925]
[0.1151895]
[0.11517343]
[0.11515927]
[0.11515509]
[0.11512794]
[0.11511967]
[0.11507958]
[0.11507603]
[0.11507002]
[0.11506205]
[0.11501201]
[0.11500768]
[0.11498973]
[0.11493796]
[0.11493078]
[0.11490119]
[0.11486305]
[0.11485668]
[0.11485024]
[0.1147972]
[0.11472528]
[0.11469806]
[0.11469061]
[0.11467182]
[0.11458515]
[0.11458437]
[0.11454769]
[0.11454471]
[0.11446013]
[0.11434648]
[0.11434115]
[0.11432748]
[0.11429065]
[0.11427392]
[0.11417487]
[0.11411966]
[0.11411516]
[0.11407936]
[0.11405559]
[0.11402422]
[0.11402093]
[0.11398586]
[0.11398004]
[0.11396593]
[0.11392006]
[0.1139009]
[0.11379667]
[0.11371781]
[0.11370996]
[0.11367029]
[0.11360382]
[0.11359051]
[0.11353924]
[0.11351515]
[0.113513]
[0.11349621]
[0.11347036]
[0.1134652]
[0.11345635]
[0.11323595]
[0.1132267]
[0.11321989]
[0.11320629]
[0.11319233]
[0.11319008]
[0.11315757]
[0.113108]
[0.11309162]
[0.11304203]
[0.11303988]
[0.1130395]
[0.11302836]
[0.11300191]
[0.11297302]
[0.11292963]
[0.11291243]
[0.11290671]
[0.11289719]
[0.11287653]
[0.11284579]
[0.11279803]
[0.1127841]
[0.11272359]
[0.11271376]
[0.11268973]
[0.11267921]
[0.11267521]
[0.11266433]
[0.11263923]
[0.11263911]
[0.1126373]
[0.11261838]
[0.11261384]
[0.11252791]
[0.11251991]
[0.11249934]
[0.11249548]
[0.11243352]
[0.11238311]
[0.11237878]
[0.11235895]
[0.11234485]
[0.11232915]
[0.11231662]
[0.11229013]
[0.11227183]
[0.11224926]
[0.11224481]
[0.11224027]
[0.11218845]
[0.11218206]
[0.1121753]
[0.11209696]
[0.11203673]
[0.1120211]
[0.11201842]
[0.11196519]
[0.11195623]
[0.111943]
[0.11186176]
[0.11183353]
[0.11183353]
[0.11179998]
[0.11178534]
[0.11176994]
[0.11176816]
[0.11173729]
[0.11172707]
[0.11164697]
[0.11163417]
[0.11159383]
[0.11158267]
[0.11154521]
[0.11153035]
[0.111526]
[0.11148652]
[0.11145782]
[0.1114149]
[0.11140266]
[0.11138444]
[0.11138421]
[0.11135995]
[0.11131645]
[0.1113106]
[0.11126783]
[0.11125831]
[0.11124094]
[0.11120824]
[0.11117444]
[0.11111561]
[0.11111156]
[0.11108682]
[0.1110803]
[0.11102917]
[0.11102726]
[0.11100627]
[0.11092318]
[0.11090852]
[0.11088603]
[0.11085966]
[0.11079414]
[0.11076941]
[0.1107354]
[0.11073357]
[0.11072399]
[0.11070155]
[0.11069972]
[0.11069863]
[0.11068453]
[0.11067646]
[0.1106735]
[0.11066634]
[0.11062378]
[0.11062323]
[0.11054692]
[0.11053807]
[0.11052887]
[0.11050899]
[0.11049788]
[0.1103951]
[0.11036902]
[0.11036203]
[0.11028492]
[0.11026164]
[0.11025707]
[0.11025348]
[0.110248]
[0.11018148]
[0.11018015]
[0.11015552]
[0.1101422]
[0.11014044]
[0.11013285]
[0.11008881]
[0.11006264]
[0.11002252]
[0.11002062]
[0.1100158]
[0.11001444]
[0.10994294]
[0.10988392]
[0.10988094]
[0.10985188]
[0.10978435]
[0.10971595]
[0.10969129]
[0.10968032]
[0.10967753]
[0.109663]
[0.10966268]
[0.10958198]
[0.10951606]
[0.10948454]
[0.1094833]
[0.10947808]
[0.10944828]
[0.10940216]
[0.10936158]
[0.10935127]
[0.10935127]
[0.10935053]
[0.10934611]
[0.10927892]
[0.10927889]
[0.10922845]
[0.10921309]
[0.10916945]
[0.10916889]
[0.109165]
[0.10913454]
[0.10910431]
[0.1091032]
[0.10910061]
[0.10906316]
[0.10905617]
[0.1090419]
[0.1089886]
[0.10898262]
[0.10895745]
[0.10890284]
[0.1088937]
[0.10888523]
[0.10887425]
[0.10885692]
[0.10876601]
[0.10872338]
[0.10868977]
[0.10861264]
[0.1085896]
[0.10854005]
[0.1085305]
[0.10851454]
[0.10851376]
[0.10851321]
[0.1083125]
[0.10828978]
[0.10823559]
[0.10822367]
[0.1082179]
[0.10818]
[0.10812389]
[0.10811311]
[0.10804741]
[0.10803964]
[0.10803865]
[0.10803843]
[0.10802148]
[0.10801924]
[0.10801471]
[0.10791582]
[0.10784459]
[0.10781598]
[0.10779849]
[0.10779504]
[0.10778042]
[0.107747]
[0.10772754]
[0.1077105]
[0.10763662]
[0.10763092]
[0.10760108]
[0.10751761]
[0.10748904]
[0.10748721]
[0.10744113]
[0.10742924]
[0.10732073]
[0.10731056]
[0.10727377]
[0.10726204]
[0.10722812]
[0.10722356]
[0.10712609]
[0.10707566]
[0.10705414]
[0.10704949]
[0.10704794]
[0.10703104]
[0.10698483]
[0.10696665]
[0.10692539]
[0.10686054]
[0.10684282]
[0.10680476]
[0.10679752]
[0.10674639]
[0.10671657]
[0.10670168]
[0.10668954]
[0.10668616]
[0.10664903]
[0.10664386]
[0.10664372]
[0.10664341]
[0.10661998]
[0.10660741]
[0.10659607]
[0.10657406]
[0.10655122]
[0.10649123]
[0.10649001]
[0.10641965]
[0.10637261]
[0.10636266]
[0.10635474]
[0.1063268]
[0.10632502]
[0.10632312]
[0.10629479]
[0.10626574]
[0.10626128]
[0.10624215]
[0.10623651]
[0.10614017]
[0.10613246]
[0.10612317]
[0.10608007]
[0.10602076]
[0.10595622]
[0.10595439]
[0.10586815]
[0.10585738]
[0.10581934]
[0.10579371]
[0.1057796]
[0.10574149]
[0.10569386]
[0.10563029]
[0.10560425]
[0.10556374]
[0.10555413]
[0.10553106]
[0.10552876]
[0.10552485]
[0.10550509]
[0.1054672]
[0.10544097]
[0.10543963]
[0.10540853]
[0.10537099]
[0.10533088]
[0.10532437]
[0.10531244]
[0.1052999]
[0.10529481]
[0.10528649]
[0.10527977]
[0.10526516]
[0.10525946]
[0.10523907]
[0.10522857]
[0.10518816]
[0.10515773]
[0.10513008]
[0.10511795]
[0.10510615]
[0.10506593]
[0.10498323]
[0.10496368]
[0.10494619]
[0.10494]
[0.10487153]
[0.10486355]
[0.10483506]
[0.10482929]
[0.10471938]
[0.10463886]
[0.10463791]
[0.10460012]
[0.10458409]
[0.10453118]
[0.10447813]
[0.10442904]
[0.10441206]
[0.10439526]
[0.10439096]
[0.10438717]
[0.10434563]
[0.10432687]
[0.10428212]
[0.10424721]
[0.10421918]
[0.10421433]
[0.10421095]
[0.10419443]
[0.10418972]
[0.10416502]
[0.10416345]
[0.10411773]
[0.10399548]
[0.10395198]
[0.1039515]
[0.1039383]
[0.10391277]
[0.10380912]
[0.10380466]
[0.10379772]
[0.10379282]
[0.10378346]
[0.10378122]
[0.1037616]
[0.10374413]
[0.10369065]
[0.10362078]
[0.10360962]
[0.10356729]
[0.10356365]
[0.10355292]
[0.10352562]
[0.10352002]
[0.10351844]
[0.10348175]
[0.10340305]
[0.10337034]
[0.1033368]
[0.10330981]
[0.10315584]
[0.10314298]
[0.10314238]
[0.10314079]
[0.10313493]
[0.1031252]
[0.1031009]
[0.103086]
[0.10307273]
[0.10300898]
[0.10298665]
[0.10292578]
[0.10283757]
[0.10283425]
[0.1028291]
[0.10281097]
[0.10273588]
[0.10271958]
[0.10271619]
[0.10269973]
[0.10261545]
[0.10260408]
[0.1025859]
[0.10257985]
[0.10254124]
[0.10246058]
[0.10245179]
[0.10242189]
[0.10239756]
[0.10239548]
[0.10238941]
[0.10235962]
[0.10234209]
[0.10234091]
[0.10231874]
[0.10229904]
[0.10228052]
[0.10222308]
[0.10222098]
[0.10219228]
[0.10216837]
[0.10211518]
[0.10211518]
[0.10209011]
[0.10206649]
[0.1020553]
[0.10205283]
[0.10203282]
[0.10200971]
[0.10199066]
[0.10196518]
[0.10194722]
[0.10194303]
[0.10193602]
[0.10193056]
[0.10190859]
[0.10180795]
[0.10179506]
[0.10177903]
[0.10177179]
[0.10173509]
[0.10172178]
[0.10172094]
[0.10171109]
[0.10168166]
[0.10164637]
[0.10162237]
[0.1016202]
[0.10155905]
[0.10142932]
[0.1014185]
[0.10139262]
[0.10137064]
[0.1013126]
[0.10128003]
[0.1012611]
[0.10125021]
[0.10124352]
[0.10113881]
[0.10106499]
[0.10098637]
[0.10094284]
[0.1009393]
[0.10082351]
[0.1007785]
[0.1007736]
[0.10076128]
[0.1007292]
[0.10071178]
[0.10070377]
[0.10068239]
[0.10068159]
[0.10058553]
[0.10057358]
[0.10049999]
[0.1004933]
[0.10047243]
[0.10046752]
[0.10042827]
[0.10040541]
[0.10031107]
[0.10022981]
[0.10017404]
[0.10015386]
[0.10014921]
[0.10007839]
[0.10003131]
[0.09998296]
[0.09997406]
[0.09995194]
[0.09994213]
[0.09993271]
[0.09990075]
[0.09989683]
[0.09989567]
[0.09988065]
[0.09974517]
[0.09972493]
[0.09969188]
[0.09965098]
[0.09964943]
[0.09964866]
[0.09963718]
[0.09957893]
[0.09950937]
[0.09948899]
[0.09947408]
[0.09945139]
[0.09942503]
[0.09941415]
[0.0994003]
[0.09932902]
[0.09927837]
[0.09925811]
[0.09923624]
[0.09922431]
[0.09918603]
[0.09918522]
[0.09914176]
[0.09904571]
[0.09901477]
[0.09892705]
[0.09888451]
[0.09883653]
[0.09882164]
[0.09880292]
[0.09873149]
[0.09862766]
[0.09859867]
[0.09859452]
[0.09857719]
[0.09856118]
[0.09839777]
[0.09837847]
[0.09837171]
[0.09825992]
[0.09822171]
[0.09822121]
[0.09813415]
[0.09812821]
[0.09808854]
[0.09808715]
[0.09805826]
[0.09805556]
[0.09802244]
[0.09792785]
[0.09792709]
[0.09791509]
[0.09789189]
[0.09786283]
[0.09784874]
[0.09784822]
[0.09777798]
[0.09775766]
[0.09773323]
[0.09770656]
[0.09766313]
[0.09765794]
[0.09764817]
[0.09755093]
[0.09754567]
[0.09753353]
[0.09749497]
[0.09745822]
[0.09742691]
[0.09740616]
[0.09738588]
[0.09735335]
[0.09734493]
[0.09733971]
[0.09732314]
[0.09729464]
[0.09718424]
[0.09715326]
[0.09713764]
[0.09710947]
[0.09708937]
[0.09703076]
[0.09699432]
[0.09689225]
[0.09688745]
[0.09684406]
[0.09675606]
[0.09674578]
[0.09673485]
[0.09672535]
[0.09672469]
[0.09660248]
[0.09659636]
[0.09650893]
[0.09646849]
[0.09645706]
[0.09645585]
[0.09644733]
[0.0964357]
[0.09627992]
[0.0962488]
[0.09613977]
[0.09613966]
[0.09609714]
[0.09605234]
[0.09603843]
[0.09601601]
[0.09600835]
[0.09599058]
[0.09585333]
[0.09584863]
[0.09581755]
[0.0958122]
[0.09580623]
[0.09578742]
[0.09574644]
[0.09572613]
[0.09570003]
[0.09561954]
[0.09550907]
[0.09550653]
[0.09546677]
[0.0953813]
[0.09534221]
[0.09531042]
[0.09517223]
[0.09515324]
[0.09513822]
[0.09512675]
[0.09507974]
[0.0950709]
[0.09498864]
[0.09497213]
[0.09495889]
[0.09495048]
[0.09484183]
[0.09482693]
[0.09470899]
[0.09468818]
[0.09467531]
[0.09458715]
[0.09453551]
[0.09453183]
[0.09450042]
[0.09443901]
[0.09442642]
[0.09442426]
[0.09432587]
[0.09431406]
[0.0943048]
[0.09426976]
[0.09419747]
[0.09407213]
[0.09400992]
[0.09384681]
[0.09383299]
[0.09382042]
[0.09375145]
[0.09369602]
[0.0936762]
[0.09367224]
[0.09364064]
[0.09359733]
[0.09358465]
[0.09358293]
[0.09354413]
[0.09352336]
[0.0935134]
[0.09350508]
[0.09350408]
[0.09344082]
[0.09341057]
[0.09339897]
[0.09333364]
[0.09332322]
[0.09332319]
[0.09324354]
[0.09323626]
[0.09317278]
[0.09316384]
[0.09310953]
[0.09299367]
[0.09294946]
[0.0929327]
[0.09291769]
[0.09290379]
[0.09287278]
[0.09285035]
[0.09284145]
[0.09283306]
[0.09283042]
[0.09282576]
[0.09281801]
[0.09275202]
[0.09274784]
[0.09272429]
[0.09270517]
[0.09270464]
[0.0926636]
[0.09261551]
[0.09235592]
[0.09230475]
[0.09226166]
[0.09219518]
[0.09217387]
[0.09213845]
[0.09212845]
[0.09208162]
[0.09205766]
[0.09191568]
[0.09181957]
[0.0917379]
[0.09172399]
[0.09172059]
[0.0916325]
[0.09151892]
[0.09150206]
[0.09149487]
[0.09146772]
[0.09141556]
[0.09132297]
[0.09130004]
[0.09122305]
[0.09115354]
[0.09106686]
[0.0910523]
[0.09099928]
[0.09091517]
[0.09078912]
[0.09075451]
[0.09067508]
[0.09061556]
[0.09056137]
[0.09045532]
[0.09043366]
[0.09035328]
[0.09021573]
[0.09015308]
[0.09011927]
[0.09004764]
[0.09000149]
[0.08998517]
[0.08981142]
[0.08980375]
[0.08975985]
[0.08964562]
[0.08954834]
[0.08943112]
[0.08940145]
[0.08927713]
[0.08925647]
[0.08915275]
[0.08913007]
[0.08910665]
[0.08908989]
[0.08899676]
[0.0888636]
[0.08873051]
[0.08868005]
[0.08867863]
[0.08867466]
[0.0886584]
[0.08853146]
[0.08837519]
[0.08825684]
[0.08824526]
[0.08824349]
[0.08822139]
[0.08818849]
[0.0881732]
[0.08816098]
[0.08813241]
[0.08809237]
[0.08795618]
[0.08784018]
[0.08783947]
[0.08782858]
[0.08774503]
[0.08767872]
[0.08767465]
[0.08762937]
[0.08754927]
[0.08751709]
[0.08745175]
[0.08712818]
[0.08709928]
[0.08709683]
[0.08692964]
[0.0869184]
[0.08687574]
[0.08680241]
[0.08666435]
[0.08658052]
[0.08642031]
[0.08639389]
[0.08638015]
[0.08637605]
[0.08636457]
[0.08617115]
[0.08608588]
[0.08607665]
[0.08602647]
[0.08596315]
[0.08593652]
[0.08591916]
[0.08587629]
[0.08585469]
[0.08581094]
[0.08577757]
[0.085744]
[0.08567102]
[0.08565584]
[0.08564467]
[0.0855934]
[0.08544003]
[0.08539814]
[0.08536451]
[0.08521415]
[0.0852112]
[0.08510327]
[0.08491525]
[0.08470817]
[0.08464333]
[0.08436815]
[0.08435248]
[0.08432361]
[0.08427294]
[0.08379098]
[0.08375521]
[0.08371726]
[0.08349686]
[0.08340422]
[0.0833628]
[0.08324251]
[0.08310988]
[0.08304902]
[0.08298604]
[0.08295994]
[0.08271165]
[0.08263061]
[0.0826056]
[0.08255391]
[0.08253993]
[0.08252972]
[0.08251271]
[0.08228183]
[0.08219423]
[0.08207004]
[0.08206346]
[0.08205976]
[0.08188273]
[0.08186999]
[0.08183268]
[0.08173899]
[0.08165258]
[0.08152895]
[0.08120341]
[0.0811652]
[0.08114418]
[0.08113025]
[0.08082415]
[0.08066587]
[0.08065222]
[0.08064151]
[0.08045727]
[0.08039227]
[0.08017697]
[0.08016805]
[0.0800794]
[0.07961575]
[0.079615]
[0.07938713]
[0.07936417]
[0.0791978]
[0.07890031]
[0.07881096]
[0.0786611]
[0.07797217]
[0.0777953]
[0.07778544]
[0.0777692]
[0.07776885]
[0.07762604]
[0.07762167]
[0.07759286]
[0.07757708]
[0.07747415]
[0.07719533]
[0.07711355]
[0.07698037]
[0.07671829]
[0.07655066]
[0.07629525]
[0.07613589]
[0.07609269]
[0.07600942]
[0.07598639]
[0.07595704]
[0.07582568]
[0.07577148]
[0.07574508]
[0.07529436]
[0.07526977]
[0.07522546]
[0.07513903]
[0.07513019]
[0.07506075]
[0.07502032]
[0.07500747]
[0.07497706]
[0.07484467]
[0.07482368]
[0.07470711]
[0.07467771]
[0.07466617]
[0.07448813]
[0.07433245]
[0.07411879]
[0.07403375]
[0.07398982]
[0.07389493]
[0.07374376]
[0.07374237]
[0.07372073]
[0.07365967]
[0.07332625]
[0.07272793]
[0.07255417]
[0.07234602]
[0.07230385]
[0.07227603]
[0.07226975]
[0.07207206]
[0.07204895]
[0.07184077]
[0.07169918]
[0.07166981]
[0.07150178]
[0.07125902]
[0.07120151]
[0.07104441]
[0.07099609]
[0.07097604]
[0.07083291]
[0.0707991]
[0.07072876]
[0.0707177]
[0.07060415]
[0.07051369]
[0.07047912]
[0.07042751]
[0.07033812]
[0.07029611]
[0.07027841]
[0.07016577]
[0.06995948]
[0.06982695]
[0.06978742]
[0.06976222]
[0.06975367]
[0.06971191]
[0.06968323]
[0.06939932]
[0.06933574]
[0.06925432]
[0.06925371]
[0.06923612]
[0.0691917]
[0.06876608]
