0.5754233
0.5584027
0.5349462
0.52474684
0.523169
0.52235365
0.5220582
0.5126744
0.50424445
0.50215566
0.5018165
0.50134635
0.49985328
0.49793977
0.49544582
0.49399453
0.49379215
0.4934048
0.4926785
0.4896789
0.48959368
0.48943532
0.48895353
0.48891893
0.48745254
0.4873863
0.4868569
0.4867929
0.4855955
0.48443744
0.48363307
0.48316994
0.4822081
0.4818783
0.4812103
0.48087674
0.47875756
0.4780204
0.47679546
0.4765793
0.47588134
0.47472817
0.47400677
0.4738493
0.47342515
0.47323644
0.472628
0.4717488
0.46956986
0.4690008
0.4684806
0.46703228
0.46664572
0.46521562
0.4638545
0.4633387
0.46259627
0.4624117
0.46073675
0.46049556
0.45942208
0.45868522
0.45762897
0.45576444
0.4555041
0.45545265
0.45527235
0.45488063
0.4545637
0.4543765
0.4541733
0.45182782
0.4515584
0.4509254
0.4508494
0.44975427
0.44942102
0.44605088
0.44532686
0.44527388
0.4446416
0.44427916
0.44415826
0.44407985
0.44296926
0.43838683
0.43615267
0.4324713
0.4324713
0.4306188
0.42559695
0.42551094
0.42441684
0.42202058
0.4210475
0.42071387
0.4198667
0.41634202
0.41611844
0.41563845
0.4137421
0.4130419
0.41198573
0.41099885
0.4099091
0.40971068
0.40679312
0.40554002
0.40533343
0.4046155
0.40389824
0.40312356
0.40281856
0.4027375
0.4019713
0.40137008
0.40125516
0.4007441
0.39980063
0.39958304
0.39931202
0.3991812
0.39907983
0.39898157
0.3989733
0.39790478
0.39761236
0.39670563
0.39638573
0.3963828
0.3962808
0.3961533
0.39589947
0.39562777
0.39537477
0.39536828
0.39536303
0.3951319
0.3951309
0.39480242
0.3945667
0.3945572
0.39447325
0.3943207
0.39428258
0.39412668
0.39388952
0.3936516
0.39350095
0.39304668
0.39298645
0.39291427
0.39199013
0.39194605
0.39188343
0.39181247
0.39171076
0.39163548
0.3915875
0.39118585
0.39099428
0.39087138
0.39012742
0.3886416
0.38834718
0.38809866
0.3880389
0.38798007
0.38749394
0.38739973
0.38729098
0.3871683
0.38701823
0.38664335
0.386579
0.3864813
0.38647202
0.38642925
0.38638574
0.38604006
0.3859091
0.38577724
0.38564837
0.3855915
0.38551503
0.3853348
0.38524875
0.38515344
0.38505447
0.38504875
0.38503927
0.3850297
0.3850001
0.38498452
0.38489386
0.3848931
0.3848924
0.38487843
0.38469538
0.38461414
0.38435462
0.3842929
0.38418576
0.38417292
0.38403928
0.38399267
0.38395947
0.38388595
0.38371786
0.3837102
0.38365448
0.38362503
0.38334438
0.3832708
0.38319823
0.3831593
0.38289186
0.38268057
0.3826589
0.38260266
0.38258478
0.382414
0.3824015
0.38233906
0.3822451
0.3821849
0.38210264
0.38201877
0.38177073
0.38154677
0.38148272
0.38144204
0.38125253
0.38120815
0.38117692
0.38112995
0.3810382
0.38090283
0.38080826
0.38071007
0.3806281
0.38054284
0.38053307
0.38046715
0.38044858
0.3804145
0.38033915
0.38026345
0.38025507
0.3802359
0.38021874
0.38011315
0.3800337
0.38001412
0.37989682
0.3798849
0.37982112
0.37949288
0.37944642
0.3794159
0.37936774
0.3793331
0.37933308
0.37932456
0.3790677
0.37893194
0.37860373
0.37836242
0.37818605
0.37801453
0.37795177
0.37778118
0.37776476
0.37776372
0.37776372
0.37772754
0.37767848
0.37765142
0.37759867
0.37755108
0.37750548
0.3774349
0.3773893
0.37727836
0.37715644
0.37713027
0.37711114
0.37708426
0.37700266
0.3769371
0.3768774
0.37685516
0.37678394
0.3765529
0.37633216
0.3763203
0.37628618
0.37624708
0.376152
0.37605828
0.376039
0.37599432
0.3759638
0.3757185
0.3756538
0.37565288
0.3755274
0.37544358
0.37536553
0.37530267
0.37526378
0.37516895
0.37511557
0.3751093
0.37509003
0.37509003
0.37499774
0.37484708
0.3747851
0.37478322
0.37477353
0.37453648
0.37402767
0.37389165
0.3738729
0.37369186
0.37366483
0.37356055
0.37354895
0.37330812
0.37323728
0.37305564
0.37302873
0.37301317
0.3729158
0.37286538
0.3728058
0.37271902
0.37271068
0.37233698
0.37209052
0.37207434
0.37197495
0.371971
0.37195504
0.37153292
0.3715011
0.37132305
0.37131137
0.37130556
0.37123957
0.37123957
0.3711888
0.37099445
0.37098187
0.37082595
0.370788
0.37075266
0.37073255
0.37062168
0.3705924
0.3705726
0.37050727
0.3704949
0.3704024
0.3700627
0.37005916
0.36988583
0.3698733
0.36975744
0.36973858
0.36970133
0.36969692
0.36950073
0.3694523
0.3694523
0.36942476
0.36940992
0.36921337
0.36920702
0.36910376
0.36889887
0.36889082
0.368856
0.36877945
0.36877945
0.36876076
0.36874264
0.36865246
0.3686291
0.36859778
0.3685594
0.36855254
0.36837104
0.36831403
0.3683093
0.36826774
0.3682357
0.36819237
0.36814845
0.36801702
0.3680045
0.3679631
0.36794826
0.36783963
0.36781502
0.36777297
0.36760643
0.36756152
0.36736315
0.36736315
0.3673145
0.36729568
0.3671013
0.36694762
0.36691144
0.36675802
0.3667504
0.3667175
0.3666819
0.36667323
0.36662787
0.36657283
0.3664871
0.36648175
0.3663174
0.36628398
0.36621
0.3661849
0.36617416
0.36612692
0.36611208
0.36608168
0.3660638
0.36604685
0.36598548
0.36598516
0.36598516
0.36597005
0.36595488
0.36571565
0.36569273
0.36561003
0.36558315
0.36554575
0.3655309
0.3655169
0.36551487
0.36550733
0.36541346
0.3653836
0.3652911
0.36527437
0.36526287
0.365142
0.36509538
0.3650804
0.36502483
0.3649001
0.36469007
0.3645322
0.3645322
0.36449918
0.36448842
0.36448842
0.3643949
0.3643742
0.3643501
0.36434868
0.36431077
0.36424315
0.36423415
0.36422783
0.36420006
0.36418197
0.36410004
0.36405313
0.36405078
0.36390045
0.3638696
0.3638653
0.3636313
0.36359033
0.36358693
0.36355206
0.36350614
0.363422
0.36341563
0.36337715
0.36336827
0.36335114
0.3632549
0.36319056
0.3630907
0.36304232
0.3630322
0.36299965
0.36299586
0.3629318
0.36282134
0.36256623
0.36256623
0.3625473
0.3624898
0.3624537
0.36240402
0.36237717
0.36236596
0.36236486
0.36232796
0.36228126
0.3622258
0.36218417
0.36212713
0.36208993
0.36207572
0.36206296
0.36205554
0.36204657
0.3620166
0.36196613
0.36193424
0.36192364
0.36192006
0.36190996
0.36183113
0.36182186
0.36175135
0.3617385
0.3617321
0.36171526
0.36169642
0.36167264
0.36154285
0.3615183
0.36149865
0.3614042
0.3613915
0.36138985
0.3613558
0.36133155
0.36119905
0.3611795
0.36116776
0.36110952
0.36102104
0.36092347
0.36090153
0.36082324
0.3606769
0.3605581
0.36052263
0.36049724
0.36048976
0.3604893
0.36036626
0.36033994
0.36031708
0.36029977
0.36024943
0.36011523
0.36010465
0.3600659
0.36002627
0.35995656
0.3599421
0.3599102
0.35990262
0.35990262
0.35985738
0.35978583
0.35977772
0.35972533
0.3596277
0.35959378
0.35957444
0.35955513
0.3595512
0.35954502
0.3594879
0.3594309
0.3593773
0.35937706
0.3593728
0.3593655
0.35936058
0.359332
0.35931402
0.35927477
0.3591395
0.3591325
0.35913095
0.35911748
0.35907742
0.35906693
0.35904953
0.35902923
0.35891867
0.3588987
0.35887972
0.3588338
0.35876945
0.35861048
0.35860267
0.3586
0.3585978
0.35856602
0.3585582
0.35854548
0.3584246
0.3583693
0.35834208
0.35825336
0.35823533
0.35820174
0.35818812
0.35816744
0.3581241
0.3581097
0.35804832
0.35794267
0.35771164
0.35769388
0.35765526
0.35750636
0.3574776
0.35746962
0.3574555
0.35738435
0.35738337
0.35737866
0.35735837
0.35728848
0.35725102
0.3572259
0.3571256
0.35705099
0.35699955
0.35698304
0.35697603
0.3569604
0.3569475
0.35692376
0.35687244
0.35674754
0.3567211
0.3567211
0.3567211
0.35668164
0.35667685
0.35659468
0.35654858
0.35642105
0.35632825
0.35626188
0.35622293
0.35622293
0.3562099
0.3561815
0.35615396
0.35613358
0.35603452
0.3560305
0.35599384
0.35595784
0.355876
0.35570464
0.35568237
0.35567755
0.35529974
0.35519776
0.35518432
0.35518432
0.35518432
0.35511082
0.35508218
0.355059
0.35505226
0.3549954
0.35491934
0.3549034
0.35487053
0.35460854
0.35458478
0.35455498
0.3545415
0.35449478
0.35442892
0.35441
0.35436326
0.35436243
0.35432696
0.35428965
0.3542347
0.3542313
0.3542068
0.35420415
0.35417733
0.35417184
0.3541563
0.35414365
0.35403472
0.35396945
0.3539319
0.35386887
0.3538566
0.35385197
0.35381413
0.35375205
0.35374305
0.35374084
0.3536899
0.35365537
0.3535792
0.3535344
0.35345182
0.3534317
0.35341865
0.35341185
0.35335824
0.3533193
0.35330635
0.35325298
0.3532365
0.35322377
0.35319445
0.35317525
0.35316706
0.3531575
0.35301596
0.35273683
0.35261345
0.3525942
0.35258982
0.3525846
0.35257062
0.35251528
0.3524982
0.35247898
0.35247114
0.35243642
0.35243562
0.3524335
0.35243276
0.35235527
0.35234806
0.35232002
0.35228065
0.35221022
0.35216492
0.35215637
0.35215488
0.35203192
0.35203192
0.35203192
0.35195595
0.35194188
0.35193798
0.351918
0.351918
0.35190403
0.3518893
0.3518612
0.35185638
0.35185626
0.35184157
0.3518314
0.3518171
0.3517368
0.3516451
0.3516128
0.35158274
0.35156173
0.3515145
0.35148486
0.35146418
0.35144815
0.35144815
0.35141954
0.35141447
0.351392
0.3512671
0.3512144
0.35116738
0.35116124
0.35114223
0.35113952
0.35108474
0.351043
0.3509549
0.35094136
0.35091662
0.35089752
0.3508672
0.3508422
0.3506738
0.35056517
0.3505303
0.35049275
0.35042533
0.35039377
0.35034975
0.35026443
0.3501782
0.35013083
0.35012943
0.3500932
0.3500463
0.35003275
0.3499857
0.34994844
0.34985882
0.34984404
0.34981906
0.34977707
0.3497104
0.34965062
0.34963435
0.34962577
0.3496206
0.34957337
0.34956104
0.3495099
0.34949622
0.34949622
0.3494534
0.34943286
0.3494179
0.34941766
0.34938705
0.34930056
0.34928754
0.3491876
0.34918046
0.34916964
0.34913996
0.34912932
0.34909064
0.34907457
0.3490401
0.3490173
0.3489444
0.34892684
0.3488949
0.34889045
0.3487809
0.3487809
0.34874955
0.34870437
0.348686
0.3486466
0.3486111
0.3485582
0.34851706
0.348498
0.34847996
0.348443
0.34842888
0.3484283
0.34836316
0.34833404
0.3483207
0.34828728
0.3482232
0.34809712
0.34809506
0.34806278
0.3479764
0.34794295
0.34793985
0.3479175
0.34791294
0.34790942
0.34783313
0.3478007
0.3475987
0.3474565
0.3474474
0.34743938
0.34742525
0.3474145
0.34730047
0.34723538
0.3472283
0.34721044
0.34715754
0.34714794
0.34705478
0.34703088
0.3470268
0.34699172
0.34696853
0.3469049
0.3467313
0.34672976
0.34669006
0.34666455
0.34665236
0.34650248
0.34646934
0.3464614
0.34644192
0.34643716
0.3463628
0.3462799
0.34626606
0.3462549
0.3461964
0.34618396
0.34616047
0.345972
0.3459072
0.3459072
0.34590715
0.34588733
0.34587914
0.34583962
0.34578246
0.34568757
0.34567493
0.34566876
0.34566876
0.34566382
0.34562027
0.34552968
0.34552717
0.34550574
0.3454934
0.34548962
0.34545705
0.34543595
0.34533173
0.3452508
0.34523454
0.34520727
0.34519956
0.3451355
0.34511226
0.34510425
0.34505317
0.3449411
0.34482452
0.34479487
0.3447891
0.3447218
0.34466055
0.34465382
0.34463456
0.34453174
0.34452605
0.34451452
0.34447217
0.3444509
0.34440416
0.34437916
0.34437564
0.3443314
0.34429058
0.34427106
0.34423423
0.34413752
0.34405005
0.3440012
0.3440012
0.34395713
0.34394816
0.34393013
0.3438868
0.34383953
0.34381455
0.34377858
0.34373218
0.34372875
0.34372243
0.3436946
0.34368217
0.34367862
0.34362522
0.3436162
0.34360793
0.34359297
0.3435701
0.34351063
0.34349748
0.34348288
0.34347785
0.3434642
0.3434266
0.34341085
0.3433952
0.34337133
0.34335056
0.3432088
0.34311768
0.34301713
0.3429944
0.34284484
0.342814
0.34276196
0.34270722
0.34262794
0.342622
0.34260985
0.34254807
0.3425459
0.3424332
0.34240445
0.34238952
0.34237283
0.34236935
0.34233883
0.3423189
0.34224084
0.34223366
0.3422077
0.34215277
0.3421213
0.34211606
0.34208274
0.34205392
0.34205347
0.34200174
0.3419487
0.3418323
0.34180543
0.34178934
0.34170517
0.34151703
0.3415066
0.34148547
0.34147367
0.3414639
0.3414441
0.34143275
0.3414308
0.34137768
0.34132972
0.34131333
0.34128505
0.34114444
0.34102356
0.34098592
0.34091023
0.34084263
0.34082118
0.3407839
0.34076047
0.34075695
0.3407381
0.3407209
0.34072062
0.34069115
0.34067047
0.34067047
0.34062222
0.34056
0.3405017
0.34047008
0.34045887
0.34042713
0.34038904
0.34038243
0.34037775
0.34019706
0.3401958
0.34016943
0.34004346
0.33997458
0.33989903
0.33986714
0.33978537
0.3397628
0.33974525
0.33971667
0.3396994
0.33955908
0.3394443
0.3394443
0.3394443
0.33939907
0.33939132
0.3392906
0.33925343
0.3392268
0.3392244
0.3391057
0.3391057
0.3390873
0.33906344
0.33903068
0.338857
0.33877158
0.3387676
0.3387172
0.33863053
0.33862484
0.33860815
0.33856913
0.3385192
0.3385001
0.33837634
0.33833042
0.3383174
0.33831024
0.3382898
0.33828112
0.3382694
0.3381969
0.33817238
0.33814844
0.33810678
0.33809054
0.3380038
0.33789176
0.3378651
0.33783942
0.33777165
0.3377578
0.33774978
0.3377387
0.33770102
0.33769673
0.33768407
0.3376108
0.33757138
0.33756506
0.33756205
0.33754376
0.3374748
0.33746475
0.3374629
0.33745676
0.33745557
0.33744952
0.3374483
0.3373947
0.3373821
0.33735573
0.3373166
0.33729127
0.33727512
0.33719257
0.337157
0.337138
0.3371377
0.33709553
0.33708695
0.3370815
0.3370123
0.3369752
0.33692706
0.336925
0.33691743
0.33690962
0.33690938
0.33678314
0.33678314
0.33676
0.3366893
0.33665982
0.33663
0.336592
0.3365764
0.33649632
0.33646044
0.33645087
0.33640552
0.33636916
0.33635738
0.3363445
0.33633563
0.33632395
0.33625615
0.3362244
0.3362244
0.33621755
0.33612597
0.33605248
0.33603284
0.33598855
0.3359377
0.33591023
0.33590886
0.33588353
0.3358716
0.3358716
0.33584064
0.33582008
0.33579835
0.33576694
0.33569932
0.33562508
0.33552477
0.33547407
0.33543798
0.33539155
0.33532932
0.3353026
0.3352
0.33505112
0.33505112
0.33498433
0.3349578
0.33493254
0.33488804
0.33487773
0.33477512
0.3347662
0.3346564
0.33459583
0.33457592
0.3345046
0.33448642
0.33432522
0.33421957
0.33419198
0.33414152
0.3340985
0.33386016
0.33385676
0.33382404
0.33382404
0.3338084
0.33377975
0.33375335
0.33369783
0.33364886
0.3334977
0.33347294
0.33344343
0.33340192
0.33340192
0.33337432
0.33332464
0.33310544
0.3330868
0.33307326
0.3330052
0.33295912
0.33294165
0.33291838
0.33286327
0.3328373
0.33274093
0.33260533
0.3326039
0.33260086
0.3325439
0.33250165
0.33246708
0.33236665
0.33235893
0.33232045
0.33230442
0.33228317
0.33210504
0.3320857
0.33205906
0.33190608
0.33190092
0.3318629
0.33182165
0.33180803
0.3317848
0.33176988
0.331712
0.33153635
0.3314506
0.33140364
0.33138883
0.33138576
0.33136094
0.33130413
0.33130357
0.33128282
0.331279
0.33124784
0.33122802
0.33101144
0.33096603
0.33091253
0.33075815
0.33066747
0.33065906
0.33065826
0.33058253
0.33049253
0.33038566
0.3303491
0.33027065
0.33027047
0.33025944
0.33023855
0.33021563
0.33017597
0.33013692
0.33013678
0.33008745
0.3300857
0.33007085
0.32993138
0.32992834
0.32989964
0.32988527
0.32986432
0.32982662
0.32978773
0.3296909
0.32951725
0.32947177
0.32943234
0.32937714
0.3293177
0.3293177
0.32926717
0.32923502
0.3291718
0.3290473
0.32900122
0.3289885
0.3289882
0.32890818
0.32889506
0.32882476
0.32878724
0.32872996
0.32872614
0.32872614
0.32871896
0.32871285
0.32869166
0.3286885
0.32867196
0.32861745
0.32860893
0.3285685
0.32852575
0.32852352
0.32851574
0.32849264
0.32845926
0.32841396
0.3282592
0.32817033
0.32811636
0.328073
0.32806453
0.32804683
0.3280454
0.32799315
0.32793647
0.32791555
0.32786277
0.3277703
0.32761073
0.32732594
0.327321
0.32730767
0.32720405
0.32719243
0.3271681
0.32712737
0.32710338
0.327058
0.3269151
0.3268685
0.32684195
0.32669994
0.32665798
0.32665658
0.3266384
0.32652426
0.326516
0.32639956
0.3263281
0.32628703
0.32618234
0.32617724
0.32617533
0.3261685
0.32592258
0.32591882
0.32591882
0.32586414
0.325648
0.325648
0.325648
0.32543725
0.32540527
0.32535774
0.3252925
0.32519138
0.32514957
0.32514206
0.32506692
0.32464
0.32461962
0.3244904
0.32434827
0.3243098
0.32429987
0.324243
0.32421347
0.32412502
0.32405096
0.32402018
0.32398033
0.32398033
0.32388568
0.32374784
0.32373938
0.32373938
0.32372078
0.3237056
0.3237056
0.32359242
0.32350308
0.3234473
0.3234041
0.323373
0.3232936
0.32311898
0.32308766
0.32306424
0.32301491
0.32296404
0.32274604
0.32269466
0.32259816
0.3225656
0.32255298
0.32235914
0.32224965
0.32224596
0.32202378
0.32182786
0.32142892
0.32139903
0.32115498
0.32114887
0.32111087
0.32111087
0.32103607
0.3210133
0.3207761
0.32074353
0.3205281
0.3204746
0.32044235
0.3201091
0.3201091
0.3201091
0.3200899
0.31996143
0.31993434
0.3198854
0.31982875
0.31980026
0.31966606
0.31950143
0.31941727
0.31934452
0.31930748
0.31926435
0.31921035
0.31907925
0.31891525
0.31887448
0.31884143
0.3187711
0.31863865
0.3185171
0.3184493
0.31844473
0.31838048
0.3183761
0.31837487
0.31822518
0.31785247
0.31780982
0.31778744
0.3176913
0.31762704
0.31745163
0.31742287
0.31727442
0.31724057
0.3171677
0.31712952
0.31692818
0.3169206
0.31687102
0.31673175
0.3167175
0.31664506
0.31662434
0.31628245
0.3161051
0.3160404
0.31597152
0.3159614
0.3159524
0.31589958
0.31577703
0.31577495
0.31576723
0.31572977
0.31569636
0.31560138
0.31558725
0.3155724
0.3155724
0.31553796
0.31553146
0.3155121
0.31551072
0.315365
0.31528807
0.3152077
0.31518793
0.31514964
0.31510726
0.31509385
0.31508812
0.314839
0.3148232
0.31476903
0.31469962
0.314694
0.31463087
0.3146108
0.3145676
0.31450507
0.31450397
0.3145033
0.3144369
0.3143781
0.31435385
0.31422928
0.3142056
0.3141966
0.3141663
0.31414464
0.31407568
0.31394917
0.31394294
0.31386763
0.31383106
0.31369627
0.31361434
0.31361005
0.3135386
0.31333578
0.31329113
0.3132039
0.313201
0.31318152
0.31317562
0.3130956
0.313078
0.31300366
0.312949
0.31292793
0.31277755
0.31276804
0.31273273
0.31273004
0.3127176
0.31271398
0.31256244
0.31254733
0.31253636
0.31252107
0.31244138
0.3124388
0.3124357
0.31240812
0.31238726
0.31236848
0.31236848
0.31235078
0.31223342
0.312215
0.3121866
0.31216756
0.3121294
0.3121258
0.31207088
0.31206787
0.3120017
0.31192857
0.31191635
0.31191444
0.3119092
0.31187552
0.31185126
0.3118074
0.31175056
0.3116797
0.31165767
0.31162527
0.31148908
0.31147254
0.31146368
0.31145862
0.31145206
0.3114395
0.31137887
0.3112188
0.31116158
0.31115204
0.3111143
0.31111062
0.31111017
0.31109685
0.3110706
0.31106234
0.31104785
0.31101108
0.3109882
0.31090522
0.31086844
0.31083944
0.3108229
0.31081575
0.31075266
0.31068996
0.31068417
0.31065893
0.31064725
0.31063607
0.31062514
0.31060055
0.31056726
0.31053612
0.3105332
0.310521
0.31050745
0.31048656
0.31047076
0.31041014
0.310369
0.31035498
0.31029683
0.31027365
0.31023085
0.31021842
0.3101844
0.3101803
0.31017447
0.31016764
0.3101283
0.3101098
0.3100971
0.310096
0.31009138
0.3100906
0.31008253
0.31007147
0.31002888
0.31001106
0.3099842
0.30997863
0.30997333
0.30993184
0.30989227
0.30986008
0.30979028
0.3097689
0.30974022
0.30968508
0.30966416
0.3096603
0.30961928
0.30959824
0.3095971
0.3095944
0.30957317
0.30956966
0.30952004
0.30949697
0.30949062
0.30946064
0.30945465
0.3094253
0.309398
0.30937997
0.30935225
0.30932194
0.30931866
0.30930156
0.3092983
0.3092931
0.309269
0.3092318
0.30922735
0.30920973
0.3091826
0.30914724
0.30909577
0.3090245
0.30901745
0.30901405
0.30900723
0.30899608
0.30895868
0.30892086
0.30890077
0.30888134
0.30887347
0.30884123
0.308833
0.30883262
0.3088194
0.308806
0.30880415
0.30878478
0.30877933
0.30872887
0.30871466
0.30865857
0.30863136
0.30862787
0.30861378
0.30859822
0.30855727
0.30853546
0.30853033
0.3084908
0.30846846
0.30845854
0.3084501
0.30844906
0.30843887
0.30843273
0.30840263
0.30839607
0.30838922
0.3083799
0.3083759
0.30833358
0.30833092
0.30830896
0.3082667
0.3082667
0.30822065
0.3082192
0.30821872
0.30820572
0.30819914
0.30815706
0.30813867
0.30812135
0.30811805
0.3080802
0.30807725
0.30805883
0.30804735
0.3080389
0.30800498
0.30798253
0.307972
0.3079115
0.30791125
0.30789828
0.30789155
0.30787075
0.30785573
0.30784342
0.30784026
0.30782068
0.30780077
0.30775467
0.30774224
0.3076438
0.3075953
0.30758753
0.30756193
0.30755723
0.3075064
0.3074616
0.30745766
0.30745408
0.3074328
0.30743226
0.30739132
0.30738673
0.307364
0.30726907
0.30726814
0.30726382
0.30725554
0.3072201
0.30721453
0.3072139
0.30717102
0.30716524
0.30707943
0.3070691
0.3070685
0.30705905
0.30703932
0.30701813
0.3069875
0.3069825
0.30697897
0.30697876
0.30693832
0.30693832
0.3069383
0.3069368
0.3069341
0.3069279
0.3069206
0.30690932
0.306906
0.30689037
0.30687657
0.30687007
0.30685946
0.30680078
0.30679598
0.30679598
0.30679423
0.30679178
0.30679178
0.30678833
0.30678096
0.30677056
0.30675527
0.30673128
0.30670908
0.30670106
0.30669358
0.30668274
0.3066718
0.30665264
0.30661917
0.3066146
0.30660474
0.30659875
0.30657157
0.30656537
0.30655202
0.30653337
0.30650485
0.3064831
0.30647826
0.30647555
0.3064624
0.30645615
0.30644655
0.30644032
0.30643132
0.30642205
0.30641976
0.3063984
0.30637637
0.30637053
0.30635563
0.30630383
0.30629322
0.30629012
0.30627903
0.3062427
0.30623308
0.30623296
0.30623132
0.30620942
0.3061944
0.30619097
0.3061808
0.30617407
0.30613604
0.3061183
0.30611312
0.30610758
0.30609563
0.3060721
0.30606902
0.30606836
0.30606684
0.30606318
0.30604532
0.30604532
0.30604532
0.30602646
0.30601436
0.30600113
0.3059973
0.30598822
0.30596244
0.30595607
0.30595088
0.30593604
0.30592665
0.30592278
0.30591705
0.30590028
0.30589148
0.30586973
0.30585694
0.3058501
0.30583623
0.30582896
0.3058107
0.30580935
0.30580488
0.30579957
0.30577886
0.30577242
0.305766
0.30573466
0.30573317
0.30573246
0.30573124
0.3057196
0.305711
0.30569068
0.30568653
0.30567884
0.30567712
0.30566835
0.30565715
0.3056218
0.30561298
0.30561063
0.30560076
0.30557358
0.30557308
0.30556405
0.30554172
0.3054932
0.30548513
0.305466
0.3054614
0.30545768
0.3054554
0.30544803
0.30539793
0.305371
0.3053693
0.30535224
0.30534217
0.3053373
0.30530873
0.30530274
0.30529872
0.30529326
0.30529252
0.30527642
0.30526876
0.30526274
0.30525956
0.30522332
0.3052053
0.3051578
0.30515277
0.3051518
0.30514783
0.30514762
0.3051474
0.30510542
0.3051053
0.3051043
0.3051043
0.30510223
0.30508858
0.30508667
0.30508202
0.3050778
0.30505922
0.30504906
0.30504483
0.30503714
0.30503199
0.30500275
0.30500004
0.30499703
0.30498582
0.30497724
0.30496272
0.30494425
0.30494228
0.30492613
0.30492106
0.30491528
0.30490887
0.3048927
0.30488622
0.3048377
0.30483708
0.30483216
0.30483127
0.30482215
0.30482203
0.30480924
0.30478233
0.3047769
0.30477193
0.30477062
0.30475512
0.30475238
0.30475098
0.3047484
0.30474207
0.30473402
0.30472302
0.3047028
0.30468416
0.3046675
0.30465826
0.30461037
0.30459747
0.30459526
0.30459496
0.30459052
0.30458906
0.30458525
0.30456093
0.3045554
0.3045554
0.3045475
0.30454382
0.3045393
0.30453306
0.3045148
0.30450645
0.30450493
0.30450177
0.3044937
0.3044667
0.3044667
0.30446655
0.30444583
0.30443949
0.30442587
0.30441278
0.3044068
0.3043872
0.30438098
0.30437967
0.3043758
0.30437142
0.30435953
0.30435666
0.30434042
0.3043333
0.30432555
0.30432194
0.30431753
0.30430776
0.30429426
0.3042888
0.30428356
0.30428064
0.30426288
0.30425757
0.3042449
0.30423498
0.30423012
0.3042259
0.30421257
0.3042042
0.3041736
0.30416846
0.30416262
0.30416054
0.3041548
0.3041382
0.30413198
0.3041314
0.30410278
0.3040611
0.30405587
0.30404332
0.3040419
0.30402708
0.3040238
0.30402035
0.30401632
0.30398977
0.303959
0.30394349
0.3039373
0.303926
0.30392092
0.30391848
0.3039122
0.3039117
0.3039032
0.30390006
0.3038988
0.30387515
0.30387336
0.3038646
0.30386207
0.30385336
0.30383608
0.30382746
0.3038195
0.3038125
0.30381238
0.30379996
0.30379528
0.30379313
0.30379313
0.30378994
0.30378953
0.3037867
0.30377957
0.30376664
0.30374983
0.3037498
0.3037495
0.30374813
0.30374652
0.30374333
0.30373734
0.30373734
0.3037359
0.30372393
0.30372125
0.30371273
0.303712
0.3037002
0.30369613
0.30367857
0.30367208
0.30367088
0.30366975
0.30366787
0.30364683
0.3036312
0.3036213
0.30361503
0.30361336
0.30359718
0.30359128
0.30359027
0.30359012
0.30357462
0.3035722
0.3035668
0.30356666
0.30355814
0.3035557
0.30353668
0.30352855
0.3035258
0.3035235
0.30351278
0.30350405
0.30350256
0.30348468
0.30347782
0.30347595
0.30347005
0.30345657
0.30342877
0.3034257
0.30342522
0.30341706
0.30340937
0.3034085
0.3034022
0.30340126
0.30340105
0.30339593
0.30338177
0.30336925
0.30336422
0.3033538
0.30334422
0.30333528
0.30332142
0.30331135
0.30330703
0.3033011
0.3032879
0.3032786
0.30327618
0.30326462
0.303264
0.30325735
0.30325574
0.30325437
0.30323792
0.30323553
0.30322862
0.3032207
0.3032207
0.30321622
0.30321622
0.30321482
0.30318218
0.30315378
0.30315164
0.30313814
0.30313763
0.30313703
0.30313328
0.30313188
0.3031151
0.30311167
0.3031099
0.30310175
0.30309966
0.30308935
0.30307
0.3030664
0.3030587
0.30304658
0.3030442
0.3030333
0.30303136
0.3030121
0.3030038
0.30299962
0.3029709
0.30296746
0.30295792
0.30295783
0.30295175
0.30295175
0.30294466
0.30294356
0.30293292
0.3029263
0.30292597
0.30292174
0.30291772
0.30290654
0.30290645
0.30290332
0.30290332
0.30290192
0.30289057
0.30288696
0.3028623
0.30285648
0.302856
0.30284613
0.3028365
0.30283064
0.30281752
0.30281603
0.3028019
0.30279276
0.3027724
0.30276993
0.30276993
0.30276042
0.3027581
0.30275676
0.3027552
0.30275416
0.30274826
0.30274418
0.30274394
0.30272526
0.3027175
0.30269423
0.30269182
0.30266795
0.3026665
0.3026633
0.3026579
0.3026268
0.30259594
0.3025943
0.30258235
0.30257314
0.3025609
0.30255446
0.30254722
0.30254683
0.30253038
0.30252892
0.30252525
0.30252486
0.30251986
0.30250636
0.30249968
0.3024973
0.302497
0.30249658
0.3024937
0.30248526
0.30248526
0.30248526
0.30247858
0.30246094
0.3024531
0.30245158
0.3024403
0.30243742
0.30240926
0.30240756
0.30239406
0.30238354
0.3023566
0.3023551
0.302351
0.30234125
0.30233657
0.3023304
0.30230698
0.30229813
0.3022956
0.30229184
0.3022893
0.3022801
0.30227873
0.30227676
0.30226973
0.30226007
0.3022546
0.30225378
0.3022407
0.30223745
0.30223063
0.30221835
0.30221185
0.30220866
0.30220282
0.30219597
0.30217636
0.30217305
0.3021705
0.30216202
0.30215946
0.30215707
0.30214062
0.30213732
0.3021352
0.3021262
0.30212533
0.30212253
0.30212045
0.30211717
0.30211186
0.30210453
0.30210048
0.30208272
0.30208114
0.30207992
0.30207777
0.30207512
0.30207363
0.3020642
0.30205986
0.3020527
0.3020436
0.30203903
0.302022
0.3020106
0.3020031
0.30198613
0.30198503
0.30198252
0.3019818
0.3019805
0.30197406
0.30197263
0.30197185
0.30197182
0.30196953
0.3019684
0.30195782
0.30195767
0.30195442
0.30194125
0.30193686
0.30193222
0.30192104
0.30190998
0.30190998
0.30190757
0.30190215
0.30190182
0.30190015
0.30189064
0.30188748
0.3018716
0.3018539
0.3018388
0.30183297
0.30181378
0.30180085
0.3017765
0.3017674
0.30176708
0.3017638
0.30175972
0.30172953
0.30172858
0.3017236
0.3017106
0.3017069
0.30170247
0.30169502
0.30169007
0.30168617
0.30167994
0.30167946
0.30165017
0.30164644
0.3016443
0.30162156
0.30160484
0.30159932
0.30159456
0.3015888
0.30158332
0.30158308
0.30158055
0.30156523
0.3015526
0.30153885
0.30152708
0.30152217
0.30150366
0.30149508
0.30149364
0.30149236
0.3014784
0.30146372
0.30145034
0.3014466
0.301438
0.30142197
0.30142182
0.3014171
0.30141526
0.30141416
0.301412
0.3014079
0.3014016
0.30139974
0.30139008
0.30137536
0.30136347
0.30135998
0.30134898
0.30134803
0.30132684
0.30132684
0.30130967
0.30130538
0.30130446
0.30130005
0.30128768
0.30128768
0.30128506
0.3012818
0.30126992
0.30126894
0.30125806
0.30125183
0.30124977
0.30124915
0.30124423
0.3012428
0.3012379
0.30122733
0.3012235
0.30122337
0.3012126
0.30120942
0.3012013
0.30119678
0.3011923
0.30116254
0.30116165
0.301158
0.30114132
0.30113816
0.30113164
0.30111897
0.301114
0.30111393
0.30110148
0.301101
0.30110073
0.30109492
0.30108818
0.3010805
0.3010797
0.3010756
0.30107248
0.30107188
0.30107152
0.30107066
0.3010591
0.30105576
0.30104965
0.3010297
0.30101946
0.30101776
0.3010007
0.30099633
0.3009925
0.30098644
0.30095968
0.300958
0.30094483
0.30094436
0.30092716
0.30092716
0.30092612
0.30092308
0.3009176
0.30091447
0.30091417
0.30089098
0.30088055
0.30087927
0.30087563
0.30087325
0.30086705
0.30085343
0.3008528
0.30084637
0.30084452
0.30084255
0.30084255
0.30084142
0.30083868
0.30083257
0.3008308
0.30083027
0.30083027
0.3008264
0.30082375
0.30081907
0.30081725
0.30081588
0.30080673
0.3008015
0.300799
0.30079406
0.3007846
0.30078077
0.300779
0.30077597
0.30076846
0.30075973
0.3007521
0.30074635
0.30074635
0.30074498
0.30074325
0.30073434
0.30072346
0.30072004
0.30071545
0.30071515
0.30070677
0.300705
0.30070385
0.3006968
0.30069673
0.30069003
0.30068377
0.30067703
0.3006636
0.3006543
0.30062956
0.30062282
0.3006209
0.30061865
0.30060315
0.30059657
0.30058318
0.30058312
0.30057058
0.30054888
0.30054474
0.3005442
0.3005355
0.30052754
0.3005167
0.30050907
0.30050734
0.30050394
0.30050355
0.30050236
0.3004922
0.30047464
0.30047426
0.30046317
0.3004356
0.30041856
0.30041513
0.3004077
0.30039868
0.30039868
0.30039823
0.30039707
0.30039015
0.30038586
0.30037576
0.3003685
0.30036843
0.30036175
0.30035734
0.30033782
0.30033723
0.30033475
0.3003325
0.30033162
0.30032003
0.30031317
0.30031225
0.30031165
0.30030438
0.3002965
0.30029395
0.30028912
0.30028492
0.30028173
0.30027992
0.3002753
0.3002735
0.30026644
0.30026326
0.30026186
0.30024898
0.3002461
0.30024105
0.30023667
0.3002215
0.30022055
0.30021334
0.30021134
0.30021134
0.30021015
0.3002097
0.3002031
0.3001998
0.30019835
0.30018446
0.30018198
0.30016404
0.3001569
0.30015147
0.3001509
0.3001478
0.3001444
0.30012903
0.30012447
0.30012056
0.30010837
0.30010247
0.30009055
0.30008343
0.30006668
0.30006403
0.30006278
0.300058
0.3000565
0.30004397
0.30003256
0.30003196
0.30003026
0.30003026
0.30002552
0.30001903
0.30001867
0.300011
0.2999919
0.29998925
0.29997176
0.29996735
0.2999673
0.29995462
0.29995063
0.2999162
0.29990888
0.2999086
0.29990515
0.29990402
0.29990098
0.29989347
0.2998915
0.29989067
0.29988807
0.29988128
0.2998805
0.29987738
0.29987508
0.2998743
0.29986858
0.29985833
0.29985386
0.29984888
0.29984534
0.29984444
0.29983866
0.29983848
0.29981816
0.299813
0.29981297
0.29980478
0.29978982
0.2997745
0.29976466
0.29975963
0.29975605
0.29975393
0.29974407
0.2997319
0.2997318
0.29972446
0.29971987
0.29971287
0.29971126
0.29971045
0.29970458
0.2997017
0.29969797
0.2996933
0.2996927
0.29969028
0.29968822
0.29968768
0.29968295
0.2996772
0.29967362
0.299673
0.29966184
0.2996532
0.2996417
0.29963803
0.2996155
0.2996097
0.29960722
0.29959366
0.29959035
0.2995849
0.2995832
0.29958284
0.29957998
0.29957825
0.29957086
0.29956633
0.29956195
0.29956195
0.299561
0.29954818
0.29954636
0.29954332
0.29954183
0.29954055
0.29953787
0.2995258
0.29952246
0.29951155
0.29950172
0.29949445
0.29948574
0.29948083
0.29947665
0.29947224
0.29946753
0.2994655
0.2994645
0.29945835
0.2994582
0.29944608
0.29944322
0.29944202
0.2994387
0.2994387
0.2994347
0.2994337
0.29943174
0.29942557
0.29942492
0.29942107
0.2994118
0.29941022
0.29940438
0.29939318
0.29938367
0.29938313
0.29937512
0.29937053
0.2993684
0.2993679
0.29936013
0.29933912
0.29933
0.29932866
0.29932472
0.29932353
0.29932177
0.29931828
0.29931602
0.29931182
0.29930615
0.29929903
0.29929015
0.29928175
0.2992798
0.29926816
0.2992622
0.29926044
0.29925823
0.29925013
0.29923394
0.29922426
0.29922146
0.2992155
0.2992151
0.2992136
0.29920882
0.29919744
0.29919627
0.29918292
0.2991755
0.29915148
0.29914853
0.2991202
0.29911092
0.29911026
0.29910734
0.29910377
0.29910216
0.29909915
0.29909274
0.2990921
0.29908115
0.2990694
0.29906803
0.29906556
0.29905725
0.29905725
0.29905182
0.29904687
0.29904586
0.29904032
0.29903662
0.29902732
0.29902473
0.29901454
0.29900768
0.29900372
0.2990025
0.29899606
0.29899496
0.29899216
0.29899174
0.29898828
0.29896927
0.29896757
0.2989657
0.2989651
0.29895177
0.2989233
0.29892144
0.2989156
0.2989037
0.29888776
0.29887232
0.29887077
0.2988619
0.2988526
0.2988393
0.29883537
0.2988336
0.2988299
0.2988247
0.29882285
0.29882237
0.29881632
0.29881313
0.29881018
0.29880527
0.29879528
0.2987919
0.29878995
0.29876778
0.29874942
0.29874635
0.29874223
0.29873732
0.29872715
0.29871845
0.29870453
0.2987015
0.2987015
0.2986945
0.29869363
0.2986919
0.29869083
0.29868957
0.29867214
0.29867208
0.29866025
0.29865223
0.29865214
0.29865134
0.29864496
0.2986439
0.298639
0.29862794
0.29861048
0.2985845
0.2985765
0.29855618
0.29855546
0.2985461
0.2985445
0.29854012
0.29853842
0.29853815
0.298521
0.2985099
0.2985096
0.29850692
0.29850677
0.2985067
0.2985067
0.29849112
0.29848883
0.29847983
0.29847798
0.2984775
0.29845518
0.2984466
0.29844028
0.29843923
0.29843092
0.2984236
0.29841888
0.29841718
0.29841515
0.29841283
0.298411
0.2984105
0.29840988
0.298401
0.298401
0.29839873
0.29839814
0.29839793
0.2983941
0.29839277
0.29839113
0.2983884
0.29838514
0.29838365
0.2983835
0.29838198
0.29836535
0.2983647
0.29836428
0.2983594
0.298357
0.29835594
0.29833764
0.29833615
0.29833338
0.29833114
0.29832917
0.29832697
0.29832616
0.29830745
0.2983029
0.2982966
0.29829288
0.29828453
0.29828203
0.29828033
0.29827788
0.29826856
0.29826286
0.29826203
0.2982613
0.29825836
0.29825443
0.29825184
0.29824787
0.2982258
0.29821396
0.29820266
0.29819968
0.29819962
0.29819462
0.29818937
0.29817286
0.2981618
0.29815483
0.29815197
0.29815078
0.29813558
0.29813123
0.29812682
0.2981266
0.29812545
0.29812396
0.2981208
0.2981144
0.2980983
0.2980967
0.29809523
0.29809228
0.2980877
0.2980863
0.29807776
0.29807606
0.29807317
0.2980652
0.29806197
0.2980619
0.29805154
0.29805085
0.29805085
0.2980501
0.29804912
0.2980465
0.29804543
0.29802924
0.29802632
0.29802564
0.29801667
0.29801372
0.29801124
0.2980044
0.29799637
0.29799485
0.29799446
0.29798493
0.2979826
0.2979804
0.29796416
0.29796416
0.29796416
0.29796088
0.29795423
0.29794654
0.29794556
0.2979443
0.2979442
0.29793894
0.29793197
0.29791886
0.29791373
0.29790372
0.29790372
0.29790193
0.29790068
0.29789764
0.29788724
0.29788354
0.29788047
0.29787588
0.2978623
0.2978595
0.2978565
0.29785532
0.29783702
0.29783645
0.29783055
0.29782954
0.29782826
0.2978235
0.29781997
0.29781997
0.2978195
0.29781795
0.29780382
0.29780325
0.29779416
0.29778877
0.29777864
0.2977784
0.29777762
0.29776797
0.29776177
0.2977514
0.29775035
0.2977495
0.2977292
0.2977292
0.2977255
0.29771206
0.29769537
0.2976929
0.29769215
0.29767832
0.2976774
0.2976759
0.29767412
0.29766738
0.29766738
0.2976617
0.2976519
0.29764986
0.297637
0.2976352
0.2976352
0.297633
0.29762942
0.29760194
0.29759383
0.2975899
0.2975865
0.29758412
0.2975748
0.29756212
0.29755926
0.29754978
0.29754683
0.29754642
0.29754642
0.29754597
0.297544
0.2975419
0.2975413
0.29753587
0.29751745
0.29751256
0.29751208
0.29750854
0.29750794
0.29750332
0.2974921
0.29749107
0.29748952
0.29748163
0.29748163
0.29748163
0.29746002
0.29745805
0.2974534
0.2974505
0.29743257
0.2974235
0.29742151
0.2974196
0.29741758
0.29741722
0.29740417
0.297401
0.29740074
0.29738152
0.29736957
0.29736504
0.2973554
0.29733998
0.2973348
0.29730538
0.29729775
0.2972942
0.29728562
0.2972746
0.29727307
0.2972661
0.2972661
0.2972522
0.2972505
0.29724932
0.29724652
0.29724008
0.29723915
0.29723606
0.29723024
0.29722586
0.29721949
0.2972091
0.2972019
0.29719806
0.2971902
0.29718363
0.29718095
0.2971787
0.29717526
0.29717374
0.2971731
0.29716405
0.29715753
0.29715264
0.29715112
0.2971462
0.29714304
0.29713798
0.2971345
0.2971345
0.29713437
0.29713407
0.29713055
0.29712087
0.29712012
0.29710367
0.29710296
0.29709595
0.29709417
0.29709187
0.2970911
0.29708588
0.29708576
0.29708454
0.29707292
0.29707193
0.2970706
0.29706043
0.29705566
0.29705533
0.2970471
0.29704297
0.29703885
0.29703227
0.29701993
0.29701686
0.2970156
0.29699537
0.29698253
0.29698196
0.29697838
0.29697838
0.29697642
0.29697147
0.29696038
0.29695055
0.29694778
0.2969466
0.2969441
0.29693565
0.29692295
0.29692093
0.2969208
0.29690662
0.29690117
0.29689905
0.29689264
0.29689243
0.29687163
0.29687065
0.29686606
0.29686347
0.2968612
0.29684377
0.2968431
0.2968431
0.29684192
0.29682845
0.29682845
0.29682836
0.29682818
0.2968227
0.29682234
0.29681274
0.2968055
0.29680228
0.2968005
0.29679155
0.2967833
0.29677716
0.29677546
0.296767
0.29676256
0.29676196
0.2967557
0.2967462
0.29674593
0.296736
0.29672188
0.2967175
0.2967162
0.2967047
0.2967047
0.29669982
0.29669878
0.29669824
0.29668573
0.29667553
0.29667515
0.29666758
0.29666683
0.29665738
0.2966571
0.2966564
0.29665515
0.29665345
0.29664928
0.29664695
0.29664204
0.29663557
0.29662898
0.29661915
0.29660854
0.29660693
0.2965835
0.29658347
0.2965831
0.29656827
0.29656535
0.2965626
0.2965619
0.2965578
0.2965437
0.29652908
0.29652846
0.29652077
0.29651967
0.2965167
0.2965154
0.2965068
0.29649857
0.29649577
0.29648355
0.29648325
0.29647624
0.29647222
0.29646802
0.2964611
0.2964482
0.2964393
0.29643884
0.29643655
0.29643342
0.29642612
0.29641953
0.2964194
0.29641473
0.2964126
0.29641175
0.2964108
0.29640186
0.29640034
0.2963987
0.29639405
0.29638913
0.296388
0.2963826
0.29637954
0.29636866
0.29636788
0.29636073
0.29636005
0.2963591
0.2963532
0.29635268
0.29634437
0.29634267
0.29633582
0.2963316
0.29632723
0.2963209
0.29631925
0.29631856
0.29631677
0.29631644
0.29631534
0.296314
0.29629934
0.2962978
0.2962971
0.29629254
0.2962878
0.29628724
0.29628402
0.29628128
0.29626486
0.2962616
0.29625937
0.29624945
0.29624754
0.29624414
0.29624352
0.2962409
0.29624033
0.29623985
0.29623964
0.2962376
0.29623476
0.29622746
0.2962212
0.29621688
0.2962133
0.29621205
0.29620978
0.29620254
0.29619893
0.2961873
0.29618636
0.29617783
0.29617545
0.29617134
0.29616755
0.29616377
0.2961621
0.29615992
0.29615596
0.29615077
0.29615024
0.296145
0.2961192
0.29611614
0.29610932
0.29610547
0.29610017
0.29609686
0.29609466
0.29609275
0.29608935
0.29608798
0.296086
0.296086
0.296086
0.2960856
0.2960831
0.29607755
0.2960661
0.2960618
0.29605544
0.29605076
0.2960424
0.29604077
0.2960279
0.29602766
0.29602748
0.296026
0.29602426
0.29601637
0.29600766
0.29600048
0.29598814
0.29597244
0.29597116
0.29597092
0.2959675
0.29596293
0.29595813
0.29595345
0.29593226
0.2959215
0.29591936
0.2959146
0.29591405
0.29591155
0.2959098
0.2959068
0.2959068
0.29590046
0.29590026
0.29589882
0.29589856
0.29589134
0.29589003
0.29588997
0.29588786
0.2958826
0.29588062
0.29587737
0.29587403
0.29587308
0.29586712
0.29585847
0.2958532
0.29585075
0.29585075
0.29583922
0.29583466
0.2958341
0.295832
0.29583165
0.2958313
0.29582867
0.2958272
0.29582253
0.2958215
0.29581964
0.29581836
0.2958127
0.29580808
0.29580238
0.29579166
0.29578954
0.2957666
0.29576576
0.2957589
0.2957542
0.29575387
0.29575184
0.29574338
0.29573578
0.2957319
0.29573163
0.29572177
0.2956931
0.29569176
0.29568204
0.29568043
0.2956792
0.29566506
0.29565805
0.2956561
0.29564676
0.29564676
0.2956462
0.29564106
0.2956203
0.29561695
0.29561597
0.29561338
0.29561195
0.29560837
0.2956024
0.29559964
0.29559758
0.29559752
0.29559445
0.29558733
0.29558617
0.295577
0.29557684
0.29557595
0.29557377
0.29556957
0.29555893
0.29555196
0.29553872
0.29553872
0.29553872
0.2955305
0.29552755
0.2955273
0.29552418
0.2955232
0.29552317
0.29551682
0.29550993
0.29550126
0.29549396
0.29548964
0.295489
0.29548773
0.29547754
0.29547212
0.29547152
0.2954699
0.29546297
0.29546198
0.2954619
0.29546154
0.29545984
0.29545543
0.2954482
0.29544592
0.2954344
0.2954342
0.29542628
0.29542267
0.2954219
0.29541522
0.29541427
0.2954117
0.29540938
0.29540798
0.29539827
0.29539657
0.29539296
0.29538462
0.29538396
0.29537693
0.29537478
0.2953537
0.29535213
0.29534557
0.2953413
0.29533815
0.2953372
0.29531386
0.29531318
0.29530856
0.29530847
0.29530802
0.29530418
0.29529807
0.29529783
0.2952958
0.29529557
0.29529357
0.29529083
0.29528853
0.2952846
0.29526776
0.2952634
0.29525527
0.29525518
0.2952512
0.29524326
0.29524326
0.29524314
0.2952386
0.29523522
0.2952295
0.29522878
0.29522607
0.2952242
0.29521427
0.29520705
0.29520616
0.29520586
0.29520378
0.29520133
0.29519266
0.29519254
0.29518792
0.29518434
0.29518056
0.2951759
0.29517344
0.295171
0.295155
0.29515338
0.2951382
0.29512748
0.29512748
0.29512277
0.29511878
0.29510784
0.2951048
0.29509732
0.29509237
0.2950914
0.2950914
0.2950914
0.2950914
0.29509094
0.29508945
0.29508728
0.29508546
0.2950776
0.2950763
0.29507613
0.29507318
0.29506892
0.2950636
0.29505196
0.29505113
0.29505053
0.29504412
0.29504275
0.2950277
0.29502484
0.2950185
0.29501528
0.29501328
0.294994
0.2949928
0.29498878
0.29498693
0.29497498
0.29497454
0.29496795
0.29496536
0.29496366
0.29495814
0.2949514
0.29494804
0.29494795
0.29494768
0.29494387
0.29492393
0.29492342
0.29492137
0.29491428
0.29491428
0.29490235
0.29490194
0.2948965
0.29489592
0.29489285
0.29488787
0.29488444
0.29488426
0.29488355
0.29487646
0.29487514
0.29487514
0.29486802
0.29486543
0.29485705
0.294849
0.29484406
0.29484355
0.2948384
0.29482767
0.29482624
0.2948262
0.29482394
0.29481894
0.29481533
0.29481474
0.2948127
0.29481158
0.29480955
0.29479387
0.29478365
0.29478222
0.29476905
0.29476672
0.29476395
0.29476258
0.29474956
0.29474437
0.29474384
0.29474288
0.2947403
0.29473868
0.29473868
0.29473716
0.29473454
0.29472893
0.29472274
0.29471886
0.2947122
0.2947036
0.29469743
0.2946941
0.29469365
0.2946896
0.2946806
0.29467833
0.29467535
0.29467294
0.29467064
0.29466853
0.29466543
0.29466423
0.294657
0.2946541
0.29464692
0.29464594
0.2946456
0.29464495
0.29463992
0.29463264
0.29463112
0.2946187
0.2946148
0.29461193
0.29460883
0.2946037
0.29460084
0.2945946
0.29458854
0.2945876
0.29458478
0.2945815
0.29457858
0.29457378
0.2945735
0.2945625
0.29456243
0.29455084
0.29454014
0.29453334
0.29452613
0.29451588
0.2945134
0.29451227
0.29450962
0.29450917
0.2945001
0.29449934
0.2944982
0.29449725
0.2944902
0.29448807
0.29448402
0.29447526
0.294475
0.2944745
0.29447174
0.2944716
0.2944567
0.2944567
0.2944502
0.29444924
0.2944472
0.29444328
0.29444167
0.2944381
0.2944381
0.29443806
0.2944366
0.29443324
0.2944228
0.2944228
0.294416
0.29441217
0.29441032
0.2944036
0.29440337
0.29440007
0.29438695
0.29438376
0.29437634
0.294369
0.294363
0.2943596
0.29435632
0.29435048
0.29434982
0.29434308
0.29434308
0.2943403
0.29433602
0.29433385
0.2943248
0.29432297
0.2943115
0.29429972
0.29429924
0.29428968
0.29428717
0.29428697
0.2942792
0.29427737
0.29426956
0.2942597
0.29425764
0.2942509
0.2942419
0.2942396
0.2942395
0.2942395
0.2942395
0.29423112
0.2942298
0.29422468
0.29422444
0.2942238
0.29422107
0.29422042
0.29422042
0.29421836
0.294218
0.2942145
0.29420665
0.29420277
0.29420194
0.29420182
0.294199
0.2941861
0.29417974
0.29417866
0.29417518
0.29416677
0.29416677
0.29416466
0.29416233
0.29416117
0.29415935
0.29415235
0.29414356
0.29414085
0.29414028
0.29413265
0.2941317
0.29412585
0.2941186
0.2941186
0.2941186
0.2941186
0.29410854
0.2941003
0.29409808
0.29409468
0.29408213
0.29407743
0.29406428
0.29406407
0.2940601
0.29405043
0.2940485
0.294046
0.29404476
0.29403985
0.29401997
0.29401731
0.29401356
0.29400787
0.2940051
0.29400435
0.29399937
0.2939979
0.29399663
0.29399508
0.2939925
0.29398924
0.29398066
0.29397792
0.29397437
0.29397434
0.29397228
0.2939695
0.29396844
0.29396698
0.29396656
0.29394937
0.2939474
0.29394397
0.2939414
0.29393667
0.2939342
0.29393068
0.2939295
0.29392824
0.29392362
0.2939228
0.2939165
0.2939158
0.29391488
0.29391268
0.29390934
0.2939069
0.2939068
0.29390657
0.29389688
0.29389626
0.29389152
0.29388782
0.2938857
0.29388195
0.29388034
0.29387724
0.29387116
0.29387006
0.2938683
0.29385534
0.29385534
0.29385534
0.29385453
0.29384142
0.2938303
0.29382995
0.29382604
0.29382604
0.2938239
0.2938144
0.2938028
0.2938028
0.29380095
0.2937984
0.29379722
0.29379374
0.29378772
0.29378334
0.29376468
0.29376048
0.29375875
0.29375875
0.29375717
0.29375178
0.29374936
0.29374912
0.29374903
0.2937399
0.29373974
0.29373974
0.2937387
0.29372886
0.29372886
0.29372743
0.29372653
0.29372463
0.29372185
0.2937199
0.2937198
0.29370546
0.29370004
0.29369554
0.29369488
0.29369113
0.29368794
0.29368493
0.29368383
0.29367808
0.29367808
0.29367378
0.29366866
0.29366806
0.29366672
0.29366392
0.29365975
0.29365295
0.29365072
0.29364997
0.29364887
0.29364586
0.29363057
0.2936232
0.2936134
0.2936125
0.29360843
0.29359916
0.2935906
0.29358956
0.29358956
0.29358563
0.29358503
0.2935695
0.2935606
0.29355898
0.29355413
0.29354897
0.29354745
0.29352704
0.29351792
0.29351768
0.29351732
0.29351264
0.29350612
0.2935038
0.2935037
0.2935022
0.29350185
0.29349032
0.29348096
0.29347795
0.29347795
0.29347447
0.29347333
0.29345897
0.29345334
0.29345277
0.29345185
0.2934452
0.29343784
0.29343194
0.29343084
0.293427
0.29342246
0.29341733
0.29341307
0.2934103
0.29340637
0.29340637
0.29339904
0.29339552
0.2933955
0.29339382
0.2933871
0.2933852
0.2933735
0.29336774
0.29336557
0.29336518
0.29335046
0.29333884
0.29333255
0.29332882
0.29332793
0.29332727
0.29332727
0.29332146
0.2933202
0.29331675
0.29331264
0.2933126
0.2933126
0.2933115
0.2933077
0.29330328
0.2933031
0.2933007
0.29328725
0.29328686
0.2932792
0.2932756
0.29327184
0.29327002
0.2932612
0.29326084
0.29325694
0.293256
0.293256
0.293256
0.29324576
0.29324183
0.29323593
0.2932357
0.29322666
0.293224
0.2932174
0.2932174
0.29321232
0.29320776
0.29320484
0.2932032
0.29320195
0.2932013
0.29319876
0.29319784
0.29318798
0.29317933
0.2931746
0.29317454
0.29316798
0.2931574
0.29315728
0.29314816
0.29314786
0.29313403
0.29313362
0.29312557
0.2931241
0.29311776
0.2931167
0.29311308
0.29311088
0.29310504
0.2931036
0.29310113
0.29309168
0.29309168
0.29309168
0.29309022
0.29307756
0.29307422
0.2930682
0.29306418
0.29305807
0.2930498
0.2930497
0.29304183
0.29304156
0.29304156
0.29303885
0.2930383
0.29303417
0.29303342
0.29303086
0.29302928
0.29302928
0.293026
0.29302326
0.2930179
0.29301488
0.29300484
0.29300165
0.2930011
0.2930009
0.2929917
0.29298955
0.29298195
0.292967
0.2929656
0.29296446
0.29296365
0.29296073
0.29295853
0.29295418
0.29294637
0.29294387
0.2929263
0.29292408
0.29292122
0.2929191
0.2929171
0.29291588
0.29290083
0.29289564
0.29289556
0.29289502
0.29289216
0.29289216
0.29288936
0.2928862
0.2928862
0.2928799
0.29287103
0.2928489
0.29284796
0.2928469
0.29283333
0.2928306
0.29282916
0.2928161
0.29281068
0.2928019
0.29279727
0.29279298
0.29279107
0.29278114
0.2927753
0.2927753
0.29275954
0.29275876
0.29274896
0.29274788
0.2927474
0.29274258
0.29273462
0.2927259
0.29271615
0.29270828
0.2927055
0.29269695
0.2926962
0.29269192
0.29269156
0.29269132
0.29268685
0.29268503
0.29268232
0.29267895
0.29267788
0.29266548
0.29266474
0.292659
0.29265785
0.29265133
0.29264468
0.29264286
0.2926413
0.2926372
0.29263657
0.29263607
0.2926331
0.2926286
0.29262763
0.2926266
0.29262596
0.29262504
0.292624
0.29262257
0.29260364
0.29259837
0.29259372
0.2925929
0.29258493
0.2925849
0.2925847
0.29257476
0.2925743
0.2925743
0.292574
0.2925714
0.29255068
0.2925497
0.29254135
0.29254034
0.29253843
0.29252794
0.29252267
0.2925223
0.2925159
0.2925151
0.29251394
0.292512
0.29250708
0.29250145
0.2924926
0.29248604
0.29248604
0.292486
0.29247463
0.29247463
0.29247463
0.29246974
0.2924667
0.2924667
0.29246643
0.29245937
0.29244885
0.29244825
0.29244673
0.29243818
0.29243612
0.29243612
0.29243386
0.2924317
0.29241377
0.2924058
0.2923964
0.2923882
0.292387
0.2923817
0.29237682
0.29237023
0.2923668
0.29236507
0.29236424
0.29236272
0.29236192
0.29235312
0.29235286
0.29234496
0.29234394
0.29234144
0.292336
0.29232636
0.29232553
0.29232535
0.29232535
0.2923227
0.29232058
0.29231286
0.29230782
0.29230607
0.29230198
0.29229802
0.29228953
0.2922885
0.29228446
0.29227784
0.2922728
0.29226935
0.29226798
0.29226044
0.2922602
0.29225987
0.2922374
0.2922362
0.29223472
0.29222882
0.2922283
0.29221475
0.29220968
0.2922091
0.29220846
0.29220012
0.29219973
0.29219761
0.29219168
0.29218888
0.29218873
0.29218873
0.29218623
0.29218277
0.292182
0.29218012
0.2921768
0.29217494
0.29217494
0.29217395
0.29217395
0.29217353
0.29216897
0.29216897
0.29216287
0.29215804
0.29215804
0.29215804
0.29215518
0.2921518
0.2921504
0.29214644
0.29213843
0.2921353
0.29213214
0.29212794
0.2921259
0.29212415
0.29212385
0.29212257
0.2921181
0.2921181
0.29211456
0.2921113
0.292093
0.29208925
0.29208228
0.29208004
0.29207495
0.29207417
0.29207197
0.29207075
0.29206985
0.29206985
0.29206106
0.29205784
0.29204622
0.29204458
0.29204327
0.2920344
0.2920319
0.29202113
0.2920208
0.29200885
0.29200765
0.29199174
0.29199174
0.29199123
0.29199094
0.29198933
0.29198495
0.2919825
0.29198143
0.29197893
0.29197893
0.29197797
0.2919711
0.29196775
0.29196647
0.29196402
0.29195803
0.29195714
0.29194826
0.29194802
0.29193988
0.29193422
0.29193422
0.29193106
0.29192594
0.29191774
0.2919043
0.2919031
0.29189134
0.29189134
0.2918877
0.29188564
0.2918769
0.29187083
0.2918673
0.29186592
0.29186198
0.29185963
0.29184976
0.29184857
0.29184556
0.2918378
0.29183713
0.29182914
0.29182857
0.29181635
0.29181206
0.29180926
0.2918051
0.29180297
0.29180118
0.29179966
0.2917945
0.2917913
0.29178485
0.29177737
0.2917761
0.29177076
0.2917693
0.2917692
0.2917615
0.2917564
0.29175025
0.29175025
0.29174495
0.291744
0.29174003
0.29173642
0.29172704
0.29172212
0.2917141
0.2917141
0.29171154
0.29170957
0.291708
0.29170552
0.2917049
0.29170308
0.2916961
0.29169148
0.2916881
0.2916749
0.29166964
0.29166478
0.29166478
0.29166126
0.2916587
0.2916587
0.29165325
0.29165277
0.2916493
0.29163677
0.29163674
0.29163587
0.29162452
0.29162416
0.29162142
0.29162112
0.29161766
0.29161513
0.29161042
0.29160982
0.29160422
0.29160294
0.29160178
0.29159984
0.29159093
0.29158768
0.29158735
0.2915837
0.29157123
0.29156098
0.29156098
0.29156
0.29155663
0.29155663
0.29155108
0.2915461
0.29154414
0.29154012
0.2915389
0.29153636
0.29150805
0.2915077
0.2915072
0.29149428
0.29149428
0.29149023
0.29148707
0.29148117
0.29147723
0.29147655
0.29147044
0.29146993
0.29146916
0.29146457
0.2914531
0.2914531
0.2914472
0.2914373
0.29141685
0.29141432
0.29141432
0.29141122
0.29140952
0.2914055
0.29140493
0.2914013
0.291397
0.29139563
0.29139513
0.29138616
0.29137728
0.29136974
0.29136312
0.29136264
0.29135865
0.29135725
0.29135582
0.2913484
0.2913472
0.29134527
0.2913449
0.2913444
0.29133776
0.29133305
0.291329
0.2913192
0.29131472
0.29131398
0.2913123
0.2913096
0.29129508
0.29128623
0.29128215
0.29128215
0.2912784
0.29127702
0.29126415
0.29126415
0.2912535
0.291246
0.29124475
0.29124415
0.29123625
0.29122147
0.29118705
0.2911821
0.2911792
0.29116967
0.2911638
0.29116377
0.29115817
0.29114628
0.29114136
0.29113564
0.29113087
0.29112813
0.29112634
0.29112622
0.29112297
0.2911229
0.29112253
0.29111478
0.29111478
0.2910932
0.29109266
0.2910913
0.29108673
0.29108498
0.2910812
0.2910726
0.2910679
0.29106483
0.2910626
0.2910592
0.29105672
0.29104978
0.29104668
0.29104432
0.29103708
0.29103607
0.29103458
0.2910293
0.29102907
0.29102758
0.29102454
0.29102454
0.2910233
0.2910213
0.29102084
0.29101318
0.29101256
0.29101256
0.2910101
0.29100934
0.2910085
0.29099914
0.29099762
0.2909974
0.29099703
0.29099578
0.290994
0.290961
0.29096064
0.29096055
0.29095602
0.29093724
0.29092464
0.29091427
0.29088813
0.29087073
0.29086974
0.29085982
0.290857
0.29083675
0.2908256
0.2908182
0.29081628
0.29081148
0.29080638
0.29078376
0.29078174
0.29078
0.29077658
0.2907734
0.29077056
0.29076412
0.2907537
0.29075253
0.29074776
0.29074606
0.29073703
0.2907341
0.29072303
0.2907165
0.29069978
0.2906958
0.29069
0.29067823
0.29067278
0.29066524
0.2906636
0.29065862
0.29065704
0.29065233
0.29064754
0.29064292
0.2906247
0.29062384
0.29061842
0.29059
0.2905868
0.2905847
0.29058453
0.2905831
0.29057312
0.29055902
0.29055902
0.2905589
0.2905529
0.29055262
0.29055005
0.29054517
0.29054463
0.2905395
0.2905341
0.29052737
0.29052737
0.29052645
0.29051784
0.29051784
0.29051194
0.29049113
0.29048604
0.29048222
0.2904681
0.290466
0.29046515
0.29046223
0.2904564
0.29045537
0.29043588
0.29043177
0.29042348
0.29042125
0.2904162
0.29040712
0.29039806
0.29039112
0.29037914
0.2903601
0.2903545
0.29033753
0.29033688
0.29031458
0.29031196
0.29030484
0.29030326
0.29030037
0.2902991
0.2902857
0.2902828
0.29027918
0.2902598
0.29025328
0.29024953
0.29024687
0.2902374
0.29023412
0.29022822
0.2902281
0.29020253
0.2901901
0.2901887
0.29018107
0.29017946
0.2901719
0.29016858
0.29016796
0.2901497
0.29014465
0.29013938
0.2901391
0.2901391
0.29013816
0.29013816
0.2901328
0.29012495
0.29012224
0.29011497
0.29010877
0.29010522
0.290103
0.29009712
0.29009244
0.29008326
0.29007545
0.29006615
0.29006463
0.29006463
0.29006463
0.2900613
0.29006112
0.2900565
0.29003838
0.29003528
0.29003382
0.29003382
0.29000968
0.29000047
0.28999227
0.28998876
0.28998846
0.28998032
0.2899801
0.28996253
0.289962
0.28994763
0.28993863
0.2899333
0.28991646
0.28990743
0.2899045
0.2898995
0.28989828
0.2898975
0.28989094
0.2898837
0.2898777
0.28986886
0.28986886
0.2898684
0.2898644
0.28986105
0.28985274
0.2898513
0.28983912
0.28982744
0.2898239
0.2898217
0.2898217
0.28982002
0.28980675
0.28980523
0.28979388
0.28978762
0.28977245
0.28977245
0.28975844
0.2897499
0.2897364
0.28973082
0.28973082
0.28973082
0.28973037
0.28973028
0.28972334
0.28972265
0.28972113
0.28969574
0.28969336
0.28969336
0.28969008
0.28967518
0.28966963
0.28966892
0.28966412
0.2896572
0.28964663
0.28964043
0.28963932
0.28963745
0.289632
0.2896199
0.28961688
0.28961313
0.2896119
0.289609
0.289609
0.289609
0.2896031
0.28958803
0.28957272
0.28957152
0.28956464
0.2895637
0.28956166
0.28955737
0.28955328
0.28954864
0.2895448
0.28953376
0.2894772
0.28947413
0.2894682
0.28946662
0.28946304
0.28944182
0.28942907
0.28941584
0.28941053
0.28938594
0.2893616
0.2893609
0.28934103
0.2893298
0.2892866
0.289283
0.28927505
0.28927502
0.2892393
0.28923303
0.28920925
0.2892059
0.2891973
0.28918657
0.28918633
0.2891481
0.28913954
0.2891251
0.28911716
0.28911388
0.28910607
0.28909412
0.28909257
0.28908974
0.289088
0.28908333
0.2890641
0.28905734
0.28904617
0.28903565
0.2890215
0.28901407
0.28900942
0.28897032
0.28895307
0.2889493
0.2889485
0.28889897
0.2888923
0.28888705
0.2888824
0.28886962
0.28886247
0.2888604
0.288841
0.28881365
0.2888076
0.2887744
0.28877312
0.28874132
0.2887394
0.2887345
0.2887194
0.28869545
0.28867584
0.2886751
0.28864026
0.28859198
0.28858015
0.2885781
0.2885746
0.28854668
0.28853998
0.28853706
0.28852552
0.2885239
0.288523
0.288515
0.2884744
0.28843945
0.2884383
0.28843516
0.288434
0.28841978
0.28840616
0.2883713
0.2883655
0.28834906
0.28834346
0.28833213
0.28832918
0.28828445
0.288246
0.2881703
0.28816283
0.28816253
0.28815538
0.28799695
0.28799194
0.28798595
0.28797925
0.2879602
0.28793424
0.28792778
0.28788722
0.28783607
0.28782538
0.28780955
0.28772292
0.28767112
0.2876562
0.28761995
0.28760186
0.2875821
0.28755152
0.28753826
0.2874952
0.28746623
0.28746265
0.28746244
0.28742263
0.28733182
0.2872953
0.28722015
0.28712183
0.28710404
0.28706646
0.2870367
0.28699607
0.28698602
0.28693354
0.2867501
0.2867308
0.28649202
0.28648072
0.2864738
0.28607678
0.28596565
0.28583044
