0.31055048
0.2886849
0.25746623
0.2553946
0.25225124
0.25186664
0.24825811
0.24665116
0.24405105
0.24243864
0.24080268
0.23648942
0.23603618
0.23600593
0.2343715
0.23375483
0.23232907
0.23048769
0.23044385
0.2284774
0.22761102
0.22745131
0.22652733
0.22597347
0.22589354
0.22516936
0.22494902
0.22488259
0.22487004
0.22383249
0.22348939
0.22319786
0.22307883
0.22189765
0.2213568
0.22079766
0.22023232
0.2191929
0.21904933
0.21628387
0.21479924
0.21457195
0.21454306
0.21448453
0.21413074
0.21401711
0.21384351
0.2136322
0.21273814
0.21236062
0.21219122
0.21102579
0.21056443
0.21052527
0.2099323
0.20982262
0.20967549
0.20940584
0.20920232
0.20882334
0.20865291
0.20795098
0.20785289
0.2074368
0.20731795
0.20723489
0.2067173
0.2062083
0.20620686
0.20598221
0.2058591
0.20501138
0.20484354
0.2044953
0.20405178
0.20398882
0.20360471
0.20311749
0.2030124
0.20273453
0.20187421
0.2016372
0.20159383
0.20102324
0.20066684
0.20044987
0.20035836
0.20011981
0.19985734
0.19968498
0.19954087
0.19946024
0.19931436
0.19923784
0.19904312
0.1989772
0.19852836
0.19845384
0.19838703
0.19830823
0.19827598
0.19827242
0.1982703
0.19808961
0.19806671
0.1979401
0.19732094
0.19721015
0.19688776
0.19679572
0.19660746
0.19650365
0.19649093
0.19649023
0.19617891
0.1961667
0.19588263
0.19576226
0.19566844
0.19560155
0.19540206
0.19523007
0.19509487
0.19501671
0.19499972
0.19481988
0.19476804
0.19476804
0.19451708
0.19451708
0.19442983
0.19435878
0.19434367
0.19412178
0.19411989
0.19402796
0.19390947
0.19357473
0.19354597
0.19352628
0.19345137
0.19324948
0.19311224
0.1929904
0.19298555
0.19289589
0.19264387
0.192578
0.19256225
0.1925227
0.19233358
0.19210534
0.19199495
0.19183451
0.19174224
0.19165763
0.19145612
0.19132221
0.19114864
0.19113235
0.19107316
0.19100928
0.19099788
0.19063829
0.19063245
0.19046538
0.19041485
0.19040598
0.19033048
0.19032007
0.1902133
0.19017488
0.18968906
0.18947737
0.18946415
0.18944925
0.18937564
0.18933494
0.18933372
0.18913862
0.18906388
0.18903805
0.18861647
0.18859108
0.18859072
0.18854198
0.1885414
0.18849248
0.18844512
0.18844382
0.18838966
0.18832941
0.188277
0.18800959
0.18791494
0.18790908
0.18781905
0.18768394
0.18767548
0.187419
0.18733576
0.1872984
0.18725632
0.1871057
0.18704511
0.18693836
0.18689308
0.1865064
0.18611705
0.18587752
0.18586825
0.1858421
0.18580572
0.18573616
0.18562011
0.18554705
0.18537542
0.18529932
0.1851876
0.18498477
0.18483248
0.18478617
0.18467394
0.18465556
0.1846121
0.1846022
0.18459404
0.18446463
0.18441561
0.1844097
0.18436678
0.1842801
0.18426079
0.18410033
0.1840228
0.18373957
0.18364234
0.18357208
0.18346955
0.18339026
0.18336575
0.18333706
0.18332754
0.1833231
0.18331572
0.18328856
0.18328856
0.1832063
0.1831882
0.18307869
0.18304077
0.18300898
0.182974
0.18270166
0.1826562
0.18253611
0.18243043
0.18242843
0.18236828
0.1823042
0.18228628
0.18224858
0.18220036
0.18207748
0.18207304
0.1820646
0.18203537
0.18185931
0.18185535
0.18184449
0.18177623
0.18174413
0.18160465
0.18151037
0.18143402
0.18142624
0.18095689
0.18090218
0.18085346
0.18079413
0.18078063
0.18071386
0.18057035
0.18056938
0.180543
0.18039508
0.18039498
0.18036276
0.18033995
0.18029985
0.18026131
0.18026131
0.18016815
0.18013757
0.18010272
0.17996176
0.17993042
0.17992029
0.17985877
0.1796605
0.1795922
0.17957461
0.17942056
0.17938235
0.17937818
0.17925602
0.17925602
0.17925462
0.17923477
0.17922923
0.17918
0.1791776
0.17913711
0.17913292
0.17909956
0.17899586
0.17877923
0.17872871
0.17864683
0.1786339
0.1786104
0.17859475
0.17857364
0.17840517
0.17836359
0.17830947
0.17820805
0.17818691
0.17816688
0.17813718
0.17810458
0.17795822
0.17794162
0.177911
0.17783642
0.17781833
0.17774172
0.17768951
0.17764944
0.17755471
0.17754877
0.17753619
0.17741318
0.1773567
0.17733371
0.17732415
0.17727637
0.17725286
0.17725265
0.1772353
0.17715588
0.1771465
0.1771022
0.1770806
0.17704245
0.1770386
0.17702828
0.17700651
0.17697793
0.17691092
0.17690216
0.176841
0.17681162
0.17673202
0.17672883
0.17672646
0.17658818
0.17651816
0.17647871
0.17638285
0.17637876
0.17636344
0.17634796
0.1763411
0.17633282
0.17633238
0.17628972
0.17614567
0.17609693
0.17600407
0.17599659
0.17599481
0.17598468
0.17597848
0.17595792
0.17592597
0.1757956
0.17565425
0.17565006
0.17560396
0.17558014
0.17548071
0.1754395
0.17536372
0.17534417
0.17528191
0.1752776
0.17523633
0.17516814
0.17496708
0.17496379
0.17471994
0.17470288
0.17469816
0.17465402
0.17461175
0.17460506
0.17453524
0.17446955
0.17446198
0.17445655
0.17440094
0.17438227
0.17434719
0.1742324
0.1741342
0.17410971
0.17410608
0.17409134
0.1740572
0.17402335
0.17401372
0.17396258
0.17395669
0.17395009
0.17392486
0.17382243
0.17378934
0.1737573
0.17363267
0.17354606
0.17353755
0.17343332
0.17340115
0.17333834
0.17324746
0.17321604
0.17318508
0.17313713
0.17304884
0.17304714
0.1730167
0.1729845
0.17295292
0.17288421
0.17281072
0.17280166
0.17272311
0.17270264
0.17270248
0.17269835
0.17267048
0.17264087
0.17260385
0.17256781
0.17256118
0.17255628
0.17254907
0.1724441
0.17241254
0.17238563
0.17237964
0.17234246
0.17228766
0.17228244
0.17222704
0.17219889
0.17215993
0.17212564
0.1721043
0.17209023
0.17201379
0.17196618
0.17196618
0.17194375
0.17193787
0.17185955
0.17185174
0.17175017
0.17174366
0.17173019
0.17171118
0.17169587
0.17168888
0.17168635
0.17168422
0.17165373
0.17164648
0.17162365
0.17161933
0.17158026
0.17156097
0.17153208
0.17150094
0.1714135
0.17138828
0.17123902
0.17122465
0.17122008
0.1712193
0.17111684
0.17110664
0.17107701
0.17104313
0.17100291
0.17100088
0.17099819
0.17097665
0.17096415
0.1709301
0.17092563
0.17090711
0.17090537
0.17090425
0.17090036
0.17089175
0.17080393
0.17063567
0.17059778
0.17058851
0.17058341
0.17056504
0.17044806
0.17041877
0.17036022
0.17034422
0.17032568
0.1702983
0.17021655
0.1702162
0.1702148
0.17021173
0.1701245
0.17012228
0.17010999
0.17009875
0.17009643
0.17007045
0.17006642
0.17004077
0.16999081
0.16995078
0.16987637
0.1698485
0.16984242
0.16980709
0.16980308
0.16979583
0.169752
0.16972102
0.16967858
0.16967608
0.16965361
0.16960175
0.16959362
0.16956794
0.1695629
0.16951904
0.16949645
0.16944115
0.16943474
0.16941984
0.16941081
0.1694085
0.16939585
0.16938308
0.1693715
0.16931763
0.16925453
0.16922413
0.16922085
0.16917366
0.16914757
0.16914725
0.16914237
0.16913663
0.16913573
0.16912688
0.16912165
0.1690839
0.16905326
0.16905025
0.16898695
0.16894159
0.16889502
0.16885766
0.16885515
0.16881342
0.16881183
0.16877612
0.16877067
0.16875051
0.16867724
0.16865826
0.16862285
0.16861787
0.16860828
0.16859405
0.16857137
0.16856822
0.1685561
0.16850916
0.16849394
0.16849041
0.16848801
0.16840822
0.16839997
0.16839977
0.16836879
0.16833965
0.16831905
0.16830754
0.1683073
0.16829239
0.1682255
0.16821077
0.16819857
0.1681959
0.1681506
0.16814816
0.16814108
0.168129
0.1681208
0.16808999
0.16806659
0.16806121
0.16800402
0.16800189
0.16793855
0.16790403
0.16787925
0.16787173
0.16784085
0.16782577
0.16782567
0.16782095
0.16781132
0.16767867
0.1676674
0.16764009
0.1676389
0.167635
0.16762058
0.16761586
0.16761383
0.16760921
0.16759698
0.16759612
0.1675705
0.16755222
0.16751453
0.16749541
0.1674885
0.16748002
0.16746597
0.16745679
0.16743246
0.16737056
0.16734211
0.16734058
0.16732427
0.1673087
0.1672628
0.16725868
0.16722362
0.16719975
0.16715686
0.16715467
0.16715251
0.16714264
0.16712663
0.16712528
0.1671024
0.16707188
0.16703561
0.16699587
0.1669651
0.1669277
0.16690907
0.16690402
0.16685921
0.16685231
0.1668473
0.16683598
0.16682556
0.16681789
0.16680586
0.16679035
0.16679002
0.16678764
0.16677126
0.16675244
0.1667386
0.16673408
0.1667281
0.16668949
0.16668469
0.16664805
0.16661577
0.16660555
0.16660479
0.16660002
0.16658932
0.1665882
0.16654977
0.16653416
0.16653161
0.16648267
0.16645789
0.16637121
0.16635568
0.1663458
0.16633159
0.16631621
0.16630739
0.16629925
0.16628155
0.16627166
0.16626862
0.16625045
0.16624925
0.16624741
0.16623203
0.16622034
0.1661252
0.16612369
0.16610089
0.16609782
0.16600007
0.16594264
0.16591993
0.16589248
0.16584815
0.16583961
0.16583593
0.165762
0.16574857
0.16573544
0.16573514
0.16572915
0.1657239
0.16569443
0.16569425
0.16567516
0.16564533
0.16563548
0.16563548
0.16562656
0.16559914
0.16558751
0.16555962
0.16555026
0.16550884
0.16550116
0.1654505
0.16542277
0.16539583
0.16538954
0.16532026
0.16531323
0.1652603
0.16524254
0.16519886
0.16518885
0.16516596
0.16516168
0.16510798
0.16508129
0.16508044
0.16507721
0.16503957
0.16503368
0.1650159
0.16498064
0.16496661
0.16490103
0.1648904
0.16485034
0.16484335
0.16483921
0.16480738
0.164793
0.16477667
0.16475387
0.1647452
0.16470219
0.16469157
0.16467744
0.16467114
0.16466887
0.1646491
0.16464378
0.1646428
0.164621
0.16461565
0.16461124
0.16459464
0.16459008
0.1645816
0.16458149
0.16455907
0.16455881
0.16445087
0.16444632
0.16444583
0.16443482
0.16435179
0.16434622
0.1643283
0.16428123
0.16426359
0.16425331
0.16425312
0.1642315
0.16413808
0.16411316
0.16405734
0.1640398
0.16403775
0.16402787
0.1640265
0.16400549
0.16400398
0.16399279
0.16396636
0.16396302
0.16393793
0.16392535
0.16390894
0.16390875
0.16388017
0.16386193
0.16385837
0.1638498
0.1638428
0.1638183
0.1637935
0.16378944
0.16376477
0.16374548
0.16374071
0.16373667
0.16373216
0.1637117
0.16369094
0.16368437
0.1636633
0.16364397
0.16358124
0.16356866
0.16355121
0.16351639
0.16350366
0.1634905
0.16348538
0.16347642
0.16343883
0.16338764
0.16337615
0.16335554
0.16335301
0.16332196
0.16331717
0.16330619
0.1632789
0.16325183
0.16323626
0.16322203
0.16322137
0.16319947
0.16319862
0.16318601
0.16317183
0.16316694
0.16315825
0.16313745
0.16312101
0.1631006
0.16306175
0.16305116
0.16304737
0.16303621
0.16300572
0.16300388
0.16299093
0.1629896
0.16298474
0.16296618
0.16296348
0.16295387
0.16294816
0.16293168
0.16291311
0.16288066
0.16287637
0.16284566
0.162821
0.16279626
0.16278443
0.16277215
0.16276513
0.16275227
0.16274408
0.16271709
0.16271448
0.16268492
0.16267355
0.16267166
0.16266894
0.16265506
0.16265294
0.16263369
0.16262528
0.16261765
0.16261686
0.16260783
0.16258384
0.1625651
0.16256477
0.16255519
0.16253121
0.16248624
0.16246793
0.1624632
0.16243689
0.16243201
0.16243088
0.16242412
0.16241732
0.16239327
0.1623932
0.16238669
0.16237877
0.16237831
0.16236424
0.16233791
0.16233681
0.16228491
0.16222574
0.16218993
0.16217571
0.16217491
0.16208315
0.16208199
0.16208097
0.16207646
0.16206223
0.16205622
0.16202258
0.16201442
0.16201009
0.16198254
0.16193588
0.16193417
0.16193174
0.16190097
0.1618984
0.16188046
0.1618616
0.16182645
0.16178471
0.1617812
0.16177985
0.16175205
0.16174304
0.16174002
0.16173358
0.16173217
0.16172603
0.16171835
0.16171601
0.16171464
0.1616653
0.16166386
0.16165972
0.16164899
0.1616482
0.16163017
0.16162995
0.16161203
0.16157885
0.1615578
0.16154446
0.16153774
0.16153109
0.16151568
0.16150567
0.1614803
0.16146225
0.16145992
0.1614474
0.16143335
0.16142742
0.16141978
0.16141593
0.16138723
0.16138163
0.16136919
0.16135827
0.16135566
0.16134538
0.16128546
0.16128357
0.16124035
0.16123958
0.1612243
0.16122198
0.16122198
0.16120347
0.16117713
0.16111349
0.16110317
0.16108882
0.16108829
0.16106698
0.16106509
0.16106434
0.16106434
0.161054
0.16104437
0.16103259
0.1610299
0.16101393
0.16093922
0.16093707
0.16093677
0.16093077
0.16092387
0.16088979
0.16086666
0.1608381
0.1608318
0.16082065
0.16081731
0.16080654
0.16080579
0.16079858
0.16076763
0.16075872
0.1607559
0.16071005
0.16068727
0.16066541
0.16066541
0.16065119
0.16064739
0.16062169
0.16061574
0.16061544
0.16056296
0.16055249
0.16054443
0.16050291
0.1604876
0.16047801
0.16042309
0.16040543
0.16039978
0.1603841
0.16038129
0.16036518
0.16034842
0.16034491
0.16027685
0.16025715
0.16024521
0.16023597
0.16021171
0.16017422
0.16016072
0.16015866
0.16014527
0.16014244
0.16014065
0.1601367
0.1601367
0.16011156
0.16010955
0.16010159
0.16009822
0.16006257
0.16005607
0.16005145
0.16003498
0.15999636
0.15994921
0.15994708
0.15993981
0.15991984
0.15991127
0.1599023
0.1599008
0.15988067
0.15987468
0.15986599
0.15985508
0.15985246
0.15985002
0.15983136
0.15981656
0.15981494
0.15979265
0.15978093
0.15977344
0.15977114
0.15976451
0.15973248
0.15972596
0.1597255
0.15972269
0.15966791
0.15965298
0.15964894
0.15964136
0.15962212
0.15959193
0.1595635
0.15955004
0.15954246
0.15953456
0.15953085
0.15952155
0.1595163
0.15949745
0.15945731
0.1594505
0.15944332
0.15944126
0.15942995
0.15941983
0.15941143
0.1593921
0.1593916
0.15938926
0.15934706
0.15934585
0.15934496
0.15931608
0.1593137
0.15930738
0.15929386
0.15928796
0.15928787
0.15928362
0.1592774
0.15926982
0.15922707
0.15920644
0.15920575
0.15920441
0.15918708
0.15913445
0.15911995
0.15911639
0.15911502
0.15910126
0.15907091
0.15907036
0.15906997
0.15906475
0.1590578
0.15904714
0.15903254
0.15902632
0.15902118
0.15901572
0.15900594
0.15899648
0.15897544
0.15897152
0.15894952
0.15894204
0.15894043
0.15890698
0.15890612
0.15889321
0.1588782
0.1588693
0.15885854
0.15884535
0.1588363
0.15883267
0.15879783
0.1587967
0.15878695
0.15877758
0.15875517
0.15875131
0.15873186
0.15872371
0.15871689
0.15871654
0.15869687
0.15868863
0.15868744
0.1586862
0.15867494
0.15866542
0.15863727
0.15862273
0.15860248
0.15860099
0.1585965
0.1585945
0.15857862
0.15855958
0.15851377
0.158485
0.15848377
0.15848237
0.15847084
0.15845908
0.1584571
0.1584428
0.15842783
0.15842627
0.15841056
0.15840103
0.15837844
0.15837665
0.1583746
0.15836893
0.15833478
0.15833357
0.15832277
0.15831031
0.15830907
0.15830907
0.1583037
0.15830301
0.15828875
0.15828337
0.1582773
0.15827641
0.15827438
0.15825541
0.15823017
0.15821674
0.15817392
0.15816028
0.15815924
0.15815362
0.15813975
0.15811284
0.15810084
0.15810084
0.15810084
0.158097
0.15809526
0.1580872
0.15806939
0.15804309
0.15802133
0.15798527
0.15795894
0.15795837
0.15795825
0.15795298
0.15794465
0.15794069
0.15793973
0.15793598
0.15793444
0.15792476
0.15789506
0.15787363
0.15786716
0.15784104
0.1578293
0.15782146
0.15780841
0.157782
0.1577789
0.15775698
0.15775661
0.15773648
0.1577143
0.15771055
0.15770681
0.15766048
0.15764987
0.15764725
0.15762553
0.1576155
0.157609
0.15760499
0.15760483
0.15760235
0.15758853
0.1575839
0.15755507
0.1575502
0.15754476
0.15753587
0.15751745
0.15751347
0.1575071
0.15750054
0.1574952
0.15749468
0.1574835
0.15748167
0.15746339
0.1574498
0.15743665
0.15741958
0.15741007
0.15739498
0.15739283
0.15739197
0.15738028
0.1573591
0.15734984
0.15734406
0.15733995
0.15733984
0.15733282
0.15732834
0.15732005
0.1573157
0.15731314
0.15728226
0.15727584
0.15727584
0.15725812
0.15721686
0.15720792
0.15720792
0.15720274
0.15720025
0.1571974
0.15718044
0.15717658
0.15713392
0.1570894
0.15707105
0.15706933
0.15705208
0.15702781
0.15702394
0.15701945
0.1570179
0.15701431
0.156986
0.15697175
0.15695941
0.15695792
0.15694818
0.15694697
0.15693991
0.1569278
0.15692726
0.15691988
0.15691225
0.15690786
0.15690617
0.1569038
0.15690297
0.15689556
0.15689158
0.15689023
0.15687336
0.15686223
0.15685785
0.15685163
0.1568516
0.15684341
0.1568215
0.15681677
0.15681598
0.15681046
0.15680738
0.15680476
0.15679432
0.15679343
0.15678647
0.15676492
0.15674944
0.15673444
0.15673214
0.1567202
0.15670455
0.15670058
0.15669616
0.1566942
0.15668431
0.15667789
0.15666239
0.1566429
0.15663539
0.15662523
0.15662512
0.15661187
0.15661168
0.15659946
0.15659624
0.15656753
0.15656014
0.15655339
0.15654683
0.15653501
0.15652624
0.15648721
0.15648694
0.15646222
0.15644708
0.1564436
0.15643859
0.15642408
0.15641065
0.15638444
0.15635526
0.1563196
0.15631796
0.15631507
0.15629598
0.15627842
0.15627404
0.1562727
0.15626527
0.15624896
0.15624739
0.15623142
0.15622954
0.1562275
0.15621111
0.15619025
0.15618913
0.15618557
0.1561621
0.15614481
0.15613952
0.15613917
0.15613826
0.15610217
0.1560967
0.15609443
0.15609215
0.15607716
0.15607409
0.15605292
0.15604806
0.15603825
0.1560241
0.1560199
0.15601657
0.15598503
0.15598153
0.15597652
0.15597633
0.15596066
0.15594625
0.15594438
0.15593164
0.15592386
0.15592213
0.15591064
0.15590465
0.15590107
0.15589288
0.15588397
0.15587954
0.15587391
0.15585925
0.15585677
0.15585583
0.15585235
0.15584546
0.15577918
0.15577646
0.15575652
0.15574473
0.15574084
0.15574025
0.15570897
0.15569876
0.15568028
0.1556609
0.15565197
0.15564667
0.15564622
0.15563063
0.1556304
0.15562943
0.15562943
0.1555908
0.15557261
0.15557048
0.15554133
0.15553625
0.15553525
0.1555133
0.15551291
0.15550335
0.15548086
0.15547904
0.15547895
0.15547012
0.15545143
0.15544236
0.15543184
0.15542524
0.15539056
0.15538219
0.15536319
0.15536037
0.15535311
0.15535308
0.15533498
0.15532286
0.15531689
0.15531032
0.155304
0.15529862
0.15528664
0.15527551
0.15527508
0.15527505
0.15527394
0.15524969
0.15524839
0.15523967
0.1552354
0.1552233
0.15520018
0.15518719
0.15517654
0.15517259
0.15516274
0.15516199
0.15515128
0.1551449
0.15513703
0.1551359
0.15513061
0.15512812
0.1551153
0.15511312
0.1550805
0.15507932
0.15506738
0.15506433
0.15506272
0.15505864
0.1550508
0.1550101
0.15500611
0.15500423
0.15498705
0.15495701
0.15495078
0.1549412
0.15492792
0.15490791
0.15487057
0.15486407
0.15485923
0.15484796
0.15484647
0.15483187
0.1548299
0.1548026
0.15479521
0.15478994
0.1547866
0.15478541
0.15477656
0.15477054
0.1547371
0.15471852
0.15471646
0.15469314
0.15468997
0.15468615
0.15467057
0.15466022
0.15465866
0.15464744
0.15463416
0.15463154
0.1546204
0.15461594
0.1545964
0.15459481
0.15458705
0.15457998
0.15457658
0.15457284
0.15454449
0.15453997
0.15452206
0.15451702
0.15451694
0.15450826
0.15447977
0.15445048
0.15444979
0.1544352
0.15443179
0.15442191
0.1544197
0.15441072
0.15441003
0.15439278
0.15438949
0.15438245
0.1543822
0.15437697
0.15437466
0.15436813
0.15435569
0.15434766
0.15434152
0.15434043
0.15432307
0.15432307
0.1543149
0.15429112
0.1542546
0.15424386
0.15424386
0.15423843
0.15421778
0.15421304
0.15420216
0.15419249
0.15418412
0.15418373
0.15416473
0.15415472
0.15412945
0.15412898
0.15411825
0.15411659
0.15411542
0.15411542
0.15411453
0.15411124
0.15410857
0.15405722
0.15405244
0.15405014
0.15402481
0.15401925
0.15400447
0.15400018
0.1539835
0.15396664
0.15395732
0.15394667
0.15394266
0.15394154
0.15393633
0.15392752
0.15390338
0.15388756
0.15388386
0.15387303
0.15385394
0.15384288
0.15384187
0.15383758
0.15383072
0.15382703
0.15382078
0.15381508
0.15381192
0.15380016
0.1537786
0.15377705
0.15377264
0.1537575
0.15374373
0.15373795
0.15373531
0.15372403
0.15371872
0.15371367
0.15370955
0.15369466
0.15369013
0.1536804
0.15367872
0.15366979
0.15366374
0.15365072
0.15363872
0.15362793
0.15362673
0.15361689
0.15361434
0.15360737
0.15360564
0.15359312
0.15359232
0.1535907
0.1535675
0.15356116
0.15354146
0.1535365
0.15353234
0.15350732
0.15350546
0.15350486
0.15350099
0.15347058
0.15345412
0.15341736
0.1534086
0.15340805
0.15340015
0.15339884
0.15339662
0.15338495
0.15335737
0.15335102
0.1533282
0.15332793
0.15332715
0.15331781
0.15331121
0.15331055
0.1532951
0.15328965
0.15328512
0.15327646
0.15327488
0.15327293
0.15326107
0.15324898
0.15324858
0.15324664
0.15322466
0.15321586
0.15321586
0.15321341
0.15321027
0.15320674
0.15320104
0.15319513
0.15318978
0.15317617
0.15316485
0.1531566
0.1531513
0.15314862
0.15314862
0.15313233
0.15313102
0.15312976
0.15311675
0.1531104
0.15310808
0.1531016
0.15310036
0.15308224
0.15307562
0.15307046
0.15307046
0.15306583
0.15306203
0.15305015
0.15304555
0.1530336
0.15303124
0.1530267
0.15302473
0.15302473
0.15302148
0.15301815
0.15300514
0.15300514
0.15299772
0.15299362
0.1529757
0.15297318
0.15294898
0.1529411
0.15294011
0.15292735
0.15292583
0.152925
0.15292294
0.15292214
0.15292019
0.152907
0.15289061
0.15288915
0.15287791
0.15287678
0.15287298
0.15287226
0.15286477
0.15284
0.1528378
0.15283611
0.1528279
0.15281166
0.15280434
0.1528014
0.15278457
0.1527819
0.1527704
0.1527558
0.15271866
0.15271711
0.15271586
0.15270379
0.15270172
0.1526962
0.15267831
0.15267622
0.15267171
0.15266915
0.15266767
0.15266505
0.15265141
0.15263869
0.15263869
0.15262024
0.1526138
0.1526092
0.1526092
0.15259172
0.15258554
0.15258148
0.15257403
0.15257153
0.15256582
0.15256305
0.15255769
0.15254237
0.152526
0.15252379
0.15252307
0.15252224
0.15251885
0.15251239
0.15250584
0.15249784
0.15249527
0.15249433
0.15248108
0.15246598
0.15245926
0.152454
0.15244848
0.15243906
0.15242939
0.15241878
0.15241636
0.15238343
0.15238144
0.15237626
0.1523576
0.15235043
0.15234321
0.15233497
0.15232791
0.15231274
0.1523085
0.1523064
0.1523051
0.1522972
0.15228602
0.15227854
0.1522777
0.1522734
0.1522667
0.15226638
0.15225747
0.1522545
0.15224922
0.15224922
0.15223543
0.15223388
0.15223266
0.1522311
0.15222281
0.15220354
0.15220098
0.15219045
0.15217641
0.15216276
0.15216085
0.15213136
0.1521266
0.15212457
0.15210313
0.1520965
0.1520745
0.15206264
0.15204985
0.15204479
0.15203516
0.15202911
0.15198188
0.15196829
0.15196387
0.15195745
0.15195508
0.15194958
0.15194426
0.15194297
0.15194085
0.15193912
0.15193388
0.1519331
0.15193209
0.15191416
0.15191364
0.15190955
0.15190805
0.15190062
0.15189797
0.15189515
0.15189098
0.15188548
0.15184548
0.15183729
0.1518321
0.15183097
0.15181515
0.15180555
0.15180446
0.15180358
0.15180245
0.15180214
0.15179968
0.1517927
0.1517843
0.1517801
0.15174274
0.151739
0.15173283
0.15172596
0.15171382
0.15171191
0.1517032
0.1516607
0.15165478
0.1516491
0.1516457
0.15164188
0.15163037
0.15162958
0.15162669
0.15160646
0.15159738
0.15158467
0.15157579
0.15157168
0.15155013
0.15154932
0.15152836
0.15150414
0.1514989
0.15149805
0.15149531
0.15148993
0.15148811
0.15148744
0.15147807
0.15147059
0.15145826
0.15145
0.15144657
0.15144442
0.15144332
0.1514329
0.15142898
0.15142737
0.15140076
0.15139724
0.1513959
0.1513871
0.1513856
0.15136111
0.151352
0.15132791
0.15132469
0.15131846
0.15131229
0.15130556
0.15129736
0.15129593
0.15129091
0.15129013
0.15128179
0.15126567
0.15125626
0.1512551
0.15123872
0.15123338
0.15122965
0.15121879
0.15121864
0.15120369
0.15119855
0.15117738
0.15116936
0.151168
0.15116313
0.15116313
0.1511598
0.15115389
0.15113112
0.15112378
0.15112045
0.15111592
0.15111339
0.1511133
0.15111314
0.1511
0.15109366
0.15109366
0.15107939
0.15106626
0.15106201
0.15106003
0.15105855
0.15103315
0.1510256
0.15101896
0.15100881
0.15099253
0.1509838
0.15096892
0.15096493
0.15091756
0.15089393
0.1508749
0.15086724
0.15086655
0.15086608
0.15085895
0.15085742
0.15084699
0.15083529
0.15083298
0.15082526
0.15082264
0.15081562
0.15081525
0.15081117
0.15080829
0.15080413
0.15078829
0.15078148
0.15077543
0.1507721
0.15075968
0.15075862
0.15075706
0.150752
0.1507318
0.15071665
0.1507133
0.1507132
0.15071024
0.15069963
0.15069826
0.15069474
0.15069151
0.15068303
0.15065233
0.1506514
0.1506502
0.1506496
0.15064415
0.15063132
0.1506311
0.15062661
0.15062286
0.1506179
0.15061356
0.15060066
0.15059282
0.15059225
0.15058754
0.15058206
0.15058114
0.1505746
0.15057176
0.15057059
0.15055373
0.15055247
0.15055247
0.15054853
0.1505394
0.15051535
0.15051511
0.15051077
0.15050797
0.15050782
0.15048614
0.1504756
0.15047526
0.15047346
0.15046914
0.15046671
0.15046234
0.1504491
0.1504347
0.15041807
0.15041466
0.15040673
0.15039279
0.15038608
0.15037894
0.15037581
0.15036896
0.15036759
0.15034845
0.15034787
0.15034764
0.15034209
0.15034175
0.15034087
0.15033485
0.15033326
0.15033326
0.15033326
0.15032768
0.15030086
0.15029721
0.15026858
0.15026651
0.15025982
0.15025644
0.15025276
0.15025276
0.1502475
0.1502471
0.1502396
0.15023924
0.15023364
0.15022914
0.15022354
0.15020941
0.15019575
0.15019132
0.15018222
0.15017211
0.15016666
0.1501479
0.1501259
0.1501259
0.15011625
0.1501126
0.1501031
0.15008433
0.15008304
0.15008141
0.15007374
0.15006521
0.150053
0.15004984
0.15001632
0.15000872
0.1500066
0.15000553
0.14997937
0.14996926
0.14995779
0.14995681
0.14993566
0.14993481
0.14993414
0.14993222
0.14991519
0.14990783
0.14989975
0.14988512
0.14988334
0.14988062
0.14987433
0.14986435
0.14986007
0.14984027
0.1498372
0.14983161
0.14982362
0.14982362
0.14981379
0.14980972
0.14980695
0.14980565
0.1498028
0.149799
0.14979833
0.1497899
0.14978725
0.1497612
0.14975974
0.14975832
0.1497547
0.14974463
0.1497341
0.14971457
0.14971033
0.1497051
0.14969952
0.14969952
0.14969622
0.14969291
0.14969121
0.14968945
0.14968832
0.14968462
0.14968313
0.14968176
0.14966542
0.14966093
0.14964336
0.14964163
0.14963607
0.1496337
0.14962217
0.14961724
0.14961171
0.1495994
0.14959054
0.14958005
0.14957863
0.14956579
0.14954269
0.14953493
0.14952917
0.14952786
0.14951225
0.14950663
0.14950515
0.14950497
0.1495044
0.14950424
0.14948443
0.14945588
0.14945526
0.14944428
0.14944428
0.14943454
0.1494329
0.14942926
0.14942351
0.14941029
0.14940968
0.14940812
0.1494068
0.14940345
0.14939769
0.14937824
0.14937824
0.1493746
0.14936484
0.1493632
0.14935222
0.14933461
0.14933075
0.14930621
0.14929964
0.14929728
0.14928547
0.1492705
0.14926982
0.14925967
0.14925885
0.14925618
0.1492555
0.14923882
0.14923482
0.14922228
0.14921749
0.14921309
0.1492097
0.14920627
0.14918403
0.14918052
0.14917035
0.14916816
0.14916715
0.14916345
0.14916031
0.14916
0.14914224
0.14913592
0.14912863
0.1491272
0.14912672
0.14912194
0.14912046
0.14911415
0.1491138
0.14910536
0.14909345
0.14908968
0.14907597
0.1490668
0.14906384
0.14905813
0.14904733
0.14904186
0.14904131
0.14903608
0.14903508
0.14903049
0.14902541
0.14902191
0.14900844
0.1490077
0.1490077
0.14900428
0.14900428
0.1489982
0.14897782
0.14895007
0.14894883
0.14894542
0.14892904
0.1489289
0.14892831
0.1489279
0.14891458
0.14890034
0.14888595
0.14888474
0.14888205
0.14887612
0.14887574
0.14886904
0.14886045
0.14884348
0.14884034
0.14882001
0.14881727
0.1488088
0.14880808
0.14880407
0.14879692
0.14879651
0.14879192
0.14877565
0.1487755
0.14877164
0.14875126
0.14875126
0.14874776
0.1487452
0.14873528
0.14872132
0.14871195
0.14869787
0.14868878
0.14867915
0.14867373
0.14867227
0.14865956
0.14865787
0.14864816
0.14864285
0.14863753
0.14863265
0.14863236
0.14862372
0.14861579
0.14861432
0.1486142
0.14861281
0.1486117
0.1486052
0.1486014
0.14859971
0.14859678
0.14858258
0.14857939
0.14857657
0.14856116
0.14855695
0.14855433
0.14855218
0.14855063
0.1485308
0.1485151
0.14851195
0.14850935
0.14850149
0.14849983
0.14848348
0.14848144
0.14847384
0.14846933
0.14846721
0.148465
0.14844778
0.14844708
0.14843924
0.14842832
0.14842726
0.14842527
0.14842291
0.14841987
0.14841324
0.14841297
0.14841153
0.14840794
0.1484069
0.14839248
0.14838922
0.14838745
0.14838694
0.14838184
0.1483791
0.14836688
0.1483618
0.14835545
0.14834377
0.14834051
0.14833881
0.14833404
0.14832076
0.14831573
0.1483128
0.14829332
0.14828989
0.14827724
0.1482734
0.14827313
0.14826135
0.14826092
0.14825936
0.14825742
0.14825314
0.1482528
0.14824593
0.14823274
0.14823274
0.14823022
0.14822173
0.14820816
0.14820473
0.14820015
0.14819948
0.14819427
0.14817236
0.1481696
0.14816418
0.14816082
0.14816073
0.14815338
0.14815025
0.148143
0.14814065
0.14812553
0.1481111
0.14810798
0.14810386
0.14809793
0.1480976
0.148074
0.14807303
0.14805493
0.14804843
0.14804615
0.14803803
0.14803392
0.14803174
0.14802973
0.14802198
0.14802063
0.1480172
0.147991
0.14798896
0.14798328
0.14798181
0.14797974
0.14797771
0.1479762
0.14795548
0.14792244
0.147919
0.14791061
0.14790848
0.14790612
0.14790432
0.14789063
0.1478383
0.14783448
0.14783248
0.14781976
0.1477707
0.14776705
0.14776286
0.14776237
0.14776237
0.14775956
0.14775085
0.14774941
0.14774714
0.14774473
0.14774258
0.14772017
0.14770189
0.14770189
0.14768961
0.1476632
0.14765894
0.14764191
0.14763847
0.14763783
0.14763561
0.1476339
0.14762108
0.14760776
0.1476026
0.14758599
0.14757808
0.14757222
0.14756148
0.14756137
0.14756028
0.14755966
0.147553
0.14755297
0.14753398
0.14750819
0.14749911
0.14749357
0.14749207
0.1474903
0.14748661
0.14748362
0.14748278
0.14748278
0.14748259
0.14747828
0.14747618
0.14747016
0.14746928
0.14745994
0.14745837
0.14744753
0.1474416
0.14743991
0.14743042
0.14742394
0.14741468
0.1474109
0.1474092
0.14740434
0.14740275
0.1473958
0.14738694
0.14738694
0.14738508
0.14737882
0.14737526
0.14733224
0.14732987
0.14732367
0.14731583
0.14731511
0.147311
0.14730863
0.14730465
0.14730361
0.14730148
0.14730018
0.14730018
0.14729935
0.14729647
0.14728244
0.1472822
0.14727594
0.14727522
0.14727482
0.14724953
0.14724293
0.14723605
0.14722762
0.14722402
0.14721797
0.14720875
0.14720786
0.14719838
0.14719798
0.14719325
0.14717215
0.14716996
0.14715482
0.14713104
0.1471303
0.1471276
0.14712617
0.14711405
0.1470987
0.14709713
0.14709195
0.14709012
0.14706784
0.14706539
0.14706425
0.1470569
0.1470511
0.14704861
0.14704709
0.1470432
0.14704005
0.1470328
0.14702803
0.14701727
0.14701533
0.1470147
0.1469908
0.14698789
0.14697419
0.14696385
0.14696135
0.14695716
0.14695555
0.14694586
0.14694263
0.14693944
0.14693291
0.14692284
0.14692034
0.14691837
0.14690696
0.14689542
0.14689246
0.14687768
0.14686823
0.14686446
0.14686091
0.14684902
0.14684828
0.14684331
0.14684263
0.1468409
0.14683698
0.14681943
0.14680575
0.1468047
0.1467921
0.14678189
0.14677693
0.14677219
0.14676449
0.14674498
0.14674221
0.14674117
0.14673977
0.14673822
0.14671819
0.14671063
0.14670216
0.14669491
0.14669299
0.14669299
0.14668404
0.14667775
0.146669
0.14666715
0.14666599
0.14666131
0.14665197
0.14664733
0.14663662
0.14663334
0.14662223
0.14661765
0.14661619
0.14661428
0.14660656
0.14660312
0.14659373
0.14659317
0.14658965
0.14658822
0.1465644
0.1465623
0.14655991
0.14653563
0.14653051
0.14652914
0.14652726
0.14652288
0.14652
0.14652
0.14651972
0.14651242
0.14650555
0.14649878
0.1464981
0.14649086
0.14647575
0.14646427
0.14646266
0.14645132
0.14645092
0.14644748
0.14644657
0.14644513
0.14643638
0.14642678
0.14642271
0.1464219
0.14641328
0.14639996
0.14639167
0.14638793
0.14638591
0.14637876
0.14636824
0.14636719
0.14636487
0.14636323
0.14635749
0.1463526
0.14634605
0.14633535
0.14633204
0.14632219
0.14631468
0.14631265
0.14629681
0.14629488
0.14629488
0.14629023
0.14628339
0.14626618
0.14625765
0.14625451
0.14625272
0.14623795
0.14623563
0.14623441
0.14623313
0.14621069
0.14619908
0.14619699
0.14619146
0.14618647
0.14617644
0.14616898
0.14616789
0.14616168
0.14616099
0.14615618
0.14615558
0.14615558
0.14615194
0.14614908
0.14614764
0.14614308
0.14614296
0.14612938
0.14612666
0.14612408
0.14612408
0.14612244
0.14610621
0.1460871
0.14608449
0.14608258
0.14607972
0.14607884
0.14606425
0.14605203
0.14602102
0.14601949
0.1460086
0.1460076
0.14600337
0.14599736
0.14599718
0.14599617
0.14599234
0.1459871
0.14598377
0.14597751
0.14597082
0.14597037
0.1459693
0.14596672
0.14595136
0.14594635
0.14592895
0.14592823
0.145928
0.14592692
0.14592372
0.14592026
0.14591254
0.14591242
0.14591017
0.14591
0.14588746
0.14588563
0.14588313
0.1458814
0.14587688
0.14587545
0.14587179
0.14586875
0.1458648
0.14586337
0.14584368
0.14584027
0.14583878
0.1458364
0.14583611
0.14583275
0.14583023
0.14582764
0.14582236
0.14581996
0.14580888
0.14580683
0.14580673
0.14580531
0.145804
0.14579667
0.1457929
0.14579113
0.14579089
0.14578587
0.14577654
0.1457685
0.1457534
0.14571418
0.14570418
0.1457029
0.14569731
0.1456899
0.14568605
0.14568356
0.14567426
0.14567156
0.14566913
0.14565839
0.14565599
0.14565174
0.14563935
0.14563519
0.1456273
0.14561686
0.14561309
0.14561306
0.14560983
0.14560659
0.14559716
0.14558946
0.14558841
0.14558792
0.14557569
0.14557314
0.1455637
0.14555925
0.14555652
0.14555214
0.1455484
0.14554834
0.14554255
0.14553389
0.14553246
0.14552014
0.14552
0.14551568
0.14550942
0.14549558
0.14548455
0.14548302
0.14547502
0.14547338
0.1454726
0.14546998
0.14546558
0.14546217
0.14545767
0.14545767
0.14545263
0.14544845
0.14544277
0.145435
0.145435
0.14542748
0.14542575
0.14540902
0.14540407
0.1454035
0.14538057
0.14536941
0.14536572
0.14535727
0.14535645
0.14535525
0.14534917
0.14533915
0.14533912
0.14533316
0.14532837
0.14532837
0.14532597
0.1453225
0.14532176
0.14531691
0.14531584
0.14529282
0.14529034
0.14528687
0.1452761
0.14526536
0.14526495
0.14525405
0.14525375
0.14524771
0.14523815
0.14523277
0.14523277
0.14523049
0.14521158
0.14521122
0.14520802
0.1452071
0.14520267
0.14520048
0.1451987
0.1451969
0.1451945
0.1451939
0.14518486
0.14517687
0.14517565
0.14517131
0.14516787
0.14516681
0.14516443
0.14515859
0.14515024
0.14515024
0.14514984
0.14514828
0.14514416
0.1451389
0.14512734
0.14512096
0.14511728
0.14511478
0.14507039
0.1450642
0.14506328
0.14505519
0.14504667
0.14504471
0.14504379
0.1450406
0.1450222
0.14502092
0.14501385
0.14501232
0.14500877
0.14500861
0.14500625
0.14499387
0.14498621
0.14498405
0.1449762
0.14495708
0.14495109
0.14493908
0.14492989
0.14492667
0.14491665
0.14490493
0.14490469
0.14490445
0.14490433
0.14488687
0.14487934
0.14487521
0.14487392
0.14486803
0.14486727
0.14486219
0.14485668
0.14485513
0.14485377
0.14485103
0.14484508
0.14484045
0.14484006
0.14483853
0.14483623
0.14482737
0.14482725
0.14482634
0.1448251
0.14481987
0.14481337
0.14480977
0.14480546
0.14480534
0.14480148
0.14479944
0.14478208
0.1447783
0.14477809
0.14477074
0.14475681
0.14474861
0.14474441
0.14474282
0.14473414
0.14472836
0.14472134
0.14471678
0.14471135
0.14470826
0.1447035
0.14469701
0.14469442
0.14469035
0.14468981
0.1446831
0.14467743
0.14466557
0.14466374
0.14465813
0.14464214
0.14464097
0.14463648
0.14462662
0.14462563
0.14462297
0.1446183
0.1446097
0.14459889
0.144592
0.14457856
0.14457856
0.14457844
0.14456706
0.14454877
0.14454801
0.1445443
0.1445255
0.14452201
0.14451559
0.14451101
0.14450957
0.1445035
0.14448272
0.14448193
0.14448078
0.14447385
0.14447168
0.14447138
0.14445697
0.14445446
0.14445105
0.14445043
0.14444973
0.14442165
0.14442064
0.14441437
0.14440049
0.14439678
0.14439045
0.14438777
0.14438702
0.14438188
0.14437492
0.14437163
0.14436571
0.14435811
0.14435534
0.14435513
0.14435378
0.14434507
0.14434025
0.14433953
0.14433953
0.14433211
0.144331
0.14432767
0.14432633
0.1443218
0.14431857
0.14431769
0.14430414
0.1442979
0.1442966
0.14429213
0.1442893
0.14427899
0.14427705
0.14427346
0.14426984
0.14425963
0.14425911
0.14425522
0.14424925
0.14424807
0.14424686
0.14424455
0.14424221
0.1442297
0.14421484
0.1442142
0.14420854
0.14420548
0.14419536
0.14418995
0.14417578
0.14417566
0.14417347
0.14417347
0.14416865
0.14416683
0.14414698
0.14413165
0.14412636
0.14412606
0.1441173
0.14411682
0.1441167
0.14411446
0.1441051
0.14409754
0.14408809
0.14407977
0.14407977
0.14407536
0.14407124
0.14407083
0.14405264
0.14403759
0.14403668
0.14403594
0.14401856
0.1440087
0.1440046
0.14400299
0.1439993
0.14399812
0.14398974
0.14397772
0.14397305
0.14396662
0.14396329
0.14395821
0.14395268
0.1439508
0.1439506
0.14394899
0.14394729
0.14394502
0.1439446
0.14393489
0.14393377
0.14391784
0.14391467
0.14391227
0.14390568
0.14389431
0.14387713
0.14385347
0.14384578
0.14383145
0.14382821
0.14382699
0.1438254
0.14381966
0.1438128
0.1438116
0.1438072
0.14380297
0.14380187
0.1437914
0.14378251
0.14377448
0.14377409
0.14377053
0.14375442
0.1437272
0.14371619
0.14371458
0.14371458
0.14370413
0.14370221
0.14368029
0.1436786
0.14367011
0.14366348
0.14366043
0.14364716
0.14364247
0.14362702
0.14362407
0.14361984
0.14361362
0.14361359
0.14360423
0.14358987
0.14358945
0.14357498
0.14357305
0.14357157
0.14356683
0.14355944
0.14355493
0.14354044
0.14353807
0.14352244
0.14352083
0.1435181
0.14351676
0.14351368
0.14351255
0.14351201
0.14348671
0.14347905
0.14347892
0.14346161
0.14345634
0.14345449
0.14344832
0.14344557
0.1434373
0.1434329
0.14342469
0.14342433
0.14342277
0.14341299
0.14341208
0.14341065
0.14340857
0.14338839
0.14338277
0.14338036
0.14337964
0.14337589
0.14336734
0.14336687
0.14335859
0.14334288
0.14334016
0.1433358
0.14333287
0.14331947
0.14331484
0.14331132
0.14329419
0.14328127
0.14327732
0.14327732
0.14327732
0.14327036
0.14326672
0.14325327
0.14324637
0.14324227
0.14324227
0.14324209
0.1432309
0.14322117
0.14321664
0.14321576
0.14321072
0.14321008
0.14320134
0.14319661
0.14319141
0.14318681
0.14317039
0.14316021
0.1431528
0.14315198
0.14314502
0.1431448
0.1431386
0.14313854
0.14313854
0.14313345
0.14313158
0.14313088
0.14312772
0.14310989
0.14310907
0.14310728
0.14309858
0.14309801
0.14309184
0.14308801
0.1430836
0.14306031
0.14305829
0.14304312
0.14304312
0.14303301
0.14302127
0.14300446
0.1430037
0.14300318
0.14300103
0.14299847
0.14299735
0.14299567
0.14298859
0.14298439
0.14297871
0.14297615
0.14296803
0.14296746
0.14295307
0.14295109
0.14295036
0.14294991
0.1429477
0.14291969
0.14291607
0.14291413
0.14290085
0.14289331
0.14288647
0.14287917
0.14287527
0.14287387
0.14286862
0.14286812
0.1428679
0.1428567
0.14285575
0.14284873
0.14284486
0.14284486
0.14283498
0.14281762
0.142817
0.14280918
0.14279698
0.14279582
0.14278196
0.14278029
0.14277633
0.1427723
0.14276688
0.14276147
0.14275385
0.14274067
0.14273058
0.14272541
0.14272319
0.1427021
0.14269744
0.14269744
0.14269271
0.14268851
0.14268696
0.14267938
0.14267936
0.14267673
0.14267363
0.14267187
0.14266583
0.14266583
0.1426642
0.14265981
0.14265652
0.14265515
0.14264092
0.1426364
0.14262497
0.14262474
0.1426155
0.14260812
0.14260459
0.1426008
0.142597
0.14258838
0.14258151
0.14257504
0.14257026
0.14256799
0.14256577
0.14256026
0.1425583
0.14255294
0.1425505
0.14254645
0.14253502
0.14252326
0.14252013
0.14251803
0.14251631
0.14250685
0.14249864
0.14249864
0.14249182
0.1424914
0.14248584
0.14244966
0.14244801
0.14243123
0.14242838
0.14242421
0.1424239
0.1424204
0.14240685
0.1423967
0.14239323
0.14238814
0.14238499
0.14237702
0.14237271
0.14236706
0.14236592
0.14235419
0.14235333
0.14234395
0.14233842
0.14232995
0.14232591
0.14232573
0.14232463
0.14232445
0.1423228
0.14232062
0.14231269
0.1423035
0.14229998
0.14229943
0.14229831
0.14229147
0.14229134
0.14228778
0.14227329
0.14226273
0.1422506
0.14225045
0.14224385
0.1422417
0.14223284
0.14223205
0.1422305
0.14222798
0.14222786
0.14222413
0.14222239
0.14220724
0.14220724
0.14220253
0.14219016
0.14218783
0.1421728
0.1421691
0.14214663
0.14214522
0.14214195
0.14214186
0.14213477
0.14213341
0.14213131
0.14212695
0.14212573
0.14211881
0.1421145
0.14210771
0.14210503
0.14210016
0.14209864
0.14209512
0.14209512
0.14209512
0.14208542
0.14208381
0.14207052
0.14206533
0.14205292
0.14204012
0.14203183
0.14203183
0.14203183
0.14202233
0.14202233
0.1420185
0.14201757
0.14200647
0.14200222
0.14199775
0.14199026
0.14198521
0.14197868
0.14197595
0.14197321
0.14196657
0.1419613
0.14195739
0.14193606
0.1419345
0.14192782
0.14192636
0.14192516
0.14192137
0.14191307
0.14191307
0.14191093
0.141903
0.14189377
0.14189336
0.1418837
0.14187893
0.14187777
0.14185722
0.14185557
0.14185451
0.14185321
0.14185208
0.1418514
0.14183557
0.14182991
0.14182954
0.1418186
0.141804
0.14180034
0.1417986
0.14179713
0.14179634
0.14179634
0.14179292
0.14178677
0.14178312
0.14178312
0.14178166
0.14175706
0.14174375
0.14174314
0.1417417
0.14173764
0.14173713
0.14173456
0.14170963
0.14170963
0.14170489
0.14170243
0.14170185
0.1417015
0.14169921
0.14169633
0.14168045
0.14167812
0.14167708
0.14167503
0.14167482
0.1416653
0.14166494
0.14165273
0.14165083
0.141647
0.14164194
0.14163928
0.14163543
0.14163111
0.14162017
0.14161722
0.14161481
0.1416118
0.14161041
0.1416045
0.14159897
0.14159569
0.14159082
0.14158422
0.14157857
0.14156713
0.14156523
0.14155842
0.1415563
0.14154443
0.14154267
0.14154255
0.14154053
0.14153925
0.14153033
0.14152688
0.14151561
0.14150907
0.1415075
0.14150736
0.14150693
0.14150542
0.14150374
0.14149337
0.141492
0.14147814
0.14147274
0.14146832
0.1414603
0.14143898
0.14142655
0.14141929
0.14140841
0.14139813
0.14139174
0.14138763
0.1413784
0.14137264
0.14137161
0.14136738
0.14135835
0.14135146
0.14134914
0.14134608
0.14131992
0.14131992
0.14131749
0.14131662
0.14130893
0.1412938
0.1412933
0.14127101
0.1412627
0.1412575
0.1412568
0.14125404
0.14124778
0.14124136
0.14123344
0.14123262
0.14123078
0.14122765
0.14122355
0.14121695
0.14120463
0.14120086
0.14120065
0.14119764
0.14119203
0.14118613
0.14118591
0.14118291
0.14117709
0.1411677
0.14116248
0.14115521
0.1411499
0.14114544
0.14113815
0.14113711
0.14113317
0.14113006
0.14111665
0.14111614
0.14111367
0.14111099
0.1411068
0.14109708
0.1410912
0.14108267
0.14108261
0.14107361
0.14106892
0.14106631
0.14106114
0.1410543
0.14104702
0.14104347
0.14104281
0.14103864
0.14103639
0.14103541
0.14103171
0.14103115
0.14102928
0.14102392
0.14102148
0.1410158
0.1410052
0.14098886
0.14098239
0.14097881
0.14097759
0.14096741
0.14096591
0.14095779
0.14095692
0.14095692
0.1409567
0.14094986
0.14094539
0.14094354
0.14094163
0.14093548
0.14093326
0.14093006
0.14092498
0.140919
0.14091732
0.14091732
0.14091413
0.14090791
0.14090228
0.14090113
0.14089654
0.14089493
0.1408829
0.14087716
0.14087473
0.14087294
0.14085914
0.14084949
0.1408449
0.14084275
0.14084236
0.14083289
0.14083055
0.14082268
0.14082031
0.14081438
0.14080803
0.1407834
0.14076886
0.14075957
0.14074267
0.1407411
0.14072405
0.14071563
0.14071287
0.14070883
0.14070861
0.14069675
0.14067718
0.1406725
0.14065376
0.14065202
0.14064778
0.14064474
0.14064418
0.14064188
0.14064121
0.14063339
0.1406158
0.14059281
0.14058985
0.14058049
0.14057818
0.1405772
0.14057358
0.14056905
0.14056905
0.14056839
0.14055681
0.14055364
0.14054851
0.14054851
0.14054765
0.14054298
0.14054082
0.14051618
0.14049634
0.14049634
0.14049259
0.14047943
0.14046712
0.14045835
0.14045158
0.14044729
0.14043978
0.14042443
0.14042409
0.1404158
0.14041302
0.14041217
0.14039701
0.14039169
0.14038242
0.1403823
0.14038175
0.14038032
0.1403584
0.14035021
0.14034756
0.14033803
0.14032999
0.14032851
0.14032075
0.14031698
0.14031614
0.14031178
0.1403048
0.1403013
0.1403013
0.14029357
0.14029357
0.14029355
0.1402773
0.14026341
0.14026226
0.14025949
0.14025907
0.14025553
0.1402476
0.14024684
0.14024231
0.14022155
0.14021938
0.14021589
0.14019732
0.14019677
0.14019571
0.14019203
0.14018996
0.14017999
0.14017612
0.14017513
0.14017189
0.14017114
0.14016083
0.14015587
0.1401416
0.14012156
0.14011408
0.14011139
0.14009857
0.14007546
0.14007394
0.1400671
0.14005658
0.14004749
0.14004722
0.14004427
0.14004232
0.14003511
0.14003477
0.14003092
0.14002928
0.14002879
0.14002392
0.14001435
0.14001235
0.13999513
0.13998106
0.13998106
0.13997483
0.13997379
0.13997202
0.13996989
0.13996597
0.13996492
0.13995634
0.1399544
0.1399544
0.13995433
0.13995308
0.1399422
0.13993178
0.13991806
0.13990949
0.13990323
0.13990211
0.13989908
0.13989228
0.1398899
0.13987277
0.13987164
0.13986534
0.13986345
0.13985501
0.13985449
0.13984163
0.1398346
0.13982554
0.13982536
0.13982186
0.13982186
0.1398137
0.13980907
0.13979554
0.13979514
0.1397733
0.13976584
0.13976538
0.1397624
0.13976212
0.1397616
0.13975354
0.13973953
0.1397374
0.13973701
0.13972631
0.13971345
0.13970862
0.13969906
0.13969477
0.13968734
0.13968095
0.13967986
0.139673
0.13966933
0.13966572
0.13966122
0.13965371
0.13965122
0.13964643
0.13963936
0.13963136
0.1396306
0.13962951
0.13962652
0.1396241
0.1396185
0.13959736
0.13959542
0.13958472
0.1395557
0.13955328
0.13955212
0.13954331
0.13953994
0.1395241
0.13951303
0.13950966
0.13950966
0.139502
0.13948502
0.13948253
0.13948086
0.13948086
0.13947259
0.13947028
0.13946839
0.13945971
0.13941918
0.1394138
0.13941297
0.13941272
0.13940893
0.13940476
0.13940355
0.1393895
0.1393828
0.13937962
0.13937622
0.13937445
0.13936506
0.13935637
0.1393539
0.13933815
0.13933419
0.13933258
0.13932246
0.13931935
0.13931212
0.13930382
0.13930348
0.13929336
0.13928267
0.1392823
0.13928209
0.13928081
0.13927443
0.13925923
0.13923626
0.13923386
0.13921197
0.13919932
0.13919923
0.13919024
0.139189
0.13917923
0.13917808
0.13917576
0.13917507
0.13916378
0.13913411
0.13912797
0.13912685
0.13911922
0.13911644
0.13911586
0.1391122
0.13910563
0.13909984
0.13909574
0.13909319
0.13908614
0.13908312
0.13908231
0.13906918
0.1390632
0.13904943
0.13904363
0.13903642
0.139023
0.13902114
0.13900736
0.13898826
0.13898169
0.13895904
0.13895196
0.13893186
0.13892888
0.13891576
0.13890247
0.13889672
0.13888493
0.138883
0.13886735
0.13885693
0.13885415
0.13884272
0.13883893
0.13883801
0.13883784
0.13883242
0.13883232
0.13883108
0.1388241
0.13882045
0.13881424
0.1388054
0.13879885
0.13879757
0.13878764
0.13878448
0.13878158
0.13877742
0.1387733
0.1387668
0.13876551
0.13876112
0.13876046
0.13875549
0.13875109
0.13875091
0.13874727
0.13872351
0.1387189
0.1387187
0.1387111
0.1387025
0.1386913
0.13868922
0.13867809
0.13867204
0.1386621
0.13862959
0.13861346
0.13860534
0.13860027
0.13859646
0.13856688
0.13854805
0.1385335
0.13851829
0.13850984
0.13849817
0.13849652
0.13848093
0.1384793
0.13847367
0.13846284
0.13846216
0.13846216
0.13844794
0.13843577
0.13842528
0.1383997
0.13837972
0.13836493
0.13836214
0.1383614
0.13833186
0.13832894
0.13831195
0.13830519
0.13827316
0.13827172
0.13827172
0.13827069
0.13825575
0.13825291
0.13824394
0.13824189
0.13823809
0.13822868
0.1382259
0.13822229
0.13821684
0.13821344
0.13821106
0.13821095
0.13820593
0.13820395
0.13820304
0.13819668
0.1381936
0.1381936
0.13818878
0.1381835
0.13818294
0.13818215
0.13817629
0.13816774
0.1381629
0.13815954
0.1381298
0.13812837
0.1381278
0.13811955
0.13811591
0.13811123
0.13809446
0.1380878
0.13806815
0.13805209
0.13803746
0.13803434
0.13803434
0.13801709
0.13801669
0.13799718
0.13798317
0.13797976
0.13797946
0.13797656
0.13795623
0.13793874
0.13793007
0.13791296
0.13790603
0.13789988
0.1378985
0.13789654
0.13788794
0.13788746
0.1378852
0.13788407
0.1378827
0.13786289
0.13785845
0.13785487
0.13784966
0.1378365
0.13783632
0.13781738
0.13781503
0.13781244
0.13779864
0.13778816
0.13778374
0.13778295
0.13778166
0.13776638
0.137727
0.13769627
0.1376773
0.13767532
0.13767283
0.13766977
0.13766445
0.13766317
0.1376629
0.13763978
0.13763364
0.13762918
0.13762757
0.13761787
0.13761504
0.13761504
0.13761283
0.13760203
0.13759394
0.13758227
0.13757367
0.13757172
0.1375579
0.1375549
0.13755217
0.13753957
0.13753575
0.13751869
0.13751471
0.13749251
0.13748918
0.13748254
0.13747987
0.13746047
0.13745236
0.13745
0.1374468
0.13744575
0.13744394
0.13743626
0.13743086
0.13743031
0.13741393
0.13740565
0.13740212
0.13739112
0.13737951
0.13736646
0.13736546
0.13735993
0.13735564
0.13735183
0.137344
0.13734095
0.13734086
0.13732457
0.13732217
0.13732082
0.13731442
0.1373133
0.13729545
0.13729307
0.13728681
0.13727883
0.13727586
0.13727283
0.13727199
0.13725574
0.13723825
0.13723187
0.13723017
0.13721953
0.13721076
0.1371867
0.13718338
0.13718005
0.13717926
0.1371516
0.1371502
0.137145
0.13714224
0.13714224
0.1371316
0.13712348
0.13712256
0.13711432
0.13710636
0.1370984
0.137096
0.13709427
0.13709113
0.13708395
0.13707206
0.13707112
0.1370711
0.13704582
0.13702348
0.13702127
0.13699307
0.13698736
0.13698274
0.13693972
0.13692644
0.13692543
0.13690728
0.13690376
0.1368857
0.13687453
0.13687263
0.13687113
0.13685587
0.13685499
0.13684954
0.13684131
0.13683915
0.13683422
0.13683422
0.13682745
0.13682346
0.13681
0.13680606
0.13679561
0.13679086
0.13678788
0.13678643
0.13678041
0.13676505
0.13673696
0.13671869
0.13670254
0.1366797
0.13667805
0.13667475
0.13666934
0.13666934
0.13666467
0.13664994
0.13664284
0.13664284
0.13663587
0.13663384
0.13663362
0.13662821
0.13662727
0.13660628
0.1366045
0.1365983
0.13659352
0.13659099
0.13658267
0.13655393
0.1365414
0.13653374
0.13653122
0.13652925
0.1365283
0.13652262
0.1365171
0.13651697
0.1364884
0.13648738
0.1364595
0.13645917
0.13645282
0.13644981
0.13643925
0.13640891
0.13640377
0.13638328
0.13636099
0.13635722
0.13635655
0.1363514
0.13635115
0.13633074
0.13633044
0.13633044
0.13632652
0.13632652
0.13631202
0.13631053
0.13629447
0.13628979
0.13628052
0.13627121
0.13626094
0.1362516
0.13622163
0.13619703
0.1361889
0.1361668
0.13615006
0.1361245
0.13612132
0.13610287
0.13608252
0.13607834
0.13607554
0.13605767
0.13604856
0.13603736
0.1360365
0.13601947
0.13600843
0.13600375
0.13600266
0.13600221
0.13598926
0.13596742
0.13594444
0.13594103
0.13593794
0.13591732
0.13591632
0.13591434
0.13590996
0.13588475
0.13587862
0.1358782
0.1358782
0.13585205
0.1358518
0.13584612
0.13583733
0.13583647
0.13582754
0.13582493
0.13581906
0.1357951
0.13579452
0.13578987
0.13578744
0.13577689
0.13576472
0.1357626
0.13573511
0.13573381
0.1357309
0.1357252
0.13572475
0.13572145
0.13572118
0.13571334
0.13571198
0.13570379
0.13566911
0.13566603
0.13565338
0.13564613
0.1355961
0.13559489
0.13556607
0.13555044
0.13554747
0.13554578
0.13552824
0.13552172
0.13551693
0.13550988
0.13550687
0.13550374
0.13549303
0.1354816
0.13547815
0.1354538
0.1354504
0.13544543
0.13544217
0.13544175
0.13543642
0.13541403
0.13541007
0.1354032
0.1353934
0.13537727
0.13537188
0.13534978
0.13534786
0.13534664
0.13534161
0.13533932
0.13533893
0.13533458
0.13530819
0.13529542
0.13529266
0.13528986
0.13528585
0.135268
0.13526496
0.13525
0.13523947
0.1352344
0.13523364
0.1352321
0.13523136
0.13518918
0.13517588
0.13514604
0.1351214
0.13512084
0.13511436
0.13510992
0.13510346
0.13509853
0.13509059
0.13507344
0.13506892
0.13506521
0.13506521
0.1350607
0.1350524
0.1350287
0.13502333
0.13501967
0.13501656
0.13501452
0.13500011
0.13500004
0.134979
0.134979
0.13497446
0.13497241
0.13495637
0.134955
0.13494344
0.13492581
0.13492385
0.13491051
0.13490564
0.13489632
0.1348769
0.13486719
0.13486299
0.13484666
0.13484597
0.13480714
0.13476174
0.13473855
0.13473475
0.13472457
0.13468401
0.13468373
0.13467795
0.1346647
0.1346396
0.13460597
0.13458106
0.13456479
0.13453856
0.13453683
0.13452998
0.13452998
0.13452795
0.13452332
0.1345232
0.13451181
0.13450389
0.13449611
0.13448046
0.13446884
0.13445415
0.13442945
0.13442022
0.134409
0.1344063
0.13440111
0.13437887
0.13437603
0.13436411
0.13435978
0.13435887
0.13432485
0.13431844
0.1343095
0.13429722
0.13427432
0.1342463
0.13424154
0.13423187
0.13421746
0.1342083
0.13420641
0.13419788
0.13416253
0.1341511
0.13415067
0.13414821
0.1341429
0.13413781
0.13413289
0.13408642
0.13408354
0.13408259
0.13407885
0.13405488
0.13403988
0.13402973
0.13402528
0.13401875
0.13400774
0.13400413
0.134003
0.13393806
0.13393293
0.13391264
0.1339126
0.13385691
0.13384928
0.13384452
0.13383871
0.13383263
0.13380782
0.13380353
0.13380118
0.13379024
0.13378567
0.13378185
0.13377261
0.1337714
0.13376571
0.13374715
0.13371815
0.13369094
0.13362272
0.1336219
0.1336185
0.13359706
0.1335827
0.13357724
0.13357218
0.13356587
0.13356179
0.13353647
0.13352902
0.13351424
0.13348974
0.13348335
0.1334772
0.1334502
0.13345012
0.1334292
0.13342865
0.13342743
0.13342015
0.13341801
0.1333941
0.13335338
0.13334067
0.1333234
0.13331139
0.13330464
0.13330019
0.13329834
0.13328017
0.13327682
0.13326608
0.13325143
0.13324594
0.13323973
0.13323563
0.13323438
0.13323145
0.13321093
0.13318448
0.13316907
0.13313258
0.13304919
0.13304284
0.1330365
0.13300715
0.13300705
0.13299258
0.13299248
0.13296378
0.13291991
0.13291518
0.13290063
0.13288699
0.13287748
0.13286318
0.13285874
0.13285837
0.1328365
0.132828
0.1328205
0.13279979
0.13279268
0.13277267
0.1327639
0.13269772
0.1326807
0.1326694
0.13266918
0.13262866
0.13260993
0.1325821
0.13257916
0.13255973
0.13254498
0.13254331
0.13253541
0.13252307
0.13250475
0.13249674
0.13248849
0.13248403
0.13245977
0.13244547
0.13244323
0.1324417
0.13243082
0.13242772
0.13242275
0.13242033
0.13241781
0.1324073
0.13240223
0.1322919
0.13228847
0.13225137
0.13224113
0.13217723
0.13215497
0.13215311
0.1321293
0.13207822
0.13205302
0.13197275
0.13196746
0.13194877
0.13194719
0.13192886
0.1319121
0.13190787
0.13188477
0.13185702
0.13184544
0.13181426
0.13181219
0.1318098
0.13180907
0.1317801
0.1317351
0.1317307
0.13171625
0.13171138
0.13167173
0.13165815
0.13165766
0.13163565
0.13160229
0.13159579
0.13156149
0.1314899
0.13148268
0.13147621
0.13146976
0.13144292
0.13140552
0.13137184
0.13131493
0.13130133
0.13126327
0.13123617
0.1311656
0.13114896
0.1311478
0.13111259
0.1310828
0.1310809
0.13108008
0.13106541
0.13106324
0.13104199
0.13103764
0.13101698
0.1309966
0.13098516
0.13090937
0.13090877
0.13089103
0.13085732
0.13085654
0.13085
0.13084222
0.13077462
0.13077326
0.13076869
0.13071263
0.13069615
0.1306675
0.13066527
0.13065378
0.1306177
0.13060239
0.13059856
0.13059682
0.13059174
0.13055246
0.13049002
0.1304894
0.13048165
0.1304609
0.1304255
0.13040468
0.13037552
0.13035376
0.13035217
0.13029596
0.13028875
0.13027456
0.1302646
0.13023528
0.1301601
0.1301463
0.13014369
0.13007422
0.13000438
0.12997557
0.12996618
0.12995668
0.12991212
0.12989767
0.12977627
0.12976885
0.12976882
0.12973578
0.1297161
0.12971513
0.12969343
0.12966587
0.12964517
0.129601
0.12957382
0.1295409
0.12953997
0.12951861
0.12951632
0.12950084
0.12947275
0.1294421
0.12943435
0.12938589
0.12932849
0.12932537
0.1293222
0.12927818
0.12920456
0.12919776
0.12914984
0.12911642
0.12910716
0.12910357
0.12900114
0.12894627
0.12893526
0.12892504
0.12892193
0.12891679
0.1289143
0.12883344
0.12867051
0.12866324
0.1286519
0.12864374
0.12864085
0.12863146
0.12858815
0.12857452
0.12856728
0.12851444
0.12851198
0.128502
0.12839869
0.1283837
0.12832879
0.12829523
0.12828405
0.12827142
0.12824541
0.12815775
0.1281141
0.12809893
0.1280909
0.12807302
0.1279911
0.12797809
0.12795255
0.12787937
0.12780018
0.12757769
0.12754649
0.12753081
0.12751137
0.12750007
0.12748018
0.12747724
0.12747562
0.12745398
0.12739807
0.12736142
0.12728184
0.12725309
0.12723614
0.12718762
0.12717886
0.12711376
0.12708902
0.12704928
0.12702237
0.12700294
0.12693636
0.12689757
0.12683608
0.12668915
0.12668757
0.12661624
0.12661207
0.12657978
0.12656868
0.12655039
0.12654224
0.12641041
0.12639128
0.12629868
0.12622686
0.12622662
0.12622115
0.12615398
0.12614
0.12605663
0.12591727
0.12586051
0.12585956
0.12578656
0.12576354
0.12574875
0.12573159
0.12562142
0.12553461
0.12551953
0.1254265
0.12540647
0.124991775
0.124896556
0.124864325
0.124756545
0.12469281
0.12459111
0.124520004
0.124389045
0.12421484
0.12420634
0.12413214
0.12406332
0.124060765
0.12397581
0.123883605
0.12387128
0.12384697
0.1238316
0.12368524
0.123590045
0.123562254
0.12336005
0.12317065
0.12300142
0.122886784
0.12278442
0.12269887
0.12268868
0.12266101
0.122629456
0.12247325
0.122414455
0.12239585
0.122251324
0.12224864
0.12216928
0.12209827
0.122034945
0.12201383
0.12193235
0.12191872
0.12190471
0.12184095
0.12129782
0.12129086
0.1212043
0.12115439
0.121003985
0.12096063
0.12094108
0.120919034
0.12086238
0.12064145
0.12035985
0.12034931
0.12020448
0.12012115
0.11987575
0.11986033
0.11986019
0.11970375
0.11959438
0.1194672
0.11932491
0.11932385
0.1191575
0.119143784
0.1188832
0.11883518
0.11879188
0.11821209
0.11820335
0.11800477
0.117897384
0.11778508
0.117703505
0.11769145
0.11766446
0.11737819
0.11733282
0.11723627
0.11711429
0.11690624
0.116722696
0.116720915
0.116433516
0.116269715
0.116144665
0.1159843
0.115979075
0.11579357
0.11567637
0.11560312
0.11523939
0.115192674
0.11496613
0.11494824
0.11470886
0.114701465
0.11429765
0.114058346
0.11259969
