[0.35257992]
[0.347291]
[0.33146974]
[0.32604247]
[0.31251153]
[0.31190243]
[0.3088733]
[0.3012497]
[0.29720157]
[0.29702964]
[0.296786]
[0.29467288]
[0.29350743]
[0.29129654]
[0.28850442]
[0.28614712]
[0.28401014]
[0.28378156]
[0.27904013]
[0.27790412]
[0.27663398]
[0.27594104]
[0.27123904]
[0.27034503]
[0.26820862]
[0.26496688]
[0.2649509]
[0.26401368]
[0.2639667]
[0.26334175]
[0.26327586]
[0.26204872]
[0.26202613]
[0.2609588]
[0.25907794]
[0.25874472]
[0.25821194]
[0.25779352]
[0.2575063]
[0.25688946]
[0.25613177]
[0.25544408]
[0.2551166]
[0.2547483]
[0.2543587]
[0.2540224]
[0.25250092]
[0.25097555]
[0.24891512]
[0.24802822]
[0.24644572]
[0.24531516]
[0.24485715]
[0.24434112]
[0.24352355]
[0.24330378]
[0.24260654]
[0.24250913]
[0.24053164]
[0.23952982]
[0.23857635]
[0.23792386]
[0.23723412]
[0.2370552]
[0.23513798]
[0.23482694]
[0.23409991]
[0.23404154]
[0.2336076]
[0.23345682]
[0.23272526]
[0.2325375]
[0.23218842]
[0.23179704]
[0.23141268]
[0.23010541]
[0.2298617]
[0.22948426]
[0.22936858]
[0.22881438]
[0.22878523]
[0.22857277]
[0.22813317]
[0.22808684]
[0.228012]
[0.22781532]
[0.22763106]
[0.22752813]
[0.2273595]
[0.22707799]
[0.2266922]
[0.22658679]
[0.22636923]
[0.22634451]
[0.22610138]
[0.22569863]
[0.22569373]
[0.22568823]
[0.22508132]
[0.22468044]
[0.22450341]
[0.22413109]
[0.22396088]
[0.22390765]
[0.22295797]
[0.22289644]
[0.22283672]
[0.22204293]
[0.2213498]
[0.22117586]
[0.22113709]
[0.22106478]
[0.2210305]
[0.22073123]
[0.2207301]
[0.2206071]
[0.220377]
[0.21965455]
[0.21868873]
[0.21846797]
[0.21845761]
[0.21843995]
[0.21765247]
[0.2175243]
[0.21751674]
[0.21740346]
[0.21724835]
[0.21682255]
[0.21671376]
[0.21641412]
[0.21609636]
[0.21568972]
[0.21564686]
[0.21520899]
[0.21506767]
[0.21493095]
[0.21483427]
[0.21450032]
[0.21433209]
[0.21394114]
[0.21376827]
[0.21365722]
[0.21326417]
[0.21297102]
[0.21217619]
[0.2121473]
[0.21206005]
[0.21205828]
[0.21193905]
[0.21189661]
[0.21180806]
[0.21176629]
[0.21169566]
[0.21130778]
[0.21058585]
[0.21058445]
[0.2104878]
[0.21031995]
[0.2101356]
[0.21003145]
[0.20988166]
[0.20982014]
[0.20973192]
[0.20968643]
[0.20935883]
[0.20929287]
[0.20909452]
[0.20877767]
[0.20864323]
[0.20795602]
[0.20782201]
[0.20780312]
[0.20733204]
[0.20697935]
[0.20646048]
[0.20625685]
[0.20618272]
[0.20615385]
[0.20611297]
[0.20578629]
[0.20562911]
[0.20552303]
[0.20528924]
[0.20434564]
[0.20408162]
[0.20365997]
[0.20346358]
[0.2034512]
[0.20343746]
[0.20338374]
[0.20334832]
[0.20283432]
[0.20274778]
[0.20262209]
[0.20232013]
[0.20210981]
[0.20201367]
[0.20163853]
[0.2015558]
[0.20155555]
[0.20155485]
[0.20142816]
[0.20142154]
[0.20124027]
[0.20122325]
[0.20114611]
[0.20102917]
[0.20101772]
[0.20094241]
[0.20078349]
[0.20059578]
[0.20050566]
[0.2004175]
[0.20038295]
[0.20036803]
[0.20012803]
[0.20010582]
[0.20005327]
[0.19993079]
[0.19983591]
[0.19953871]
[0.19921494]
[0.19871882]
[0.1985562]
[0.19849993]
[0.19828695]
[0.1982395]
[0.19820067]
[0.19788498]
[0.19787174]
[0.19780484]
[0.19774291]
[0.19766709]
[0.1975699]
[0.19755025]
[0.19739825]
[0.19729422]
[0.1971638]
[0.19701158]
[0.19694196]
[0.19663599]
[0.1965139]
[0.19647914]
[0.19630995]
[0.19614333]
[0.19600694]
[0.19595453]
[0.19593781]
[0.19592907]
[0.19581804]
[0.19581409]
[0.19576007]
[0.19563308]
[0.19524993]
[0.19520168]
[0.19518527]
[0.19511968]
[0.19508494]
[0.19507647]
[0.19503222]
[0.19476496]
[0.19455677]
[0.19454798]
[0.19438523]
[0.19431055]
[0.19429727]
[0.19424169]
[0.19416909]
[0.19414757]
[0.19410844]
[0.1939784]
[0.1936742]
[0.19363214]
[0.19356896]
[0.19329502]
[0.19313873]
[0.19310525]
[0.19285634]
[0.19281265]
[0.19276346]
[0.19275512]
[0.19261388]
[0.1925939]
[0.1924642]
[0.1923976]
[0.1923694]
[0.1923091]
[0.19221449]
[0.19212933]
[0.1919684]
[0.19186614]
[0.19171265]
[0.19152324]
[0.19147827]
[0.19143583]
[0.1914217]
[0.19133975]
[0.19121937]
[0.19110249]
[0.19086598]
[0.19085453]
[0.19054762]
[0.19050229]
[0.19023226]
[0.19017486]
[0.19005884]
[0.19003212]
[0.1900168]
[0.1899639]
[0.18994707]
[0.18986018]
[0.18984868]
[0.18968461]
[0.18964441]
[0.1896428]
[0.18964073]
[0.18961187]
[0.18960045]
[0.18953972]
[0.1894608]
[0.18923576]
[0.1891911]
[0.18918625]
[0.18910134]
[0.18905999]
[0.18904684]
[0.18901311]
[0.18900886]
[0.18876591]
[0.18859169]
[0.18849294]
[0.1884583]
[0.18840894]
[0.18801644]
[0.18795644]
[0.18786086]
[0.18779118]
[0.1877087]
[0.18767296]
[0.18761824]
[0.18758817]
[0.18753497]
[0.18753211]
[0.18747668]
[0.18744966]
[0.18736126]
[0.1873091]
[0.18712719]
[0.18698177]
[0.18687975]
[0.18686846]
[0.1865468]
[0.18640454]
[0.18633367]
[0.18633047]
[0.18617862]
[0.1861598]
[0.18605846]
[0.18595214]
[0.18568584]
[0.18564811]
[0.18563852]
[0.1856316]
[0.18563128]
[0.18562523]
[0.18553138]
[0.18520337]
[0.18517227]
[0.1850809]
[0.18505336]
[0.18498906]
[0.18490875]
[0.18490705]
[0.18489204]
[0.18487638]
[0.18486287]
[0.18485019]
[0.18482852]
[0.18474561]
[0.1846621]
[0.18461694]
[0.18452315]
[0.18415515]
[0.18415515]
[0.18409815]
[0.18406987]
[0.18391298]
[0.18380576]
[0.18366735]
[0.18350273]
[0.18343276]
[0.18343247]
[0.18338825]
[0.18325245]
[0.18318906]
[0.18312566]
[0.18302912]
[0.18299903]
[0.18297724]
[0.18285288]
[0.18279134]
[0.1827824]
[0.18266058]
[0.18259005]
[0.1825717]
[0.182536]
[0.18247323]
[0.18243603]
[0.18237092]
[0.18236393]
[0.18233311]
[0.18228935]
[0.182232]
[0.18218562]
[0.18207724]
[0.18199746]
[0.18196133]
[0.18195543]
[0.18176797]
[0.18171018]
[0.18167476]
[0.18152563]
[0.1814487]
[0.18117036]
[0.18097737]
[0.18082188]
[0.18060227]
[0.1805489]
[0.18053754]
[0.18047182]
[0.18041936]
[0.18039133]
[0.1803108]
[0.18029547]
[0.18028782]
[0.18024741]
[0.18021017]
[0.18018967]
[0.18015654]
[0.18011168]
[0.18007003]
[0.17996626]
[0.17990279]
[0.17987828]
[0.1798273]
[0.17956099]
[0.17947724]
[0.17944792]
[0.1793904]
[0.1791862]
[0.17916128]
[0.17913695]
[0.17913176]
[0.17900585]
[0.1789677]
[0.17896493]
[0.17894965]
[0.17893559]
[0.17892773]
[0.17892547]
[0.17871761]
[0.17862856]
[0.17862046]
[0.1785963]
[0.1785218]
[0.17848168]
[0.17844519]
[0.17837656]
[0.1782941]
[0.17819133]
[0.17812973]
[0.17810702]
[0.17805193]
[0.17798756]
[0.17794302]
[0.17789188]
[0.17762496]
[0.17750452]
[0.17742822]
[0.1773555]
[0.17733161]
[0.17732178]
[0.17731811]
[0.17728442]
[0.17724593]
[0.1772011]
[0.17709647]
[0.17708653]
[0.17706738]
[0.17691779]
[0.17686309]
[0.17678879]
[0.17668326]
[0.1766697]
[0.17661485]
[0.17658871]
[0.17649226]
[0.17645428]
[0.17645355]
[0.17640163]
[0.17633086]
[0.17630881]
[0.1762067]
[0.17614885]
[0.17611724]
[0.17610566]
[0.1760315]
[0.17597045]
[0.17592436]
[0.17589065]
[0.17580095]
[0.17564452]
[0.17564382]
[0.1756311]
[0.17560114]
[0.17554767]
[0.17554416]
[0.17550284]
[0.17547226]
[0.17542836]
[0.17539999]
[0.17524312]
[0.17523277]
[0.17508234]
[0.17498888]
[0.1749306]
[0.17489797]
[0.17487793]
[0.17487496]
[0.17477523]
[0.17469709]
[0.17467022]
[0.17465658]
[0.17465115]
[0.17462108]
[0.17458884]
[0.17452542]
[0.1744854]
[0.1744724]
[0.17444433]
[0.17439009]
[0.17439009]
[0.17434517]
[0.17431141]
[0.1742669]
[0.17418838]
[0.17413905]
[0.1740903]
[0.1740758]
[0.17398174]
[0.17398162]
[0.1739206]
[0.17386779]
[0.17375855]
[0.17359783]
[0.17358485]
[0.17358066]
[0.17357317]
[0.17350046]
[0.17346673]
[0.17345175]
[0.17342673]
[0.1733852]
[0.17324261]
[0.17323959]
[0.17308658]
[0.17306188]
[0.17306091]
[0.1730489]
[0.17287724]
[0.17281802]
[0.17274353]
[0.17274003]
[0.17264736]
[0.1725858]
[0.17252326]
[0.17248617]
[0.17248167]
[0.17240888]
[0.17238857]
[0.17233875]
[0.17226703]
[0.1722145]
[0.17220986]
[0.17202508]
[0.17196372]
[0.17186394]
[0.17170186]
[0.17167284]
[0.171648]
[0.17159626]
[0.17158915]
[0.17157334]
[0.17156114]
[0.17153646]
[0.1715059]
[0.1714642]
[0.17143402]
[0.17136633]
[0.17136465]
[0.17134838]
[0.1713422]
[0.17118466]
[0.17115763]
[0.17098208]
[0.17089513]
[0.17080085]
[0.17074446]
[0.17069218]
[0.17064744]
[0.17061147]
[0.17058009]
[0.1705488]
[0.17049363]
[0.17047332]
[0.17040862]
[0.17040277]
[0.17032322]
[0.17032322]
[0.17022984]
[0.17021579]
[0.17019793]
[0.17017333]
[0.17005995]
[0.17005566]
[0.1700422]
[0.16997096]
[0.16989064]
[0.16973747]
[0.1696979]
[0.169664]
[0.16960005]
[0.1694992]
[0.1694907]
[0.16946247]
[0.16945511]
[0.16945195]
[0.16929086]
[0.1692039]
[0.16912965]
[0.16906305]
[0.16898924]
[0.16895999]
[0.16883276]
[0.16880521]
[0.16878025]
[0.16877176]
[0.16856857]
[0.16856647]
[0.16853802]
[0.16852328]
[0.1685098]
[0.16848963]
[0.16846883]
[0.16844147]
[0.16842993]
[0.16842416]
[0.16826682]
[0.1682388]
[0.1682193]
[0.16820416]
[0.16820398]
[0.16819401]
[0.16818759]
[0.16810751]
[0.16793413]
[0.16791385]
[0.16788444]
[0.16785836]
[0.16783133]
[0.16776858]
[0.1677002]
[0.16763724]
[0.16747698]
[0.16739222]
[0.16738902]
[0.16735144]
[0.1673414]
[0.1673337]
[0.16729096]
[0.16725248]
[0.16723496]
[0.16721784]
[0.16718933]
[0.16717413]
[0.16710497]
[0.16703802]
[0.16700803]
[0.16691926]
[0.16688234]
[0.16684964]
[0.1668231]
[0.16677974]
[0.1667276]
[0.16672702]
[0.16672057]
[0.1667026]
[0.16659296]
[0.16642956]
[0.1664072]
[0.16639087]
[0.1663801]
[0.16637859]
[0.16636981]
[0.16635075]
[0.16628544]
[0.16628453]
[0.16627127]
[0.16626829]
[0.16626163]
[0.16625158]
[0.16619878]
[0.16617675]
[0.1661743]
[0.16605097]
[0.16603355]
[0.166032]
[0.16602153]
[0.16599552]
[0.16589725]
[0.16588749]
[0.16580212]
[0.16577697]
[0.16574138]
[0.1656863]
[0.16560236]
[0.16559333]
[0.1655803]
[0.16554679]
[0.16547538]
[0.16546988]
[0.16545795]
[0.16536388]
[0.16529919]
[0.16523455]
[0.16516472]
[0.1651272]
[0.1651261]
[0.16511199]
[0.16504982]
[0.16501045]
[0.16495542]
[0.16494311]
[0.16484584]
[0.16480972]
[0.16478209]
[0.16474073]
[0.16467501]
[0.16462062]
[0.16460846]
[0.16457325]
[0.1645668]
[0.16452205]
[0.1643947]
[0.16439213]
[0.16438267]
[0.1643762]
[0.16435757]
[0.16429445]
[0.1642839]
[0.16423802]
[0.16419397]
[0.16418883]
[0.16414332]
[0.16413957]
[0.16413264]
[0.16409366]
[0.16408]
[0.16400053]
[0.16392207]
[0.16385914]
[0.16380805]
[0.16371287]
[0.16367668]
[0.16365106]
[0.16358563]
[0.16358443]
[0.16357316]
[0.16343507]
[0.16343418]
[0.16342948]
[0.16337898]
[0.16337018]
[0.16333933]
[0.16324039]
[0.1631983]
[0.16309881]
[0.16305776]
[0.16305245]
[0.16304006]
[0.16298363]
[0.16298078]
[0.16295007]
[0.16294554]
[0.16293769]
[0.16291277]
[0.16290937]
[0.16284658]
[0.16284339]
[0.16279091]
[0.16275026]
[0.16273434]
[0.16272493]
[0.16270047]
[0.16270018]
[0.1626906]
[0.1626577]
[0.16264299]
[0.1626177]
[0.1626027]
[0.16255154]
[0.1624334]
[0.16238654]
[0.16238482]
[0.16237967]
[0.16236323]
[0.16236202]
[0.1623578]
[0.16235171]
[0.16234873]
[0.16233854]
[0.1623049]
[0.1622297]
[0.16221775]
[0.16219702]
[0.16214137]
[0.16210377]
[0.16205473]
[0.16205376]
[0.16204509]
[0.16204429]
[0.16197634]
[0.16196534]
[0.1619525]
[0.1619335]
[0.16191101]
[0.16190004]
[0.16189653]
[0.16187355]
[0.16186714]
[0.16184518]
[0.16183995]
[0.16183329]
[0.16179164]
[0.16179048]
[0.16176759]
[0.16173677]
[0.16171153]
[0.16168635]
[0.16165072]
[0.16164787]
[0.16161187]
[0.16157037]
[0.16152236]
[0.16151586]
[0.16151237]
[0.16148722]
[0.1614479]
[0.1614322]
[0.16140476]
[0.16134438]
[0.16132216]
[0.16132207]
[0.16128768]
[0.16126563]
[0.16123301]
[0.16120629]
[0.16118756]
[0.16118315]
[0.16114904]
[0.16114898]
[0.16111611]
[0.16111611]
[0.16105509]
[0.16103318]
[0.16100678]
[0.16097121]
[0.16090612]
[0.16090585]
[0.16078293]
[0.1607693]
[0.16067895]
[0.1606647]
[0.16064715]
[0.16060948]
[0.16058743]
[0.16048391]
[0.16047359]
[0.16046807]
[0.16036907]
[0.16034028]
[0.1602778]
[0.16027291]
[0.1602442]
[0.16021703]
[0.16021122]
[0.16021122]
[0.16020201]
[0.1601683]
[0.16012435]
[0.16008748]
[0.16008292]
[0.16008292]
[0.16004173]
[0.16003923]
[0.16001882]
[0.16001827]
[0.16000366]
[0.15999027]
[0.15999027]
[0.159945]
[0.15992248]
[0.15990871]
[0.15984242]
[0.15982112]
[0.15980135]
[0.15972136]
[0.15968184]
[0.15964806]
[0.15964608]
[0.15964438]
[0.15959926]
[0.15956295]
[0.15953027]
[0.15947068]
[0.15946321]
[0.15940818]
[0.15940818]
[0.15937528]
[0.15936449]
[0.15934785]
[0.15931311]
[0.15929857]
[0.15926693]
[0.15922348]
[0.15914275]
[0.15913726]
[0.15912482]
[0.15906543]
[0.1590128]
[0.15900575]
[0.15895973]
[0.15890498]
[0.15889017]
[0.1588757]
[0.1588673]
[0.15883842]
[0.15883766]
[0.15882787]
[0.15882787]
[0.15875793]
[0.15875664]
[0.1587427]
[0.15873241]
[0.15873241]
[0.1587316]
[0.15872754]
[0.15870656]
[0.15868759]
[0.15863849]
[0.15862942]
[0.15861249]
[0.15861069]
[0.15859284]
[0.15857899]
[0.15856737]
[0.15854956]
[0.15850729]
[0.15847848]
[0.15847105]
[0.15844835]
[0.15844634]
[0.15840177]
[0.15836348]
[0.15832265]
[0.15826166]
[0.15821323]
[0.15820213]
[0.15820085]
[0.15816063]
[0.15815006]
[0.15814206]
[0.1581311]
[0.15811057]
[0.15811047]
[0.15805916]
[0.15795307]
[0.15792145]
[0.15790668]
[0.15790604]
[0.15789457]
[0.15786721]
[0.15786302]
[0.15784794]
[0.15779498]
[0.15777017]
[0.15775837]
[0.15772434]
[0.15771003]
[0.15768133]
[0.15763268]
[0.1575342]
[0.1574914]
[0.15745465]
[0.15744686]
[0.15743287]
[0.15742245]
[0.15737909]
[0.1573421]
[0.15734103]
[0.15729672]
[0.15727924]
[0.15724047]
[0.15719998]
[0.15715674]
[0.15715656]
[0.15714072]
[0.15711571]
[0.15706012]
[0.15701805]
[0.15700893]
[0.15697615]
[0.15697533]
[0.1569626]
[0.1569339]
[0.15690435]
[0.15688275]
[0.15686865]
[0.15685448]
[0.15683377]
[0.15675394]
[0.15674885]
[0.15672047]
[0.15669721]
[0.15665598]
[0.15665403]
[0.15663585]
[0.15660621]
[0.1565832]
[0.1565665]
[0.15654679]
[0.15650484]
[0.15649794]
[0.15646663]
[0.15644732]
[0.15642542]
[0.15642045]
[0.15637062]
[0.1563427]
[0.15633741]
[0.15631248]
[0.15631129]
[0.15629733]
[0.15629552]
[0.15629466]
[0.15628977]
[0.15626849]
[0.1562574]
[0.15625486]
[0.15621598]
[0.15619482]
[0.15613768]
[0.156122]
[0.15611057]
[0.15609577]
[0.15607093]
[0.15606742]
[0.15605302]
[0.15604836]
[0.15604556]
[0.15604198]
[0.15603963]
[0.15602839]
[0.15602647]
[0.15601954]
[0.15596558]
[0.15595189]
[0.1559448]
[0.15592958]
[0.1559173]
[0.15591119]
[0.15589952]
[0.15589952]
[0.15579133]
[0.15576729]
[0.15572014]
[0.15570432]
[0.15569836]
[0.15567501]
[0.15553097]
[0.15550363]
[0.15549846]
[0.15546513]
[0.15532902]
[0.15527105]
[0.15517879]
[0.15511994]
[0.15511091]
[0.15507208]
[0.15505879]
[0.15505552]
[0.1550454]
[0.15502605]
[0.15500493]
[0.15499713]
[0.15497337]
[0.15493771]
[0.15491337]
[0.15491112]
[0.1548716]
[0.15485388]
[0.15484986]
[0.15481625]
[0.15480708]
[0.1547855]
[0.15474634]
[0.15472674]
[0.1547258]
[0.15465698]
[0.15464276]
[0.15460953]
[0.15458865]
[0.15458126]
[0.1545125]
[0.15448761]
[0.15447073]
[0.15447001]
[0.1544531]
[0.15444952]
[0.15443169]
[0.15440579]
[0.15438375]
[0.15438206]
[0.15432617]
[0.15428703]
[0.1542813]
[0.1541922]
[0.15419213]
[0.1541754]
[0.15413547]
[0.15411904]
[0.15411554]
[0.15409714]
[0.15408349]
[0.1540833]
[0.15407448]
[0.1540669]
[0.1540669]
[0.15402685]
[0.15402564]
[0.15395385]
[0.15395321]
[0.15391296]
[0.15388235]
[0.15388207]
[0.15387416]
[0.15385972]
[0.15384945]
[0.15384765]
[0.15384576]
[0.15383388]
[0.15377343]
[0.15373485]
[0.15370457]
[0.15368819]
[0.15368639]
[0.15360801]
[0.15360461]
[0.15354441]
[0.1534569]
[0.15342866]
[0.15341462]
[0.15340725]
[0.1534049]
[0.15339835]
[0.15337503]
[0.15335642]
[0.15333237]
[0.15331717]
[0.15328851]
[0.15326692]
[0.15324245]
[0.15324019]
[0.15321958]
[0.15319484]
[0.15316255]
[0.15314956]
[0.15312606]
[0.15308143]
[0.1530813]
[0.15305308]
[0.15304817]
[0.15302446]
[0.15301189]
[0.15300621]
[0.15298401]
[0.1529433]
[0.15293065]
[0.15289025]
[0.1528719]
[0.15286565]
[0.1527819]
[0.15276308]
[0.15275644]
[0.15271945]
[0.15271722]
[0.1527106]
[0.15268956]
[0.15261921]
[0.1526176]
[0.15258963]
[0.15256806]
[0.15256026]
[0.15255654]
[0.1525546]
[0.15252784]
[0.1525275]
[0.15250005]
[0.1524916]
[0.15248956]
[0.15246664]
[0.15245841]
[0.15243731]
[0.15242484]
[0.15241872]
[0.15240781]
[0.15238656]
[0.15231457]
[0.15231247]
[0.15231071]
[0.15231001]
[0.15229617]
[0.15229389]
[0.15227954]
[0.15226142]
[0.15224539]
[0.15224077]
[0.15216485]
[0.15214479]
[0.15212609]
[0.15211493]
[0.15210232]
[0.15209304]
[0.15207149]
[0.15206522]
[0.15205672]
[0.1520309]
[0.15202421]
[0.15200429]
[0.15197685]
[0.15195383]
[0.15193205]
[0.15190472]
[0.15181673]
[0.1518122]
[0.15180053]
[0.15177852]
[0.15175743]
[0.15172577]
[0.15172532]
[0.15171772]
[0.1517082]
[0.1517044]
[0.15169686]
[0.1516957]
[0.15165609]
[0.1516536]
[0.15163778]
[0.15161371]
[0.15158781]
[0.15157254]
[0.15157181]
[0.15156172]
[0.1515465]
[0.15152115]
[0.15149847]
[0.15145645]
[0.15142614]
[0.151418]
[0.151418]
[0.15140751]
[0.15136556]
[0.15133959]
[0.15133744]
[0.15132104]
[0.15130495]
[0.15129954]
[0.15126684]
[0.15123494]
[0.15123372]
[0.1511431]
[0.15112126]
[0.15111056]
[0.15110976]
[0.15110928]
[0.1510668]
[0.15104534]
[0.15101418]
[0.15100193]
[0.15099016]
[0.15097009]
[0.15095346]
[0.15094657]
[0.15088938]
[0.15085274]
[0.1508334]
[0.15081261]
[0.15080716]
[0.1507786]
[0.15072767]
[0.1507193]
[0.1506691]
[0.1506691]
[0.15064408]
[0.1506309]
[0.1506289]
[0.1505998]
[0.1505971]
[0.1505968]
[0.15059425]
[0.15059108]
[0.15059108]
[0.1505828]
[0.15058169]
[0.15055937]
[0.1505284]
[0.15049307]
[0.15047869]
[0.15044782]
[0.15044782]
[0.15043901]
[0.15041704]
[0.15040295]
[0.1503686]
[0.15036638]
[0.15028754]
[0.15028483]
[0.1502267]
[0.15020627]
[0.15020429]
[0.15020125]
[0.15019767]
[0.15019438]
[0.15018451]
[0.1501554]
[0.15014781]
[0.15012552]
[0.15011108]
[0.15008533]
[0.15006441]
[0.1500604]
[0.15002577]
[0.14999008]
[0.14998993]
[0.14997973]
[0.14997175]
[0.14996988]
[0.1499579]
[0.14992401]
[0.1499179]
[0.14991215]
[0.14990059]
[0.14982925]
[0.14980903]
[0.1498082]
[0.14979853]
[0.1497368]
[0.1496793]
[0.14967817]
[0.14966856]
[0.1496526]
[0.14963567]
[0.14963244]
[0.14963202]
[0.14961697]
[0.14961559]
[0.14960952]
[0.14960858]
[0.14960133]
[0.14957446]
[0.14952648]
[0.14948626]
[0.14946106]
[0.14944915]
[0.1493615]
[0.14935465]
[0.14934532]
[0.14934371]
[0.14934154]
[0.14932214]
[0.14930566]
[0.14929736]
[0.14926188]
[0.14925566]
[0.1492277]
[0.14920384]
[0.14918862]
[0.14917442]
[0.14915983]
[0.14915298]
[0.14909346]
[0.14908986]
[0.14908741]
[0.14908497]
[0.14904112]
[0.14901914]
[0.14901762]
[0.14899649]
[0.1489527]
[0.14892533]
[0.14888552]
[0.1488454]
[0.1488012]
[0.14880067]
[0.14879605]
[0.14879541]
[0.14878826]
[0.14871947]
[0.14869453]
[0.14868695]
[0.14866613]
[0.14864884]
[0.14862806]
[0.14861752]
[0.14861728]
[0.1486057]
[0.14860056]
[0.14859185]
[0.1485907]
[0.14855301]
[0.14853166]
[0.14845985]
[0.14845888]
[0.14845057]
[0.14839453]
[0.14837988]
[0.14837782]
[0.14837651]
[0.14830746]
[0.14828742]
[0.14828017]
[0.14823116]
[0.14821817]
[0.14817213]
[0.14816153]
[0.14809924]
[0.14802566]
[0.14799616]
[0.1479949]
[0.14798605]
[0.14793794]
[0.14792088]
[0.14790286]
[0.14789097]
[0.14788093]
[0.14786889]
[0.147867]
[0.14786015]
[0.14782897]
[0.14781603]
[0.14778264]
[0.1477826]
[0.1477826]
[0.14777413]
[0.14777295]
[0.14776303]
[0.14776054]
[0.14775363]
[0.14773661]
[0.14771709]
[0.14766914]
[0.1476687]
[0.14766811]
[0.1476584]
[0.14762467]
[0.14762287]
[0.14752191]
[0.14751151]
[0.147509]
[0.1474932]
[0.14748558]
[0.14746411]
[0.14745457]
[0.14744529]
[0.14744027]
[0.14744002]
[0.14744002]
[0.14739843]
[0.14738554]
[0.14734186]
[0.1473283]
[0.14732756]
[0.14731495]
[0.14726749]
[0.14718989]
[0.14718392]
[0.1471686]
[0.14716828]
[0.1471624]
[0.14715596]
[0.1471363]
[0.14710389]
[0.14707041]
[0.14705329]
[0.14701942]
[0.1470049]
[0.14699487]
[0.14696936]
[0.14695801]
[0.14695404]
[0.1468992]
[0.14687873]
[0.14683984]
[0.1467754]
[0.14675984]
[0.1467441]
[0.1467391]
[0.14672722]
[0.14671743]
[0.1467155]
[0.1466875]
[0.14666955]
[0.14663847]
[0.14663506]
[0.14663051]
[0.14662853]
[0.14659393]
[0.14658606]
[0.14656103]
[0.146542]
[0.14651565]
[0.14650461]
[0.146501]
[0.14648941]
[0.14648941]
[0.14648005]
[0.14647493]
[0.14644167]
[0.14644083]
[0.14641055]
[0.1464093]
[0.14638084]
[0.14637294]
[0.14633042]
[0.1463088]
[0.1463038]
[0.14630349]
[0.14630154]
[0.14627866]
[0.14624621]
[0.14624023]
[0.14623198]
[0.14621258]
[0.14619276]
[0.14617184]
[0.14615689]
[0.14613801]
[0.14613187]
[0.1461179]
[0.14610018]
[0.14606011]
[0.14605777]
[0.14605252]
[0.14603028]
[0.14601108]
[0.14600688]
[0.14600532]
[0.1459824]
[0.14594308]
[0.14591181]
[0.1459111]
[0.1459111]
[0.14590508]
[0.14590374]
[0.14589928]
[0.14589252]
[0.14588353]
[0.14588271]
[0.14585882]
[0.14585453]
[0.14585231]
[0.14582014]
[0.14580305]
[0.1457943]
[0.14578663]
[0.14578012]
[0.14577942]
[0.14577815]
[0.14575851]
[0.1457565]
[0.14574811]
[0.14574164]
[0.14572702]
[0.14571552]
[0.14570458]
[0.14569792]
[0.14569475]
[0.14567499]
[0.1456585]
[0.14564505]
[0.14564355]
[0.14564146]
[0.14563927]
[0.14563748]
[0.14562984]
[0.14562254]
[0.1456104]
[0.14559433]
[0.14553909]
[0.14552571]
[0.14551963]
[0.14549166]
[0.14546634]
[0.14541316]
[0.14538966]
[0.14537524]
[0.14535464]
[0.14535071]
[0.14533406]
[0.14530443]
[0.14529654]
[0.14529118]
[0.1452826]
[0.14527653]
[0.14526154]
[0.14525613]
[0.14525606]
[0.145241]
[0.14524011]
[0.14523716]
[0.14519398]
[0.1451865]
[0.1451775]
[0.14511964]
[0.1451168]
[0.1451149]
[0.14508645]
[0.14507782]
[0.14503643]
[0.14501964]
[0.14498511]
[0.14498433]
[0.14496635]
[0.14496507]
[0.14496507]
[0.14494528]
[0.1449295]
[0.14485951]
[0.14484112]
[0.14483497]
[0.14479606]
[0.1447897]
[0.14476615]
[0.14476615]
[0.14476505]
[0.14474957]
[0.14474957]
[0.14472398]
[0.14472005]
[0.14471872]
[0.14471701]
[0.14471495]
[0.14471222]
[0.14465858]
[0.14465417]
[0.14465284]
[0.14464624]
[0.14464612]
[0.1446206]
[0.14460795]
[0.14460732]
[0.14460126]
[0.14459653]
[0.14458524]
[0.14457592]
[0.14453107]
[0.14448845]
[0.14448552]
[0.14444785]
[0.14443612]
[0.14443064]
[0.14440542]
[0.14436843]
[0.1443384]
[0.14430642]
[0.14430036]
[0.14427568]
[0.14424872]
[0.14419311]
[0.14416055]
[0.14409722]
[0.14408688]
[0.14408138]
[0.14405394]
[0.1440266]
[0.14401412]
[0.14400604]
[0.14399363]
[0.14398316]
[0.14397983]
[0.14397041]
[0.14390954]
[0.1438641]
[0.14385645]
[0.1438547]
[0.14385128]
[0.14382961]
[0.14381993]
[0.14380795]
[0.14379998]
[0.14374919]
[0.14373067]
[0.1437195]
[0.14371917]
[0.14371917]
[0.14371686]
[0.14370993]
[0.14370993]
[0.14370733]
[0.14364257]
[0.1436234]
[0.14360979]
[0.14355972]
[0.14353348]
[0.1435251]
[0.14352185]
[0.14350916]
[0.14350684]
[0.14349632]
[0.14349255]
[0.14348902]
[0.14347512]
[0.14347309]
[0.14345495]
[0.14344561]
[0.14343418]
[0.14336741]
[0.14334996]
[0.14334628]
[0.14334604]
[0.14334431]
[0.14333257]
[0.1433302]
[0.14332117]
[0.14327763]
[0.14327581]
[0.14326085]
[0.14323692]
[0.14320879]
[0.1431818]
[0.14316632]
[0.14315166]
[0.14312267]
[0.14311337]
[0.14310537]
[0.14310537]
[0.14308321]
[0.14302944]
[0.14302312]
[0.14300618]
[0.14300442]
[0.14298916]
[0.14298493]
[0.14295495]
[0.14295107]
[0.1429252]
[0.14291196]
[0.1428978]
[0.14289318]
[0.14285818]
[0.14283508]
[0.14281741]
[0.14281523]
[0.14277437]
[0.1427632]
[0.14274392]
[0.14272791]
[0.14270964]
[0.14270803]
[0.14270589]
[0.14270191]
[0.14268202]
[0.14268103]
[0.14267811]
[0.14267811]
[0.142678]
[0.14267683]
[0.14267631]
[0.14261606]
[0.14261326]
[0.14261024]
[0.14260103]
[0.14259054]
[0.14258528]
[0.14256872]
[0.14255136]
[0.14254898]
[0.14251499]
[0.14249064]
[0.1424678]
[0.14243536]
[0.1424297]
[0.14242603]
[0.14242603]
[0.14240961]
[0.14240332]
[0.1423996]
[0.14238387]
[0.14236003]
[0.1423288]
[0.142326]
[0.14230418]
[0.14228451]
[0.14227816]
[0.14225198]
[0.14223726]
[0.14223115]
[0.14221655]
[0.14221242]
[0.14220789]
[0.14219207]
[0.14217834]
[0.14216825]
[0.1421346]
[0.14213234]
[0.14213234]
[0.14211339]
[0.14209743]
[0.142097]
[0.14209066]
[0.14208345]
[0.14207791]
[0.14205079]
[0.14202178]
[0.14199351]
[0.14199063]
[0.14197259]
[0.14196277]
[0.14194788]
[0.14194788]
[0.14194703]
[0.14194116]
[0.14193082]
[0.14190389]
[0.14190249]
[0.14189407]
[0.14187457]
[0.14187457]
[0.14185356]
[0.14185092]
[0.14184014]
[0.14182743]
[0.14182223]
[0.14181931]
[0.14178495]
[0.1417843]
[0.14178048]
[0.14175923]
[0.14170946]
[0.14168234]
[0.14168234]
[0.14166775]
[0.141661]
[0.14163776]
[0.14162773]
[0.14162622]
[0.14159712]
[0.14159226]
[0.14156497]
[0.14154632]
[0.14149776]
[0.1414911]
[0.14148232]
[0.14147216]
[0.14147063]
[0.14144708]
[0.14143474]
[0.1414199]
[0.14139335]
[0.14137332]
[0.14137203]
[0.14132014]
[0.14131863]
[0.14131689]
[0.14131157]
[0.14130504]
[0.14125077]
[0.14124666]
[0.14123565]
[0.1412347]
[0.14122897]
[0.14122105]
[0.1412181]
[0.14119925]
[0.14113739]
[0.14113545]
[0.14113513]
[0.14113456]
[0.14112496]
[0.14111069]
[0.14110346]
[0.14108202]
[0.14107136]
[0.14106683]
[0.14104624]
[0.14100306]
[0.14099936]
[0.14098758]
[0.14096361]
[0.14093699]
[0.14092232]
[0.14090872]
[0.14088516]
[0.14088291]
[0.14088076]
[0.14086837]
[0.14086092]
[0.14086092]
[0.14086075]
[0.14085786]
[0.1408503]
[0.14084546]
[0.1408423]
[0.14081378]
[0.14078914]
[0.1407794]
[0.14077349]
[0.14077023]
[0.14076994]
[0.14075683]
[0.14074802]
[0.14073165]
[0.14071625]
[0.14069334]
[0.14067158]
[0.14064512]
[0.14061604]
[0.1405932]
[0.14057492]
[0.14056678]
[0.14056486]
[0.1405546]
[0.14053519]
[0.14053519]
[0.1405126]
[0.14050128]
[0.1405011]
[0.1405011]
[0.1404963]
[0.14048238]
[0.14045908]
[0.1404401]
[0.1404398]
[0.14041363]
[0.14041217]
[0.14039005]
[0.14038672]
[0.14035963]
[0.14034086]
[0.14033224]
[0.14033166]
[0.14032188]
[0.14032188]
[0.14030856]
[0.14030644]
[0.14028335]
[0.14025217]
[0.14025132]
[0.14025068]
[0.14021435]
[0.14020436]
[0.14019665]
[0.14018716]
[0.14018716]
[0.140154]
[0.1401535]
[0.14014545]
[0.1401332]
[0.14010511]
[0.14009471]
[0.14008276]
[0.1400665]
[0.14005789]
[0.1400444]
[0.14002723]
[0.14001627]
[0.13999547]
[0.13999341]
[0.13997686]
[0.13996953]
[0.13994049]
[0.13994049]
[0.13994049]
[0.13994014]
[0.13993411]
[0.13993037]
[0.13992219]
[0.13991845]
[0.13986824]
[0.13986774]
[0.13986418]
[0.13986346]
[0.13985908]
[0.13983433]
[0.1398137]
[0.13979962]
[0.139773]
[0.13977095]
[0.1397414]
[0.13973877]
[0.13972375]
[0.13969713]
[0.13967556]
[0.1396753]
[0.13961817]
[0.13960211]
[0.13959695]
[0.1395788]
[0.13955295]
[0.13949119]
[0.13947758]
[0.13945991]
[0.13942832]
[0.1394167]
[0.1394062]
[0.13939805]
[0.13939114]
[0.13937886]
[0.13936974]
[0.13934566]
[0.13934058]
[0.13933082]
[0.13932714]
[0.13931967]
[0.13931537]
[0.13931537]
[0.139259]
[0.13923241]
[0.13923101]
[0.13920088]
[0.1391855]
[0.1391855]
[0.13918161]
[0.13914254]
[0.13912304]
[0.13911994]
[0.1390924]
[0.13907917]
[0.13905582]
[0.13905479]
[0.13904956]
[0.13900279]
[0.13899583]
[0.1389801]
[0.13893703]
[0.13893522]
[0.13892558]
[0.13891429]
[0.13890734]
[0.13887434]
[0.13887434]
[0.13885607]
[0.13883103]
[0.13881081]
[0.13879868]
[0.13878031]
[0.13876912]
[0.13876157]
[0.13876007]
[0.13872299]
[0.1387067]
[0.13869786]
[0.13868283]
[0.13867243]
[0.13865691]
[0.13864273]
[0.13863082]
[0.1386277]
[0.13862397]
[0.13861588]
[0.13859026]
[0.13858807]
[0.13856167]
[0.13852814]
[0.1384929]
[0.13848661]
[0.13846721]
[0.13846536]
[0.1384392]
[0.13840684]
[0.13837485]
[0.13834892]
[0.13829005]
[0.13828261]
[0.138274]
[0.13826437]
[0.13825084]
[0.13824382]
[0.1382377]
[0.13823237]
[0.13819814]
[0.13819434]
[0.13814479]
[0.13811925]
[0.13811274]
[0.13809773]
[0.13807912]
[0.13807598]
[0.1380687]
[0.13806722]
[0.13806656]
[0.13805057]
[0.13799936]
[0.1379874]
[0.13798466]
[0.13794975]
[0.13794312]
[0.13789442]
[0.137851]
[0.13784534]
[0.13782068]
[0.13779661]
[0.13779545]
[0.13778327]
[0.13775839]
[0.13771051]
[0.13770466]
[0.13769922]
[0.13768102]
[0.13768102]
[0.13768102]
[0.1376723]
[0.137656]
[0.1376522]
[0.13763699]
[0.13762525]
[0.13762188]
[0.13760564]
[0.13759601]
[0.13759534]
[0.13758159]
[0.13757485]
[0.13757327]
[0.13756421]
[0.1375318]
[0.13751805]
[0.13750324]
[0.13749589]
[0.13749187]
[0.13744998]
[0.13742404]
[0.13739787]
[0.13738589]
[0.13736662]
[0.13736045]
[0.13735802]
[0.1373578]
[0.13734598]
[0.13734195]
[0.13733497]
[0.13731052]
[0.13727185]
[0.13726522]
[0.13725793]
[0.13724443]
[0.13724443]
[0.13723738]
[0.1372336]
[0.1372229]
[0.13722152]
[0.13720345]
[0.13714541]
[0.13714541]
[0.13713858]
[0.13712701]
[0.13712676]
[0.13709451]
[0.13708766]
[0.13707887]
[0.1370677]
[0.13706613]
[0.1370413]
[0.13702746]
[0.13702656]
[0.13701968]
[0.13700533]
[0.13699256]
[0.13698515]
[0.13696119]
[0.13695173]
[0.13695]
[0.1369463]
[0.13693713]
[0.13689303]
[0.13689072]
[0.1368685]
[0.13681579]
[0.13680723]
[0.13678406]
[0.13678229]
[0.13678084]
[0.13677478]
[0.1367699]
[0.13674997]
[0.1367436]
[0.13673973]
[0.13673039]
[0.13672808]
[0.13671018]
[0.13670184]
[0.13670097]
[0.13669188]
[0.1366914]
[0.13668291]
[0.13667996]
[0.13665797]
[0.13664423]
[0.13663995]
[0.13663737]
[0.1366201]
[0.13661532]
[0.13660663]
[0.13658708]
[0.13658391]
[0.13657185]
[0.13653545]
[0.13650872]
[0.13650687]
[0.13650034]
[0.1364537]
[0.13644943]
[0.1364365]
[0.136436]
[0.13641286]
[0.13640785]
[0.136406]
[0.13639715]
[0.13639055]
[0.1363688]
[0.1363447]
[0.13633615]
[0.13633323]
[0.13629839]
[0.13628393]
[0.13627335]
[0.13625813]
[0.13625267]
[0.13624258]
[0.13619407]
[0.13618742]
[0.13618742]
[0.13618602]
[0.13618265]
[0.13616487]
[0.13612904]
[0.13612589]
[0.13612585]
[0.13611491]
[0.13611376]
[0.13611373]
[0.13608438]
[0.13608253]
[0.13608253]
[0.13607444]
[0.13606986]
[0.13605705]
[0.13605092]
[0.13604505]
[0.1360298]
[0.13602225]
[0.13601704]
[0.1360157]
[0.13600701]
[0.1360066]
[0.1359862]
[0.1359862]
[0.13597026]
[0.1359656]
[0.13596416]
[0.13594644]
[0.13593923]
[0.13593903]
[0.1359249]
[0.13592046]
[0.13591744]
[0.13590872]
[0.13589509]
[0.13588116]
[0.13587208]
[0.13584454]
[0.1358392]
[0.13582784]
[0.1358163]
[0.13581388]
[0.13579944]
[0.13579534]
[0.1357823]
[0.13578102]
[0.1357728]
[0.13574588]
[0.13573201]
[0.13571495]
[0.13571283]
[0.13570869]
[0.1356869]
[0.13568184]
[0.13566725]
[0.13566507]
[0.13563935]
[0.13562761]
[0.13560855]
[0.13560827]
[0.13560827]
[0.13560463]
[0.13559777]
[0.13559374]
[0.13558865]
[0.13557985]
[0.1355759]
[0.13556904]
[0.13556758]
[0.13556652]
[0.1355509]
[0.13551697]
[0.13551602]
[0.13551314]
[0.13551062]
[0.1355088]
[0.135505]
[0.13548465]
[0.1354793]
[0.13546865]
[0.13546786]
[0.13544592]
[0.13544212]
[0.13543566]
[0.13543367]
[0.13543348]
[0.13543247]
[0.13540785]
[0.13540287]
[0.13539712]
[0.13538194]
[0.1353661]
[0.13536443]
[0.13535711]
[0.13535698]
[0.13535248]
[0.13534695]
[0.13534048]
[0.13533312]
[0.13532296]
[0.13531369]
[0.13530053]
[0.13530053]
[0.13529205]
[0.13527443]
[0.13523048]
[0.1352198]
[0.13521905]
[0.13520046]
[0.13519853]
[0.13519073]
[0.13519073]
[0.13519073]
[0.13518995]
[0.13518631]
[0.13518544]
[0.13517247]
[0.13516104]
[0.13515563]
[0.13515432]
[0.13511874]
[0.13509628]
[0.13508141]
[0.13507208]
[0.13505244]
[0.13504496]
[0.13503955]
[0.13501103]
[0.134943]
[0.13493638]
[0.13492529]
[0.13492113]
[0.1348888]
[0.13480724]
[0.13477623]
[0.13476904]
[0.1347672]
[0.13475853]
[0.1347513]
[0.13474831]
[0.13474202]
[0.1347154]
[0.13469912]
[0.13466837]
[0.13466185]
[0.1346569]
[0.13465682]
[0.13464887]
[0.13464187]
[0.13463692]
[0.13462886]
[0.13462782]
[0.13462576]
[0.13458683]
[0.13458298]
[0.13458183]
[0.13458127]
[0.13457899]
[0.13457686]
[0.13456872]
[0.13456538]
[0.13456416]
[0.13456316]
[0.13456316]
[0.13456178]
[0.13455486]
[0.13453193]
[0.13453135]
[0.13451125]
[0.13450983]
[0.13445544]
[0.13444266]
[0.13441591]
[0.13439898]
[0.13438924]
[0.13437842]
[0.13434812]
[0.13433254]
[0.13433033]
[0.13432267]
[0.1343219]
[0.13431093]
[0.1343066]
[0.13430172]
[0.13429862]
[0.13429767]
[0.13428658]
[0.13428581]
[0.1342739]
[0.13427234]
[0.13427156]
[0.13426206]
[0.13425347]
[0.1342502]
[0.13423732]
[0.13423485]
[0.13423114]
[0.13423]
[0.13422523]
[0.13419631]
[0.13418183]
[0.1341432]
[0.13413045]
[0.13412923]
[0.13412842]
[0.13407563]
[0.1340537]
[0.1340366]
[0.13403448]
[0.13400511]
[0.13400014]
[0.1339928]
[0.13396357]
[0.13396002]
[0.13394774]
[0.1339165]
[0.13391644]
[0.13391268]
[0.1338895]
[0.1338892]
[0.13388127]
[0.13388117]
[0.13387178]
[0.1338632]
[0.13385482]
[0.13384672]
[0.13384268]
[0.13382582]
[0.13381101]
[0.1338091]
[0.1337922]
[0.13379106]
[0.13374962]
[0.13374949]
[0.13372649]
[0.13371655]
[0.13369949]
[0.13369933]
[0.13369244]
[0.13368143]
[0.13367991]
[0.1336798]
[0.1336635]
[0.13365683]
[0.13363607]
[0.13362648]
[0.13361162]
[0.13359977]
[0.13359213]
[0.13358998]
[0.13358276]
[0.13357913]
[0.13357884]
[0.13355498]
[0.1335524]
[0.13354895]
[0.13353872]
[0.13352716]
[0.13349825]
[0.13349825]
[0.13349348]
[0.13349348]
[0.13348565]
[0.13345627]
[0.13345484]
[0.13345082]
[0.13343085]
[0.13342775]
[0.13342775]
[0.13341655]
[0.1334028]
[0.13338773]
[0.1333831]
[0.13336347]
[0.13335854]
[0.13335854]
[0.13335603]
[0.13333638]
[0.13331917]
[0.13330784]
[0.1333055]
[0.13327846]
[0.13327476]
[0.13326417]
[0.13325924]
[0.1332551]
[0.13322806]
[0.13320908]
[0.13320833]
[0.13319811]
[0.13319798]
[0.13317761]
[0.13316426]
[0.1331633]
[0.13314456]
[0.13313924]
[0.13312903]
[0.133126]
[0.13312538]
[0.13311985]
[0.13311066]
[0.133109]
[0.13310847]
[0.13310578]
[0.13310207]
[0.13310073]
[0.13308302]
[0.13304289]
[0.13303912]
[0.13303186]
[0.13301599]
[0.1330138]
[0.1330112]
[0.13300747]
[0.13299318]
[0.13299103]
[0.1329869]
[0.13296707]
[0.13296503]
[0.13295986]
[0.13295843]
[0.13295338]
[0.13295318]
[0.13294]
[0.13292952]
[0.13290755]
[0.13290018]
[0.13287586]
[0.13286611]
[0.13284808]
[0.13283803]
[0.13281247]
[0.13280368]
[0.13278583]
[0.13275188]
[0.1327257]
[0.13272421]
[0.13269842]
[0.13269036]
[0.1326827]
[0.13262972]
[0.13262051]
[0.1326173]
[0.13261195]
[0.13261053]
[0.13259344]
[0.13259046]
[0.1325706]
[0.13255541]
[0.13255322]
[0.13255227]
[0.1325399]
[0.13253295]
[0.13249056]
[0.13247399]
[0.13246557]
[0.13244793]
[0.13244312]
[0.13243875]
[0.13241333]
[0.13240561]
[0.13240016]
[0.13240016]
[0.13238907]
[0.13238521]
[0.13238508]
[0.1323806]
[0.13237682]
[0.13236484]
[0.13233587]
[0.13233505]
[0.13231507]
[0.13230903]
[0.13230225]
[0.13229911]
[0.13229612]
[0.13229252]
[0.13227491]
[0.13225614]
[0.13225594]
[0.1322526]
[0.1322239]
[0.13221715]
[0.1322159]
[0.13220619]
[0.13218726]
[0.13218714]
[0.13218193]
[0.13217531]
[0.13214752]
[0.1321303]
[0.13211575]
[0.13210881]
[0.13210881]
[0.13210881]
[0.13210881]
[0.13209176]
[0.13209167]
[0.13208951]
[0.13205433]
[0.13203682]
[0.13202201]
[0.13202201]
[0.132019]
[0.13199423]
[0.1319881]
[0.13198705]
[0.13198282]
[0.13197482]
[0.1319705]
[0.13196957]
[0.13195226]
[0.13195026]
[0.13194361]
[0.1319398]
[0.13193117]
[0.13192773]
[0.13191937]
[0.13191897]
[0.13190204]
[0.13189031]
[0.13188475]
[0.13187456]
[0.13186543]
[0.13185261]
[0.1318493]
[0.13183591]
[0.13182968]
[0.13182081]
[0.13181072]
[0.13180676]
[0.13177799]
[0.13177332]
[0.13172652]
[0.13167883]
[0.13167022]
[0.13164823]
[0.13164505]
[0.13164505]
[0.13164343]
[0.13163884]
[0.1316286]
[0.13162851]
[0.13162369]
[0.1316089]
[0.13157971]
[0.13157971]
[0.13157347]
[0.13155776]
[0.13154335]
[0.1315268]
[0.13152209]
[0.13151015]
[0.13148704]
[0.13148701]
[0.13148513]
[0.13148385]
[0.1314723]
[0.13146806]
[0.1314615]
[0.1314481]
[0.13144597]
[0.13143656]
[0.13142805]
[0.13141708]
[0.13141616]
[0.13141564]
[0.1314133]
[0.13141184]
[0.13140954]
[0.13138822]
[0.1313641]
[0.13134341]
[0.13132994]
[0.13129033]
[0.13125257]
[0.13123374]
[0.13122982]
[0.13122077]
[0.13120042]
[0.13119997]
[0.13119715]
[0.13119486]
[0.13118868]
[0.13117857]
[0.13117076]
[0.1311703]
[0.13115688]
[0.13115463]
[0.13115373]
[0.13111037]
[0.13109815]
[0.13108495]
[0.13108408]
[0.13108197]
[0.13107939]
[0.13107939]
[0.13107939]
[0.13107447]
[0.13104881]
[0.13104294]
[0.13102558]
[0.13100567]
[0.1310028]
[0.13099843]
[0.1309779]
[0.13097572]
[0.13097441]
[0.13095336]
[0.13094726]
[0.13094208]
[0.1309315]
[0.13091667]
[0.13091372]
[0.13089873]
[0.1308824]
[0.13086787]
[0.13085134]
[0.13084747]
[0.13083825]
[0.13083743]
[0.13083738]
[0.13083288]
[0.13082954]
[0.13082929]
[0.13082929]
[0.13082695]
[0.13078858]
[0.13078582]
[0.13078544]
[0.13076696]
[0.13076438]
[0.13076195]
[0.13074782]
[0.13070676]
[0.1307016]
[0.13069728]
[0.1306943]
[0.13069369]
[0.13069345]
[0.13068792]
[0.13068494]
[0.13066569]
[0.13065413]
[0.13064744]
[0.13064541]
[0.13063255]
[0.13063134]
[0.13062875]
[0.13062486]
[0.13059454]
[0.13057916]
[0.1305778]
[0.1305764]
[0.13055901]
[0.13055044]
[0.13054965]
[0.13054049]
[0.13054033]
[0.13049057]
[0.13048361]
[0.13047631]
[0.1304692]
[0.13045983]
[0.13045417]
[0.13045417]
[0.13043652]
[0.1304283]
[0.13040467]
[0.13039505]
[0.13038543]
[0.1303693]
[0.13035162]
[0.13033925]
[0.13033563]
[0.13033164]
[0.13030986]
[0.13030075]
[0.13029625]
[0.13029365]
[0.13029137]
[0.13029084]
[0.13028592]
[0.13028209]
[0.13025253]
[0.13025253]
[0.13024881]
[0.13019267]
[0.13018745]
[0.13018605]
[0.1301553]
[0.13015385]
[0.1301501]
[0.13012022]
[0.13011496]
[0.13009699]
[0.13008878]
[0.13007689]
[0.13007689]
[0.13007566]
[0.13006544]
[0.13006191]
[0.13005812]
[0.13001356]
[0.13001274]
[0.13000804]
[0.13000101]
[0.12998272]
[0.1299779]
[0.12996946]
[0.12995255]
[0.1299482]
[0.12993783]
[0.12993698]
[0.12993383]
[0.12991825]
[0.12991782]
[0.12991595]
[0.12991095]
[0.12990397]
[0.12990299]
[0.12989998]
[0.12989555]
[0.12989505]
[0.12989421]
[0.129886]
[0.1298836]
[0.12985878]
[0.12985702]
[0.1298517]
[0.12985107]
[0.12983459]
[0.1298302]
[0.12982623]
[0.12982546]
[0.12981942]
[0.12981668]
[0.12981603]
[0.12980494]
[0.12980315]
[0.1297913]
[0.129781]
[0.12977767]
[0.12975755]
[0.12974414]
[0.12974414]
[0.1297376]
[0.12972955]
[0.12972549]
[0.1297162]
[0.12971477]
[0.12970462]
[0.12968573]
[0.12968121]
[0.12965882]
[0.12964988]
[0.12964414]
[0.12963085]
[0.12961923]
[0.12960228]
[0.12960185]
[0.12959212]
[0.12958992]
[0.1295812]
[0.12955414]
[0.12954476]
[0.12952581]
[0.12951113]
[0.12950781]
[0.12949705]
[0.129487]
[0.12948123]
[0.12948076]
[0.12945691]
[0.1294332]
[0.12942044]
[0.12941499]
[0.12941073]
[0.12939002]
[0.12938266]
[0.12934111]
[0.12933701]
[0.12933578]
[0.12933567]
[0.12932144]
[0.12930205]
[0.12930205]
[0.1292972]
[0.12929218]
[0.12927677]
[0.129275]
[0.12924749]
[0.12922958]
[0.12919746]
[0.12914166]
[0.12912942]
[0.12912913]
[0.12911695]
[0.12909321]
[0.12908818]
[0.12908463]
[0.12908119]
[0.1290605]
[0.12901534]
[0.12901218]
[0.12900895]
[0.12900895]
[0.12900895]
[0.1290075]
[0.12900542]
[0.12898791]
[0.12898174]
[0.12897153]
[0.12896316]
[0.12895554]
[0.12895009]
[0.12893899]
[0.12893689]
[0.1289211]
[0.1289211]
[0.1289102]
[0.12890773]
[0.12890607]
[0.1289044]
[0.12888658]
[0.12884793]
[0.1288397]
[0.12883623]
[0.12879013]
[0.12878735]
[0.12878413]
[0.12878366]
[0.12877864]
[0.12875076]
[0.1287498]
[0.1287467]
[0.12874053]
[0.12868562]
[0.12865373]
[0.12863447]
[0.12862808]
[0.12861513]
[0.1285996]
[0.12858804]
[0.12857577]
[0.1285684]
[0.12856206]
[0.12854412]
[0.12854037]
[0.12853254]
[0.12852263]
[0.12850614]
[0.12849808]
[0.12848942]
[0.1284823]
[0.12847862]
[0.12847239]
[0.12846442]
[0.1284634]
[0.12846252]
[0.1284606]
[0.12845632]
[0.12845589]
[0.12844783]
[0.12843828]
[0.12843578]
[0.12841459]
[0.1284108]
[0.12840863]
[0.12840278]
[0.12838691]
[0.12837018]
[0.1283629]
[0.12836221]
[0.12836221]
[0.12835781]
[0.12835552]
[0.12835093]
[0.12831655]
[0.12830329]
[0.12830204]
[0.1283]
[0.12829801]
[0.12829429]
[0.12829429]
[0.12829429]
[0.1282746]
[0.12827422]
[0.12825854]
[0.12824169]
[0.12823963]
[0.12822911]
[0.12822628]
[0.1282234]
[0.12821884]
[0.12821607]
[0.12814496]
[0.12814051]
[0.12813273]
[0.12812504]
[0.12812282]
[0.1281156]
[0.12811483]
[0.12811165]
[0.12811045]
[0.12810445]
[0.12810248]
[0.12807213]
[0.12806752]
[0.12804566]
[0.12803581]
[0.12803395]
[0.12802517]
[0.12801926]
[0.1280044]
[0.12797615]
[0.12795413]
[0.12794444]
[0.12794438]
[0.12791188]
[0.12788099]
[0.12788002]
[0.1278789]
[0.12787886]
[0.12786444]
[0.12785381]
[0.12784503]
[0.12783025]
[0.12782975]
[0.12782495]
[0.12780213]
[0.1277986]
[0.12778667]
[0.12777238]
[0.12777068]
[0.12776634]
[0.1277193]
[0.12771921]
[0.12770545]
[0.12770344]
[0.12769417]
[0.12768811]
[0.12767483]
[0.12767303]
[0.12765364]
[0.12764633]
[0.12763879]
[0.12763591]
[0.12763233]
[0.12763146]
[0.12762363]
[0.12762327]
[0.1276127]
[0.12761131]
[0.12759806]
[0.1275901]
[0.12755503]
[0.12755391]
[0.12754296]
[0.12753528]
[0.1275203]
[0.12750709]
[0.12749958]
[0.12748192]
[0.1274791]
[0.12747242]
[0.1274667]
[0.12746507]
[0.12746209]
[0.12745117]
[0.12743583]
[0.12743351]
[0.12741844]
[0.12740715]
[0.12740482]
[0.12737936]
[0.12737936]
[0.12736967]
[0.12736654]
[0.12736416]
[0.12736316]
[0.12735677]
[0.12734617]
[0.12734617]
[0.12734461]
[0.12734416]
[0.12733544]
[0.1273346]
[0.12731764]
[0.12731045]
[0.12730326]
[0.12726939]
[0.12725832]
[0.12725756]
[0.12723872]
[0.12723866]
[0.12723379]
[0.12723255]
[0.12722078]
[0.12720948]
[0.12720276]
[0.12719876]
[0.12716807]
[0.12716725]
[0.1271617]
[0.12715487]
[0.12715037]
[0.12714854]
[0.12712677]
[0.12711808]
[0.12711653]
[0.12710683]
[0.1270723]
[0.12706281]
[0.12706074]
[0.12705319]
[0.12704438]
[0.12704018]
[0.12704012]
[0.1270387]
[0.1270351]
[0.12702113]
[0.12701643]
[0.12701342]
[0.1270058]
[0.12699907]
[0.12698537]
[0.12698403]
[0.1269754]
[0.12697123]
[0.12697105]
[0.12696312]
[0.12693329]
[0.12692852]
[0.12692368]
[0.1269198]
[0.12691964]
[0.12691522]
[0.12691244]
[0.12689984]
[0.12689535]
[0.1268949]
[0.12686308]
[0.12680475]
[0.12679484]
[0.12679152]
[0.12677383]
[0.12677021]
[0.126766]
[0.12674259]
[0.12669626]
[0.1266952]
[0.12665899]
[0.1266327]
[0.1266269]
[0.12661514]
[0.12660204]
[0.1265932]
[0.12658745]
[0.1265813]
[0.12656218]
[0.1265615]
[0.12653343]
[0.12652315]
[0.12651712]
[0.12651403]
[0.12651241]
[0.12648652]
[0.12645999]
[0.1264575]
[0.12645182]
[0.12644623]
[0.12644239]
[0.12642042]
[0.126415]
[0.126414]
[0.12641369]
[0.12641105]
[0.12640968]
[0.1264029]
[0.1264014]
[0.1263852]
[0.12636751]
[0.12633751]
[0.12632398]
[0.12632398]
[0.12631217]
[0.12630288]
[0.1262901]
[0.12628244]
[0.12627408]
[0.12626332]
[0.12624702]
[0.1262438]
[0.12622288]
[0.1262198]
[0.12621537]
[0.12620491]
[0.12620243]
[0.12620021]
[0.12619816]
[0.12619695]
[0.12619671]
[0.12618536]
[0.12617433]
[0.12615384]
[0.1261489]
[0.12614243]
[0.12612738]
[0.12612508]
[0.12611726]
[0.12611726]
[0.12611726]
[0.126107]
[0.12610202]
[0.1261016]
[0.126096]
[0.12607898]
[0.12607816]
[0.12606476]
[0.12606414]
[0.12606414]
[0.12605788]
[0.1260311]
[0.12602805]
[0.12601158]
[0.12598808]
[0.12598152]
[0.12598105]
[0.12597446]
[0.1259625]
[0.12595953]
[0.125959]
[0.12594981]
[0.12594852]
[0.12594807]
[0.12593774]
[0.12588616]
[0.12588306]
[0.12587985]
[0.12587672]
[0.12586296]
[0.12586033]
[0.12586033]
[0.12582752]
[0.12582658]
[0.125796]
[0.12579562]
[0.12579075]
[0.12577432]
[0.12574995]
[0.12574334]
[0.12572762]
[0.12572762]
[0.12572266]
[0.12571023]
[0.12570718]
[0.1257011]
[0.12569934]
[0.125693]
[0.1256793]
[0.12565881]
[0.12565738]
[0.12564796]
[0.12563953]
[0.1256355]
[0.12563236]
[0.12562683]
[0.12561953]
[0.12560312]
[0.1255803]
[0.1255768]
[0.12556465]
[0.12556396]
[0.12556282]
[0.12555824]
[0.12555203]
[0.12555026]
[0.12552854]
[0.12552026]
[0.12550992]
[0.12550828]
[0.12547609]
[0.12547357]
[0.12546666]
[0.12546638]
[0.12546638]
[0.12545663]
[0.12545362]
[0.12544622]
[0.12544051]
[0.12543845]
[0.12542874]
[0.12542252]
[0.12541865]
[0.12541258]
[0.12540215]
[0.12538831]
[0.12538235]
[0.12537268]
[0.12537211]
[0.12535705]
[0.1253411]
[0.12534079]
[0.12533392]
[0.12533303]
[0.12531206]
[0.12530932]
[0.12530771]
[0.12529829]
[0.12528722]
[0.12528366]
[0.12527347]
[0.1252651]
[0.12526464]
[0.12524603]
[0.12524603]
[0.12522598]
[0.1252073]
[0.12518558]
[0.12517644]
[0.1251713]
[0.12517074]
[0.12516974]
[0.12516913]
[0.12514651]
[0.125144]
[0.12513982]
[0.12509598]
[0.12508005]
[0.12506065]
[0.12505871]
[0.12504351]
[0.12504056]
[0.12503712]
[0.12502874]
[0.1250283]
[0.12502804]
[0.12502097]
[0.12501995]
[0.12501824]
[0.12501407]
[0.12501383]
[0.1250137]
[0.12501171]
[0.12500723]
[0.12497514]
[0.1249725]
[0.12494569]
[0.12494569]
[0.12494145]
[0.12493034]
[0.12491723]
[0.12488893]
[0.12487772]
[0.12487148]
[0.12486975]
[0.12486497]
[0.12486059]
[0.12485313]
[0.1248509]
[0.1248509]
[0.12484954]
[0.12483297]
[0.12482954]
[0.12482464]
[0.1248226]
[0.12481428]
[0.12481359]
[0.12480269]
[0.12480102]
[0.12479223]
[0.12477979]
[0.12477861]
[0.12477228]
[0.1247718]
[0.12476977]
[0.12476061]
[0.12469798]
[0.12467751]
[0.12466364]
[0.12465992]
[0.12465925]
[0.12465341]
[0.12463602]
[0.12463214]
[0.12462965]
[0.12461575]
[0.1245951]
[0.12458804]
[0.12458355]
[0.12457711]
[0.12457338]
[0.12451057]
[0.12448964]
[0.12448707]
[0.12448663]
[0.12448571]
[0.12447896]
[0.12447423]
[0.12446269]
[0.12445126]
[0.12445126]
[0.1244351]
[0.12443089]
[0.12442917]
[0.12442908]
[0.12441637]
[0.12441074]
[0.12440622]
[0.12439583]
[0.12438971]
[0.12438244]
[0.12437365]
[0.12431385]
[0.12430489]
[0.12429241]
[0.12424584]
[0.12424137]
[0.12423924]
[0.12423657]
[0.12422625]
[0.12422459]
[0.12418719]
[0.12418076]
[0.12417607]
[0.12417464]
[0.1241608]
[0.12415963]
[0.1241499]
[0.12414761]
[0.1241352]
[0.12411822]
[0.12411314]
[0.12411046]
[0.1240951]
[0.12408625]
[0.12408345]
[0.12408226]
[0.12407972]
[0.12407645]
[0.1240676]
[0.12405563]
[0.12404401]
[0.1240421]
[0.12403134]
[0.12402884]
[0.12402552]
[0.12401615]
[0.12399086]
[0.12398759]
[0.12396783]
[0.12393177]
[0.12393049]
[0.12392095]
[0.12391442]
[0.12390347]
[0.12389123]
[0.12385362]
[0.12385219]
[0.12384813]
[0.12384442]
[0.12384062]
[0.12382621]
[0.12382223]
[0.12380861]
[0.12378874]
[0.12377963]
[0.12377738]
[0.12377738]
[0.12377182]
[0.12376747]
[0.12375871]
[0.12375779]
[0.12374733]
[0.1237346]
[0.12373441]
[0.12371156]
[0.12370838]
[0.12370768]
[0.12368864]
[0.12368425]
[0.12368124]
[0.12366371]
[0.12366371]
[0.12366371]
[0.12365425]
[0.12363843]
[0.12363458]
[0.12363373]
[0.12362589]
[0.12362234]
[0.12361359]
[0.1236048]
[0.1236038]
[0.12357833]
[0.12357295]
[0.12355363]
[0.12354128]
[0.12354024]
[0.12354024]
[0.12351914]
[0.12351914]
[0.12351464]
[0.12349407]
[0.12347569]
[0.12346949]
[0.12346338]
[0.1234136]
[0.12341057]
[0.12339126]
[0.12338431]
[0.12338246]
[0.12337709]
[0.12337309]
[0.12333006]
[0.12332616]
[0.12329376]
[0.12326301]
[0.12324538]
[0.12323377]
[0.12322877]
[0.1232217]
[0.12322143]
[0.12321766]
[0.12320963]
[0.12320963]
[0.12319952]
[0.12319558]
[0.12318999]
[0.12318546]
[0.12318546]
[0.12317357]
[0.1231726]
[0.12317193]
[0.12316605]
[0.12316605]
[0.12316091]
[0.12315073]
[0.12315004]
[0.12314205]
[0.12313502]
[0.12313326]
[0.12312014]
[0.12311857]
[0.12311639]
[0.12306418]
[0.12303709]
[0.1230364]
[0.12303381]
[0.12301687]
[0.12301166]
[0.12299749]
[0.12299364]
[0.12296838]
[0.12292231]
[0.1229101]
[0.12290142]
[0.12287786]
[0.1228757]
[0.12285943]
[0.12284236]
[0.12283685]
[0.12283563]
[0.12283426]
[0.12282442]
[0.1228032]
[0.12279457]
[0.12278663]
[0.12277798]
[0.12275966]
[0.12273972]
[0.12273341]
[0.12272073]
[0.12270344]
[0.12269712]
[0.12266233]
[0.12264853]
[0.12264038]
[0.12262385]
[0.12262317]
[0.12262099]
[0.12261958]
[0.12261778]
[0.12260978]
[0.1225994]
[0.12257839]
[0.12257538]
[0.12256942]
[0.12256186]
[0.12255902]
[0.12251517]
[0.12251264]
[0.12250681]
[0.12250681]
[0.12250452]
[0.12250097]
[0.12247602]
[0.12247247]
[0.12246518]
[0.12245931]
[0.1224566]
[0.1224476]
[0.12242728]
[0.12240808]
[0.12240792]
[0.12239879]
[0.12238626]
[0.12237274]
[0.12235507]
[0.1223422]
[0.12232468]
[0.12231037]
[0.12230808]
[0.12230734]
[0.12230622]
[0.12229937]
[0.12229671]
[0.12228722]
[0.12228034]
[0.12227644]
[0.1222681]
[0.12226216]
[0.12223334]
[0.12220903]
[0.12219438]
[0.12218944]
[0.12217059]
[0.12215899]
[0.12215661]
[0.12215661]
[0.1221555]
[0.12215549]
[0.12214217]
[0.12212902]
[0.12211766]
[0.12208261]
[0.12207002]
[0.12206913]
[0.12205447]
[0.12204461]
[0.12201075]
[0.12200867]
[0.12200572]
[0.12200414]
[0.12198937]
[0.12198886]
[0.12197294]
[0.12194755]
[0.12194237]
[0.12192784]
[0.12192167]
[0.12191148]
[0.12190258]
[0.12190023]
[0.12189835]
[0.12188767]
[0.12186957]
[0.12185691]
[0.12184393]
[0.12183448]
[0.12182474]
[0.12182318]
[0.12180261]
[0.12179349]
[0.12179064]
[0.12176041]
[0.1217476]
[0.12174225]
[0.12168504]
[0.12167213]
[0.12167213]
[0.12165053]
[0.12164755]
[0.12164646]
[0.12163715]
[0.12163547]
[0.12162852]
[0.12158923]
[0.1215874]
[0.12157552]
[0.12156901]
[0.12156636]
[0.12156492]
[0.12156422]
[0.12156183]
[0.1215575]
[0.12154803]
[0.12153594]
[0.12153064]
[0.12153008]
[0.1215269]
[0.12152226]
[0.12151494]
[0.12151125]
[0.12150655]
[0.12149923]
[0.12149805]
[0.12147682]
[0.12147008]
[0.12146202]
[0.12144069]
[0.12143599]
[0.12142983]
[0.12142983]
[0.12142983]
[0.1214266]
[0.12142355]
[0.12142317]
[0.12141079]
[0.12139764]
[0.12139247]
[0.12138693]
[0.12138332]
[0.12138215]
[0.12136307]
[0.12135658]
[0.12134715]
[0.12134687]
[0.12134066]
[0.12133718]
[0.12130874]
[0.12130777]
[0.12129272]
[0.12126233]
[0.12125807]
[0.1212444]
[0.12124178]
[0.12123297]
[0.12123031]
[0.12120672]
[0.12119572]
[0.12119518]
[0.12119085]
[0.12117086]
[0.12116657]
[0.12114649]
[0.12113989]
[0.12113782]
[0.12113298]
[0.12112651]
[0.12111729]
[0.12111723]
[0.12110339]
[0.12109795]
[0.12108386]
[0.12107822]
[0.12105578]
[0.12105574]
[0.12105305]
[0.12104128]
[0.12103375]
[0.12103169]
[0.12102365]
[0.12101855]
[0.12098114]
[0.12098005]
[0.12097671]
[0.12094712]
[0.12093772]
[0.12092065]
[0.12090182]
[0.12090073]
[0.12086283]
[0.12085501]
[0.12085345]
[0.12082543]
[0.12081371]
[0.12080689]
[0.12078574]
[0.12078127]
[0.12078127]
[0.12077281]
[0.12077196]
[0.12076432]
[0.12075008]
[0.12074926]
[0.12074148]
[0.12073085]
[0.12072685]
[0.12072613]
[0.12072613]
[0.12072427]
[0.12072302]
[0.12071638]
[0.12071577]
[0.12068317]
[0.12067825]
[0.12064979]
[0.12061907]
[0.12060648]
[0.12058797]
[0.12058797]
[0.12056747]
[0.12056213]
[0.12055549]
[0.12054776]
[0.12053282]
[0.12053231]
[0.12051968]
[0.12051755]
[0.12050658]
[0.12050502]
[0.12049163]
[0.12047871]
[0.12046868]
[0.12046757]
[0.12043218]
[0.12042972]
[0.12042896]
[0.12041301]
[0.12040383]
[0.12038822]
[0.12037066]
[0.12033858]
[0.12033369]
[0.12031464]
[0.12030235]
[0.12029202]
[0.12028601]
[0.12021846]
[0.12021771]
[0.12020737]
[0.12017515]
[0.12016698]
[0.12014793]
[0.1201134]
[0.12011037]
[0.12009411]
[0.12008245]
[0.12008212]
[0.12007994]
[0.12007052]
[0.12005734]
[0.12005249]
[0.1200415]
[0.12001499]
[0.11999145]
[0.11996584]
[0.11994967]
[0.11994687]
[0.11994182]
[0.11993685]
[0.11993685]
[0.11993501]
[0.11992157]
[0.11990716]
[0.1199008]
[0.11988995]
[0.1198666]
[0.11985742]
[0.11985512]
[0.11984498]
[0.11983407]
[0.11981905]
[0.119818]
[0.11979862]
[0.11978997]
[0.11974475]
[0.11974081]
[0.11973116]
[0.11969081]
[0.11968852]
[0.11968534]
[0.11967777]
[0.11964989]
[0.11963545]
[0.119633]
[0.11963195]
[0.11960135]
[0.11958993]
[0.1195884]
[0.11958686]
[0.11958642]
[0.11955118]
[0.11954609]
[0.11954609]
[0.1195439]
[0.11954203]
[0.11953902]
[0.11952412]
[0.11950357]
[0.11950357]
[0.11949312]
[0.11947743]
[0.11945751]
[0.11944485]
[0.11944425]
[0.11944401]
[0.11943378]
[0.11942539]
[0.11941789]
[0.11937135]
[0.11936599]
[0.11935544]
[0.11935491]
[0.11934778]
[0.11932108]
[0.11931407]
[0.11931206]
[0.1193081]
[0.11929371]
[0.11927968]
[0.11927941]
[0.11923879]
[0.11923078]
[0.11922957]
[0.11922421]
[0.11921865]
[0.11920773]
[0.11919873]
[0.11915306]
[0.11915149]
[0.11913568]
[0.11911521]
[0.11911345]
[0.11909948]
[0.11908031]
[0.11907261]
[0.11906785]
[0.11905287]
[0.11903776]
[0.11901398]
[0.11897256]
[0.11896784]
[0.11896502]
[0.11895536]
[0.11894812]
[0.11894648]
[0.11894054]
[0.11893085]
[0.11892851]
[0.11890951]
[0.11889542]
[0.11887312]
[0.11886512]
[0.11885086]
[0.11884203]
[0.11883853]
[0.11883329]
[0.11882987]
[0.11880866]
[0.11878799]
[0.11878718]
[0.11876781]
[0.11875964]
[0.1187548]
[0.11871512]
[0.11869034]
[0.11868974]
[0.11867468]
[0.11867338]
[0.11867154]
[0.11867008]
[0.11866396]
[0.11865914]
[0.11864904]
[0.1186468]
[0.11861739]
[0.11861395]
[0.11861285]
[0.11860099]
[0.11859336]
[0.11858942]
[0.11858473]
[0.11857904]
[0.11857306]
[0.11856908]
[0.11856786]
[0.11856565]
[0.11855692]
[0.11852897]
[0.11852717]
[0.11852106]
[0.11851348]
[0.11850028]
[0.11849618]
[0.11845048]
[0.11844079]
[0.1184005]
[0.11838756]
[0.11838089]
[0.11836651]
[0.11833624]
[0.118329]
[0.11832218]
[0.11831935]
[0.11830831]
[0.11829576]
[0.11829557]
[0.11829095]
[0.11828734]
[0.11827868]
[0.11827826]
[0.11826459]
[0.11826409]
[0.11825482]
[0.11824942]
[0.11824197]
[0.1182358]
[0.1182314]
[0.1182239]
[0.11820506]
[0.1181763]
[0.11816666]
[0.11816184]
[0.11816049]
[0.11815106]
[0.11813866]
[0.1181292]
[0.11811794]
[0.11811613]
[0.11810417]
[0.1180945]
[0.11809418]
[0.1180642]
[0.11805127]
[0.11803541]
[0.11803332]
[0.11803126]
[0.11802801]
[0.11802457]
[0.11801928]
[0.1180157]
[0.11801361]
[0.11796741]
[0.11796653]
[0.11795995]
[0.11794499]
[0.11792475]
[0.11791821]
[0.1179179]
[0.11790382]
[0.11789317]
[0.11787099]
[0.11786637]
[0.11786529]
[0.11786242]
[0.11782687]
[0.11782639]
[0.11782058]
[0.1178184]
[0.11781818]
[0.11781684]
[0.11778616]
[0.11775471]
[0.11775281]
[0.11773408]
[0.11769292]
[0.11766998]
[0.11764401]
[0.11764237]
[0.11764167]
[0.11763847]
[0.11761734]
[0.1176118]
[0.1176018]
[0.11759967]
[0.1175817]
[0.11756615]
[0.11756088]
[0.11754638]
[0.11754625]
[0.11751144]
[0.11749282]
[0.11748739]
[0.11747506]
[0.11747224]
[0.11746977]
[0.11745916]
[0.11744913]
[0.11744529]
[0.11744103]
[0.11743429]
[0.11742724]
[0.11733012]
[0.11732326]
[0.11732261]
[0.1172953]
[0.11728653]
[0.11728582]
[0.1172684]
[0.11723936]
[0.11723242]
[0.11716019]
[0.11712258]
[0.11710532]
[0.11709036]
[0.11708923]
[0.1170673]
[0.11706296]
[0.11706164]
[0.1170534]
[0.11702196]
[0.11700581]
[0.11700453]
[0.11700276]
[0.11700183]
[0.11695296]
[0.11693007]
[0.11690447]
[0.11689769]
[0.11689144]
[0.11687251]
[0.11686227]
[0.11685788]
[0.11685548]
[0.11684275]
[0.11684275]
[0.11684275]
[0.11684048]
[0.11683039]
[0.11683039]
[0.11679237]
[0.11678663]
[0.11677942]
[0.11677152]
[0.11676512]
[0.11676512]
[0.11676463]
[0.1167606]
[0.11675618]
[0.11675077]
[0.11669064]
[0.11669]
[0.11668459]
[0.11666719]
[0.11665841]
[0.1166302]
[0.11661653]
[0.11657187]
[0.11656958]
[0.11656183]
[0.11654995]
[0.11654279]
[0.11652302]
[0.11649791]
[0.11649428]
[0.11647756]
[0.1164773]
[0.11646518]
[0.11645512]
[0.11644737]
[0.11643231]
[0.11643095]
[0.11642956]
[0.11640976]
[0.11640116]
[0.11638521]
[0.11638158]
[0.11635806]
[0.11635601]
[0.11635505]
[0.11632873]
[0.11631223]
[0.11630636]
[0.11629193]
[0.11629163]
[0.11628608]
[0.11627391]
[0.11625815]
[0.11625603]
[0.11621973]
[0.11621348]
[0.11620837]
[0.11619528]
[0.11618903]
[0.11618177]
[0.11616939]
[0.11613776]
[0.11612394]
[0.11611195]
[0.1161105]
[0.11609377]
[0.11603985]
[0.11603868]
[0.1160233]
[0.11601394]
[0.11600807]
[0.11599413]
[0.11598296]
[0.11597814]
[0.1159649]
[0.11595144]
[0.11594462]
[0.11593767]
[0.11589453]
[0.11588857]
[0.1158871]
[0.11588392]
[0.11586183]
[0.1158509]
[0.11583735]
[0.11581552]
[0.11581326]
[0.11581218]
[0.11581218]
[0.1157997]
[0.11578809]
[0.11577097]
[0.11573865]
[0.11573119]
[0.11572324]
[0.11569128]
[0.11565916]
[0.11565284]
[0.11564592]
[0.11564504]
[0.11561622]
[0.1156137]
[0.11560513]
[0.11559772]
[0.11559234]
[0.11559081]
[0.11559024]
[0.11556514]
[0.1155626]
[0.1155568]
[0.11555063]
[0.11552151]
[0.11551739]
[0.11551272]
[0.11551272]
[0.11550696]
[0.11549853]
[0.11545343]
[0.11545262]
[0.11543985]
[0.11542326]
[0.11542173]
[0.11540557]
[0.11540299]
[0.11534481]
[0.11532708]
[0.11531681]
[0.11527542]
[0.1152636]
[0.11525987]
[0.1152441]
[0.11524404]
[0.11522322]
[0.11522198]
[0.11520673]
[0.11520234]
[0.11519365]
[0.1151671]
[0.11515142]
[0.11513437]
[0.11513131]
[0.11512654]
[0.11510634]
[0.11510534]
[0.11509901]
[0.11509139]
[0.11507449]
[0.11504503]
[0.11502792]
[0.11502715]
[0.11499377]
[0.11497199]
[0.11495923]
[0.11494996]
[0.1149465]
[0.11493171]
[0.11491181]
[0.11490851]
[0.11490329]
[0.11487928]
[0.11487001]
[0.11485232]
[0.11484239]
[0.11483952]
[0.11483575]
[0.11482048]
[0.11481777]
[0.11480058]
[0.11479247]
[0.11476155]
[0.11475868]
[0.11475129]
[0.11474574]
[0.11472701]
[0.11470134]
[0.1146993]
[0.11469112]
[0.11468983]
[0.1146732]
[0.11467071]
[0.11466324]
[0.1146526]
[0.11464714]
[0.11462729]
[0.11462498]
[0.11462327]
[0.11458597]
[0.1145732]
[0.11456788]
[0.11451829]
[0.11447721]
[0.11445959]
[0.11445145]
[0.11444655]
[0.1144441]
[0.11444094]
[0.114416]
[0.11441199]
[0.11440946]
[0.11439879]
[0.11439101]
[0.11436242]
[0.11434536]
[0.11430809]
[0.11427057]
[0.11425697]
[0.11422116]
[0.11420427]
[0.11419976]
[0.11419195]
[0.11418717]
[0.11418496]
[0.11415709]
[0.1141313]
[0.11410849]
[0.11410496]
[0.11409383]
[0.11406191]
[0.11404906]
[0.11401714]
[0.11401578]
[0.11399832]
[0.1139889]
[0.11395933]
[0.11393204]
[0.11392992]
[0.11392108]
[0.11390371]
[0.11388667]
[0.11387737]
[0.11386125]
[0.11383323]
[0.11379492]
[0.11377568]
[0.11371598]
[0.11370036]
[0.11367393]
[0.11366]
[0.11365443]
[0.11364714]
[0.11363766]
[0.11363731]
[0.11363249]
[0.11363228]
[0.11361987]
[0.11360089]
[0.11358403]
[0.11357894]
[0.11354079]
[0.11349861]
[0.11347196]
[0.11346479]
[0.11341303]
[0.11340859]
[0.11340381]
[0.11339352]
[0.11338107]
[0.11337816]
[0.11337711]
[0.11335866]
[0.11334243]
[0.11331838]
[0.11331723]
[0.11331481]
[0.11330947]
[0.11327857]
[0.11325256]
[0.11324251]
[0.11320459]
[0.11319808]
[0.11314893]
[0.11312622]
[0.1131152]
[0.11306235]
[0.11305848]
[0.11304658]
[0.11300804]
[0.11300601]
[0.1130016]
[0.11291046]
[0.11288818]
[0.112868]
[0.11282082]
[0.11281028]
[0.11281013]
[0.11280531]
[0.11280455]
[0.11279994]
[0.11279559]
[0.11275638]
[0.1127435]
[0.11274187]
[0.11274094]
[0.11268603]
[0.11263911]
[0.11262845]
[0.11262755]
[0.11261399]
[0.11259569]
[0.11256716]
[0.11255091]
[0.11248245]
[0.11247909]
[0.11247234]
[0.11245557]
[0.11243254]
[0.11241617]
[0.11241016]
[0.11238068]
[0.11235093]
[0.11234371]
[0.11234338]
[0.112322]
[0.11230926]
[0.11227616]
[0.11222811]
[0.11219945]
[0.11219848]
[0.11217985]
[0.11217639]
[0.11215488]
[0.11213544]
[0.11212297]
[0.11208368]
[0.11205601]
[0.11205307]
[0.11199464]
[0.11199344]
[0.11199129]
[0.11198904]
[0.11198735]
[0.11198425]
[0.11198016]
[0.1119666]
[0.11196585]
[0.11193398]
[0.11190854]
[0.11190741]
[0.11188828]
[0.11187159]
[0.11186755]
[0.11185381]
[0.11184821]
[0.11183942]
[0.11181808]
[0.11180656]
[0.11180362]
[0.11175998]
[0.11174145]
[0.11166736]
[0.11166599]
[0.11164697]
[0.11160031]
[0.11152668]
[0.11148752]
[0.11148605]
[0.11145914]
[0.1114456]
[0.11143259]
[0.11143022]
[0.11140638]
[0.1113869]
[0.11138515]
[0.11135986]
[0.11135121]
[0.11131843]
[0.11131597]
[0.11126518]
[0.11124977]
[0.11123271]
[0.11116885]
[0.11114161]
[0.1111223]
[0.11111617]
[0.11110779]
[0.11110365]
[0.11110289]
[0.11109395]
[0.11107562]
[0.11105206]
[0.11097135]
[0.11092365]
[0.11091754]
[0.11089937]
[0.11089191]
[0.11087386]
[0.11086352]
[0.11085834]
[0.11085735]
[0.11084805]
[0.11082851]
[0.11081702]
[0.11081286]
[0.1107982]
[0.11077935]
[0.11074181]
[0.11072583]
[0.11071435]
[0.11058906]
[0.11058453]
[0.11056845]
[0.11056521]
[0.1105541]
[0.11054237]
[0.11051842]
[0.11051164]
[0.11047783]
[0.11046462]
[0.1104121]
[0.11040141]
[0.11037109]
[0.11034058]
[0.11033576]
[0.11032984]
[0.11031793]
[0.11030407]
[0.11025254]
[0.11016783]
[0.11011895]
[0.11010931]
[0.11009902]
[0.11006889]
[0.11006541]
[0.11003841]
[0.11001332]
[0.1099672]
[0.10996408]
[0.10996212]
[0.10995474]
[0.10995407]
[0.10995286]
[0.10991583]
[0.10986859]
[0.10982182]
[0.1098189]
[0.10980494]
[0.10980161]
[0.10972633]
[0.10971159]
[0.10965618]
[0.10964969]
[0.10963782]
[0.10961671]
[0.10960542]
[0.10960538]
[0.10956332]
[0.10954009]
[0.10951728]
[0.10951439]
[0.10949324]
[0.10949068]
[0.10948975]
[0.10948751]
[0.10945153]
[0.10942882]
[0.10942669]
[0.10941068]
[0.10939603]
[0.10937726]
[0.10934747]
[0.10933558]
[0.10930455]
[0.10928421]
[0.1092767]
[0.10925625]
[0.10923513]
[0.10923457]
[0.10918357]
[0.10918146]
[0.10916477]
[0.10911962]
[0.10908604]
[0.10899912]
[0.108986]
[0.10897387]
[0.10895898]
[0.10895766]
[0.1089135]
[0.1088899]
[0.10887853]
[0.10887829]
[0.10879375]
[0.10876606]
[0.10871989]
[0.10871081]
[0.10868187]
[0.10860138]
[0.10857609]
[0.10854651]
[0.10853225]
[0.10850107]
[0.10848853]
[0.10847266]
[0.10846821]
[0.10841709]
[0.10839651]
[0.10837775]
[0.10836425]
[0.10835958]
[0.10835698]
[0.10834343]
[0.10829394]
[0.1082904]
[0.10825495]
[0.10822558]
[0.10822478]
[0.10821664]
[0.10814988]
[0.10814866]
[0.10814539]
[0.10812523]
[0.1081153]
[0.10809743]
[0.10807526]
[0.10802811]
[0.10802806]
[0.10796558]
[0.10795791]
[0.10794359]
[0.10793493]
[0.10792055]
[0.10791621]
[0.10790301]
[0.10786675]
[0.10782324]
[0.10779434]
[0.10778634]
[0.10773531]
[0.10770281]
[0.10770231]
[0.10763668]
[0.10761126]
[0.10759518]
[0.10757397]
[0.10753448]
[0.10738484]
[0.10731333]
[0.10730383]
[0.10725993]
[0.10725866]
[0.10721198]
[0.10712853]
[0.10712618]
[0.10698938]
[0.10695859]
[0.10692766]
[0.10692507]
[0.10692152]
[0.10691631]
[0.10689025]
[0.10688221]
[0.10683108]
[0.10681225]
[0.10681109]
[0.1067334]
[0.1067063]
[0.1066539]
[0.10663515]
[0.1066232]
[0.10660551]
[0.10660366]
[0.10659347]
[0.10657112]
[0.10646501]
[0.10646423]
[0.10640106]
[0.10639616]
[0.10634771]
[0.10632343]
[0.1063097]
[0.1062913]
[0.10622034]
[0.10620607]
[0.10616235]
[0.10614757]
[0.10614233]
[0.10609657]
[0.10606687]
[0.10606544]
[0.10605362]
[0.10605215]
[0.10602828]
[0.10600998]
[0.10598041]
[0.10594539]
[0.1059372]
[0.1059218]
[0.1058822]
[0.10585959]
[0.10585428]
[0.10581879]
[0.10577044]
[0.10573165]
[0.10561309]
[0.10555806]
[0.10555127]
[0.10551911]
[0.10548194]
[0.10543558]
[0.10538641]
[0.10535417]
[0.10534982]
[0.10530985]
[0.10525537]
[0.10523758]
[0.10522356]
[0.10517322]
[0.10515446]
[0.1049749]
[0.10487809]
[0.10478844]
[0.10470992]
[0.1046389]
[0.1046358]
[0.10459679]
[0.10457697]
[0.1045505]
[0.1045452]
[0.1045424]
[0.1045115]
[0.10449705]
[0.10439455]
[0.10439449]
[0.10439118]
[0.10438209]
[0.10436025]
[0.1043252]
[0.10428468]
[0.1042666]
[0.10424615]
[0.10419047]
[0.10415656]
[0.10414313]
[0.10411862]
[0.10409869]
[0.10401381]
[0.10396422]
[0.10394807]
[0.10379391]
[0.1037467]
[0.10370326]
[0.10358804]
[0.103508]
[0.10344981]
[0.10344342]
[0.10342854]
[0.10325368]
[0.10324794]
[0.10313255]
[0.10305269]
[0.10301276]
[0.10300092]
[0.10297026]
[0.10278353]
[0.10273533]
[0.10264871]
[0.1026368]
[0.10262472]
[0.10258925]
[0.10257459]
[0.1025716]
[0.10253403]
[0.10252818]
[0.10248601]
[0.1024845]
[0.10248031]
[0.10246516]
[0.10244206]
[0.10243083]
[0.1023576]
[0.10231902]
[0.10226725]
[0.10220031]
[0.10208913]
[0.10206657]
[0.10201722]
[0.10196929]
[0.10195409]
[0.10179725]
[0.10179684]
[0.10176761]
[0.10172156]
[0.1016998]
[0.10167862]
[0.1016593]
[0.10162503]
[0.10141995]
[0.10141457]
[0.10127825]
[0.10126917]
[0.10126267]
[0.10110024]
[0.10103632]
[0.1010309]
[0.10098789]
[0.10090404]
[0.1008364]
[0.10077262]
[0.10074905]
[0.10070875]
[0.10064767]
[0.10055906]
[0.10031238]
[0.10028306]
[0.09995821]
[0.09976815]
[0.09967044]
[0.09959114]
[0.0994778]
[0.09945714]
[0.09943679]
[0.09929429]
[0.09918994]
[0.09890198]
[0.09884456]
[0.09879473]
[0.09878819]
[0.09860948]
[0.09834283]
[0.09825796]
[0.09820104]
[0.09819718]
[0.09815973]
[0.09815578]
[0.09779929]
[0.09777509]
[0.09773293]
[0.09771302]
[0.0976552]
[0.09743796]
[0.09742671]
[0.09713691]
[0.09702493]
[0.09690019]
[0.09689275]
[0.09679287]
[0.09676098]
[0.09673919]
[0.0966313]
[0.09633445]
[0.09629609]
[0.09611137]
[0.09551258]
[0.09534196]
[0.09487888]
[0.09463467]
[0.09458499]
[0.09437183]
[0.09430008]
[0.09429512]
[0.09426927]
[0.09407207]
[0.09396042]
[0.09392743]
[0.09391456]
[0.0939058]
[0.09374124]
[0.0937366]
[0.09363819]
[0.09353687]
[0.09349849]
[0.09349693]
[0.0934791]
[0.09337714]
[0.09317184]
[0.09311036]
[0.09299182]
[0.09294758]
[0.09286623]
[0.0927041]
[0.09262154]
[0.09251323]
[0.09249994]
[0.09225754]
[0.0919394]
[0.09168899]
[0.09167553]
[0.09155335]
[0.09147737]
[0.09125404]
[0.09110122]
[0.09100653]
[0.09085809]
[0.09061582]
[0.09058531]
[0.0903042]
[0.09028164]
[0.0902382]
[0.09010007]
[0.09004323]
[0.08982838]
[0.08978216]
[0.08977599]
[0.08954178]
[0.08917223]
[0.08914072]
[0.08901256]
[0.08878253]
[0.08876538]
[0.08871872]
[0.08868233]
[0.08861899]
[0.0885905]
[0.08849987]
[0.08848791]
[0.08843735]
[0.08843026]
[0.08834498]
[0.08829505]
[0.08826968]
[0.08825631]
[0.08803733]
[0.0880246]
[0.08775022]
[0.08769379]
[0.0876012]
[0.08748425]
[0.0873059]
[0.08727756]
[0.08684906]
[0.08677119]
[0.08672602]
[0.08654562]
[0.08637857]
[0.08630225]
[0.08628216]
[0.08625107]
[0.08615199]
[0.08595614]
[0.08593597]
[0.085807]
[0.08579078]
[0.08574581]
[0.08565053]
[0.08538158]
[0.08534873]
[0.08531125]
[0.08527508]
[0.0852735]
[0.08466896]
