0.3763904
0.3709732
0.36798447
0.36314228
0.36067298
0.3577285
0.35274202
0.34813192
0.3358418
0.33559412
0.3338519
0.33370754
0.33315054
0.3315182
0.32999223
0.32963842
0.3286157
0.3244992
0.32210475
0.32163516
0.3214052
0.32132497
0.32096422
0.31954148
0.31592193
0.31529623
0.3150555
0.31216133
0.31159055
0.31076095
0.31017107
0.30893058
0.3081875
0.30682656
0.30672517
0.30469173
0.30430558
0.30361873
0.30289075
0.30279472
0.30156356
0.29997706
0.29928288
0.2985799
0.29801038
0.29668143
0.29631642
0.29618528
0.29583615
0.295717
0.2956119
0.29506052
0.29409608
0.29374814
0.29260728
0.29260653
0.29237145
0.29142404
0.29140714
0.29138833
0.29116434
0.29084888
0.29084888
0.29084888
0.29065284
0.2903814
0.28995857
0.28900486
0.2885854
0.28853604
0.28815678
0.2879761
0.28782636
0.28749153
0.28711015
0.28672066
0.28652525
0.28650942
0.28573644
0.28543648
0.28515783
0.28481475
0.28460857
0.28427342
0.28408
0.28398865
0.2833364
0.28285533
0.28243774
0.28225222
0.28215998
0.2821013
0.28193766
0.2818605
0.28141308
0.28098783
0.2809134
0.28054073
0.28029907
0.2801068
0.28005174
0.27988896
0.27913323
0.27879184
0.27864394
0.27843553
0.27827808
0.2779997
0.27799013
0.27760664
0.2771819
0.2770783
0.27613008
0.2760496
0.2759398
0.27567908
0.27567694
0.27567425
0.27526098
0.27479658
0.27459
0.27374142
0.2734867
0.2734202
0.27339107
0.2732484
0.27309918
0.27280992
0.27270353
0.27266732
0.27264974
0.27243063
0.27221054
0.27214107
0.27201408
0.27178997
0.27146542
0.27129322
0.2711131
0.27109885
0.2710523
0.27099234
0.27092698
0.27081484
0.27072376
0.27064177
0.270612
0.2700709
0.26998726
0.26998097
0.2699566
0.2697842
0.26974556
0.26968628
0.26960218
0.26955917
0.26927763
0.26915967
0.26901537
0.26884276
0.26881468
0.2686231
0.268406
0.26829568
0.26811492
0.26802623
0.26771262
0.2676714
0.26750776
0.26748422
0.2673686
0.26733205
0.26708278
0.2670759
0.2668533
0.2668071
0.2667617
0.2667617
0.26668808
0.26623994
0.26621467
0.2661378
0.26595542
0.2658356
0.2657912
0.26566446
0.26533407
0.2653089
0.26524016
0.2651415
0.26507738
0.26502168
0.26498246
0.26480144
0.26475576
0.2646743
0.26467276
0.26461437
0.26461154
0.26459208
0.26453838
0.2641378
0.2639972
0.26391217
0.26385137
0.26370728
0.26358324
0.26350713
0.2634943
0.2634774
0.26340988
0.26339447
0.2632867
0.26326525
0.2632288
0.26310658
0.2630767
0.26302496
0.26290795
0.26279348
0.26277617
0.26275545
0.2627421
0.26261365
0.2625563
0.26253688
0.2625048
0.2624513
0.26234153
0.2622302
0.26222855
0.262103
0.26207298
0.26206297
0.26205897
0.26205423
0.262047
0.2619857
0.26192033
0.26179874
0.2617043
0.2616637
0.2614487
0.2613067
0.2612329
0.2611209
0.26099703
0.2609313
0.26088873
0.2608854
0.2608841
0.2608064
0.26075798
0.26063454
0.26053587
0.2604341
0.260361
0.26034176
0.2602421
0.26004982
0.26003358
0.25980753
0.2597952
0.2596744
0.25955892
0.25935337
0.2593152
0.25928515
0.25922278
0.25916988
0.25916335
0.25916317
0.25913662
0.25913662
0.2589938
0.2589752
0.258954
0.25886968
0.2588206
0.25881416
0.2587779
0.25870985
0.2585936
0.25844753
0.2584005
0.2583854
0.2583798
0.25829694
0.25812355
0.2581052
0.25797614
0.2579503
0.25788695
0.25786456
0.25783446
0.257814
0.25781265
0.25779846
0.2577036
0.25763783
0.2575871
0.2575491
0.25752494
0.2574919
0.25730336
0.2572874
0.25726825
0.25725234
0.25709566
0.25696912
0.25680396
0.25659263
0.2565635
0.25655037
0.25654173
0.25653702
0.25652522
0.25651148
0.25650707
0.25647593
0.25646102
0.25631997
0.25630793
0.25617182
0.25613624
0.2560631
0.25601014
0.2559714
0.2559494
0.25587624
0.25559545
0.25547245
0.2552668
0.25513318
0.25511006
0.25507048
0.25503486
0.25498018
0.2549801
0.2548688
0.25485197
0.2548291
0.25459078
0.25443217
0.2542828
0.25423023
0.25420967
0.25414202
0.25413007
0.25403675
0.25402305
0.25400975
0.25398633
0.25397885
0.25396395
0.25394797
0.25393805
0.25384516
0.25383547
0.25381133
0.25377822
0.2537598
0.25375107
0.25373936
0.2537269
0.25364777
0.25364703
0.25362602
0.25357765
0.25350797
0.25349462
0.25333875
0.25331447
0.2532731
0.2532326
0.25319168
0.2531482
0.25313145
0.25306508
0.25303647
0.2530358
0.25296655
0.25291258
0.25277638
0.2526674
0.25265858
0.2526197
0.25261328
0.25258052
0.25251177
0.2525011
0.25234172
0.25222865
0.252222
0.2522085
0.25208065
0.25206757
0.25201148
0.2519781
0.25197655
0.25196543
0.25196257
0.2519368
0.25192943
0.25192025
0.2519187
0.25187477
0.25186163
0.2517575
0.25168326
0.25158665
0.25141758
0.25133085
0.2513022
0.25126806
0.2512635
0.2512533
0.25122535
0.2512189
0.25120866
0.2511522
0.25106415
0.25101587
0.2509265
0.25091836
0.25084528
0.25081804
0.2508059
0.25078574
0.25076532
0.2506772
0.25066054
0.2506415
0.25061896
0.25047886
0.25045055
0.25037467
0.2503731
0.25031134
0.25030586
0.25027403
0.25024348
0.25023267
0.2502075
0.25016844
0.2501526
0.25010708
0.2500937
0.25007
0.24997151
0.24990752
0.24980387
0.24977894
0.24972065
0.24972065
0.24970828
0.24960706
0.24960637
0.24960315
0.24956
0.24943925
0.24941774
0.24937426
0.24936806
0.24933839
0.24933009
0.24922827
0.24918205
0.24914043
0.24912897
0.24908885
0.2490842
0.24905547
0.2489776
0.24890342
0.2488411
0.24879682
0.24879077
0.24876197
0.24873312
0.24870713
0.24863546
0.24856411
0.24842462
0.24842456
0.24839291
0.24838491
0.24825653
0.2482394
0.2482088
0.2481743
0.24816936
0.24816252
0.24812846
0.24811877
0.24810776
0.24807851
0.24804823
0.24802531
0.24801171
0.2479508
0.24789359
0.24781023
0.24779277
0.24774866
0.24774675
0.24764784
0.24760735
0.24752274
0.24751559
0.2475143
0.24748126
0.24745506
0.24743871
0.24740386
0.2473947
0.24739248
0.24735992
0.24735864
0.24732025
0.24729131
0.24728918
0.24726117
0.24722257
0.2472076
0.24711333
0.24711269
0.24709627
0.24702168
0.24701661
0.2470128
0.2469941
0.24694633
0.24693839
0.24693313
0.24691813
0.24690177
0.24688739
0.24688104
0.24685115
0.24680704
0.24674644
0.24671425
0.2466646
0.2466635
0.24664849
0.24661711
0.2465927
0.24652898
0.24651365
0.24645852
0.24644537
0.24643448
0.24642757
0.24636616
0.24636005
0.2463481
0.24632548
0.24623963
0.24619396
0.2461868
0.24613154
0.24604182
0.24604148
0.24597606
0.24596867
0.2459584
0.24594925
0.24589749
0.24583924
0.2457605
0.24565813
0.2456407
0.24563241
0.24561653
0.24560568
0.24551152
0.24550548
0.2455041
0.24546388
0.24545442
0.245442
0.24543428
0.24537677
0.24529758
0.2452536
0.24523026
0.2452088
0.24518871
0.24516942
0.24512127
0.24511145
0.24509981
0.24508642
0.24506408
0.24504587
0.24504082
0.24503854
0.24503854
0.24499457
0.24493442
0.24479793
0.24476853
0.24475305
0.24474938
0.24474037
0.24470158
0.24468982
0.2446758
0.24466872
0.2446595
0.24456786
0.24455513
0.24452768
0.2444273
0.24439594
0.2443848
0.2443848
0.24436173
0.24432342
0.24429712
0.24428523
0.24426146
0.24421553
0.2441938
0.24415448
0.24415426
0.24401727
0.24401292
0.2439905
0.24397148
0.24397105
0.24396534
0.24396282
0.2439037
0.24383226
0.2438163
0.24380097
0.24370271
0.24369824
0.24368563
0.24367896
0.24367361
0.24365984
0.24365945
0.24364914
0.24356702
0.24355848
0.24350597
0.24347305
0.24343222
0.2434007
0.24339448
0.24336718
0.24328464
0.24323204
0.24316542
0.2431162
0.24308492
0.24306303
0.24304572
0.24302864
0.24302712
0.2429558
0.24292713
0.24290974
0.24290586
0.2428786
0.24286464
0.24281603
0.24280661
0.2427683
0.24274568
0.24271014
0.24267456
0.24265015
0.24263725
0.24263294
0.24261703
0.24260178
0.24258891
0.2425374
0.2425179
0.24240199
0.24239314
0.24238631
0.24236788
0.24231964
0.24231757
0.24230585
0.24230585
0.24227598
0.2422668
0.24221414
0.24221268
0.2422077
0.24220306
0.24220146
0.24218947
0.24217615
0.24216928
0.24214596
0.24212907
0.24212644
0.24208736
0.2420694
0.24204104
0.2420363
0.24202117
0.24195626
0.24195126
0.24189165
0.24187838
0.24183422
0.24182859
0.24180555
0.24179162
0.24178903
0.2417864
0.24178062
0.24177684
0.24174811
0.24172963
0.24168654
0.24165097
0.24158478
0.24154209
0.24153678
0.24152857
0.24148996
0.24145907
0.24144693
0.24144454
0.24136622
0.24134853
0.24134037
0.24129541
0.24129511
0.24123241
0.24121593
0.24119256
0.24119054
0.24116966
0.2411658
0.24114364
0.24110594
0.24109583
0.24108532
0.24108297
0.24105628
0.24101622
0.24096645
0.24096127
0.24092911
0.24088627
0.24084425
0.2407461
0.24071062
0.24068286
0.24067496
0.24063864
0.24061917
0.24058472
0.24056002
0.24054843
0.24047638
0.24045475
0.24043572
0.24019939
0.24018714
0.24017853
0.24013826
0.2401366
0.24012046
0.24011724
0.24007617
0.24004558
0.24003707
0.2400346
0.23997301
0.23995762
0.23995557
0.23989728
0.23989552
0.23989245
0.23986271
0.2398577
0.23981668
0.23980229
0.2397872
0.23976828
0.23974852
0.23974542
0.23967928
0.23962227
0.23959628
0.23959407
0.23958367
0.23954286
0.23947608
0.23945646
0.23943196
0.23937708
0.23933725
0.23932889
0.2393071
0.2392763
0.23925298
0.23925185
0.23924355
0.23924093
0.23921244
0.23919094
0.23912314
0.23909222
0.2390902
0.23908037
0.23907942
0.23907039
0.23906541
0.23906423
0.23903881
0.23901878
0.23896897
0.23896745
0.23895916
0.23895563
0.23891711
0.23888665
0.23888665
0.23885639
0.23885101
0.23880999
0.23878759
0.23878753
0.23878284
0.23878284
0.2387748
0.23873915
0.23872411
0.2387138
0.23869826
0.23868537
0.23863026
0.23855464
0.23852767
0.23849556
0.23847707
0.2384625
0.23838739
0.23837617
0.23836263
0.2383264
0.23831934
0.23830764
0.23830466
0.2382922
0.2382683
0.23826821
0.23823866
0.23823485
0.23823243
0.23823108
0.2382255
0.23819996
0.23819144
0.23815607
0.23814256
0.23813629
0.23811418
0.23808755
0.23807782
0.23807284
0.23805684
0.23804703
0.2380299
0.23802371
0.23800926
0.23800062
0.23797321
0.23797083
0.23795629
0.23795436
0.23793417
0.23793349
0.23789206
0.23789047
0.23787633
0.23784769
0.23768479
0.23767075
0.23766202
0.23760362
0.23758176
0.23755361
0.23754382
0.23754048
0.23753634
0.23751998
0.23750822
0.23743884
0.23738022
0.23734649
0.23734649
0.23732954
0.23731987
0.23731683
0.2373094
0.23730612
0.23728934
0.23728356
0.23727234
0.23721373
0.23714612
0.23714112
0.2371383
0.23712283
0.23705707
0.23704357
0.23701352
0.23701276
0.23701248
0.23700058
0.23699777
0.23699
0.23698135
0.2369632
0.23695655
0.2369544
0.2369386
0.23693678
0.23692207
0.23691958
0.23691033
0.2368953
0.23687853
0.23686178
0.23685949
0.23684967
0.23683119
0.23680292
0.23679888
0.23673885
0.23673187
0.2367203
0.23665689
0.2366517
0.23664676
0.23658165
0.2365338
0.2365279
0.23650561
0.23650075
0.2364654
0.23645537
0.23645131
0.23643921
0.2364147
0.23639756
0.23637094
0.23636562
0.23636353
0.23636076
0.23635256
0.23627858
0.23622826
0.23622619
0.23622602
0.23622121
0.2362113
0.236208
0.23620455
0.23618677
0.23613478
0.23613104
0.23612699
0.23609143
0.23607363
0.23606665
0.2360619
0.23603971
0.23602772
0.23600475
0.23598671
0.23597892
0.23597038
0.2359553
0.23593876
0.2359335
0.23593333
0.23592861
0.23592435
0.23582152
0.23577413
0.2357493
0.23572315
0.2357187
0.23568797
0.2356038
0.23557973
0.23557806
0.23554806
0.23554517
0.23554492
0.23554274
0.23549213
0.23549074
0.23545901
0.2354459
0.23542486
0.2354063
0.2353856
0.23534258
0.23533872
0.23529293
0.23522434
0.23520766
0.23518535
0.23517987
0.23517892
0.23515779
0.23510568
0.23510124
0.23507905
0.23507747
0.23504828
0.23503871
0.23503871
0.23503779
0.23502237
0.23501088
0.23496419
0.23495096
0.23494916
0.23494217
0.23493032
0.23492056
0.23490947
0.23490027
0.23488995
0.2348658
0.23482567
0.23481897
0.23481649
0.23481321
0.23479949
0.23479739
0.23477903
0.23477793
0.23475985
0.23475875
0.23473455
0.2347308
0.23471661
0.23470867
0.23469737
0.23469609
0.23468876
0.23468587
0.23466045
0.23465599
0.23465258
0.23463945
0.23463349
0.23462522
0.23462312
0.23461816
0.23457688
0.23454846
0.2345465
0.23450506
0.2345038
0.2345017
0.23448083
0.23447354
0.23446032
0.23442988
0.23442188
0.23440202
0.23440094
0.23440014
0.23439199
0.23437938
0.23437648
0.2343449
0.23432319
0.23430191
0.23425987
0.23425576
0.2342389
0.23423696
0.2342347
0.23420624
0.23415598
0.23415357
0.23415242
0.23414285
0.23413865
0.23413068
0.23410898
0.23409331
0.23408791
0.23407021
0.2340299
0.23402686
0.23400405
0.23399849
0.23395923
0.23394367
0.23392321
0.23386854
0.23386806
0.23381831
0.23381294
0.23380904
0.23380783
0.23377104
0.23373766
0.2337142
0.23370427
0.2336957
0.2336931
0.2336853
0.23367366
0.23363774
0.23363602
0.23360859
0.23360755
0.23360112
0.23357159
0.23354356
0.2335353
0.23352127
0.23351823
0.23351756
0.23348321
0.23347092
0.23346826
0.23345672
0.23342694
0.23340915
0.23340346
0.2333658
0.23336455
0.23336424
0.23335843
0.23333877
0.23333266
0.23332436
0.23331814
0.23331058
0.23328896
0.2332724
0.23327142
0.23327142
0.23327142
0.23326913
0.23326464
0.23326337
0.23324786
0.23323385
0.23321842
0.23320861
0.23317915
0.23315823
0.2331439
0.23313947
0.23313822
0.2331367
0.23313187
0.23311825
0.23311216
0.23309378
0.23309185
0.23307179
0.23307166
0.23306376
0.233056
0.23304881
0.2330402
0.2330346
0.23301733
0.2330116
0.23295787
0.23294824
0.2329388
0.23292768
0.23292087
0.23289087
0.23288624
0.23287292
0.23285456
0.23284999
0.23284924
0.23284583
0.2328115
0.23278034
0.23277488
0.23276535
0.23274711
0.23273584
0.23272139
0.23272128
0.23271008
0.23270248
0.2327011
0.23268989
0.2326844
0.2326586
0.2326557
0.23265384
0.23264466
0.23264435
0.23263995
0.23260464
0.2325966
0.23258503
0.23255052
0.23254557
0.23252049
0.23251711
0.23250465
0.23250069
0.23249787
0.23249787
0.23248872
0.2324849
0.23245692
0.23243296
0.232418
0.23241429
0.23238091
0.23237532
0.23234592
0.23234476
0.23232664
0.23232338
0.23232324
0.23231485
0.23230515
0.23229751
0.23228092
0.2322769
0.23226152
0.23221785
0.23220548
0.23220548
0.23217832
0.23217694
0.23214874
0.23214063
0.23212466
0.23212416
0.2320753
0.23206525
0.23205823
0.23204277
0.2320332
0.23198143
0.23198132
0.23197275
0.23193614
0.23192102
0.23192053
0.23190968
0.23189083
0.23186949
0.23185693
0.23184814
0.23184595
0.2318279
0.23180263
0.23180081
0.23176256
0.23174469
0.23172449
0.23170912
0.23167689
0.23167415
0.23167217
0.23165041
0.23164368
0.23163389
0.2316205
0.23159137
0.2315847
0.23158118
0.23157592
0.2315639
0.23154564
0.23145863
0.23143306
0.23142847
0.23142615
0.23140234
0.23139818
0.23138434
0.23138425
0.23136453
0.23133563
0.23133057
0.23130883
0.23130135
0.23128794
0.23126337
0.23125906
0.23125498
0.23124856
0.23123826
0.23122662
0.23121934
0.2312146
0.23119594
0.23117405
0.23115888
0.23114197
0.23113637
0.23110747
0.23107728
0.23106429
0.23106317
0.23106235
0.23105904
0.2310552
0.23104715
0.23103851
0.23101665
0.23101577
0.23101526
0.23099998
0.23099329
0.23097447
0.23094322
0.23092827
0.23092464
0.23089778
0.23087926
0.230876
0.2308734
0.2308632
0.23086151
0.23085122
0.23084112
0.23083654
0.23083247
0.23081872
0.23081824
0.2308176
0.23081698
0.23080465
0.23080228
0.23077275
0.23076178
0.23075995
0.2307565
0.23075025
0.23074502
0.23074414
0.23073588
0.23071405
0.230692
0.2306851
0.23066305
0.23065741
0.23063542
0.23063205
0.23061761
0.23061381
0.23061052
0.23059596
0.23059574
0.23058225
0.23058225
0.2305532
0.23055224
0.23055036
0.230532
0.23052089
0.2305202
0.23050459
0.23050459
0.23049796
0.23049238
0.23048279
0.23048253
0.2304726
0.2304673
0.23044968
0.23044968
0.23044337
0.23042828
0.23042107
0.23041868
0.23041345
0.23041306
0.23038651
0.23037434
0.23037288
0.23035997
0.23033985
0.23032358
0.23028706
0.230286
0.23026496
0.2302529
0.23023498
0.23022456
0.23021366
0.23021138
0.2301992
0.23019685
0.23019521
0.2301939
0.23018138
0.23017184
0.23014754
0.23012549
0.23012283
0.23009004
0.23007919
0.23007222
0.23006667
0.23006223
0.23006187
0.23004794
0.23003563
0.23000081
0.22997583
0.22997385
0.22997186
0.22996686
0.22995012
0.22994217
0.22994034
0.22993492
0.22993079
0.22992198
0.22989759
0.22985342
0.22984588
0.22983062
0.22982267
0.22982012
0.22981319
0.22980382
0.22978914
0.22978914
0.22973771
0.22972453
0.22969323
0.22967072
0.22966759
0.22966073
0.2296489
0.22963203
0.22961642
0.22961462
0.22960632
0.22958809
0.22958809
0.22958256
0.22957978
0.22956191
0.22956136
0.22955093
0.2295457
0.22951566
0.22950895
0.2295087
0.2295036
0.2295028
0.22950025
0.22950025
0.22949752
0.22949727
0.22948796
0.22948235
0.22947231
0.22946428
0.22944574
0.22944555
0.22944207
0.22943625
0.22943129
0.22942486
0.2294136
0.22940844
0.22940694
0.22934435
0.2293235
0.22930941
0.22930309
0.22928953
0.22926867
0.22925882
0.2292469
0.22923662
0.22923002
0.22922415
0.22919844
0.22918452
0.22918193
0.22918123
0.2291806
0.2291773
0.22912833
0.229124
0.22911716
0.22911406
0.22911288
0.22909988
0.22907937
0.22906509
0.22906391
0.22906226
0.22904354
0.2290365
0.2290239
0.2290191
0.22901563
0.22900617
0.22900233
0.22899982
0.22898147
0.22897542
0.22896512
0.22896416
0.22895803
0.22894382
0.22894183
0.22894183
0.22894175
0.22894098
0.22892523
0.22891617
0.2288901
0.22888665
0.2288845
0.2288767
0.22886789
0.2288572
0.2288371
0.22882986
0.2288296
0.22882052
0.22880554
0.2288007
0.22878401
0.22876106
0.22875568
0.22872873
0.2287233
0.22870773
0.22869945
0.22869511
0.22869177
0.22868803
0.22868215
0.22866686
0.22864534
0.2286424
0.22861928
0.22860642
0.22860476
0.22858404
0.2285807
0.22855727
0.22855347
0.2285454
0.22852224
0.22850214
0.2284754
0.22846508
0.2284486
0.22844188
0.2284184
0.22841598
0.22840843
0.22837518
0.2283686
0.22836733
0.22835566
0.22835435
0.22834587
0.2283454
0.22834007
0.22834007
0.22833833
0.22833729
0.22832102
0.22831666
0.22828992
0.2282831
0.22828013
0.2282532
0.22824624
0.22824551
0.22824211
0.22823037
0.22822903
0.22821906
0.22821492
0.22821492
0.22819774
0.22819269
0.22818817
0.2281848
0.22818048
0.22817792
0.22816339
0.22813627
0.22813287
0.22812729
0.22812103
0.22811733
0.22811703
0.22806677
0.22803211
0.2279969
0.22798939
0.22798067
0.22794023
0.22794023
0.22793847
0.22792792
0.22791831
0.22790504
0.22788413
0.2278769
0.22786261
0.22784805
0.2278376
0.22783464
0.22781962
0.22779948
0.2277942
0.22778985
0.22778104
0.22777814
0.22771688
0.22771406
0.2277129
0.22770934
0.22770086
0.22767028
0.22765611
0.22764784
0.22763835
0.22762518
0.22758618
0.22757988
0.22756593
0.22756408
0.22754988
0.22754982
0.22754183
0.22754025
0.22753827
0.22753778
0.22753084
0.22748788
0.22748788
0.2274815
0.22747287
0.2274673
0.2274559
0.22744906
0.22744854
0.22743629
0.22742388
0.22741234
0.22740948
0.22740738
0.22740301
0.22739683
0.22739515
0.22738999
0.22737394
0.2273698
0.22736867
0.22736652
0.22736539
0.2273517
0.22732314
0.22731721
0.22730866
0.2272962
0.22728819
0.22725214
0.22725087
0.22724569
0.2272363
0.2272351
0.22723234
0.2272272
0.22721754
0.22720599
0.22720149
0.22719876
0.2271939
0.22716388
0.22716142
0.22714949
0.22710742
0.22708541
0.22708488
0.2270742
0.22705382
0.22704977
0.22702093
0.22701713
0.22701558
0.2270145
0.22701415
0.22701207
0.22701034
0.22699727
0.22697848
0.22697568
0.2269756
0.22696131
0.2269558
0.22695117
0.22694522
0.22694522
0.22693276
0.22692305
0.22690384
0.22689746
0.22688985
0.2268648
0.2268589
0.22683924
0.22683302
0.22682591
0.22682185
0.22681707
0.22680177
0.22679687
0.22679213
0.22678673
0.22677854
0.22677243
0.2267703
0.22676301
0.22674309
0.2267333
0.22671527
0.22671072
0.22670805
0.22670367
0.2266981
0.2266946
0.22667672
0.22666731
0.226659
0.22665808
0.22665273
0.22665018
0.22664139
0.2266324
0.22662936
0.22662564
0.22661163
0.22660133
0.22659418
0.22658798
0.22656508
0.22656022
0.22655195
0.2265428
0.22649269
0.22648005
0.2264611
0.22645898
0.22645478
0.2264542
0.22645259
0.2264428
0.22643864
0.22641547
0.22641346
0.22639132
0.22637944
0.22637822
0.22637822
0.22637473
0.22636688
0.22636087
0.22636007
0.22633834
0.22633469
0.22633137
0.22633009
0.22631289
0.22626743
0.22626148
0.22626103
0.22625054
0.22623968
0.22622679
0.22622219
0.226206
0.22620024
0.22620024
0.22619732
0.22619702
0.22619402
0.22619031
0.2261876
0.22615124
0.2261348
0.22613207
0.2261308
0.22611438
0.22611228
0.22610535
0.2261024
0.22610013
0.2260979
0.22609776
0.226076
0.22606465
0.22605914
0.22605184
0.22605154
0.22603653
0.22602135
0.22601865
0.22601865
0.22600196
0.22599128
0.22597627
0.22597224
0.22596872
0.2259658
0.2259509
0.22594151
0.22593221
0.2259296
0.2259289
0.2259271
0.22589536
0.22589508
0.2258819
0.22587024
0.2258521
0.22584651
0.22583844
0.22582012
0.22581172
0.22580908
0.22580795
0.22579977
0.22577333
0.22575386
0.22575262
0.22574931
0.22574587
0.22574307
0.22573367
0.2257334
0.22573206
0.22571707
0.22564483
0.22562824
0.22562817
0.22562186
0.22561355
0.22560991
0.22560482
0.22560184
0.22557305
0.22555624
0.22555056
0.22553842
0.225538
0.22552687
0.22552626
0.22551578
0.22551392
0.22549598
0.22546613
0.22545213
0.22545089
0.2254403
0.22543941
0.22541736
0.22539794
0.22539593
0.22538655
0.22538203
0.2253815
0.22538108
0.22535308
0.22533967
0.22533591
0.2253263
0.22531144
0.22531056
0.2253066
0.22530536
0.22528435
0.22525248
0.22524557
0.22522965
0.22520863
0.2252073
0.2252073
0.22519785
0.2251868
0.22513412
0.22513412
0.22513331
0.22513129
0.22511853
0.22511686
0.2250848
0.22507241
0.2250643
0.22505799
0.22505444
0.2250311
0.22502829
0.22499965
0.22499295
0.22499295
0.22499295
0.22497009
0.22496822
0.22493961
0.22493005
0.22491992
0.22489245
0.22488275
0.22487593
0.22486351
0.22486214
0.22486207
0.22484362
0.22483823
0.2248247
0.2248177
0.22481619
0.22481154
0.2248012
0.22478636
0.22478294
0.22477056
0.22477026
0.22475632
0.2247495
0.22472957
0.22472446
0.22472383
0.224711
0.22470538
0.22469027
0.22468285
0.22468194
0.22466798
0.22465397
0.22463273
0.22462384
0.22461778
0.22461133
0.22459269
0.22458483
0.2245841
0.22457892
0.22457242
0.22456612
0.22455922
0.224554
0.22454555
0.22454412
0.22454275
0.2245392
0.2245307
0.22452316
0.22452179
0.22451986
0.22450963
0.22450027
0.22448571
0.22448535
0.22447574
0.22446477
0.22444087
0.22442678
0.22442143
0.2244186
0.22440723
0.22440581
0.22440526
0.22439732
0.2243963
0.22439481
0.22439437
0.22439288
0.22439288
0.2243869
0.22437198
0.22435875
0.2243534
0.2243367
0.22432761
0.22431377
0.22431196
0.22430603
0.22430536
0.22430283
0.22430086
0.2242984
0.22429296
0.22428869
0.22428703
0.22428143
0.22428109
0.22427915
0.2242718
0.2242609
0.22425644
0.22425327
0.22424838
0.22420923
0.22419542
0.22419144
0.2241801
0.2241779
0.22415914
0.22415428
0.22415303
0.22415188
0.22414684
0.22414458
0.22414304
0.22414127
0.22413753
0.22413372
0.2241335
0.22412333
0.2241227
0.22412023
0.22412011
0.22411706
0.22411403
0.2241009
0.22408621
0.22407606
0.22406791
0.22404256
0.22403605
0.22403505
0.22401164
0.22400631
0.2240035
0.2239841
0.22398262
0.22394115
0.22393204
0.22391915
0.22391865
0.22391024
0.22389577
0.22389549
0.22389047
0.2238792
0.2238792
0.2238713
0.22386499
0.22386189
0.22385469
0.22385469
0.2238482
0.2238341
0.22377309
0.22376786
0.22376409
0.22375906
0.22373995
0.22372738
0.22372162
0.22371972
0.22371967
0.22371641
0.22371268
0.22370125
0.2236996
0.22369488
0.22368936
0.22368428
0.22366382
0.22366086
0.22365923
0.22362985
0.22362548
0.22360992
0.22360918
0.22360854
0.22359006
0.22357163
0.22356515
0.22355086
0.2235474
0.22354709
0.22353989
0.22353904
0.22352943
0.22352555
0.22350611
0.22349165
0.22345705
0.22345391
0.22343639
0.22343133
0.22342747
0.22342424
0.22341487
0.22339721
0.22338343
0.22338288
0.22337532
0.22337456
0.22336796
0.22336105
0.22335666
0.2233544
0.22334972
0.22334068
0.22333683
0.22333442
0.22332053
0.22331999
0.22331737
0.2232896
0.22327396
0.22326322
0.22326058
0.22323184
0.22321312
0.22321069
0.22319257
0.2231917
0.2231917
0.22317241
0.22316103
0.22316065
0.22315934
0.22315934
0.22313449
0.22312912
0.22312693
0.22312449
0.22311673
0.22310703
0.2230933
0.22308965
0.22308424
0.22307068
0.223068
0.22306089
0.22305602
0.22305602
0.22305538
0.22304855
0.22304267
0.22303866
0.22303247
0.2230162
0.22300541
0.22300178
0.22299254
0.22298129
0.22297446
0.22297236
0.22296175
0.22295299
0.2229408
0.22293465
0.22292824
0.2229219
0.22291979
0.22291772
0.2229073
0.22290583
0.22288105
0.22287683
0.22287312
0.22286807
0.22286151
0.2228493
0.22284867
0.2228272
0.22282304
0.22281043
0.22280122
0.2227898
0.22276899
0.22274649
0.22274607
0.22273764
0.22272743
0.22270788
0.22268906
0.22268699
0.22268637
0.22268355
0.22267649
0.22264826
0.22264731
0.22264726
0.22263786
0.22262779
0.22261606
0.22260676
0.22260156
0.22260095
0.22259542
0.2225816
0.22257647
0.2225747
0.22257142
0.22256541
0.22256489
0.22256064
0.22255918
0.22255799
0.22255778
0.22255601
0.22255512
0.22255044
0.22254796
0.2225466
0.22253065
0.22252938
0.22252168
0.22251913
0.22250462
0.22250251
0.22248821
0.22248726
0.22248313
0.22246078
0.22243828
0.22243775
0.22242972
0.2224155
0.22240567
0.22240567
0.22238857
0.222388
0.22238614
0.22238503
0.22238272
0.22238053
0.22237326
0.2223706
0.22236313
0.22233601
0.22232558
0.22230724
0.22230108
0.22229831
0.2222832
0.22224873
0.22224873
0.22224076
0.22223201
0.22222987
0.22222006
0.22221874
0.22221841
0.22221634
0.22221383
0.22220807
0.22220543
0.22219515
0.22217038
0.22216952
0.22215831
0.22214971
0.222145
0.22214445
0.2221332
0.2221222
0.22210756
0.22210735
0.22209646
0.22209646
0.22209173
0.22207958
0.22207397
0.2220727
0.22206701
0.2220516
0.22203729
0.22203287
0.22202022
0.22201797
0.22201052
0.22200853
0.22200237
0.22199991
0.22199747
0.22198464
0.2219737
0.22195655
0.2219463
0.22194257
0.22193426
0.22191136
0.22190404
0.22189894
0.22186157
0.22185081
0.22184786
0.22184514
0.22184493
0.22184455
0.22181785
0.22181532
0.22181147
0.22179274
0.2217795
0.22177647
0.22177407
0.22176348
0.22175992
0.22174627
0.22173497
0.22172235
0.22172189
0.22170803
0.22170553
0.2216967
0.22168049
0.22168003
0.22167586
0.2216527
0.22163436
0.22162522
0.22160384
0.22156034
0.22155946
0.22155516
0.22153667
0.22153498
0.22153167
0.22152781
0.22151603
0.22150984
0.2215079
0.22148682
0.22148654
0.2214832
0.22148313
0.22147794
0.22147383
0.22146915
0.2214654
0.22145873
0.22145057
0.22145057
0.22144333
0.22142968
0.22142574
0.22142406
0.22141702
0.22141303
0.22140723
0.221394
0.22139391
0.22138484
0.22137941
0.22137156
0.2213611
0.22134478
0.22134063
0.2213203
0.22131152
0.22130352
0.22128312
0.22127414
0.2212722
0.22127105
0.22126894
0.22125721
0.22125581
0.22125278
0.22124204
0.2212305
0.22121088
0.22121088
0.22120793
0.22120793
0.22120506
0.2211995
0.22116962
0.22115166
0.22114985
0.22114518
0.22112885
0.22111605
0.2211106
0.2211106
0.22109622
0.22108094
0.22106811
0.22106801
0.22105502
0.221053
0.22104754
0.22103715
0.22103176
0.22101755
0.22101079
0.2210092
0.22097167
0.22097069
0.22097015
0.2209652
0.22095808
0.2209578
0.22095686
0.22094774
0.22094518
0.22093648
0.2209335
0.22093171
0.22091568
0.22090052
0.2209004
0.22089943
0.22089294
0.22087242
0.22087167
0.22086048
0.2208514
0.2208514
0.22084981
0.2208377
0.22083685
0.22082892
0.220798
0.22079523
0.22079282
0.22075681
0.22075173
0.2207421
0.2207297
0.22069156
0.2206902
0.22068058
0.22067972
0.22067821
0.22067285
0.22067177
0.2206697
0.22065566
0.22065301
0.2206436
0.22063324
0.22063236
0.22062887
0.22060882
0.22060686
0.22059253
0.22059178
0.2205799
0.22057721
0.22055341
0.22055142
0.22054482
0.22052386
0.22052377
0.22051302
0.22050881
0.2205037
0.22047964
0.22044384
0.22042717
0.22042614
0.22039983
0.22039519
0.22038677
0.22038528
0.2203848
0.22038193
0.22038043
0.22037353
0.22036417
0.22036034
0.22034602
0.22033937
0.22031674
0.22031642
0.22031236
0.22030222
0.22028282
0.22026682
0.2202664
0.22026607
0.22026293
0.220258
0.22025275
0.22025195
0.22024621
0.22024535
0.22023901
0.2202385
0.22023508
0.22023425
0.2202334
0.22022393
0.22020178
0.2201923
0.22018966
0.22018065
0.22015351
0.22014917
0.2201155
0.22011046
0.22010429
0.22010162
0.22010125
0.22007807
0.22007477
0.22006986
0.22006851
0.22004776
0.22004074
0.22003345
0.22003345
0.22003116
0.22001867
0.2200118
0.22001106
0.22000188
0.21999642
0.21999368
0.21999294
0.21998627
0.21998578
0.21998394
0.21998009
0.21997358
0.21997118
0.21996172
0.21995838
0.21995743
0.21995266
0.21993335
0.21993011
0.21992601
0.21992294
0.21991464
0.2199122
0.2199122
0.21991171
0.21990813
0.21987927
0.21987277
0.21986109
0.21985583
0.21985397
0.21985154
0.219843
0.21983854
0.21982643
0.21982251
0.21982192
0.21981892
0.2198148
0.21980608
0.21980317
0.2198003
0.21979868
0.21978366
0.21978122
0.21977375
0.21976057
0.21975935
0.21975608
0.21973646
0.21972394
0.21971431
0.21970975
0.21970801
0.21969971
0.21968724
0.21968451
0.21967855
0.21967657
0.21967229
0.21967196
0.21966028
0.21965908
0.21964392
0.21963902
0.21963187
0.21963182
0.21963027
0.21962196
0.21962145
0.21961904
0.21961036
0.21960588
0.21960588
0.21960588
0.21960199
0.2195972
0.21959513
0.21959504
0.21958642
0.21958506
0.21958175
0.21958052
0.21957274
0.21957274
0.21957274
0.21956074
0.21956074
0.21955927
0.21954295
0.21951604
0.21950816
0.21950044
0.21949327
0.21949327
0.21949166
0.2194868
0.21947172
0.21944031
0.21942283
0.21940239
0.21939766
0.21939585
0.21938623
0.21937221
0.21936245
0.21935481
0.21935438
0.21933383
0.2193295
0.21932869
0.21932699
0.21932437
0.21932304
0.21931984
0.21931805
0.21931505
0.2193056
0.21929249
0.21929075
0.21928607
0.219281
0.2192724
0.2192708
0.21926354
0.21924677
0.21922697
0.21922697
0.21922661
0.21922404
0.21921244
0.21920502
0.21920241
0.21919897
0.21919453
0.21919432
0.21918821
0.21918568
0.21917911
0.21917756
0.21916911
0.21916409
0.21915197
0.2191503
0.21914634
0.21914482
0.2191431
0.21913567
0.21913166
0.21913093
0.21911319
0.21910723
0.2191058
0.2191011
0.21910037
0.21909958
0.21909876
0.21909727
0.2190792
0.2190781
0.21907079
0.21906942
0.21905155
0.21904665
0.21904576
0.21904343
0.21904343
0.21903263
0.21902375
0.2190077
0.2190053
0.21899144
0.2189851
0.21897979
0.2189776
0.21897468
0.21896999
0.2189577
0.21895698
0.21894592
0.21894336
0.21894315
0.21894014
0.21893759
0.2189327
0.21893005
0.2189121
0.21891177
0.21890108
0.21888678
0.21888049
0.2188593
0.2188494
0.21884689
0.21884479
0.21883242
0.21883045
0.21882895
0.21881944
0.2188165
0.21881577
0.21879844
0.21879762
0.21878842
0.21877982
0.21877448
0.218768
0.2187659
0.21876192
0.21875697
0.21875152
0.21874823
0.21874593
0.21872468
0.21872059
0.2187154
0.21870995
0.2187086
0.2186985
0.21868804
0.21868254
0.21867323
0.21866319
0.21866211
0.21865562
0.21863371
0.2186169
0.21861565
0.21861014
0.21859574
0.21859519
0.21859127
0.21859127
0.21855639
0.21854594
0.21854462
0.21852496
0.21851629
0.21851107
0.21850559
0.21850383
0.21850258
0.21849826
0.21848942
0.2184877
0.21846728
0.21846338
0.21844997
0.21844196
0.21843913
0.21843845
0.2184372
0.21842055
0.21841303
0.21840851
0.2184026
0.2183961
0.21839269
0.21838805
0.21837212
0.21837212
0.21837212
0.21835682
0.2183493
0.21834803
0.21833253
0.21832675
0.2183261
0.21831965
0.2183187
0.2183152
0.21830902
0.21830754
0.21830754
0.21830702
0.21830466
0.21829778
0.21829472
0.21828826
0.21826422
0.21826145
0.21826129
0.21825758
0.21824908
0.21824025
0.21823676
0.21823582
0.21823078
0.21822147
0.21821435
0.21820372
0.2182019
0.21819152
0.21819128
0.21818608
0.21818423
0.21817067
0.21817057
0.21814144
0.21812996
0.21811968
0.21810727
0.2181011
0.21810023
0.21809685
0.21809568
0.21809424
0.21808459
0.21808268
0.21806556
0.2180543
0.21805218
0.21804464
0.21803851
0.21802665
0.2180236
0.21802117
0.21801707
0.2180169
0.21801601
0.21801332
0.21801072
0.21800828
0.21799988
0.21799491
0.21798348
0.2179719
0.21795073
0.21793845
0.21793501
0.21791619
0.21791261
0.21791261
0.21791261
0.2178893
0.21788828
0.21787909
0.21787272
0.21785577
0.21785489
0.21785314
0.21783908
0.21782526
0.2178216
0.21782032
0.21781893
0.21781048
0.21780708
0.21780033
0.2177994
0.21779208
0.2177902
0.21778522
0.21777293
0.21775538
0.2177444
0.2177434
0.21774025
0.21773422
0.21772897
0.21770307
0.21768138
0.21767853
0.21767782
0.21767637
0.21766506
0.21765812
0.21765764
0.21765594
0.21763422
0.21763273
0.2176163
0.21761587
0.21761276
0.21760449
0.21759018
0.2175881
0.21758313
0.21757624
0.21756752
0.21756549
0.21756521
0.2175648
0.21755862
0.21752945
0.21751224
0.2175021
0.21750027
0.21749662
0.21749556
0.2174798
0.21747272
0.21746813
0.21745999
0.21745142
0.21744688
0.21743828
0.21743341
0.21743317
0.21742748
0.21742646
0.21742581
0.21742144
0.21742064
0.21740623
0.21739629
0.21738802
0.21737857
0.2173758
0.21736817
0.21736689
0.21736689
0.21736597
0.21735947
0.21735212
0.21734819
0.21734406
0.21734287
0.21733789
0.21731672
0.21730727
0.2173067
0.21730502
0.21730068
0.21729074
0.21729064
0.21728852
0.21728759
0.2172863
0.21727937
0.21727811
0.21727647
0.21727183
0.21727102
0.21727008
0.21726745
0.21725118
0.21724172
0.21723485
0.2172297
0.21722412
0.21722156
0.21722156
0.21721847
0.21721593
0.21721463
0.21721314
0.21720697
0.21720517
0.2172
0.2171937
0.21717307
0.21716927
0.21716408
0.21716303
0.21715726
0.21714611
0.21714531
0.21714531
0.21713541
0.21713065
0.21712582
0.2171147
0.21710515
0.21710442
0.21710376
0.21710147
0.21708956
0.21708395
0.21707405
0.21707192
0.21706693
0.21706454
0.21706085
0.2170545
0.21703546
0.21703011
0.21702828
0.21702828
0.21702418
0.21701394
0.21701203
0.21700564
0.21700352
0.21699923
0.21699373
0.21699183
0.21698453
0.21697995
0.21697223
0.21696846
0.21694574
0.21690446
0.21690355
0.21689162
0.21685772
0.21684603
0.21683565
0.21683137
0.21682748
0.2168185
0.21680911
0.21680875
0.21680659
0.21679877
0.21679409
0.21678261
0.21678132
0.21677226
0.21676579
0.21676102
0.21673378
0.21672818
0.21671157
0.21670334
0.21669653
0.21668823
0.21668695
0.21668695
0.21668695
0.216657
0.21665594
0.2166515
0.21664068
0.21662685
0.21661691
0.21659316
0.21658815
0.21656041
0.2165571
0.21654558
0.21654114
0.21653824
0.21653636
0.21653636
0.21653636
0.21653354
0.21653216
0.21653059
0.2165191
0.21651682
0.21651365
0.2165064
0.2165064
0.21650591
0.21650288
0.21650238
0.21649992
0.21649031
0.21648702
0.21648683
0.21647994
0.21647632
0.21647619
0.21647468
0.216474
0.21647288
0.21646649
0.21646649
0.21646045
0.21645507
0.21644174
0.2164285
0.21642306
0.21642047
0.21640854
0.2164052
0.21639924
0.21639751
0.21638831
0.21637268
0.2163703
0.21636766
0.21635938
0.21635829
0.2163578
0.21635412
0.21635291
0.21633618
0.21633023
0.21632555
0.21632376
0.21631867
0.21631448
0.2163002
0.2162948
0.21629232
0.21629114
0.21629052
0.21629047
0.21628761
0.21628387
0.21628092
0.21627499
0.2162657
0.21625859
0.21625827
0.21624105
0.21623772
0.216236
0.2162328
0.21620362
0.21619983
0.21619709
0.21619584
0.21618548
0.21616614
0.2161575
0.21615493
0.21615191
0.21614702
0.21614692
0.21613689
0.21613465
0.21613276
0.21612959
0.2161273
0.21611573
0.21611257
0.21611176
0.21609907
0.21608914
0.21608588
0.2160738
0.2160665
0.21605419
0.21605152
0.21604553
0.2160434
0.21603228
0.21603149
0.21601582
0.21601121
0.21600932
0.21599804
0.21598646
0.21598624
0.21598619
0.21598431
0.21598303
0.21598129
0.21597128
0.21596974
0.21596818
0.21596114
0.21596065
0.2159601
0.21595529
0.21595415
0.21595278
0.21595016
0.21594842
0.21594746
0.21594371
0.21593837
0.2159373
0.2159341
0.2159302
0.21592441
0.21592343
0.2159155
0.21591471
0.21590891
0.21590818
0.21590339
0.21589826
0.2158968
0.21589293
0.21589214
0.21587183
0.2158656
0.21585758
0.21585333
0.2158524
0.21584672
0.21584345
0.2158241
0.2158052
0.21578963
0.21578963
0.21578467
0.21578297
0.21577893
0.21577747
0.21577434
0.21573183
0.2157242
0.21570289
0.2156929
0.21568768
0.2156828
0.21566579
0.21564735
0.2156462
0.21563873
0.21563075
0.21561868
0.21561825
0.215618
0.21561553
0.21561287
0.21560825
0.21560825
0.21560808
0.21560751
0.2156016
0.21559827
0.21559472
0.21559095
0.21558753
0.21557847
0.21557625
0.21557607
0.21557425
0.21556188
0.21555975
0.21555668
0.21555519
0.21555373
0.21555215
0.21554248
0.21554099
0.2155373
0.21553127
0.21552987
0.21552436
0.21552423
0.21551673
0.21551156
0.21550287
0.21550238
0.21549669
0.21549626
0.21549183
0.21548924
0.21548697
0.21548574
0.21547607
0.21547566
0.21547215
0.21546973
0.21546687
0.21545961
0.21543531
0.21543327
0.21542802
0.2154276
0.21541315
0.21540889
0.21540752
0.2154073
0.21540035
0.2153984
0.21539743
0.21539474
0.21538967
0.21538553
0.2153846
0.21538186
0.21536122
0.21535735
0.21535167
0.21534868
0.2153325
0.21533039
0.21532746
0.21532367
0.21532011
0.21531273
0.21530421
0.21529922
0.2152946
0.21529359
0.21528375
0.21528351
0.21528116
0.21528041
0.21528041
0.21526994
0.2152483
0.21524157
0.21522187
0.21521427
0.21521387
0.21520764
0.21520433
0.21520326
0.21519263
0.21519148
0.21519113
0.21519038
0.21519
0.2151853
0.21516879
0.21515304
0.21514146
0.21513335
0.21512459
0.21511973
0.21511748
0.21511504
0.21510439
0.21510151
0.21509674
0.21508162
0.21507107
0.21506219
0.21505876
0.21505749
0.2150531
0.21505158
0.21504235
0.2150393
0.21502966
0.21502906
0.21502252
0.21502061
0.21501079
0.21500987
0.21500331
0.21499972
0.21499144
0.21499002
0.2149885
0.21498495
0.2149809
0.2149809
0.21497221
0.21496692
0.21495508
0.21495472
0.21495332
0.214953
0.21494758
0.21494578
0.21494313
0.21493925
0.21493861
0.2149338
0.21493308
0.2149315
0.21492325
0.21491979
0.21491472
0.2149099
0.21490912
0.21490793
0.21490309
0.21490017
0.21489768
0.21488191
0.21487138
0.21487127
0.2148502
0.21482877
0.2148286
0.21482499
0.21482283
0.21481945
0.2148094
0.21480842
0.21478175
0.21477579
0.21477328
0.21477328
0.2147695
0.21476533
0.2147629
0.21476048
0.21475472
0.21475329
0.21474674
0.21474665
0.2147383
0.21471915
0.21471699
0.2147132
0.2147101
0.21470915
0.21470411
0.21469861
0.21468648
0.21468076
0.2146796
0.21466626
0.21464708
0.21464431
0.21464227
0.21463875
0.21461706
0.21461602
0.2146079
0.2146046
0.21460256
0.21460256
0.21459956
0.21458665
0.21458486
0.21458335
0.21457817
0.21457191
0.21457149
0.21457121
0.21456356
0.21456012
0.21455406
0.2145336
0.21452998
0.2145212
0.21450922
0.21449463
0.21449463
0.21447837
0.21447535
0.21447381
0.21447052
0.2144662
0.21445516
0.2144532
0.21443018
0.21440129
0.2143978
0.21439005
0.21438688
0.214382
0.21438162
0.21438058
0.21437483
0.21436977
0.21436393
0.21436393
0.2143579
0.2143579
0.21435785
0.21435706
0.21435697
0.2143562
0.21434994
0.21432954
0.21431397
0.21430567
0.21430181
0.21427506
0.2142733
0.21426965
0.21425553
0.21424972
0.21424823
0.21424086
0.21423946
0.21423946
0.21421796
0.21421689
0.21421112
0.21420892
0.21420082
0.21419986
0.21419264
0.21419097
0.21419078
0.21418577
0.21417575
0.21417513
0.21415548
0.21414822
0.21414724
0.21414712
0.21414514
0.21413799
0.21412823
0.21412537
0.21412526
0.21412396
0.21409595
0.2140842
0.2140835
0.21408318
0.21408248
0.21407825
0.21407162
0.21406421
0.2140612
0.21403126
0.2140217
0.21402149
0.2140107
0.21400781
0.21399567
0.21399182
0.2139872
0.21398152
0.21398014
0.2139741
0.21397234
0.21396825
0.21396342
0.21393847
0.2139356
0.21393031
0.21391988
0.21391194
0.2138879
0.21387254
0.21387197
0.21386513
0.21385089
0.21383965
0.21382858
0.2138284
0.2138078
0.2138009
0.21379274
0.21379125
0.21378411
0.21378411
0.2137819
0.2137665
0.21376309
0.21375939
0.21375796
0.21374907
0.2137265
0.2137225
0.21371487
0.21370181
0.21370126
0.21370028
0.2136786
0.2136759
0.21365924
0.21365267
0.21365182
0.21365182
0.21364877
0.21363775
0.21363065
0.2136265
0.21362044
0.2136186
0.21360934
0.2136072
0.2136064
0.21360569
0.21360186
0.21359603
0.21359177
0.21358839
0.21358815
0.2135845
0.21357663
0.21357305
0.21356879
0.21356222
0.21355507
0.21354182
0.21353751
0.21352917
0.213524
0.21351811
0.21350595
0.21347418
0.213463
0.21345787
0.21345675
0.21345194
0.21344341
0.21344233
0.2134422
0.21343838
0.21341403
0.21341108
0.21340324
0.21340254
0.21340191
0.21338747
0.21335977
0.21334457
0.21334457
0.21333967
0.21333207
0.21332604
0.21332426
0.21332274
0.21331951
0.21331793
0.21331003
0.21330738
0.21330708
0.21330708
0.213307
0.21330447
0.21328883
0.213288
0.213286
0.21327615
0.21327615
0.21327259
0.21326548
0.21326344
0.21326344
0.21325779
0.21325378
0.21325298
0.21324821
0.21323897
0.2132372
0.21322298
0.21320951
0.21320234
0.21320218
0.21319692
0.21319692
0.2131955
0.2131955
0.21319547
0.21319519
0.21319182
0.21318543
0.2131837
0.2131766
0.21317475
0.2131608
0.21315011
0.21314907
0.21313654
0.21313564
0.21313451
0.21313451
0.21312442
0.21311902
0.21311517
0.21310978
0.213096
0.21308951
0.21308263
0.21306837
0.21306784
0.21305265
0.21305202
0.21303055
0.2130224
0.21302211
0.21301934
0.21300957
0.21300085
0.21300042
0.21298726
0.21298362
0.21297896
0.21296406
0.21294898
0.21294217
0.21293762
0.21293738
0.21293443
0.21292362
0.21292241
0.21292058
0.21292058
0.21291938
0.21291003
0.2129087
0.21290149
0.21290088
0.21290088
0.2128992
0.21289751
0.21288894
0.21288577
0.21288191
0.21287961
0.21286838
0.21285692
0.21285161
0.21285161
0.21283811
0.21283731
0.21283606
0.21283327
0.21283221
0.21283183
0.21282832
0.21282521
0.21282193
0.21281822
0.21280411
0.21279837
0.21279158
0.21279049
0.21278761
0.21276134
0.21271878
0.2127159
0.21271124
0.21270712
0.21270424
0.21270134
0.21270014
0.21268688
0.21268539
0.21268186
0.21268037
0.21266812
0.21266493
0.21264528
0.21264067
0.21262777
0.21262713
0.2126141
0.2126141
0.21260695
0.21260156
0.2125954
0.21259005
0.21259005
0.21258678
0.21258678
0.21258251
0.21257363
0.21256989
0.21255274
0.21254377
0.21254314
0.21254152
0.21253985
0.21252419
0.21251315
0.21251227
0.2125117
0.21250513
0.21248128
0.21246414
0.21246272
0.21246062
0.21245295
0.21244556
0.21243225
0.21241717
0.21241689
0.2124117
0.2124087
0.21240735
0.21239004
0.21238999
0.21238996
0.21238996
0.21238154
0.21238118
0.21237384
0.21236995
0.2123547
0.21235283
0.21233013
0.21232416
0.2122976
0.21229202
0.21229202
0.21229151
0.21228465
0.21228091
0.21227081
0.21226148
0.2122544
0.21225336
0.21224421
0.21223643
0.21223369
0.21222892
0.21222745
0.21222402
0.21222188
0.21222027
0.21221249
0.2122076
0.21220337
0.21218531
0.21217468
0.2121677
0.21216163
0.2121588
0.21214893
0.2121426
0.21212606
0.21211949
0.21209562
0.21208242
0.21207538
0.21207029
0.21205862
0.21205378
0.21204928
0.21204211
0.21203898
0.21203877
0.21203692
0.21203677
0.21203677
0.21202153
0.2120145
0.21199319
0.21197778
0.21196659
0.21195814
0.21195163
0.21194816
0.21193402
0.21193159
0.2119272
0.21190986
0.21189338
0.21189338
0.21188381
0.21187562
0.21187484
0.21187437
0.21187083
0.21186422
0.21186048
0.21185969
0.21185762
0.21184826
0.21184182
0.21184011
0.21183433
0.21183433
0.21182406
0.21182406
0.2118082
0.21180758
0.21180458
0.21180122
0.21179214
0.21177268
0.211764
0.211764
0.21175808
0.21175238
0.21174987
0.21174575
0.21173258
0.21173257
0.21173188
0.2117273
0.21172445
0.21172047
0.21170421
0.21170305
0.21169552
0.21169552
0.21169448
0.21168755
0.21168424
0.21168238
0.21168235
0.2116728
0.21166977
0.21166849
0.21166305
0.21165438
0.2116409
0.21163906
0.21163747
0.21162371
0.2116144
0.21161273
0.2116076
0.21160401
0.21159595
0.21159364
0.211579
0.21156532
0.21156324
0.21156162
0.21156135
0.2115306
0.21152857
0.21152285
0.21151163
0.21150021
0.21149608
0.21149288
0.21148269
0.21148264
0.21146363
0.21145646
0.21145459
0.21145411
0.21144973
0.21142985
0.2114093
0.2114093
0.21140645
0.21138792
0.21138625
0.21138284
0.21136308
0.21136022
0.21134658
0.21134573
0.21132252
0.21132024
0.21131247
0.21130353
0.21129708
0.21129271
0.21129128
0.21128643
0.21128479
0.21126397
0.21125977
0.2112284
0.2112267
0.21122283
0.21121831
0.2112141
0.2112135
0.21117666
0.21117003
0.21116993
0.21116993
0.21114129
0.21113554
0.21111463
0.21111438
0.21110049
0.21109007
0.21109007
0.21108842
0.21108842
0.21108364
0.2110836
0.21108328
0.21107775
0.211077
0.21107614
0.21107574
0.21106955
0.21106763
0.21106169
0.21106009
0.21106009
0.21105787
0.21104601
0.21104075
0.2110406
0.2110306
0.21101996
0.21100512
0.21099217
0.2109891
0.21097298
0.21096975
0.21096097
0.21095352
0.21094741
0.21093754
0.2109366
0.21093269
0.21092524
0.21091983
0.21090876
0.21090347
0.21087845
0.21087685
0.21085231
0.2108363
0.21083532
0.21081616
0.21080858
0.21080784
0.21079396
0.21077909
0.2107699
0.21076548
0.21076548
0.21076305
0.21076109
0.21075828
0.21074109
0.21073847
0.21073823
0.2107201
0.21070713
0.2106987
0.21069616
0.21069044
0.21068858
0.21067773
0.21067427
0.21066919
0.21063602
0.210632
0.21063085
0.21063052
0.21062917
0.21062508
0.21061592
0.21061547
0.21060899
0.21060582
0.2105972
0.21059316
0.2105903
0.21058944
0.21058713
0.21057731
0.21057375
0.21055447
0.21055318
0.21054876
0.21054636
0.21054521
0.21053562
0.21051918
0.21050312
0.21048974
0.21048331
0.21047717
0.21047634
0.21047391
0.21047015
0.2104609
0.21044192
0.21042944
0.21042636
0.21041471
0.21038939
0.21038939
0.21037215
0.21036346
0.21035208
0.210345
0.21034025
0.21033406
0.21033041
0.21031742
0.21031582
0.2102966
0.21029253
0.21028677
0.21028322
0.21028182
0.21026854
0.21025282
0.21024609
0.2102381
0.21022929
0.21022578
0.21022554
0.21022554
0.21022226
0.21021874
0.2102075
0.21019724
0.21019234
0.21017869
0.21017694
0.21017615
0.21017611
0.21016392
0.2101564
0.2101559
0.21015316
0.21015173
0.21014227
0.21013594
0.21012667
0.21011813
0.21011543
0.21011543
0.21011421
0.21010958
0.21010546
0.21010423
0.21010305
0.21009775
0.21009752
0.21009365
0.21007441
0.21006992
0.21006514
0.2100491
0.21004601
0.21002516
0.21000737
0.20998709
0.20998709
0.20997347
0.20996796
0.20996104
0.20995913
0.20995004
0.20992996
0.20992585
0.20991865
0.20989487
0.20989487
0.2098907
0.20987532
0.20987532
0.20986353
0.20985971
0.20985918
0.20985183
0.20985183
0.2098438
0.20984088
0.20983636
0.20981736
0.20979442
0.20978345
0.20978263
0.20976073
0.20975661
0.2097514
0.20975077
0.20973594
0.20972385
0.2096819
0.20967355
0.20965645
0.20964606
0.20964384
0.20963936
0.20963262
0.20962821
0.20962358
0.20961177
0.20960759
0.20960256
0.2095902
0.20958684
0.20958649
0.20958182
0.20957531
0.20956059
0.2095545
0.20953882
0.20951374
0.20951149
0.20948514
0.20948485
0.20947173
0.209471
0.20947044
0.20946723
0.20944938
0.20944464
0.20944439
0.2094415
0.20943418
0.2094295
0.20941012
0.20940302
0.20940293
0.20937009
0.20936792
0.20936735
0.20936593
0.209357
0.20935456
0.2093383
0.20933592
0.20930927
0.20930576
0.20930429
0.20929424
0.2092903
0.20927405
0.20927082
0.20924632
0.20924519
0.20924519
0.20924373
0.20923215
0.20921889
0.20921634
0.20917541
0.2091663
0.2091663
0.2091554
0.20915096
0.20915017
0.20914464
0.2091214
0.20911516
0.20907155
0.20907141
0.20904759
0.20902738
0.20902666
0.20901766
0.20901713
0.2090053
0.20899168
0.20898205
0.20897588
0.20897198
0.20894696
0.20894334
0.20894144
0.20893964
0.20893681
0.20893553
0.20891118
0.20890272
0.2088987
0.20889848
0.2088957
0.20889318
0.20887175
0.20886537
0.20886399
0.20886399
0.20885721
0.20885646
0.2088196
0.20880136
0.20879546
0.20879242
0.2087891
0.20877883
0.20875472
0.20874833
0.20874566
0.20874187
0.20872496
0.20872268
0.20871471
0.20871104
0.20870943
0.20869905
0.20869817
0.20869255
0.20868875
0.20868854
0.20868675
0.20867953
0.20867728
0.20867488
0.208663
0.20866063
0.20865822
0.20865133
0.20864846
0.20861585
0.20861347
0.20861062
0.20859614
0.20857829
0.20857497
0.20857084
0.20856921
0.2085553
0.20854782
0.20851678
0.20851323
0.20851196
0.20850669
0.20849812
0.20848781
0.20847958
0.20843068
0.20841506
0.2084148
0.20841424
0.20840824
0.20840438
0.20838186
0.20837747
0.20837373
0.2083727
0.20833002
0.20832169
0.20827208
0.20826265
0.20826155
0.20825471
0.20824222
0.20824209
0.20824015
0.20822592
0.20822185
0.2082129
0.20821096
0.20820978
0.20820911
0.20820412
0.20820278
0.20819932
0.20819269
0.20818855
0.20818405
0.20813622
0.2081331
0.20812665
0.20812187
0.2081215
0.20811807
0.20811772
0.20809329
0.20808841
0.20807709
0.20806427
0.20806266
0.20806086
0.2080317
0.20802268
0.20802186
0.20801191
0.20801125
0.20800939
0.20800614
0.2079922
0.20798285
0.20796521
0.20795462
0.20794924
0.20791927
0.20790209
0.2078864
0.20787749
0.2078707
0.20785755
0.20785597
0.20785327
0.20782606
0.20781234
0.2078118
0.20781016
0.20780967
0.2077981
0.20779727
0.20779572
0.20778583
0.20776281
0.20776209
0.20776014
0.20775212
0.20774443
0.20772663
0.20771712
0.20767437
0.20767401
0.20766813
0.20766188
0.20764883
0.2076481
0.20763595
0.20763266
0.20761608
0.20760909
0.20760356
0.2076028
0.20757304
0.20756485
0.2075372
0.20752141
0.20751496
0.20751496
0.20751266
0.20748551
0.2074806
0.20746586
0.20745121
0.20745009
0.20743458
0.20743413
0.20742571
0.20742571
0.20742516
0.20742281
0.20741665
0.2074116
0.20740455
0.20737825
0.20736758
0.20734254
0.20731935
0.20731223
0.20730528
0.20729035
0.20727696
0.20727696
0.20726372
0.2072584
0.2072542
0.2072542
0.20722575
0.20722482
0.20720658
0.20719378
0.20717911
0.20717539
0.2071673
0.2071604
0.20714606
0.20714478
0.2071156
0.20711133
0.20711115
0.20708542
0.20708506
0.20706698
0.20706502
0.20706366
0.2070554
0.2070336
0.20703077
0.20702514
0.20701309
0.20700562
0.20698613
0.20697816
0.20693372
0.20692556
0.20692061
0.20691763
0.20691486
0.20690516
0.20689742
0.206893
0.20689009
0.20687902
0.2068152
0.2068048
0.20679833
0.20678449
0.20678073
0.20677432
0.20676711
0.20676577
0.20676577
0.20674257
0.20671223
0.20668377
0.20666716
0.20665456
0.20665362
0.20663562
0.20662084
0.20661649
0.20661032
0.20660135
0.20660135
0.20658007
0.20657523
0.20653985
0.20650913
0.20650795
0.20650366
0.20648772
0.20643836
0.20643401
0.20643137
0.20640895
0.20638135
0.20637792
0.20637405
0.20637178
0.20636892
0.20636773
0.20636179
0.20635788
0.20634525
0.2063392
0.20633408
0.2063319
0.20632784
0.20631428
0.20630449
0.20630209
0.20628177
0.20626786
0.20625372
0.20624755
0.2062468
0.20622951
0.20620193
0.20620133
0.2061956
0.20617568
0.20611933
0.20611511
0.20611376
0.20611376
0.20610486
0.20610276
0.20609032
0.20608093
0.2060646
0.2060438
0.20599732
0.20598288
0.20597284
0.20596519
0.20595993
0.20595717
0.20595035
0.20595002
0.20593938
0.20590745
0.20590648
0.20588952
0.20587203
0.20586938
0.2058098
0.20580478
0.20578964
0.20577312
0.20577264
0.20577033
0.20575273
0.20574805
0.20574158
0.20573618
0.20571667
0.2056903
0.2056894
0.20567633
0.20565984
0.20559697
0.20559192
0.20557056
0.20554663
0.2055393
0.20552109
0.20551972
0.20549212
0.20547695
0.20546749
0.20542327
0.20540436
0.20540336
0.20540261
0.20540035
0.20539701
0.20539515
0.20537612
0.20534754
0.20533575
0.20532602
0.20532136
0.20531361
0.20531067
0.20529707
0.20523024
0.20522432
0.2052148
0.2052082
0.20517597
0.20517597
0.20515983
0.20514956
0.20513417
0.20512953
0.20511165
0.20509627
0.20505957
0.20505936
0.20505925
0.20505925
0.20501395
0.20500132
0.20498581
0.20498547
0.20497537
0.20492576
0.20492484
0.20490159
0.20489724
0.20489112
0.20487651
0.20485754
0.20484518
0.20483276
0.2048179
0.2048062
0.20476764
0.20476742
0.20476373
0.20473303
0.20469381
0.20465878
0.20465614
0.20465125
0.20461673
0.20460914
0.20455293
0.20453943
0.2045323
0.20452419
0.20449157
0.20448738
0.20439593
0.20438688
0.20438254
0.20437995
0.20437373
0.2043734
0.20436966
0.20432852
0.20429434
0.20428175
0.20427717
0.20427057
0.20426635
0.20426412
0.20423916
0.20422645
0.20420586
0.20419712
0.20416553
0.2041647
0.2041647
0.20413768
0.20413584
0.20411602
0.20409772
0.20408854
0.2040433
0.203966
0.20396546
0.20395194
0.203947
0.2039084
0.20390832
0.20389965
0.20389965
0.20389965
0.20385724
0.20385118
0.20376721
0.20375243
0.20374899
0.20374784
0.2037428
0.2037364
0.2037364
0.2037364
0.20373563
0.20373097
0.20372833
0.20371383
0.20370568
0.20367853
0.20365879
0.20362356
0.20362072
0.20361009
0.20354654
0.20351632
0.20350839
0.20346785
0.203461
0.20345314
0.20343466
0.20339075
0.20335424
0.20333038
0.20332108
0.20331895
0.20331462
0.20330933
0.20329313
0.20326912
0.20326263
0.20325267
0.20322095
0.20321028
0.20319925
0.20319362
0.2031878
0.2031859
0.2031452
0.20310678
0.2030614
0.20305067
0.20294744
0.20289566
0.20287804
0.20280775
0.20277773
0.20277067
0.20275778
0.20275502
0.20271634
0.20269236
0.20268354
0.2026222
0.20261304
0.20260878
0.20259398
0.2025286
0.20252007
0.2024982
0.20245738
0.20241952
0.20241013
0.20240836
0.20238762
0.20236906
0.20236228
0.20235185
0.20234428
0.20231926
0.20225844
0.20223267
0.20214997
0.20213298
0.20213296
0.20213006
0.2021196
0.20210642
0.20208648
0.20205583
0.20204987
0.20204364
0.20203815
0.20200896
0.20200896
0.2020073
0.20197973
0.20196846
0.20194446
0.20193474
0.20191436
0.2019134
0.20189722
0.20188689
0.20184572
0.20184353
0.20182945
0.20162675
0.20159118
0.2015312
0.20145483
0.20144486
0.20142913
0.20142661
0.20131825
0.20130643
0.20128764
0.2012301
0.20121539
0.20121507
0.20117746
0.20113961
0.20103051
0.20101507
0.2010099
0.20100717
0.20099424
0.20097265
0.20095128
0.20089768
0.20089601
0.20067583
0.20067057
0.20064886
0.20064332
0.20064148
0.20061067
0.20050523
0.2004757
0.2004622
0.20037794
0.20030832
0.2002334
0.20020932
0.20009984
0.20004643
0.19999813
0.19994752
0.19992226
0.19991323
0.19977427
0.19977286
0.199769
0.19976646
0.19975217
0.19972663
0.19965
0.19963855
0.19963682
0.19962627
0.19960886
0.19952576
0.19949378
0.19946776
0.19945894
0.19937463
0.19937421
0.19931383
0.19927673
0.19925714
0.1992561
0.19925329
0.19924112
0.19922875
0.1991914
0.19916274
0.1991163
0.19905943
0.19905537
0.19902188
0.19897611
0.19889064
0.19885734
0.1988508
0.19880247
0.19863547
0.19862676
0.19862443
0.19860429
0.19840237
0.19837588
0.19837429
0.19823612
0.19822903
0.19821496
0.19812958
0.19805804
0.19801416
0.19798474
0.19795921
0.19795585
0.19794647
0.1978615
0.19779135
0.19778302
0.1977586
0.19773583
0.19769941
0.19761744
0.19758816
0.19758274
0.19758053
0.19755654
0.19754504
0.19751877
0.19742054
0.19740158
0.19736192
0.19733883
0.19725147
0.19719961
0.19714749
0.19706245
0.19703113
0.19696087
0.19695269
0.19692855
0.1969152
0.19691396
0.19690982
0.19679597
0.19675897
0.19667496
0.19663359
0.19662882
0.19656324
0.1965621
0.19654788
0.19638221
0.19628738
0.19627245
0.19620934
0.19617216
0.1958348
0.19579335
0.19573478
0.19569051
0.19562776
0.19561446
0.19543684
0.1954184
0.19529767
0.19512276
0.19509697
0.19503002
0.19499466
0.19494991
0.19491474
0.1947486
0.1947341
0.1947057
0.19466938
0.1944478
0.19442108
0.1943672
0.19430757
0.19426918
0.19425893
0.19421263
0.19418438
0.19416618
0.19415316
0.19409485
0.1939294
0.19392878
0.19389524
0.19384493
0.193804
0.19378555
0.1937723
0.19364862
0.19364624
0.19363905
0.19363403
0.19363235
0.19353364
0.19352289
0.19344349
0.19338325
0.19327338
0.19326742
0.19326408
0.193113
0.19309874
0.19299765
0.19295776
0.1928011
0.19276308
0.19272093
0.1922353
0.1921133
0.19194429
0.19187681
0.19168875
0.1916825
0.1916706
0.19147907
0.19146988
0.19138634
0.19135568
0.1913436
0.19134103
0.19130938
0.1912861
0.19123688
0.19103055
0.19095239
0.1909455
0.19091657
0.19052377
0.19039144
0.18995143
0.18938002
0.18936715
0.18915854
0.1891526
0.18865012
0.18844981
0.18800656
0.18798733
0.18787146
0.1871363
0.18674847
0.18644412
0.18641953
0.18561068
0.18438473
0.18416859
0.18398377
