0.28621745
0.2799792
0.27533272
0.2656737
0.26088658
0.24227625
0.24064021
0.23986876
0.23866315
0.23843932
0.23809266
0.23636566
0.23605861
0.23261447
0.22843608
0.2267639
0.22621994
0.22513124
0.22506838
0.22459555
0.22143832
0.22136682
0.22061904
0.22037722
0.220269
0.22022524
0.21971822
0.21903951
0.21869212
0.21718957
0.21711932
0.21672738
0.21584065
0.21577969
0.21546888
0.21499893
0.21497579
0.21280958
0.21226202
0.21154813
0.2109273
0.21068
0.2101944
0.20951897
0.20933221
0.20905863
0.2087336
0.20826927
0.20707282
0.2064956
0.20624253
0.20594157
0.20592232
0.20553194
0.20548645
0.20547828
0.2053001
0.2047823
0.20428452
0.20424241
0.20408049
0.20393844
0.20361511
0.20314598
0.20259817
0.2024533
0.20186561
0.20164531
0.20155005
0.20111363
0.20091966
0.20068099
0.20030344
0.2000446
0.19966723
0.19957344
0.19928661
0.19926915
0.19919054
0.19903895
0.1986584
0.19859481
0.19828995
0.19815442
0.1979534
0.19787903
0.19785343
0.19763668
0.1974764
0.19732502
0.19719051
0.19686858
0.1964017
0.19628775
0.19613129
0.19606675
0.19576654
0.1951962
0.19502842
0.19499013
0.19432104
0.19404188
0.19285251
0.19254088
0.19238575
0.19233927
0.19174013
0.19172893
0.19172795
0.19169976
0.19161934
0.19115444
0.19052811
0.190512
0.19047916
0.19039664
0.19033036
0.19026718
0.19024028
0.18981203
0.18959035
0.18913929
0.1888322
0.18843634
0.18838769
0.18818283
0.18801679
0.18779235
0.18777056
0.18764342
0.18651114
0.18648116
0.18642104
0.18635547
0.18624233
0.18613273
0.18610531
0.18592428
0.18564668
0.18545774
0.18542351
0.18529508
0.1850217
0.18482159
0.18480694
0.18468429
0.18463022
0.18436356
0.18436176
0.18431042
0.18420094
0.18409044
0.1840708
0.18406504
0.18395682
0.18391053
0.18379556
0.18378723
0.1836256
0.18337215
0.18333511
0.18331921
0.18270044
0.18250181
0.18246993
0.18232751
0.18232676
0.18227394
0.18219191
0.18218312
0.18200822
0.18200174
0.18186314
0.18176799
0.18176778
0.18176778
0.18160236
0.18156841
0.18153748
0.18145768
0.18139464
0.18121241
0.18115513
0.18112342
0.1806582
0.18065771
0.18063262
0.18060288
0.18030119
0.18022314
0.1801122
0.17996088
0.17994945
0.17985071
0.17983471
0.17966169
0.1795435
0.17951879
0.17951429
0.17918184
0.17902179
0.1789701
0.17883512
0.17863576
0.17858133
0.17855975
0.1785227
0.17850852
0.17842127
0.17824762
0.17821996
0.17817259
0.17813835
0.17801407
0.17795677
0.17776972
0.17758575
0.1775582
0.17750452
0.1773556
0.17720452
0.17708848
0.17685868
0.17673863
0.17664438
0.1766236
0.1766008
0.17648421
0.17636967
0.17634058
0.17628944
0.17621584
0.17616035
0.1760806
0.17600438
0.17589915
0.17579955
0.17539617
0.17529704
0.17529377
0.1752686
0.17525424
0.17503257
0.17501976
0.17501481
0.17491868
0.17490678
0.1748968
0.17484155
0.17451935
0.17450707
0.1744855
0.17437619
0.17436518
0.17427002
0.17415944
0.17414576
0.17397355
0.17394519
0.17379905
0.1737501
0.17374626
0.17368801
0.1736361
0.17360659
0.17357378
0.17356583
0.1735265
0.17344093
0.17341977
0.17332087
0.1732256
0.17311643
0.17310408
0.17309336
0.1730664
0.17297296
0.17291585
0.17277923
0.17255868
0.17250463
0.1724489
0.172438
0.17241144
0.17232819
0.17230788
0.17230536
0.17228661
0.17228124
0.17228055
0.17213272
0.17193478
0.17184785
0.17180173
0.1717578
0.1716936
0.17168435
0.17168139
0.17167659
0.17159879
0.1715869
0.1715782
0.17151532
0.17148095
0.1714587
0.17139581
0.17135015
0.17133492
0.17115293
0.1710869
0.17108163
0.171001
0.17098977
0.17095277
0.17091814
0.17089269
0.17086405
0.17086247
0.17073672
0.17070006
0.17065819
0.17061281
0.1705244
0.170372
0.17037174
0.17020705
0.17018984
0.17016283
0.170154
0.17000383
0.17000201
0.16997156
0.16980317
0.16955954
0.16955334
0.1694485
0.16936286
0.16934504
0.16929391
0.16924618
0.16917337
0.16908664
0.1690709
0.16906312
0.16905464
0.16898654
0.16898654
0.16897807
0.16895206
0.1689445
0.16893828
0.16878983
0.1687833
0.16876526
0.16875088
0.16873339
0.16870862
0.16869879
0.16868405
0.16865057
0.16848817
0.16845858
0.16833925
0.16818666
0.1680407
0.16799372
0.16798775
0.16798706
0.16784583
0.16781425
0.16777697
0.16774991
0.16774198
0.1676506
0.16764902
0.16754876
0.1674287
0.1674082
0.16734733
0.16731693
0.16723703
0.16700304
0.16692775
0.16690037
0.166841
0.16675566
0.16668612
0.16661069
0.16660014
0.16654696
0.16644304
0.1664075
0.16634938
0.16631566
0.16631418
0.16629024
0.16626793
0.16618733
0.16615583
0.16614205
0.16609612
0.16606694
0.16602921
0.16595395
0.16592275
0.16590185
0.16584674
0.16582687
0.16579656
0.16576324
0.16574566
0.16573195
0.16570684
0.16565295
0.16561092
0.1655785
0.16557026
0.16556376
0.16532195
0.16528776
0.16514584
0.16512598
0.16497569
0.16495341
0.16494443
0.16490611
0.16487907
0.16484855
0.16480221
0.16474757
0.1646878
0.16464163
0.16460492
0.16460294
0.16460283
0.16455969
0.1644681
0.16446623
0.1644636
0.16442472
0.16441521
0.16429375
0.16429082
0.16428967
0.16426308
0.16421479
0.16419977
0.16411911
0.16411085
0.16410905
0.16404006
0.16403256
0.16401753
0.16397919
0.16396895
0.16395356
0.16389072
0.16385831
0.16379635
0.16364509
0.16362089
0.16357346
0.16356033
0.16354845
0.16351756
0.1634805
0.16343246
0.16341884
0.16337588
0.16336438
0.16335729
0.16332929
0.16326359
0.16325615
0.16323979
0.16322099
0.16316453
0.16312583
0.16312513
0.16307002
0.16305132
0.16302
0.16300729
0.16298297
0.16294098
0.16287237
0.1628675
0.16282287
0.16277993
0.16276133
0.16275635
0.16274394
0.16273311
0.1627077
0.16262862
0.16258235
0.16256472
0.16252068
0.16250998
0.1624887
0.16247472
0.16247141
0.16242789
0.16242774
0.16242455
0.16236824
0.16229834
0.16228876
0.16227707
0.16224957
0.16221577
0.1622109
0.16219948
0.1621551
0.16214651
0.16211064
0.16208665
0.16204129
0.16196048
0.16194409
0.16190834
0.16190058
0.16189677
0.16188829
0.16186053
0.16177246
0.16175227
0.16174594
0.16174167
0.16174047
0.16171543
0.16164126
0.16163845
0.16162747
0.1616114
0.16158764
0.16153814
0.16148624
0.16142099
0.1614032
0.16137095
0.161347
0.16133788
0.16130243
0.16129477
0.16125698
0.16124427
0.16122162
0.16122127
0.1612134
0.16120341
0.16115412
0.1611314
0.16113108
0.1610916
0.1610762
0.16105829
0.1610563
0.16102599
0.16102599
0.16100888
0.16100842
0.16097537
0.16097127
0.16096924
0.16092907
0.16092858
0.16090663
0.16086808
0.16084829
0.16084607
0.16081679
0.1607984
0.160798
0.16071688
0.16070043
0.16067116
0.16059989
0.16058612
0.16051729
0.16048954
0.16036262
0.16036262
0.1603578
0.16035058
0.16034463
0.16034248
0.16032013
0.1602635
0.16024204
0.16019087
0.16018666
0.16014665
0.16012901
0.16009688
0.160095
0.16006725
0.16000782
0.16000576
0.15994887
0.15989293
0.15984084
0.15981652
0.15977383
0.15976903
0.1597202
0.15957683
0.15956832
0.15956743
0.15956353
0.1595483
0.15953206
0.15951495
0.15948746
0.15945503
0.15944628
0.15938526
0.15936369
0.15934493
0.15925202
0.15917426
0.15915899
0.15914015
0.15910979
0.15910533
0.15909632
0.15906495
0.15899679
0.1589824
0.1589675
0.15894932
0.15894234
0.15891296
0.15891215
0.15890898
0.15889044
0.1588712
0.15884817
0.158816
0.15877746
0.1587333
0.1587331
0.15872957
0.15871772
0.15871696
0.1587168
0.15870687
0.15869318
0.15864602
0.15858896
0.15857792
0.15857522
0.15857108
0.15854366
0.15853564
0.15853378
0.15849689
0.15848985
0.15848096
0.15847726
0.15842097
0.15840344
0.15835142
0.1582834
0.15827304
0.15825233
0.1582218
0.15820375
0.15820076
0.15818572
0.1581602
0.1581602
0.1580113
0.15799919
0.15799113
0.15791436
0.1579112
0.15788215
0.15787484
0.15786868
0.15784155
0.15780932
0.15779503
0.15778191
0.15776439
0.15774868
0.15772673
0.15771143
0.15768908
0.15766333
0.15763433
0.15758589
0.1575729
0.15752675
0.15751782
0.15749528
0.15747023
0.15743423
0.15740468
0.15737142
0.15735619
0.15728767
0.15727046
0.15726115
0.15724374
0.15723547
0.15723158
0.15719506
0.15718189
0.15715627
0.15715331
0.15711033
0.15703703
0.15701504
0.15699457
0.15699457
0.15698837
0.15698732
0.15696344
0.15691736
0.1567833
0.15677391
0.15673319
0.15669796
0.15666138
0.15663424
0.15660973
0.15659279
0.15659238
0.15656927
0.15656196
0.15655069
0.15653196
0.15650015
0.15647776
0.15646477
0.15637882
0.15635765
0.1563441
0.15634054
0.15632589
0.15622492
0.15620223
0.1561919
0.15616678
0.15615039
0.15614448
0.15607381
0.15605314
0.15604492
0.15603971
0.15602231
0.15601133
0.1559755
0.15597527
0.1559656
0.15596493
0.15595137
0.15594514
0.15591735
0.15590999
0.15590578
0.15590395
0.15589924
0.15580001
0.15579376
0.1557593
0.1557541
0.15574539
0.15573661
0.15568732
0.15564476
0.15562977
0.15562607
0.1556138
0.1556138
0.15559515
0.1555566
0.1555225
0.15548971
0.15548459
0.15546465
0.15546346
0.15546164
0.15545714
0.15545325
0.1554512
0.1554197
0.15541342
0.15535954
0.15534635
0.1553178
0.15530816
0.15525734
0.15523809
0.15518603
0.15518412
0.15517296
0.1551659
0.1551659
0.1551634
0.15512809
0.15512809
0.15510368
0.15509675
0.1550945
0.15507725
0.15506832
0.15506314
0.15501729
0.15500867
0.15493463
0.15492952
0.15492225
0.15490824
0.15486176
0.15485631
0.15485612
0.15477557
0.15476726
0.15474516
0.1547279
0.1547279
0.15471606
0.15468283
0.1546269
0.1546094
0.15460207
0.15457942
0.15456885
0.15455954
0.15453695
0.15452944
0.15446514
0.15438986
0.15437716
0.15437357
0.15435506
0.15435313
0.1543414
0.15433988
0.15432376
0.15427464
0.1542744
0.15423699
0.154229
0.15422897
0.1541868
0.15413237
0.1541275
0.15409558
0.15408938
0.15403286
0.15401223
0.1540119
0.15398592
0.15395613
0.15394369
0.1539283
0.15388563
0.15382814
0.15379858
0.15379532
0.15377161
0.15370083
0.15369576
0.15368606
0.15367636
0.1536758
0.15364985
0.15360524
0.15358676
0.15357995
0.15357918
0.15356454
0.15355232
0.15353715
0.15351893
0.15351602
0.15350612
0.1534934
0.15347718
0.15347673
0.15347359
0.15346327
0.15343548
0.1534267
0.15342489
0.15342167
0.1534092
0.15335138
0.1533143
0.15331233
0.1532795
0.15327096
0.15324432
0.15324423
0.15324262
0.15324245
0.15321654
0.15320843
0.15317172
0.15316875
0.15315013
0.15315008
0.15312079
0.1530904
0.15308988
0.15307441
0.15306182
0.15305893
0.15301004
0.15298672
0.15297733
0.15297258
0.1529328
0.15293093
0.1529242
0.1529137
0.15288514
0.15286909
0.15276463
0.1527372
0.15273584
0.15273331
0.15272078
0.15268007
0.15267998
0.15265623
0.15265466
0.15265337
0.15259673
0.15257807
0.15256697
0.15252598
0.1525143
0.15250675
0.15249765
0.1524882
0.15248036
0.1524755
0.15247439
0.15247387
0.15247121
0.15241796
0.15241657
0.15240872
0.15239064
0.15238518
0.15237361
0.1523681
0.15227935
0.15227686
0.15226384
0.15226033
0.15223388
0.15221064
0.15219547
0.15214428
0.15199123
0.1519675
0.15195987
0.15193753
0.15189266
0.15186106
0.15183686
0.15179382
0.15177795
0.15177059
0.15176867
0.15173802
0.15170954
0.15170875
0.15169665
0.15169574
0.15169193
0.1516834
0.15167831
0.15164837
0.15164188
0.15163341
0.15161926
0.15161403
0.15159918
0.15159617
0.15157956
0.1515752
0.15156356
0.15153812
0.15152161
0.15148483
0.15146376
0.15142901
0.15138532
0.15138106
0.15138055
0.15136935
0.15132904
0.15130924
0.1512839
0.15128091
0.15125954
0.15125498
0.15124755
0.15124376
0.15119852
0.1511867
0.15118405
0.15114327
0.15111932
0.15109709
0.15109399
0.15108858
0.151047
0.15103737
0.151033
0.1510305
0.15101442
0.15096271
0.15091965
0.15089695
0.15088686
0.15087208
0.15086873
0.15085284
0.15083165
0.15081137
0.15081091
0.15076058
0.15075871
0.15075453
0.15075147
0.15072657
0.15066835
0.15066
0.15066
0.1506546
0.15064377
0.15063009
0.15061271
0.15061142
0.1505936
0.1505338
0.1505338
0.150531
0.15046825
0.15046355
0.15046002
0.15040317
0.1504031
0.15035729
0.15034923
0.15034103
0.15032367
0.15031697
0.15031697
0.1503128
0.15027976
0.15026078
0.15022248
0.15019715
0.15017603
0.15013532
0.15011883
0.15010536
0.15008815
0.15008691
0.15006153
0.1500545
0.15004209
0.1500328
0.1500328
0.15002549
0.15001217
0.1500029
0.15000156
0.14998913
0.14997265
0.14993303
0.14992622
0.14992256
0.14992206
0.14990598
0.14989546
0.14988516
0.14988324
0.14987426
0.14987305
0.14986627
0.14983161
0.14979559
0.14975274
0.14973658
0.14972371
0.14971788
0.14967157
0.14961776
0.14960872
0.14959636
0.14958075
0.14955696
0.14951131
0.14950539
0.14945152
0.14944544
0.14942399
0.14942184
0.14940323
0.14937866
0.14937866
0.14936648
0.1493664
0.14935906
0.14935422
0.14931877
0.14925793
0.14925022
0.14924623
0.14919715
0.14914769
0.14914492
0.14913577
0.14911811
0.14910825
0.14909104
0.14905168
0.14902386
0.1489995
0.14898852
0.14897187
0.14896075
0.14896032
0.1489599
0.14895329
0.14894389
0.14891891
0.14888085
0.14887945
0.14887124
0.14885531
0.14884986
0.14883757
0.1488292
0.14881717
0.1488057
0.1487925
0.14879121
0.148775
0.14875667
0.1487461
0.14873855
0.1487339
0.14872883
0.14871554
0.14870891
0.14869249
0.14867027
0.14866509
0.14865828
0.148643
0.14863987
0.14861953
0.14861149
0.14859733
0.14855203
0.14852847
0.1484873
0.14848721
0.1484804
0.14848027
0.14847934
0.14844507
0.1484377
0.14843193
0.14840065
0.1483886
0.1483738
0.14835763
0.14835218
0.14835016
0.14834858
0.14833009
0.14831986
0.14831482
0.14830431
0.14829594
0.14828125
0.14821032
0.14819695
0.14817974
0.14817885
0.14816822
0.14815192
0.14815055
0.14812383
0.1480955
0.14806905
0.14806247
0.14805435
0.148049
0.14804752
0.14803892
0.14801112
0.14800946
0.14800282
0.14798982
0.14797425
0.14796944
0.1479525
0.14795063
0.14794783
0.14793937
0.14792624
0.14791697
0.14791697
0.14787513
0.14787513
0.14787214
0.14786488
0.1478509
0.14784108
0.14778858
0.14778319
0.1477716
0.14776571
0.14774314
0.14773376
0.14771917
0.14768371
0.14767122
0.14765373
0.14759333
0.14758949
0.14758463
0.14756778
0.14755201
0.14752497
0.14750913
0.14749977
0.14748555
0.1474728
0.14746416
0.14742298
0.14742148
0.14741486
0.14741184
0.14738916
0.14734304
0.14729697
0.14727466
0.14725278
0.14724576
0.14723028
0.14723028
0.14723028
0.1472219
0.14719999
0.14719257
0.14718556
0.14715725
0.14714433
0.1471253
0.14710239
0.1470784
0.14707816
0.14707708
0.1470437
0.14701387
0.14699282
0.14697692
0.14697148
0.14696759
0.1469588
0.14693885
0.14693597
0.14692985
0.1468945
0.14689204
0.14688775
0.14685312
0.14681818
0.14679855
0.14679168
0.14679037
0.14678626
0.14677434
0.14675866
0.14672868
0.1467261
0.14672571
0.14671977
0.14670391
0.14667849
0.14667721
0.1466713
0.1466713
0.146661
0.14665873
0.14665224
0.14664364
0.14661756
0.14661309
0.14660735
0.14657709
0.1465655
0.1465621
0.14655374
0.14654687
0.14653057
0.14651671
0.14651573
0.14650352
0.14650281
0.14648606
0.14646776
0.14645107
0.14642496
0.14639588
0.1463869
0.14637718
0.14636073
0.1463601
0.14632928
0.14632213
0.14629968
0.14628534
0.14626266
0.14624795
0.14623685
0.146202
0.14614207
0.14612955
0.14611194
0.14610486
0.1461048
0.14610218
0.1461014
0.14609647
0.14609222
0.14608695
0.14606434
0.14606173
0.14605995
0.14602938
0.14602458
0.1460064
0.14600477
0.1459995
0.14599715
0.14595549
0.14595477
0.14593314
0.14593177
0.14591916
0.1459191
0.1459191
0.14591712
0.1459109
0.14590187
0.14589646
0.14589474
0.14588928
0.14587852
0.14586255
0.14585002
0.14579186
0.14577931
0.14577803
0.14576326
0.14575523
0.14575389
0.14575036
0.14569706
0.14569147
0.1456817
0.14567907
0.1456742
0.14566152
0.14565949
0.14565675
0.14562415
0.14559542
0.14558943
0.14558174
0.14556265
0.14555834
0.14555775
0.14555639
0.1455318
0.14553173
0.14552051
0.14551702
0.14550082
0.14548999
0.14548095
0.14544451
0.14542617
0.14540671
0.14540543
0.14540161
0.14538953
0.1453788
0.14537786
0.14537771
0.14536972
0.14536329
0.14533159
0.14531642
0.14528811
0.14527413
0.1452671
0.14526065
0.1452563
0.14524837
0.14524789
0.14524111
0.14524055
0.14522241
0.14520022
0.14519311
0.14518727
0.14516856
0.14516656
0.14516556
0.14514263
0.1451283
0.14512728
0.14511867
0.14511776
0.1451044
0.14509134
0.14508457
0.14508364
0.14502434
0.14501172
0.1449887
0.14498635
0.14497948
0.14497869
0.14497314
0.14493652
0.14491677
0.14490306
0.14488724
0.14482687
0.14478736
0.14476109
0.14476109
0.14474788
0.14474492
0.14473872
0.14473337
0.14472614
0.14470632
0.1447059
0.14469966
0.14469935
0.14469667
0.1446818
0.14467475
0.14466533
0.14465772
0.14464636
0.14458402
0.1445808
0.14456947
0.14456947
0.14454216
0.14452411
0.14451845
0.1445089
0.14450704
0.14448246
0.14447126
0.14447126
0.14446707
0.1444506
0.144442
0.14444005
0.14443399
0.14442335
0.14441569
0.14439304
0.14436512
0.14435676
0.14435646
0.14435133
0.14433897
0.14433055
0.14432496
0.14431289
0.14427905
0.14427905
0.14427666
0.14426684
0.1442606
0.14422488
0.14422087
0.14420886
0.14420018
0.1441665
0.14415185
0.14414997
0.14414577
0.14412452
0.14411056
0.14409977
0.14409068
0.14408255
0.1440794
0.14402989
0.14401768
0.1440069
0.1440029
0.14398727
0.1439761
0.14397348
0.14397106
0.1439567
0.14394091
0.14393662
0.14391318
0.14390948
0.14390463
0.14389901
0.14389105
0.14388193
0.14385802
0.14383934
0.14381528
0.14381395
0.14376931
0.14376771
0.14376381
0.14375335
0.14373317
0.14370804
0.14369509
0.14369214
0.14368059
0.14364462
0.14364347
0.14363587
0.14361444
0.14360866
0.14359665
0.14359365
0.14358312
0.14357978
0.14357659
0.14354557
0.14352189
0.14350384
0.14350384
0.14349341
0.14348403
0.14347753
0.14347477
0.143462
0.1434462
0.14343326
0.14341918
0.14339843
0.14338921
0.14338303
0.14334974
0.14333957
0.14332877
0.14332482
0.14330773
0.14329708
0.14328824
0.14328004
0.14327179
0.14327018
0.14322615
0.14322348
0.14322233
0.14321093
0.14317279
0.14316659
0.14316419
0.14315729
0.14315487
0.14315395
0.14315267
0.14311445
0.14310318
0.1430918
0.14308318
0.14307858
0.14306626
0.1430649
0.14306004
0.14304729
0.14304186
0.14303918
0.14302087
0.1429906
0.1429808
0.14296055
0.1429586
0.14295182
0.14295176
0.14294714
0.14294626
0.14293674
0.1429157
0.14290003
0.1428973
0.14288448
0.14287263
0.14286523
0.14286438
0.14286438
0.14283867
0.14282374
0.14282024
0.14281972
0.14281493
0.14281493
0.14281493
0.142804
0.14278914
0.14276882
0.14275242
0.1427509
0.14274962
0.14273924
0.14272597
0.14271821
0.14268534
0.14267728
0.142672
0.142672
0.1426641
0.1426517
0.14264704
0.14263518
0.14263439
0.14263132
0.14261909
0.14261511
0.14260544
0.14260025
0.14259635
0.14259385
0.14257833
0.14257404
0.14256498
0.14253946
0.14253815
0.14250606
0.14250115
0.142494
0.14248216
0.14248142
0.14245716
0.14244676
0.14244297
0.1424376
0.14241862
0.14241621
0.14238185
0.14238185
0.1423809
0.14238001
0.14233907
0.14233111
0.14232701
0.14230683
0.14228842
0.14228842
0.14228792
0.14228743
0.14228126
0.14227882
0.14227757
0.14226697
0.14225301
0.14224723
0.14224376
0.1422364
0.14222078
0.1422173
0.14219819
0.14219053
0.14216799
0.14215204
0.14213187
0.14213128
0.14211814
0.14211698
0.14209129
0.14209129
0.14207867
0.14207493
0.14206031
0.14204705
0.14200886
0.14199087
0.14197129
0.14196277
0.1419516
0.14193901
0.14193343
0.14192513
0.14192036
0.14192036
0.14191967
0.1419165
0.14191592
0.14191432
0.14190276
0.14189987
0.14189148
0.14187054
0.14187004
0.14185214
0.14184947
0.1418317
0.1418291
0.14182818
0.14181681
0.14181355
0.14180873
0.14180806
0.14180222
0.14179875
0.14177296
0.14176787
0.14175849
0.14175089
0.14173871
0.14172798
0.14172363
0.14172363
0.14171956
0.14170448
0.1416977
0.1416653
0.14165978
0.14165783
0.14164795
0.1416429
0.14162728
0.14162575
0.14162496
0.14160699
0.14158662
0.1415802
0.14157934
0.14156032
0.141547
0.14154612
0.1415386
0.14153737
0.14153488
0.14152537
0.14150192
0.1414998
0.1414954
0.1414934
0.14149073
0.1414883
0.14148477
0.14147915
0.14146519
0.14146288
0.1414525
0.14143166
0.14140943
0.14139812
0.14139509
0.14138709
0.14137852
0.14135444
0.1413523
0.14135201
0.14134379
0.14133969
0.14133754
0.14132394
0.14131497
0.14129122
0.1412879
0.14128153
0.14127769
0.14127447
0.14127447
0.14125556
0.14124642
0.1412256
0.14122392
0.14122334
0.14122288
0.1412145
0.1411999
0.14119966
0.14118388
0.14114901
0.14113615
0.14111628
0.14110015
0.14108437
0.14104044
0.14102978
0.14102891
0.14097743
0.14097142
0.14096256
0.14094315
0.14094304
0.14093629
0.1408714
0.14085427
0.14085297
0.14085078
0.14085066
0.14084631
0.14082702
0.14082493
0.14082474
0.14081922
0.1408106
0.14080349
0.14079493
0.14078134
0.140776
0.14077462
0.14076413
0.14075251
0.14074498
0.14073187
0.14072928
0.14071763
0.14069436
0.14068429
0.14067157
0.14067
0.14066568
0.14065513
0.14065336
0.1406379
0.14063
0.14062148
0.14060512
0.14060056
0.14059895
0.14058432
0.14057706
0.14057438
0.14055364
0.14054509
0.14054376
0.14054376
0.14054243
0.14053474
0.14053202
0.14051807
0.14049141
0.14049141
0.14047758
0.14046896
0.14045411
0.14044306
0.14040264
0.14039609
0.14037612
0.14036234
0.14036053
0.14034931
0.14034604
0.14034577
0.14032839
0.14032802
0.14031985
0.14031054
0.14031014
0.14028943
0.1402842
0.1402682
0.14026263
0.14025323
0.14022158
0.14021032
0.14018917
0.1401818
0.14017525
0.14016686
0.14014946
0.14014848
0.14014779
0.14014542
0.14014485
0.14014474
0.14012584
0.14010802
0.14009464
0.14008947
0.14008798
0.14007804
0.14002813
0.14001903
0.14001217
0.14001183
0.14000942
0.1400062
0.14000057
0.13999799
0.13999674
0.1399944
0.13998583
0.13995671
0.13994592
0.13992952
0.13992257
0.13991399
0.13991126
0.13989756
0.1398664
0.13986447
0.13984868
0.13984168
0.13984093
0.13983572
0.13983393
0.13982345
0.13981785
0.13980383
0.13979869
0.13979831
0.13979688
0.13979
0.1397686
0.13975887
0.13975672
0.13974607
0.13974163
0.1397391
0.13973828
0.13971728
0.13971245
0.13970113
0.13969381
0.13968603
0.13968368
0.13968362
0.13967761
0.13967691
0.13966219
0.13966201
0.13965927
0.13965456
0.13963807
0.13962185
0.13961871
0.13961871
0.1396071
0.13960491
0.1396006
0.13958432
0.13958423
0.139584
0.13956656
0.13954535
0.13954411
0.13954091
0.13953859
0.13950059
0.13949572
0.13948748
0.13947111
0.13944528
0.1394409
0.13943088
0.13942716
0.13940956
0.13940354
0.13939098
0.13937822
0.13936673
0.13936104
0.13936098
0.13936052
0.1393508
0.13934685
0.13932405
0.13931778
0.13931403
0.13930874
0.13930562
0.13928539
0.13928373
0.13926058
0.13924718
0.13923651
0.13923594
0.13923162
0.13920611
0.13920107
0.13919166
0.1391734
0.13913015
0.1390893
0.13908823
0.13908081
0.13907786
0.13907064
0.13906124
0.13905716
0.13905498
0.1390437
0.13904274
0.13903628
0.1390351
0.13902971
0.1390281
0.13902579
0.13901067
0.13899887
0.13895604
0.13894862
0.13894734
0.13893592
0.13893087
0.13892986
0.13892928
0.13891068
0.13887222
0.1388701
0.1388701
0.13887002
0.1388666
0.13885954
0.13885908
0.13885634
0.13885595
0.13884205
0.13882264
0.1388194
0.13881798
0.13881706
0.13881564
0.13880828
0.13880776
0.13878486
0.13878411
0.13877092
0.13876884
0.1387579
0.13874628
0.13872963
0.13872685
0.1387109
0.1387075
0.13869506
0.13869438
0.13868852
0.13867643
0.13867296
0.1386458
0.138645
0.13864249
0.13863677
0.13863583
0.1386289
0.13862342
0.13862136
0.13862017
0.13861983
0.13861698
0.13858564
0.1385678
0.13854635
0.13854544
0.13853271
0.13853171
0.1385259
0.13851447
0.1385054
0.13849612
0.1384896
0.13848813
0.13848273
0.13848273
0.13847983
0.13846615
0.13846305
0.13846225
0.13845734
0.13845608
0.13845082
0.13844596
0.13844356
0.13843113
0.13842572
0.13841641
0.1384113
0.1384083
0.13838366
0.13838366
0.13836706
0.1383597
0.13835387
0.13834539
0.1383384
0.13833313
0.13833313
0.13833073
0.13832602
0.13832511
0.13832164
0.13831328
0.13830243
0.13829388
0.13828026
0.13826883
0.13825339
0.13825282
0.1382322
0.13823073
0.13820346
0.13820301
0.13819824
0.13818978
0.1381816
0.13817416
0.13816516
0.13815168
0.13815026
0.13815026
0.13812982
0.13812846
0.13809595
0.13808736
0.13808441
0.13808027
0.13806903
0.13806903
0.13806245
0.13805541
0.13804503
0.13804448
0.13803074
0.13802785
0.1380227
0.13801661
0.13800524
0.13800456
0.13798124
0.13795978
0.13795535
0.1379486
0.13793688
0.13793562
0.13793562
0.13791016
0.13790609
0.13788854
0.13788313
0.13787848
0.13785733
0.13784862
0.13784152
0.1378302
0.13781257
0.13778116
0.13776855
0.13773862
0.13773559
0.13772936
0.13772078
0.13771603
0.13769709
0.13767113
0.13766561
0.13765474
0.13764311
0.13763754
0.13762832
0.13761258
0.13760109
0.13758926
0.137587
0.13757852
0.13757606
0.13755922
0.1375582
0.13755707
0.13755088
0.13754864
0.137542
0.13752924
0.13751645
0.1375098
0.13749658
0.13749658
0.13747862
0.13747677
0.13746743
0.13745922
0.13745104
0.1374403
0.13743098
0.13742854
0.13742712
0.137407
0.13740672
0.13739833
0.13739584
0.13739264
0.13738844
0.137382
0.13737853
0.1373767
0.13736343
0.13733152
0.13732632
0.13730635
0.13728718
0.13727698
0.1372734
0.13727278
0.1372683
0.13725916
0.13725916
0.13725516
0.13725516
0.13723381
0.13723381
0.13723345
0.13720846
0.13720581
0.13718967
0.13718036
0.13717945
0.13717695
0.13717468
0.1371726
0.13717093
0.1371709
0.13717026
0.13714951
0.1371483
0.13713482
0.13712958
0.13710918
0.13709673
0.1370948
0.13709047
0.1370779
0.13707502
0.1370705
0.1370704
0.1370704
0.1370704
0.1370659
0.13704914
0.13704377
0.13703853
0.13703616
0.13703325
0.13702579
0.13702579
0.13702506
0.13702196
0.13701245
0.13701147
0.1370095
0.1370095
0.13700774
0.13700657
0.13699049
0.13697793
0.13696371
0.13695982
0.13695295
0.13692783
0.13692585
0.13692404
0.13691747
0.13691747
0.13691747
0.13689598
0.13689396
0.136884
0.13688257
0.13687979
0.13687776
0.13686322
0.13684008
0.13682155
0.13681795
0.13681707
0.13681377
0.136792
0.1367762
0.13677366
0.13675958
0.13675271
0.13675097
0.13675097
0.13674831
0.13674232
0.1367172
0.13671112
0.13668771
0.13668208
0.13666709
0.13666373
0.13665219
0.13664186
0.13663556
0.1366315
0.13662893
0.1366181
0.13660637
0.136605
0.13660133
0.1365946
0.13657841
0.13657841
0.13657841
0.13657142
0.13656566
0.1365617
0.13655633
0.13655205
0.13653116
0.1365185
0.1365185
0.1365081
0.13650686
0.13649553
0.13648926
0.1364685
0.13646632
0.13645397
0.13645065
0.13645026
0.1364469
0.13644268
0.13643722
0.13643205
0.13643119
0.13642892
0.13642478
0.13640459
0.13640355
0.1363942
0.13638897
0.13638897
0.13638897
0.1363865
0.13638443
0.13637055
0.13636822
0.13635437
0.13634947
0.13634944
0.13634054
0.13634054
0.13633159
0.13633046
0.1363266
0.13631614
0.13631444
0.13630755
0.13629761
0.13629618
0.13627848
0.13627848
0.13627848
0.13627642
0.13626663
0.13624966
0.13624877
0.13624205
0.1362222
0.13621765
0.13620763
0.13618848
0.13618533
0.13617715
0.13616794
0.13616262
0.13616222
0.1361481
0.13614433
0.1361392
0.13613318
0.13612075
0.13611601
0.13611025
0.13607857
0.1360701
0.13606769
0.13606495
0.13605928
0.13605413
0.13605326
0.13604927
0.13604799
0.13603754
0.13603754
0.1360252
0.13601853
0.13601062
0.13600509
0.136002
0.13600184
0.13598825
0.13598377
0.13596912
0.13596906
0.13596316
0.13595682
0.13595016
0.13594168
0.13594078
0.13593943
0.13593933
0.13593826
0.13592784
0.13591182
0.13588898
0.13588315
0.13587958
0.13587238
0.13587213
0.13586709
0.13586046
0.13585645
0.135834
0.13581732
0.13581017
0.13580558
0.13576446
0.13576087
0.13575365
0.1357259
0.1357146
0.13569295
0.13568054
0.13564739
0.13564411
0.13564183
0.13563956
0.13563491
0.13563348
0.13562854
0.1356252
0.13562036
0.13561617
0.13560858
0.13560545
0.13559635
0.13558543
0.1355736
0.13556653
0.13555902
0.13554916
0.13554478
0.13554478
0.1355445
0.13554397
0.1355429
0.13553877
0.1355331
0.13552555
0.13552274
0.13551857
0.1355018
0.13549568
0.13548829
0.13548405
0.13548252
0.13546965
0.13546808
0.13545853
0.13545585
0.13545585
0.13544224
0.13543239
0.13542916
0.13542612
0.13542494
0.13540684
0.13538271
0.13537309
0.13537072
0.13536675
0.13535403
0.1353422
0.1353335
0.13533282
0.13533282
0.13532962
0.13531446
0.13530989
0.13529661
0.13529645
0.13529555
0.13528875
0.1352717
0.1352645
0.1352274
0.13521229
0.13520247
0.13519035
0.1351845
0.13518049
0.13517761
0.13517758
0.13517438
0.13516445
0.13516039
0.1351601
0.13515466
0.13513608
0.13512544
0.13512254
0.13512042
0.13511607
0.13511324
0.1351036
0.13509184
0.13508761
0.13508655
0.1350809
0.13507406
0.13506047
0.13505252
0.13505101
0.13504744
0.13503948
0.13503948
0.13499498
0.13497992
0.13497962
0.13497767
0.13497622
0.134971
0.1349608
0.13495898
0.13495529
0.13495529
0.13495393
0.13494702
0.1349442
0.13493322
0.13491859
0.13491243
0.13491154
0.13491087
0.13489026
0.13488904
0.13487476
0.13486828
0.13485709
0.13484992
0.1348497
0.13484961
0.13484739
0.13484389
0.13484238
0.13483988
0.13483976
0.13483231
0.13482119
0.13482119
0.1348193
0.1348183
0.13479805
0.1347747
0.13477413
0.13476613
0.13475941
0.13475457
0.13474186
0.13473125
0.1347305
0.13472866
0.13472286
0.1347014
0.13469778
0.13468832
0.1346723
0.13464402
0.13464169
0.13462617
0.13462521
0.13461559
0.13460486
0.13458231
0.13457711
0.13456482
0.13455693
0.13455527
0.13454758
0.13454603
0.13454588
0.13454077
0.13453378
0.13452625
0.13452052
0.13452007
0.13450785
0.13450328
0.13448712
0.13448258
0.13447987
0.13447915
0.1344776
0.1344774
0.13447277
0.13447021
0.13446917
0.13444428
0.1344362
0.13442141
0.13438804
0.13438533
0.13437207
0.13436054
0.134325
0.13432023
0.13430877
0.13430741
0.13430715
0.1343055
0.13429694
0.13429633
0.13428923
0.13428688
0.13426661
0.13426581
0.13425447
0.13425447
0.13424361
0.13423464
0.13422377
0.13419394
0.13418862
0.1341873
0.1341855
0.1341851
0.1341825
0.1341702
0.13416891
0.13416457
0.1341548
0.1341464
0.13413215
0.13411814
0.13411497
0.13411026
0.13410793
0.1340994
0.1340994
0.1340991
0.1340991
0.13409583
0.13409474
0.13407518
0.13407096
0.13406532
0.13406532
0.13405104
0.1340216
0.13401185
0.13400787
0.13400258
0.13400155
0.13398458
0.13396706
0.1339635
0.1339635
0.13396189
0.13395017
0.13394728
0.133937
0.13392921
0.13392138
0.13390999
0.13390404
0.13390172
0.13390094
0.13390033
0.13388352
0.13388248
0.13387999
0.133876
0.13387008
0.13386817
0.1338624
0.13385168
0.13385016
0.13383183
0.1338234
0.13382338
0.1338232
0.1338173
0.13379231
0.13378438
0.13378187
0.1337717
0.13377038
0.13376601
0.13376565
0.13374643
0.13373977
0.13373883
0.13371983
0.13370734
0.13370161
0.1336832
0.13367134
0.13367009
0.13365859
0.13364947
0.13364431
0.13364357
0.13364302
0.13363561
0.13362087
0.13361458
0.13360909
0.13360128
0.13359421
0.13359334
0.13357612
0.13357458
0.1335706
0.13356452
0.13356234
0.1335593
0.13355818
0.1335483
0.13354635
0.13354135
0.13353463
0.13351658
0.13351531
0.13351293
0.13347094
0.13345262
0.13344312
0.13342836
0.13342233
0.13341461
0.13341348
0.1334033
0.1333994
0.13339671
0.13339671
0.13339311
0.13338707
0.13338639
0.13338056
0.13337705
0.13336946
0.13336815
0.13336119
0.1333558
0.13334884
0.13334495
0.13334495
0.13333745
0.13333091
0.13332419
0.13332208
0.13331778
0.13331497
0.13331237
0.13330853
0.13330825
0.13330743
0.13329746
0.13329497
0.13326338
0.13325523
0.13324094
0.13323893
0.13322584
0.13322408
0.13322125
0.13321148
0.13320418
0.1331979
0.13319562
0.13319397
0.13319062
0.13318129
0.13318074
0.13317972
0.13317908
0.13317908
0.13317801
0.13317773
0.13317493
0.13316569
0.13315946
0.13315214
0.1331447
0.13314435
0.13313541
0.13311502
0.1331097
0.13310091
0.13310072
0.1330992
0.13309877
0.13309826
0.13309793
0.13309257
0.13307455
0.13307221
0.13306867
0.13306437
0.13306272
0.13305937
0.13303721
0.13302554
0.13301773
0.13301021
0.13300653
0.13300264
0.13300169
0.1329987
0.13299733
0.13299698
0.13299008
0.13297716
0.13296732
0.13296716
0.1329633
0.13295555
0.13295363
0.13291477
0.13291375
0.13290463
0.13289821
0.1328908
0.13287598
0.13286985
0.13285197
0.13284631
0.13284631
0.13284367
0.13284296
0.13284011
0.13283582
0.1328216
0.13282011
0.13279021
0.13278502
0.1327764
0.13275695
0.13275689
0.1327534
0.13275318
0.13274981
0.13274708
0.1327462
0.13274422
0.13272914
0.13272914
0.13272634
0.13271931
0.13271298
0.13270384
0.1327028
0.13267884
0.13267845
0.13267684
0.13267574
0.1326596
0.13264817
0.13264288
0.13264057
0.1326381
0.13263673
0.13263015
0.13262205
0.13261825
0.13261479
0.13261297
0.13260983
0.13260949
0.13260934
0.1326036
0.13260253
0.13259679
0.13259315
0.1325906
0.13258764
0.13258693
0.13258615
0.13257712
0.13257612
0.13257518
0.1325563
0.132552
0.132552
0.132536
0.13253193
0.1325186
0.13251573
0.13250886
0.132502
0.1324986
0.13249587
0.1324906
0.13247454
0.13247295
0.13247229
0.13245422
0.13245317
0.13243441
0.13241886
0.13241005
0.13240096
0.1323979
0.13239197
0.13239095
0.1323904
0.13238503
0.13237703
0.13237084
0.13236417
0.13236088
0.13234143
0.13233471
0.13232495
0.13232493
0.13231784
0.13231456
0.1322939
0.13228521
0.13227369
0.13226299
0.13226227
0.13225375
0.13224748
0.13224512
0.1322391
0.13222809
0.1322178
0.13221255
0.13220555
0.13219543
0.13218899
0.13218708
0.13218367
0.13217285
0.13215703
0.13215002
0.1321415
0.13212988
0.13210908
0.1321088
0.13209371
0.13209316
0.13209309
0.13209261
0.1320925
0.13208622
0.13207637
0.13207012
0.13205719
0.13205387
0.13205266
0.13203965
0.1320334
0.13202287
0.13202287
0.13201545
0.13200495
0.13200451
0.1319996
0.131999
0.13199891
0.1319852
0.13198447
0.13198353
0.13198087
0.13197547
0.13196404
0.13195607
0.13195123
0.13194276
0.1319406
0.13193995
0.13193783
0.13193487
0.13193356
0.13191648
0.13188177
0.13188101
0.13186482
0.13186395
0.13185942
0.13185942
0.13185155
0.13184416
0.1318336
0.13183065
0.13182035
0.13181853
0.13181706
0.13181672
0.13181363
0.1318091
0.13180359
0.1318027
0.13178954
0.13177745
0.13177745
0.13177745
0.13177745
0.1317585
0.13174897
0.1317355
0.13173337
0.13172443
0.13172308
0.13170731
0.13169989
0.13169971
0.13169634
0.13169591
0.1316885
0.13168703
0.13168386
0.13168332
0.131678
0.13166869
0.13166101
0.13166001
0.13165759
0.13163894
0.1316333
0.13162738
0.13162597
0.13162477
0.13162369
0.13162191
0.13161796
0.13161208
0.13160825
0.13159749
0.13159403
0.13159126
0.13158853
0.13158558
0.13157366
0.13157101
0.1315709
0.13156985
0.13155654
0.13154325
0.13153966
0.13153581
0.13153362
0.13153312
0.13153271
0.13153043
0.13152929
0.13150333
0.13150306
0.13149746
0.13149677
0.13148673
0.13148509
0.1314818
0.13147692
0.13147028
0.13145497
0.13145003
0.13142665
0.1314253
0.13142365
0.13142313
0.1314099
0.1314099
0.13140278
0.1313974
0.1313866
0.13138382
0.13138047
0.13136697
0.13136245
0.13135691
0.13135174
0.13134776
0.13132884
0.1313229
0.13131742
0.13131602
0.13131556
0.1312937
0.1312813
0.13127695
0.1312745
0.13126376
0.1312539
0.13124122
0.13123669
0.13123408
0.13121839
0.1312069
0.1311898
0.13118394
0.13117893
0.13117135
0.13117135
0.13117062
0.1311648
0.13116184
0.13115507
0.13114926
0.13114579
0.1311444
0.1311431
0.13113478
0.13113315
0.1311325
0.13113087
0.13112907
0.13112886
0.13112508
0.13110982
0.13109027
0.1310838
0.1310826
0.13107365
0.13106056
0.1310486
0.13104223
0.13103698
0.13102937
0.13102627
0.13102461
0.13101959
0.13100974
0.13100664
0.13100594
0.13100371
0.13099703
0.13099362
0.13097557
0.13097508
0.13097331
0.13096406
0.13096318
0.1309591
0.13094059
0.1309384
0.13093449
0.13092789
0.13091645
0.13091277
0.13091213
0.13090804
0.1309017
0.13089965
0.13088761
0.13088487
0.13086942
0.13084541
0.13084002
0.13083433
0.13083369
0.13082111
0.13081522
0.13081096
0.13080847
0.13079919
0.13079773
0.13079143
0.13075589
0.13074993
0.13074699
0.13073689
0.13072506
0.13071096
0.13071096
0.13071096
0.1307101
0.13070956
0.13070603
0.13070121
0.13070056
0.13067456
0.13067117
0.1306705
0.13065809
0.13064401
0.13064396
0.13063583
0.13063583
0.13063389
0.13063323
0.13063157
0.13063061
0.13061753
0.1306152
0.13061391
0.13061352
0.13060874
0.13060546
0.13060546
0.13058457
0.13058303
0.13057353
0.13056946
0.13055578
0.13055222
0.13055222
0.13054973
0.13054171
0.13053806
0.13053018
0.13052994
0.1305236
0.13048169
0.1304799
0.13047895
0.13047199
0.13047175
0.130467
0.13046458
0.13045374
0.130453
0.13041328
0.13040829
0.13040444
0.1303879
0.13038753
0.1303789
0.13037124
0.13037103
0.13037103
0.13036822
0.13035813
0.13035454
0.13035454
0.13035297
0.13035297
0.130327
0.13032146
0.1302952
0.1302865
0.1302842
0.13025296
0.13025007
0.13023831
0.13023701
0.13023172
0.13023102
0.13022465
0.13022125
0.13022098
0.13021415
0.13020849
0.13017902
0.13016891
0.13016815
0.13016433
0.13016234
0.13016115
0.13015348
0.13014393
0.13014393
0.13014357
0.1301396
0.13013954
0.1301388
0.13013794
0.13013248
0.13011968
0.13011724
0.13011439
0.13011402
0.1300973
0.13009061
0.13009061
0.13009061
0.13008763
0.13008565
0.1300803
0.13007252
0.13004544
0.13004485
0.13003713
0.13003635
0.13003515
0.1300293
0.13002235
0.13002163
0.13002163
0.13001718
0.1299851
0.12998499
0.12997764
0.12997301
0.12996891
0.12995212
0.12995055
0.12994432
0.12993549
0.12992926
0.12992632
0.1299236
0.12992004
0.1299033
0.1299012
0.1298911
0.12988453
0.1298787
0.12987766
0.12987399
0.12987125
0.12984018
0.12983055
0.12982287
0.12982222
0.12981698
0.12981698
0.12980568
0.12980519
0.12980363
0.12979902
0.129798
0.12979765
0.12979542
0.12978947
0.1297809
0.12976809
0.12976368
0.12975398
0.12975398
0.12974419
0.1297403
0.1297403
0.12973239
0.12972894
0.1297247
0.1297214
0.12971687
0.12971608
0.12971032
0.12970862
0.12970579
0.1297031
0.12970103
0.12970094
0.1296896
0.1296896
0.12968256
0.129676
0.12967531
0.12967312
0.12966548
0.12966493
0.12964731
0.12964664
0.12963939
0.12963678
0.12961587
0.12960678
0.12960197
0.12959433
0.12959161
0.12959017
0.12958747
0.12958495
0.12957636
0.12956768
0.12955628
0.12954505
0.12953556
0.12953344
0.12953208
0.1295285
0.12952411
0.12952402
0.1295104
0.12950984
0.12950876
0.12950847
0.12950674
0.1295065
0.12949231
0.12948887
0.12948328
0.12946449
0.12945004
0.12944254
0.12944007
0.12943529
0.12942722
0.12942441
0.12941945
0.12941413
0.12939918
0.1293887
0.12938769
0.12938765
0.12938721
0.12938347
0.1293813
0.12936926
0.12936889
0.12935886
0.12935682
0.1293498
0.12934905
0.12934355
0.12934333
0.12934285
0.1293401
0.12933813
0.12932876
0.12932588
0.12932435
0.12932384
0.12932363
0.12932351
0.12932341
0.1293218
0.12931891
0.12929206
0.12928362
0.1292809
0.12926076
0.1292592
0.12925182
0.12922947
0.12922473
0.12921849
0.12921545
0.12920928
0.12920542
0.12919745
0.12919745
0.1291931
0.12919243
0.12917942
0.12917368
0.12917203
0.12917164
0.1291711
0.12917002
0.12916563
0.12916052
0.12915517
0.12915078
0.1291403
0.12914011
0.12913936
0.12913695
0.12913683
0.12913683
0.12913433
0.12913239
0.12911095
0.12911052
0.12910725
0.12909617
0.12908992
0.12908979
0.12908643
0.12908633
0.1290791
0.12907015
0.12906224
0.12906018
0.12904753
0.1290421
0.12904021
0.12902716
0.12901843
0.1290146
0.12900707
0.12900648
0.129006
0.12900472
0.12900113
0.12899838
0.12896475
0.12896171
0.1289573
0.128949
0.12893865
0.12890217
0.12889786
0.12889658
0.12888555
0.12887904
0.12887396
0.12887104
0.12886779
0.12886675
0.12886378
0.12883994
0.12883553
0.12882484
0.12882484
0.128824
0.12881468
0.12880829
0.1287979
0.12879616
0.12879135
0.12878883
0.12877294
0.12876524
0.12875545
0.12874435
0.1287393
0.12872604
0.12872548
0.12872182
0.12872
0.12871839
0.1287178
0.12871566
0.1287124
0.12870783
0.12870543
0.12870063
0.12869908
0.12869601
0.12869039
0.12868503
0.12867445
0.12866698
0.1286638
0.12863909
0.12863739
0.1286281
0.12862462
0.12862109
0.1286063
0.1286018
0.12858777
0.12857898
0.12857771
0.12857154
0.12855676
0.12855238
0.1285381
0.12852807
0.12852767
0.12852146
0.12850949
0.12850727
0.12850004
0.12849958
0.12848231
0.12848231
0.12847216
0.12847213
0.12846133
0.12846026
0.12845924
0.12844731
0.12844042
0.12843336
0.1284331
0.1284112
0.12840916
0.12840523
0.1283845
0.12837164
0.12836303
0.12836303
0.12836303
0.12835513
0.12834737
0.12834613
0.12833992
0.12833896
0.12833896
0.12833299
0.12833156
0.12832987
0.12831987
0.12831552
0.12831552
0.12831552
0.12831086
0.12830116
0.1282988
0.12828945
0.12828293
0.12826377
0.12825269
0.12824869
0.12823641
0.12823083
0.12822832
0.12822299
0.12820782
0.12820598
0.12820017
0.12819837
0.1281928
0.12818365
0.12816674
0.12815899
0.12815222
0.12815161
0.12814644
0.12813666
0.12813662
0.12812655
0.12812544
0.1281196
0.12811945
0.12811589
0.12811267
0.12811258
0.12810242
0.1281001
0.12809965
0.12808831
0.12808317
0.12806247
0.12806036
0.12805147
0.1280495
0.12804434
0.12803945
0.12803867
0.12803861
0.12803528
0.12802505
0.12802483
0.1280114
0.12800844
0.12800807
0.1280056
0.1280056
0.12799685
0.12798971
0.12798971
0.12798752
0.12798439
0.12798388
0.12794192
0.12794192
0.12792565
0.12791748
0.12790959
0.12790522
0.1278918
0.12788475
0.12787183
0.1278599
0.12785694
0.12784193
0.12783481
0.12783423
0.1278303
0.1278303
0.12780446
0.12779617
0.12778537
0.12778373
0.12776986
0.12776683
0.12776195
0.1277599
0.12775771
0.1277577
0.12774247
0.12773718
0.12773657
0.12772177
0.12772082
0.12771727
0.12771147
0.12770706
0.12770112
0.12768628
0.12768489
0.12767535
0.12766962
0.12766941
0.12766574
0.12765098
0.12764907
0.12764646
0.1276439
0.12764035
0.12762421
0.12762183
0.12761833
0.12761445
0.12761153
0.12760648
0.12760599
0.12760434
0.12759373
0.12758473
0.12757313
0.1275685
0.12756138
0.12755488
0.12755474
0.12754217
0.12751204
0.12750524
0.12750185
0.12750015
0.1274959
0.12748447
0.1274829
0.12748215
0.12748215
0.12747481
0.12747395
0.12746689
0.12744905
0.12744433
0.12743078
0.12742908
0.12742725
0.1274167
0.1273968
0.12739518
0.12739457
0.127393
0.12739061
0.12736686
0.12735586
0.12735556
0.12735106
0.12732974
0.12732515
0.12732232
0.12732044
0.12731265
0.12731081
0.12729377
0.12728266
0.1272797
0.12727465
0.12726566
0.12725714
0.12725443
0.12724395
0.12723881
0.12722906
0.12720942
0.1272084
0.12720782
0.12720206
0.12720172
0.12719285
0.12719135
0.12718664
0.12718242
0.12718184
0.12715758
0.12715676
0.12715006
0.12714957
0.12713972
0.12713628
0.1271347
0.12712057
0.127117
0.12711412
0.1271131
0.12710749
0.12710713
0.12709552
0.12708686
0.1270747
0.12707387
0.12707236
0.12706713
0.12706687
0.1270529
0.12705205
0.12705006
0.12704033
0.12702599
0.12701578
0.12700239
0.12700008
0.12699969
0.12699413
0.12699361
0.12699
0.12698983
0.12698528
0.12697865
0.12696445
0.1269543
0.12694393
0.12692897
0.12692565
0.12692228
0.12691827
0.12691431
0.12690036
0.12689805
0.12689158
0.12687407
0.12686491
0.12684785
0.1268432
0.12682986
0.12682174
0.12680963
0.1268007
0.1267961
0.12678652
0.1267744
0.12677275
0.1267694
0.12676173
0.12675944
0.12674296
0.12673889
0.12673487
0.1267248
0.12672435
0.12671539
0.12670672
0.12670021
0.12669292
0.12668902
0.12668888
0.12667641
0.12667425
0.12665616
0.12664643
0.12664287
0.12663005
0.12662992
0.12662715
0.12661612
0.12661132
0.126607
0.1266069
0.1266032
0.12659773
0.12659572
0.12659349
0.12658855
0.12658235
0.12657775
0.12656395
0.12654941
0.12652752
0.12651147
0.1265012
0.126496
0.12649411
0.12648687
0.12648608
0.12648468
0.1264806
0.1264795
0.12647814
0.12647319
0.12647219
0.12646292
0.12644438
0.12644406
0.12642696
0.12642126
0.1264044
0.12639534
0.1263932
0.126387
0.12636398
0.12636189
0.12635787
0.12634997
0.12634613
0.12634529
0.12634431
0.12634403
0.12633482
0.12630413
0.12629929
0.12629081
0.12628691
0.12627861
0.12626478
0.12626247
0.12624288
0.12623918
0.12622875
0.12622102
0.12621139
0.12620826
0.12620698
0.12620413
0.1262023
0.12620206
0.12620041
0.12618531
0.12618363
0.12618016
0.12618016
0.12617733
0.12617409
0.12617165
0.1261603
0.12615654
0.12615341
0.12613283
0.1261306
0.12612964
0.12611955
0.12611876
0.12611109
0.1261094
0.12610386
0.12609594
0.12609443
0.12608124
0.12608124
0.12606612
0.12606557
0.126059
0.12605603
0.12605356
0.12605296
0.12605096
0.12604216
0.12599982
0.12598865
0.12598865
0.12598744
0.12596607
0.12596594
0.12594806
0.12594508
0.12594305
0.1259406
0.12593187
0.12592943
0.12592775
0.12591173
0.1259067
0.12589636
0.12589385
0.12589364
0.1258867
0.12588084
0.12587473
0.12586918
0.12586683
0.1258662
0.1258649
0.12585649
0.1258481
0.1258459
0.12584305
0.12583944
0.12583116
0.12582739
0.12582017
0.12581684
0.12581086
0.12580456
0.12580228
0.12579596
0.12578867
0.12576799
0.12576419
0.1257637
0.12576284
0.12575412
0.12574092
0.12573887
0.12572205
0.12571816
0.12571812
0.12570462
0.1257008
0.12569846
0.12569587
0.12569259
0.12569214
0.12568584
0.12565617
0.12565537
0.12563795
0.12563276
0.12563072
0.12562537
0.12562028
0.12562011
0.12561806
0.12560783
0.12557653
0.12557217
0.12557217
0.1255684
0.12556079
0.12554976
0.12553547
0.12553519
0.12553339
0.12552233
0.12551512
0.1255101
0.12549528
0.12547477
0.12547466
0.12547375
0.12547249
0.12546891
0.12545086
0.12544766
0.12541649
0.12541293
0.12541105
0.12540075
0.1253882
0.12538616
0.12537341
0.12536958
0.12534867
0.12534538
0.12533644
0.12531511
0.12531394
0.125301
0.12529002
0.12528533
0.1252713
0.1252655
0.12526213
0.12526111
0.12525946
0.12525305
0.12524435
0.12524378
0.12524018
0.1252393
0.12523809
0.12523428
0.12522702
0.12522043
0.1252191
0.12521693
0.12521668
0.12520847
0.12519534
0.12518503
0.1251844
0.12517765
0.12517038
0.12516306
0.12510641
0.1251017
0.1251006
0.12508835
0.12508593
0.12508568
0.12508568
0.12508568
0.12508412
0.1250784
0.12507066
0.12505683
0.12503257
0.1250321
0.12502456
0.12502007
0.12501718
0.12499261
0.124973275
0.12494709
0.124945424
0.12494193
0.124941126
0.12493959
0.124907054
0.12489792
0.12488465
0.12488293
0.12488293
0.124878004
0.12487058
0.12486933
0.12485674
0.12485172
0.12485084
0.12485039
0.124848776
0.12483232
0.12483109
0.12482079
0.1248067
0.12478299
0.12477964
0.12477964
0.124778636
0.12477421
0.12477161
0.12476307
0.12472126
0.12471496
0.12469232
0.12468602
0.12467343
0.124672025
0.12467171
0.12467128
0.12466399
0.12466172
0.12465116
0.124649554
0.12464757
0.12463388
0.12463379
0.124633215
0.12463237
0.124623716
0.12462206
0.1246089
0.12459841
0.12458552
0.12458552
0.12458408
0.12457137
0.12455842
0.124541774
0.124522194
0.12448855
0.1244864
0.12448589
0.12447451
0.12447439
0.12447247
0.124471225
0.12446234
0.12445264
0.12443104
0.12442652
0.12441646
0.12441091
0.124410205
0.12439037
0.124389604
0.12438891
0.124382995
0.12436299
0.12436299
0.124355555
0.124335766
0.12432004
0.1243077
0.124306306
0.1243047
0.1243047
0.12430449
0.12430412
0.12428928
0.124288134
0.12428132
0.12427372
0.124263465
0.12426277
0.124261186
0.12424169
0.12423817
0.12423807
0.124213725
0.12420637
0.124196924
0.12417588
0.12417116
0.12415669
0.12415066
0.12412641
0.12412387
0.124120966
0.12411719
0.124107696
0.12410679
0.124097794
0.12408972
0.124073066
0.12406497
0.12405312
0.12404891
0.12404227
0.12402931
0.124021
0.124002755
0.124002345
0.12399583
0.123995
0.12398971
0.12397707
0.12396926
0.12396413
0.12396395
0.12396201
0.12392349
0.123922504
0.123919666
0.12390374
0.12390028
0.12390028
0.12389589
0.12387938
0.12386671
0.12385787
0.12385677
0.12385168
0.1238494
0.123848185
0.12384068
0.12382443
0.1237948
0.12378204
0.12376165
0.12375953
0.12375412
0.123749755
0.12373781
0.12371165
0.12367227
0.12367041
0.123667926
0.12366089
0.12365041
0.12364761
0.12364344
0.12363743
0.123629734
0.12362338
0.12361652
0.12360355
0.1235422
0.12352617
0.12350035
0.123492725
0.12349254
0.12348557
0.12348159
0.123474054
0.1234619
0.12345466
0.123444185
0.12339925
0.12339905
0.123398684
0.12338373
0.12338075
0.12336261
0.12334258
0.123336084
0.1233317
0.12333128
0.123323694
0.1233223
0.123322055
0.12332087
0.12330193
0.12326994
0.12326661
0.123256184
0.12325449
0.12322254
0.12321744
0.123203516
0.12320091
0.12319828
0.12319354
0.12319173
0.12318108
0.12318099
0.12318076
0.12316774
0.12316758
0.12314787
0.12314226
0.123135895
0.12312999
0.12312351
0.12306869
0.12303346
0.12303301
0.12303175
0.12302311
0.12299466
0.122957066
0.12294967
0.122934155
0.12290816
0.12290465
0.12290076
0.12289828
0.1228899
0.12288607
0.122880496
0.12287556
0.122873455
0.12282143
0.12281934
0.12280981
0.122800134
0.12277936
0.12277375
0.12275209
0.12274926
0.122748114
0.12271866
0.122691765
0.12269003
0.122684315
0.12267743
0.1226715
0.12266395
0.12265857
0.1226344
0.122599944
0.12258174
0.1225816
0.12258018
0.12256116
0.12252665
0.12251988
0.12251749
0.122515835
0.12244762
0.12242853
0.12241595
0.122400366
0.12239853
0.122382246
0.122365
0.12235811
0.12235229
0.12234379
0.122333504
0.12231589
0.12230388
0.12227079
0.122262284
0.12225743
0.1222316
0.12222348
0.12222091
0.12219524
0.12219519
0.122191094
0.12217253
0.122165695
0.12215325
0.122149155
0.122146964
0.12213645
0.12212619
0.122052364
0.12204157
0.1220312
0.12201353
0.12201118
0.12200734
0.12198957
0.12198814
0.12196572
0.1219601
0.12195847
0.12191331
0.12190323
0.1218983
0.12189532
0.12188691
0.12187362
0.12186807
0.121858425
0.12184235
0.12182355
0.121816926
0.121800214
0.12179491
0.12177675
0.1217751
0.12176844
0.121745
0.121687435
0.12168614
0.12168094
0.12168094
0.12168094
0.12166568
0.12165814
0.12164897
0.121646635
0.12164086
0.121627025
0.12162395
0.12162022
0.12160832
0.12160578
0.121572
0.12156428
0.12156402
0.12154333
0.12153366
0.12153019
0.12152824
0.12152528
0.121522434
0.121513136
0.121511586
0.12149951
0.121489316
0.12148912
0.1214792
0.12147599
0.12145747
0.121452086
0.12144387
0.121433996
0.121427864
0.12142338
0.121419765
0.12141743
0.12139846
0.121398315
0.12138048
0.1213796
0.121372685
0.12136892
0.12136372
0.121355966
0.12134976
0.12128494
0.1212799
0.121278465
0.12124921
0.12122971
0.121228024
0.121222116
0.12122133
0.1211793
0.12116165
0.12115455
0.12112632
0.12112528
0.1211245
0.12110845
0.12109932
0.12109614
0.12108343
0.121062465
0.121013805
0.121010825
0.120973244
0.120950915
0.120905675
0.12082543
0.120807946
0.12077416
0.12076424
0.12075119
0.120708786
0.12070648
0.12070188
0.12070072
0.120672785
0.12066767
0.12066416
0.12066059
0.120650925
0.12062914
0.12062359
0.1206177
0.12055591
0.12054463
0.12053407
0.12051868
0.120488726
0.12046796
0.12044524
0.12042897
0.120342575
0.12032756
0.12032635
0.120303854
0.12027762
0.12025416
0.12022409
0.12019791
0.120195456
0.12016928
0.12015306
0.120137654
0.12013702
0.120128505
0.120126896
0.120117165
0.12008905
0.12008132
0.12007848
0.12007275
0.1200421
0.12003856
0.12002367
0.12001944
0.119986944
0.1199632
0.1199496
0.11993814
0.119911864
0.11990646
0.1199034
0.11987044
0.11986567
0.11983818
0.11982573
0.11979815
0.11976583
0.11974971
0.11973948
0.11973111
0.11971503
0.11970063
0.119699076
0.11969622
0.11969473
0.119688325
0.11968439
0.11967018
0.11966002
0.11957302
0.11955347
0.11954411
0.11952044
0.119517416
0.119514674
0.1194845
0.11946722
0.11939197
0.119384035
0.11938189
0.11938189
0.11935425
0.119349085
0.119339645
0.119337484
0.11933306
0.119329415
0.11931857
0.119316764
0.119308546
0.11930499
0.119293466
0.119273424
0.11927188
0.11923978
0.11923506
0.1191883
0.11918595
0.119164556
0.11915031
0.1191371
0.11912459
0.11907051
0.119054355
0.11904995
0.11904552
0.11902016
0.119016156
0.11900196
0.118986405
0.11898124
0.11893316
0.11893239
0.11893234
0.118923694
0.11891932
0.11888135
0.11887114
0.11886874
0.1188589
0.11885595
0.11883788
0.1188274
0.11882245
0.118815094
0.118809976
0.11879245
0.11876784
0.11874903
0.11873281
0.11870747
0.118701495
0.11869126
0.11867657
0.11867221
0.11864922
0.11862967
0.118627235
0.11862008
0.11861049
0.11860923
0.118597716
0.118572906
0.118553355
0.118552476
0.1185165
0.11851638
0.118441835
0.118441544
0.1184178
0.11841531
0.11840674
0.118403964
0.1183837
0.11837892
0.11837205
0.11837132
0.11834893
0.11832708
0.118299074
0.118258566
0.11824587
0.11824351
0.11821809
0.11821454
0.11821271
0.118190825
0.11819024
0.11818771
0.11817804
0.11816066
0.11815607
0.11812151
0.118120484
0.118118025
0.11810882
0.118105985
0.11810375
0.11809879
0.11807515
0.118054695
0.11801816
0.118013695
0.11799426
0.117961705
0.11793718
0.11791203
0.11788893
0.117879964
0.11786274
0.117861226
0.11784138
0.11777364
0.11775746
0.1177291
0.11771127
0.11763488
0.11762206
0.11760749
0.11759895
0.11759241
0.11757013
0.117552444
0.117539555
0.117484376
0.11745326
0.11740334
0.11739302
0.11738363
0.11737802
0.11734819
0.11732757
0.11731954
0.11731542
0.11728789
0.11727978
0.11727834
0.11727603
0.11726955
0.11725001
0.11723427
0.11720432
0.11712227
0.11710376
0.11708769
0.11708471
0.11707702
0.11706465
0.117037244
0.11701825
0.11700684
0.1170053
0.11700401
0.116995834
0.116988145
0.11698807
0.11697974
0.116955735
0.116944805
0.116908945
0.116886914
0.11688111
0.1168666
0.116863385
0.11684656
0.116843686
0.11681841
0.116774835
0.11666194
0.116656415
0.11665323
0.116648644
0.1166313
0.11661887
0.11658717
0.116553165
0.11653043
0.11650562
0.116488874
0.116447374
0.11637198
0.116370045
0.11632793
0.116320506
0.116297595
0.11627263
0.1162656
0.116220295
0.11622009
0.11621839
0.11621296
0.11621206
0.11620364
0.116190314
0.116101906
0.11607517
0.116045356
0.11603577
0.11599917
0.11599844
0.115996465
0.11595417
0.11594657
0.115946494
0.11589294
0.11588268
0.115842834
0.11575643
0.11573615
0.115716696
0.115699016
0.1156806
0.11567521
0.11567385
0.11565818
0.11564853
0.11563482
0.11562381
0.115577966
0.11557443
0.115518734
0.115493834
0.11540497
0.11538249
0.11530107
0.115211874
0.115149245
0.11514561
0.115120575
0.11502619
0.1149618
0.11495676
0.11494942
0.11493182
0.1149292
0.114881605
0.11481749
0.1147779
0.11476231
0.11475652
0.11470884
0.11470327
0.11469524
0.11463521
0.114633046
0.11460264
0.11457317
0.11457125
0.114549406
0.114547394
0.11454309
0.114447996
0.11443703
0.11438065
0.11431459
0.11417562
0.11417461
0.11410114
0.113947414
0.113931045
0.113907084
0.113882825
0.11387591
0.11382619
0.113768145
0.113766715
0.11370249
0.113640904
0.11360808
0.11359693
0.11358994
0.113586314
0.11356236
0.11356019
0.11349915
0.11344375
0.11337852
0.113356434
0.11334878
0.11330383
0.113227524
0.11320094
0.11318992
0.113158144
0.11310274
0.11300497
0.11296582
0.112932235
0.11283509
0.11275886
0.11274155
0.11272332
0.112712026
0.11268322
0.11266262
0.11259724
0.112581596
0.11256311
0.11238812
0.112287775
0.112283684
0.112244695
0.11221406
0.11215434
0.11214322
0.11213857
0.11203051
0.11197024
0.11181595
0.111649364
0.111348175
0.11129251
0.11126445
0.11112359
0.11094652
0.11085546
0.11074017
0.1106552
0.11063735
0.11061199
0.11061189
0.11059783
0.11057653
0.11055972
0.11053551
0.110473454
0.11038164
0.11037455
0.11026393
0.11020144
0.11015886
0.11013404
0.11009919
0.10999928
0.109790094
0.10976936
0.10971104
0.10970833
0.10949135
0.10946796
0.109364115
0.109303564
0.10926813
0.10913086
0.10912135
0.10909767
0.10898956
0.10897685
0.108836524
0.10880469
0.10876742
0.10869194
0.108611695
0.10858419
0.10853304
0.10847418
0.10837562
0.10833801
0.10826687
0.10815128
0.10814028
0.10809431
0.10799333
0.107978925
0.10768281
0.10767129
0.10762899
0.10751759
0.10734037
0.10726644
0.10725307
0.10683137
0.10677811
0.106708586
0.10667659
0.10644235
0.10638989
0.106287904
0.10620982
0.10611078
0.10609372
0.10599044
0.10583174
0.105826035
0.10572829
0.105698675
0.10568408
0.105612084
0.10549118
0.10539642
0.105297744
0.105090335
0.104978055
0.10495879
0.10466565
0.104665145
0.1045154
0.10398297
0.103973866
0.10396211
0.10395844
0.10377244
0.10376929
0.10376226
0.10361035
0.103519775
0.10351956
0.10345844
0.10330891
0.102958664
0.10287354
0.102821074
0.1025533
0.10247599
0.10243805
0.10232845
0.10210836
0.102068916
0.10204544
0.1019325
0.101924784
0.1018794
0.1018609
0.10181244
0.10134426
0.101325884
0.10131724
0.100873604
0.10073439
0.10055126
0.10048088
0.10047398
0.10011984
0.10002068
0.10001557
0.09993611
0.09987336
0.09985544
0.09979713
0.0996283
0.09936105
0.099033475
0.0989775
0.09881819
0.09876743
